1867,2322,2365
1868,2302,2384
1869,2289,2397
1870,2279,2407
1871,2270,2416
1872,2262,2424
1873,2255,2431
1874,2248,2437
1875,2242,2443
1876,2236,2449
1877,2230,2454
1878,2225,2459
1879,2220,2464
1880,2215,2469
1881,2210,2473
1882,2206,2478
1883,2201,2482
1884,2197,2345
1884,2365,2486
1885,2193,2317
1885,2394,2490
1886,2189,2302
1886,2408,2493
1887,2185,2291
1887,2420,2497
1888,2181,2282
1888,2430,2500
1889,2177,2273
1889,2439,2504
1890,2174,2265
1890,2447,2507
1891,2170,2258
1891,2454,2510
1892,2167,2252
1892,2461,2513
1893,2163,2246
1893,2467,2516
1894,2160,2240
1894,2473,2519
1895,2157,2235
1895,2479,2522
1896,2154,2229
1896,2485,2525
1897,2150,2224
1897,2490,2528
1898,2147,2219
1898,2495,2530
1899,2144,2215
1899,2501,2533
1900,2141,2210
1900,2506,2535
1901,2138,2206
1901,2510,2538
1902,2135,2202
1902,2515,2540
1903,2133,2198
1903,2520,2542
1904,2130,2194
1904,2525,2544
1905,2127,2190
1905,2530,2546
1906,2124,2186
1906,2535,2547
1907,2121,2182
1907,2540,2548
1908,2119,2179
1909,2116,2175
1910,2114,2172
1911,2111,2168
1912,2109,2165
1913,2106,2162
1914,2104,2159
1915,2101,2156
1916,2099,2152
1917,2096,2149
1918,2094,2146
1919,2092,2143
1920,2089,2141
1921,2087,2138
1922,2085,2135
1923,2082,2132
1924,2080,2129
1925,2078,2127
1926,2076,2124
1927,2074,2122
1928,2072,2119
1929,2069,2116
1930,2067,2114
1931,2065,2111
1932,2063,2109
1933,2061,2107
1934,2059,2104
1935,2057,2102
1936,2055,2099
1937,2053,2097
1938,2051,2095
1939,2049,2093
1940,2047,2090
1941,2046,2088
1942,2044,2086
1943,2042,2084
1944,2040,2081
1945,2038,2079
1946,2036,2077
1947,2034,2075
1948,2033,2073
1949,2031,2071
1950,2029,2069
1951,2027,2067
1952,2026,2065
1953,2024,2063
1954,2022,2061
1955,2020,2059
1956,2019,2057
1957,2017,2055
1958,2015,2053
1959,2014,2051
1960,2012,2049
1961,2010,2048
1962,2009,2046
1963,2007,2044
1964,2005,2042
1965,2004,2040
1966,2002,2039
1967,2001,2037
1968,1999,2035
1969,1998,2033
1970,1996,2032
1971,1994,2030
1972,1993,2028
1973,1991,2026
1974,1990,2025
1975,1988,2023
1976,1987,2021
1977,1985,2020
1978,1984,2018
1979,1982,2016
1980,1981,2015
1981,1979,2013
1982,1978,2012
1983,1977,2010
1984,1975,2008
1985,1974,2007
1986,1972,2005
1987,1971,2004
1988,1970,2002
1989,1968,2001
1990,1967,1999
1991,1965,1998
1992,1964,1996
1993,1963,1995
1994,1961,1993
1995,1960,1992
1996,1959,1990
1997,1957,1989
1998,1956,1987
1999,1955,1986
2000,1953,1984
2001,1952,1983
2002,1951,1982
2003,1949,1980
2004,1948,1979
2005,1947,1977
2006,1946,1976
2007,1944,1975
2008,1943,1973
2009,1942,1972
2010,1941,1971
2011,1939,1969
2012,1938,1968
2013,1937,1967
2014,1936,1965
2015,1934,1964
2016,1933,1963
2017,1932,1961
2018,1931,1960
2019,1930,1959
2020,1928,1957
2021,1927,1956
2022,1926,1955
2023,1925,1954
2024,1924,1952
2025,1923,1951
2026,1921,1950
2027,1920,1949
2028,1919,1947
2029,1918,1946
2030,1917,1945
2031,1916,1944
2032,1915,1943
2033,1914,1941
2034,1912,1940
2035,1911,1939
2036,1910,1938
2037,1909,1937
2038,1908,1935
2039,1907,1934
2040,1906,1933
2041,1905,1932
2042,1904,1931
2043,1903,1930
2044,1902,1929
2045,1901,1927
2046,1900,1926
2047,1899,1925
2048,1897,1924
2049,1896,1923
2050,1895,1922
2051,1894,1921
2052,1893,1920
2053,1892,1919
2054,1891,1917
2055,1890,1916
2056,1889,1915
2057,1888,1914
2058,1887,1913
2059,1886,1912
2060,1885,1911
2061,1884,1910
2062,1883,1909
2063,1882,1908
2064,1881,1907
2065,1880,1906
2066,1879,1905
2067,1879,1904
2636,1708,1721
2637,1708,1722
2638,1709,1722
2639,1709,1722
2640,1709,1722
2641,1709,1722
2642,1709,1722
2643,1709,1723
2644,1710,1723
2645,1710,1723
2646,1710,1723
2647,1710,1723
2648,1710,1724
2649,1711,1724
2650,1711,1724
2651,1711,1724
2652,1711,1724
2653,1711,1725
2654,1712,1725
2655,1712,1725
2656,1712,1725
2657,1712,1725
2658,1713,1726
2659,1713,1726
2660,1713,1726
2661,1713,1726
2662,1713,1727
2663,1714,1727
2664,1714,1727
2665,1714,1727
2666,1714,1727
2667,1715,1728
2668,1715,1728
2669,1715,1728
2670,1715,1728
2671,1715,1729
2672,1716,1729
2673,1716,1729
2674,1716,1729
2675,1716,1730
2676,1717,1730
2677,1717,1730
2678,1717,1730
2679,1717,1731
2680,1718,1731
2681,1718,1731
2682,1718,1731
2683,1718,1732
2684,1719,1732
2685,1719,1732
2686,1719,1732
2687,1719,1733
2688,1720,1733
2689,1720,1733
2690,1720,1733
2691,1721,1734
2692,1721,1734
2693,1721,1734
2694,1721,1735
2695,1722,1735
2696,1722,1735
2697,1722,1735
2698,1722,1736
2699,1723,1736
2700,1723,1736
2701,1723,1737
2702,1724,1737
2703,1724,1737
2704,1724,1737
2705,1724,1738
2706,1725,1738
2707,1725,1738
2708,1725,1739
2709,1726,1739
2710,1726,1739
2711,1726,1740
2712,1727,1740
2713,1727,1740
2714,1727,1741
2715,1728,1741
2716,1728,1741
2717,1728,1741
2718,1728,1742
2719,1729,1742
2720,1729,1742
2721,1729,1743
2722,1730,1743
2723,1730,1743
2724,1730,1744
2725,1731,1744
2726,1731,1744
2727,1731,1745
2728,1732,1745
2729,1732,1745
2730,1732,1746
2731,1733,1746
2732,1733,1747
2733,1733,1747
2734,1734,1747
2735,1734,1748
2736,1734,1748
2737,1735,1748
2738,1735,1749
2739,1735,1749
2740,1736,1749
2741,1736,1750
2742,1737,1750
2743,1737,1750
2744,1737,1751
2745,1738,1751
2746,1738,1752
2747,1738,1752
2748,1739,1752
2749,1739,1753
2750,1739,1753
2751,1740,1753
2752,1740,1754
2753,1741,1754
2754,1741,1755
2755,1741,1755
2756,1742,1755
2757,1742,1756
2758,1743,1756
2759,1743,1757
2760,1743,1757
2761,1744,1757
2762,1744,1758
2763,1744,1758
2764,1745,1759
2765,1745,1759
2766,1746,1759
2767,1746,1760
2768,1746,1760
2769,1747,1761
2770,1747,1761
2771,1748,1762
2772,1748,1762
2773,1749,1762
2774,1749,1763
2775,1749,1763
2776,1750,1764
2777,1750,1764
2778,1751,1765
2779,1751,1765
2780,1751,1765
2781,1752,1766
2782,1752,1766
2783,1753,1767
2784,1753,1767
2785,1754,1768
2786,1754,1768
2787,1755,1769
2788,1755,1769
2789,1755,1770
2790,1756,1770
2791,1756,1770
2792,1757,1771
2793,1757,1771
2794,1758,1772
2795,1758,1772
2796,1759,1773
2797,1759,1773
2798,1760,1774
2799,1760,1774
2800,1760,1775
2801,1761,1775
2802,1761,1776
2803,1762,1776
2804,1762,1777
2805,1763,1777
2806,1763,1778
2807,1764,1778
2808,1764,1779
2809,1765,1779
2810,1765,1780
2811,1766,1780
2812,1766,1781
2813,1767,1781
2814,1767,1782
2815,1768,1782
2816,1768,1783
2817,1769,1783
2818,1769,1784
2819,1770,1784
2820,1770,1785
2821,1771,1785
2822,1771,1786
2823,1772,1787
2824,1772,1787
2825,1773,1788
2826,1773,1788
2827,1774,1789
2828,1774,1789
2829,1775,1790
2830,1775,1790
2831,1776,1791
2832,1776,1792
2833,1777,1792
2834,1778,1793
2835,1778,1793
2836,1779,1794
2837,1779,1794
2838,1780,1795
2839,1780,1795
2840,1781,1796
2841,1781,1797
2842,1782,1797
2843,1783,1798
2844,1783,1798
2845,1784,1799
2846,1784,1800
2847,1785,1800
2848,1785,1801
2849,1786,1801
2850,1786,1802
2851,1787,1803
2852,1788,1803
2853,1788,1804
2854,1789,1804
2855,1789,1805
2856,1790,1806
2857,1791,1806
2858,1791,1807
2859,1792,1808
2860,1792,1808
2861,1793,1809
2862,1794,1809
2863,1794,1810
2864,1795,1811
2865,1795,1811
2866,1796,1812
2867,1797,1813
2868,1797,1813
2869,1798,1814
2870,1798,1815
2871,1799,1815
2872,1800,1816
2873,1800,1817
2874,1801,1817
2875,1802,1818
2876,1802,1819
2877,1803,1819
2878,1804,1820
2879,1804,1821
2880,1805,1821
2881,1805,1822
2882,1806,1823
2883,1807,1823
2884,1807,1824
2885,1808,1825
2886,1809,1825
2887,1809,1826
2888,1810,1827
2889,1811,1828
2890,1811,1828
2891,1812,1829
2892,1813,1830
2893,1813,1830
2894,1814,1831
2895,1815,1832
2896,1816,1833
2897,1816,1833
2898,1817,1834
2899,1818,1835
2900,1818,1836
2901,1819,1836
2902,1820,1837
2903,1820,1838
2904,1821,1839
2905,1822,1839
2906,1823,1840
2907,1823,1841
2908,1824,1842
2909,1825,1842
2910,1825,1843
2911,1826,1844
2912,1827,1845
2913,1828,1846
2914,1828,1846
2915,1829,1847
2916,1830,1848
2917,1831,1849
2918,1831,1849
2919,1832,1850
3050,1964,1994
3051,1965,1996
3052,1966,1997
3053,1968,1999
3054,1969,2000
3055,1971,2002
3056,1972,2003
3057,1973,2005
3058,1975,2006
3059,1976,2008
3060,1977,2010
3061,1979,2011
3062,1980,2013
3063,1982,2015
3064,1983,2016
3065,1985,2018
3066,1986,2019
3067,1988,2021
3068,1989,2023
3069,1991,2025
3070,1992,2026
3071,1994,2028
3072,1995,2030
3073,1997,2031
3074,1998,2033
3075,2000,2035
3076,2001,2037
3077,2003,2039
3078,2004,2040
3079,2006,2042
3080,2008,2044
3081,2009,2046
3082,2011,2048
3083,2012,2050
3084,2014,2052
3085,2016,2054
3086,2017,2056
3087,2019,2057
3088,2021,2059
3089,2022,2061
3090,2024,2063
3091,2026,2065
3092,2027,2067
3093,2029,2070
3094,2031,2072
3095,2033,2074
3096,2034,2076
3097,2036,2078
3098,2038,2080
3099,2040,2082
3100,2042,2085
3101,2044,2087
3102,2045,2089
3103,2047,2091
3104,2049,2094
3105,2051,2096
3106,2053,2098
3107,2055,2101
3108,2057,2103
3109,2059,2105
3110,2061,2108
3111,2063,2110
3112,2065,2113
3113,2067,2115
3114,2069,2118
3115,2071,2120
3116,2073,2123
3117,2075,2126
3175,2291,2383
3174,2280,2394
3173,2271,2403
3172,2263,2410
3171,2255,2417
3170,2248,2423
3169,2242,2429
3168,2236,2434
3167,2230,2439
3166,2225,2443
3165,2220,2448
3164,2215,2452
3163,2211,2455
3162,2206,2459
3161,2202,2462
3160,2197,2465
3147,2151,2233
3148,2154,2239
3149,2157,2245
3150,2161,2250
3151,2164,2257
3152,2167,2263
3153,2171,2271
3154,2174,2279
3155,2178,2287
3155,2459,2468
3156,2182,2297
3156,2443,2471
3157,2185,2309
3157,2428,2471
3158,2189,2324
3158,2411,2469
3159,2193,2350
3159,2382,2467
3176,2306,2369
3146,2148,2228
3145,2145,2223
3144,2142,2219
3143,2139,2214
3142,2136,2210
3141,2133,2205
3140,2131,2201
3139,2128,2197
3138,2125,2193
3137,2123,2189
3136,2120,2185
3135,2117,2182
3134,2115,2178
3133,2112,2174
3132,2110,2171
3131,2107,2168
3130,2105,2164
3129,2102,2161
3128,2100,2158
3127,2098,2155
3126,2095,2152
3125,2093,2149
3124,2091,2146
3123,2088,2143
3122,2086,2140
3121,2084,2137
3120,2082,2134
3119,2080,2131
3118,2077,2128
3049,1962,1993
3048,1961,1991
3047,1960,1990
3046,1958,1988
3045,1957,1987
3044,1956,1985
3043,1955,1984
3042,1953,1982
3041,1952,1981
3040,1951,1979
3039,1949,1978
3038,1948,1977
3037,1947,1975
3036,1946,1974
3035,1944,1972
3034,1943,1971
3033,1942,1970
3032,1941,1968
3031,1939,1967
3030,1938,1966
3029,1937,1964
3028,1936,1963
3027,1935,1962
3026,1933,1960
3025,1932,1959
3024,1931,1958
3023,1930,1956
3022,1929,1955
3021,1928,1954
3020,1926,1953
3019,1925,1951
3018,1924,1950
3017,1923,1949
3016,1922,1948
3015,1921,1946
3014,1920,1945
3013,1919,1944
3012,1917,1943
3011,1916,1941
3010,1915,1940
3009,1914,1939
3008,1913,1938
3007,1912,1937
3006,1911,1935
3005,1910,1934
3004,1909,1933
3003,1908,1932
3002,1907,1931
3001,1905,1930
3000,1904,1928
2999,1903,1927
2998,1902,1926
2997,1901,1925
2996,1900,1924
2995,1899,1923
2994,1898,1922
2993,1897,1920
2992,1896,1919
2991,1895,1918
2990,1894,1917
2989,1893,1916
2988,1892,1915
2987,1891,1914
2986,1890,1913
2985,1889,1912
2984,1888,1911
2983,1887,1910
2982,1886,1908
2981,1885,1907
2980,1884,1906
2979,1883,1905
2978,1882,1904
2977,1881,1903
2976,1880,1902
2975,1880,1901
2974,1879,1900
2973,1878,1899
2972,1877,1898
2971,1876,1897
2970,1875,1896
2969,1874,1895
2968,1873,1894
2967,1872,1893
2966,1871,1892
2965,1870,1891
2964,1869,1890
2963,1868,1889
2962,1868,1888
2961,1867,1887
2960,1866,1886
2959,1865,1885
2958,1864,1884
2957,1863,1883
2956,1862,1883
2955,1861,1882
2954,1860,1881
2953,1860,1880
2952,1859,1879
2951,1858,1878
2950,1857,1877
2949,1856,1876
2948,1855,1875
2947,1854,1874
2946,1854,1873
2945,1853,1872
2944,1852,1872
2943,1851,1871
2942,1850,1870
2941,1849,1869
2940,1849,1868
2939,1848,1867
2938,1847,1866
2937,1846,1865
2936,1845,1864
2935,1845,1864
2934,1844,1863
2933,1843,1862
2932,1842,1861
2931,1841,1860
2930,1841,1859
2929,1840,1859
2928,1839,1858
2927,1838,1857
2926,1837,1856
2925,1837,1855
2924,1836,1854
2923,1835,1854
2922,1834,1853
2921,1834,1852
2920,1833,1851
2635,1708,1721
2634,1708,1721
2633,1708,1721
2632,1707,1721
2631,1707,1720
2630,1707,1720
2629,1707,1720
2628,1707,1720
2627,1707,1720
2626,1706,1720
2625,1706,1719
2624,1706,1719
2623,1706,1719
2622,1706,1719
2621,1706,1719
2620,1705,1719
2619,1705,1719
2618,1705,1718
2617,1705,1718
2616,1705,1718
2615,1705,1718
2614,1705,1718
2613,1704,1718
2612,1704,1718
2611,1704,1717
2610,1704,1717
2609,1704,1717
2608,1704,1717
2607,1704,1717
2606,1703,1717
2605,1703,1717
2604,1703,1716
2603,1703,1716
2602,1703,1716
2601,1703,1716
2600,1703,1716
2599,1703,1716
2598,1702,1716
2597,1702,1716
2596,1702,1715
2595,1702,1715
2594,1702,1715
2593,1702,1715
2592,1702,1715
2591,1702,1715
2590,1702,1715
2589,1701,1715
2588,1701,1715
2587,1701,1715
2586,1701,1714
2585,1701,1714
2584,1701,1714
2583,1701,1714
2582,1701,1714
2581,1701,1714
2580,1701,1714
2579,1700,1714
2578,1700,1714
2577,1700,1714
2576,1700,1714
2575,1700,1713
2574,1700,1713
2573,1700,1713
2572,1700,1713
2571,1700,1713
2570,1700,1713
2569,1700,1713
2568,1700,1713
2567,1699,1713
2566,1699,1713
2565,1699,1713
2564,1699,1713
2563,1699,1713
2562,1699,1713
2561,1699,1712
2560,1699,1712
2559,1699,1712
2558,1699,1712
2557,1699,1712
2556,1699,1712
2555,1699,1712
2554,1699,1712
2553,1699,1712
2552,1698,1712
2551,1698,1712
2550,1698,1712
2549,1698,1712
2548,1698,1712
2547,1698,1712
2546,1698,1712
2545,1698,1712
2544,1698,1712
2543,1698,1712
2542,1698,1712
2541,1698,1712
2540,1698,1712
2539,1698,1712
2538,1698,1712
2537,1698,1712
2536,1698,1712
2535,1698,1712
2534,1698,1711
2533,1698,1711
2532,1698,1711
2531,1698,1711
2530,1698,1711
2529,1698,1711
2528,1698,1711
2527,1698,1711
2526,1698,1711
2525,1698,1711
2524,1698,1711
2523,1698,1711
2522,1698,1711
2521,1698,1711
2521,2898,2898
2520,1698,1711
2520,2896,2900
2519,1698,1711
2519,2896,2901
2518,1698,1711
2518,2895,2901
2517,1698,1711
2517,2894,2902
2516,1698,1711
2516,2894,2902
2516,3242,3244
2515,1698,1711
2515,2894,2902
2515,3241,3244
2514,1698,1711
2514,2893,2903
2514,3240,3245
2513,1698,1712
2513,2893,2903
2513,3240,3245
2512,1698,1712
2512,2893,2903
2512,3240,3245
2511,1698,1712
2511,2893,2903
2511,3240,3245
2510,1698,1712
2510,2893,2904
2510,3240,3245
2509,1698,1712
2509,2892,2904
2509,3240,3245
2508,1698,1712
2508,2892,2904
2508,3240,3245
2507,1698,1712
2507,2892,2904
2507,3241,3244
2506,1698,1712
2506,2892,2904
2506,3242,3243
2505,1698,1712
2505,2892,2904
2504,1698,1712
2504,2892,2904
2503,1698,1712
2503,2892,2904
2502,1698,1712
2502,2892,2904
2501,1698,1712
2501,2892,2904
2500,1698,1712
2500,2892,2904
2499,1698,1712
2499,2892,2904
2498,1698,1712
2498,2892,2904
2497,1698,1712
2497,2892,2904
2496,1698,1712
2496,2892,2904
2495,1698,1712
2495,2892,2904
2494,1698,1712
2494,2893,2904
2493,1698,1712
2493,2893,2904
2492,1698,1712
2492,2893,2903
2491,1698,1712
2491,2893,2903
2490,1698,1712
2490,2893,2903
2489,1698,1712
2489,2894,2903
2488,1698,1712
2488,2894,2902
2487,1698,1712
2487,2894,2902
2486,1698,1713
2486,2895,2902
2485,1698,1713
2485,2895,2901
2484,1699,1713
2484,2896,2900
2483,1699,1713
2483,2897,2900
2482,1699,1713
2481,1699,1713
2480,1699,1713
2479,1699,1713
2478,1699,1713
2477,1699,1713
2476,1699,1713
2475,1699,1713
2474,1699,1713
2473,1699,1713
2472,1699,1714
2471,1699,1714
2470,1699,1714
2469,1700,1714
2468,1700,1714
2467,1700,1714
2466,1700,1714
2465,1700,1714
2464,1700,1714
2463,1700,1714
2462,1700,1714
2461,1700,1715
2460,1700,1715
2459,1700,1715
2458,1700,1715
2457,1701,1715
2456,1701,1715
2455,1701,1715
2454,1701,1715
2453,1701,1715
2452,1701,1716
2451,1701,1716
2450,1701,1716
2449,1701,1716
2448,1701,1716
2447,1702,1716
2446,1702,1716
2445,1702,1716
2444,1702,1716
2443,1702,1717
2442,1702,1717
2441,1702,1717
2440,1702,1717
2439,1702,1717
2438,1703,1717
2437,1703,1717
2436,1703,1718
2435,1703,1718
2434,1703,1718
2433,1703,1718
2432,1703,1718
2431,1703,1718
2430,1704,1718
2429,1704,1719
2428,1704,1719
2427,1704,1719
2426,1704,1719
2425,1704,1719
2424,1704,1719
2423,1705,1719
2422,1705,1720
2421,1705,1720
2420,1705,1720
2419,1705,1720
2418,1705,1720
2417,1706,1720
2416,1706,1721
2415,1706,1721
2414,1706,1721
2413,1706,1721
2412,1706,1721
2411,1707,1722
2410,1707,1722
2409,1707,1722
2408,1707,1722
2407,1707,1722
2406,1707,1722
2405,1708,1723
2404,1708,1723
2403,1708,1723
2402,1708,1723
2401,1708,1723
2400,1708,1724
2399,1709,1724
2398,1709,1724
2397,1709,1724
2396,1709,1724
2395,1709,1725
2394,1710,1725
2393,1710,1725
2392,1710,1725
2391,1710,1725
2390,1710,1726
2389,1711,1726
2388,1711,1726
2387,1711,1726
2386,1711,1727
2385,1711,1727
2384,1712,1727
2383,1712,1727
2382,1712,1727
2381,1712,1728
2380,1712,1728
2379,1713,1728
2378,1713,1728
2377,1713,1729
2376,1713,1729
2375,1714,1729
2374,1714,1729
2373,1714,1730
2372,1714,1730
2371,1714,1730
2370,1715,1730
2369,1715,1731
2368,1715,1731
2367,1715,1731
2366,1716,1731
2365,1716,1732
2364,1716,1732
2363,1716,1732
2362,1717,1732
2361,1717,1733
2360,1717,1733
2359,1717,1733
2358,1718,1733
2357,1718,1734
2356,1718,1734
2355,1718,1734
2354,1719,1735
2353,1719,1735
2352,1719,1735
2351,1719,1735
2350,1720,1736
2349,1720,1736
2348,1720,1736
2347,1720,1737
2346,1721,1737
2345,1721,1737
2344,1721,1737
2343,1722,1738
2342,1722,1738
2341,1722,1738
2340,1722,1739
2339,1723,1739
2338,1723,1739
2337,1723,1739
2336,1724,1740
2335,1724,1740
2334,1724,1740
2333,1724,1741
2332,1725,1741
2331,1725,1741
2330,1725,1742
2329,1726,1742
2328,1726,1742
2327,1726,1743
2326,1727,1743
2325,1727,1743
2324,1727,1744
2323,1727,1744
2322,1728,1744
2321,1728,1745
2320,1728,1745
2319,1729,1745
2318,1729,1746
2317,1729,1746
2316,1730,1746
2315,1730,1747
2314,1730,1747
2313,1731,1747
2312,1731,1748
2311,1731,1748
2310,1732,1748
2309,1732,1749
2308,1732,1749
2307,1733,1750
2306,1733,1750
2305,1733,1750
2304,1734,1751
2303,1734,1751
2302,1734,1751
2301,1735,1752
2300,1735,1752
2299,1735,1752
2298,1736,1753
2297,1736,1753
2296,1737,1754
2295,1737,1754
2294,1737,1754
2293,1738,1755
2292,1738,1755
2291,1738,1756
2290,1739,1756
2289,1739,1756
2288,1740,1757
2287,1740,1757
2286,1740,1758
2285,1741,1758
2284,1741,1758
2283,1741,1759
2282,1742,1759
2281,1742,1760
2280,1743,1760
2279,1743,1760
2278,1743,1761
2277,1744,1761
2276,1744,1762
2275,1745,1762
2274,1745,1762
2273,1745,1763
2272,1746,1763
2271,1746,1764
2270,1747,1764
2269,1747,1765
2268,1747,1765
2267,1748,1766
2266,1748,1766
2265,1749,1766
2264,1749,1767
2263,1750,1767
2262,1750,1768
2261,1750,1768
2260,1751,1769
2259,1751,1769
2258,1752,1770
2257,1752,1770
2256,1753,1770
2255,1753,1771
2254,1753,1771
2253,1754,1772
2252,1754,1772
2251,1755,1773
2250,1755,1773
2249,1756,1774
2248,1756,1774
2247,1757,1775
2246,1757,1775
2245,1757,1776
2244,1758,1776
2243,1758,1777
2242,1759,1777
2241,1759,1778
2240,1760,1778
2239,1760,1779
2238,1761,1779
2237,1761,1780
2236,1762,1780
2235,1762,1781
2234,1763,1781
2233,1763,1782
2232,1764,1782
2231,1764,1783
2230,1765,1783
2229,1765,1784
2228,1766,1784
2227,1766,1785
2226,1767,1785
2225,1767,1786
2224,1768,1786
2223,1768,1787
2222,1769,1787
2221,1769,1788
2220,1770,1789
2219,1770,1789
2218,1771,1790
2217,1771,1790
2216,1772,1791
2215,1772,1791
2214,1773,1792
2213,1773,1792
2212,1774,1793
2211,1774,1793
2210,1775,1794
2209,1775,1795
2208,1776,1795
2207,1776,1796
2206,1777,1796
2205,1778,1797
2204,1778,1797
2203,1779,1798
2202,1779,1799
2201,1780,1799
2200,1780,1800
2199,1781,1800
2198,1781,1801
2197,1782,1802
2196,1783,1802
2195,1783,1803
2194,1784,1803
2193,1784,1804
2192,1785,1805
2191,1785,1805
2190,1786,1806
2189,1787,1806
2188,1787,1807
2187,1788,1808
2186,1788,1808
2185,1789,1809
2184,1790,1810
2183,1790,1810
2182,1791,1811
2181,1791,1811
2180,1792,1812
2179,1793,1813
2178,1793,1813
2177,1794,1814
2176,1794,1815
2175,1795,1815
2174,1796,1816
2173,1796,1817
2172,1797,1817
2171,1798,1818
2170,1798,1819
2169,1799,1819
2168,1799,1820
2167,1800,1821
2166,1801,1821
2165,1801,1822
2164,1802,1823
2163,1803,1823
2162,1803,1824
2161,1804,1825
2160,1805,1825
2159,1805,1826
2158,1806,1827
2157,1807,1827
2156,1807,1828
2155,1808,1829
2154,1809,1830
2153,1809,1830
2152,1810,1831
2151,1811,1832
2150,1811,1832
2149,1812,1833
2148,1813,1834
2147,1813,1835
2146,1814,1835
2145,1815,1836
2144,1815,1837
2143,1816,1838
2142,1817,1838
2141,1818,1839
2140,1818,1840
2139,1819,1841
2138,1820,1841
2137,1820,1842
2136,1821,1843
2135,1822,1844
2134,1823,1844
2133,1823,1845
2132,1824,1846
2131,1825,1847
2130,1825,1847
2129,1826,1848
2128,1827,1849
2127,1828,1850
2126,1828,1851
2125,1829,1851
2124,1830,1852
2123,1831,1853
2122,1831,1854
2121,1832,1855
2120,1833,1855
2119,1834,1856
2118,1835,1857
2117,1835,1858
2116,1836,1859
2115,1837,1860
2114,1838,1860
2113,1838,1861
2112,1839,1862
2111,1840,1863
2110,1841,1864
2109,1842,1865
2108,1842,1865
2107,1843,1866
2106,1844,1867
2105,1845,1868
2104,1846,1869
2103,1847,1870
2102,1847,1871
2101,1848,1872
2100,1849,1872
2099,1850,1873
2098,1851,1874
2097,1852,1875
2096,1852,1876
2095,1853,1877
2094,1854,1878
2093,1855,1879
2092,1856,1880
2091,1857,1881
2090,1858,1881
2089,1858,1882
2088,1859,1883
2087,1860,1884
2086,1861,1885
2085,1862,1886
2084,1863,1887
2083,1864,1888
2082,1865,1889
2081,1866,1890
2080,1866,1891
2079,1867,1892
2078,1868,1893
2077,1869,1894
2076,1870,1895
2075,1871,1896
2074,1872,1897
2073,1873,1898
2072,1874,1899
2071,1875,1900
2070,1876,1901
2069,1877,1902
2068,1878,1903
