1936,2281,2310
1937,2269,2317
1938,2260,2320
1939,2253,2321
1940,2246,2321
1941,2240,2320
1942,2235,2318
1943,2230,2315
1944,2225,2312
1979,2139,2151
1978,2139,2156
1977,2140,2161
1948,2209,2294
3218,2484,2534
1949,2205,2289
3219,2476,2534
1950,2201,2284
3220,2469,2534
1951,2198,2279
3221,2461,2533
1952,2195,2274
3222,2454,2532
1976,2141,2166
3246,2406,2442
1971,2148,2187
2479,3237,3240
3241,2383,2479
1972,2146,2183
3242,2385,2474
1973,2145,2179
3243,2388,2468
1974,2143,2174
3244,2392,2461
1969,2152,2196
3239,2381,2488
2477,3235,3240
1975,2142,2170
3245,2397,2453
1970,2150,2191
3240,2381,2484
2478,3236,3240
1947,2212,2299
3217,2493,2534
1946,2216,2304
3216,2502,2532
1945,2221,2308
3215,2514,2528
3223,2447,2531
1953,2191,2269
3224,2440,2529
1954,2188,2264
3225,2433,2528
1955,2185,2259
3226,2426,2526
1956,2183,2255
3227,2420,2524
1957,2180,2250
3228,2414,2522
1958,2177,2245
3229,2408,2520
1959,2174,2240
3230,2403,2517
1960,2172,2236
3231,2398,2515
2469,3235,3237
1961,2169,2231
3232,2394,2512
2470,3234,3238
1962,2167,2226
3233,2390,2509
2471,3234,3239
1963,2164,2222
3234,2387,2506
2472,3234,3240
1964,2162,2217
3235,2384,2503
2473,3234,3240
1965,2160,2213
3236,2383,2500
2474,3234,3240
1966,2158,2209
3237,2381,2496
2475,3234,3241
1967,2156,2204
3238,2381,2492
2476,3234,3241
1968,2154,2200
