1840,2252,2267
1841,2237,2275
1842,2227,2278
1843,2219,2278
1844,2212,2277
1845,2206,2275
1846,2200,2273
1847,2195,2270
1848,2190,2266
1849,2185,2263
1850,2181,2259
1851,2176,2255
1852,2172,2251
1853,2168,2246
1854,2164,2242
1855,2160,2238
1856,2157,2234
1857,2153,2230
1858,2150,2225
1859,2146,2221
1860,2143,2217
1861,2140,2213
1862,2137,2209
1863,2134,2206
1864,2130,2202
1865,2128,2198
1866,2125,2194
1867,2122,2191
1868,2119,2187
1869,2116,2184
1870,2113,2180
1871,2111,2177
1872,2108,2173
1873,2106,2170
1874,2103,2167
1875,2100,2163
1876,2098,2160
1877,2095,2157
1878,2093,2154
1879,2091,2151
1880,2088,2148
1881,2086,2145
1978,1942,1944
1977,1942,1946
1976,1943,1948
1975,1943,1950
1974,1944,1952
1973,1945,1954
1972,1946,1956
1971,1947,1957
1970,1948,1959
1969,1949,1961
1968,1950,1962
1967,1951,1964
1966,1952,1966
1965,1953,1967
1964,1954,1969
1963,1955,1971
1962,1956,1972
1961,1957,1974
1960,1958,1976
1959,1959,1978
1958,1960,1979
1957,1962,1981
1956,1963,1983
1955,1964,1984
1954,1965,1986
2550,2891,2893
1915,2020,2060
2551,2890,2894
1916,2019,2058
2552,2889,2895
1917,2017,2056
2553,2889,2895
1918,2015,2053
2554,2888,2896
1919,2014,2051
2555,2888,2896
1920,2012,2049
2556,2888,2897
1921,2011,2047
2557,2887,2897
1922,2009,2045
2558,2887,2897
1923,2007,2043
2559,2887,2897
1924,2006,2041
2560,2887,2898
1925,2004,2039
2561,2886,2898
1926,2003,2037
2562,2886,2898
1927,2001,2035
2563,2886,2898
1928,2000,2033
2564,2886,2898
1929,1998,2031
2565,2886,2898
1930,1997,2029
2524,3237,3239
1889,2068,2122
2583,2887,2898
1948,1972,1996
2582,2887,2898
1947,1974,1998
2581,2887,2898
1946,1975,2000
2580,2886,2898
1945,1976,2002
2579,2886,2898
1944,1978,2003
2578,2886,2898
1943,1979,2005
2577,2886,2898
1942,1980,2007
2576,2886,2898
1941,1982,2009
2575,2886,2899
1940,1983,2011
2574,2886,2899
1939,1984,2013
2573,2886,2899
1938,1986,2014
2572,2886,2899
1937,1987,2016
2571,2886,2899
1936,1988,2018
2525,3236,3240
1890,2066,2119
2584,2887,2898
1949,1971,1995
2526,3236,3241
1891,2064,2117
2585,2887,2897
1950,1970,1993
2527,3235,3241
1892,2062,2114
2586,2888,2897
1951,1969,1991
2528,3235,3241
1893,2060,2111
2587,2888,2897
1952,1967,1989
2529,3235,3241
1894,2058,2109
2588,2888,2897
1953,1966,1988
2530,3235,3240
1895,2056,2106
2589,2888,2896
1882,2084,2142
2531,3235,3240
1896,2054,2104
2590,2889,2896
1883,2081,2139
2532,3236,3239
1897,2052,2101
2591,2889,2895
1884,2079,2136
2533,3237,3238
1898,2050,2099
2592,2890,2895
1885,2077,2133
2593,2891,2894
2594,2892,2893
2570,2886,2899
1935,1990,2020
2569,2886,2899
1934,1991,2022
2568,2886,2898
1933,1993,2024
2567,2886,2898
1932,1994,2026
2566,2886,2898
1931,1996,2027
1886,2075,2130
1887,2073,2128
1888,2071,2125
1899,2048,2096
1900,2047,2094
1901,2045,2091
1902,2043,2089
1903,2041,2087
1904,2039,2084
1905,2037,2082
1906,2036,2080
1907,2034,2077
1908,2032,2075
1909,2030,2073
1910,2029,2071
1911,2027,2068
1912,2025,2066
1913,2024,2064
1914,2022,2062
