2208,2875,2877
2209,2875,2878
2210,2874,2880
2211,2874,2881
2212,2875,2882
2213,2875,2882
2214,2875,2883
2215,2875,2884
2216,2875,2885
2217,2875,2886
2218,2876,2886
2219,2876,2887
2220,2876,2888
2221,2876,2888
2222,2877,2889
2223,2877,2890
2224,2877,2890
2225,2878,2891
2226,2878,2892
2227,2878,2892
2228,2878,2893
2229,2879,2893
2230,2879,2894
2231,2879,2895
2232,2880,2895
2233,2880,2896
2234,2880,2896
2235,2880,2897
2236,2881,2897
2237,2881,2898
2238,2881,2898
2239,2882,2899
2240,2882,2899
2241,2882,2900
2242,2883,2900
2364,2904,2920
2363,2904,2920
2362,2904,2920
2361,2904,2920
1921,2295,2342
3206,2459,2526
1922,2282,2352
3207,2451,2525
1923,2273,2358
3208,2442,2523
1924,2264,2362
3209,2433,2522
1925,2257,2364
3210,2424,2520
1926,2251,2364
3211,2416,2518
1927,2245,2363
3212,2407,2516
1928,2239,2360
3213,2398,2514
1929,2234,2355
3214,2389,2512
1930,2229,2349
3215,2381,2509
2349,2903,2920
1968,2124,2150
2348,2903,2920
1967,2126,2153
2347,2903,2920
1966,2127,2157
2346,2903,2920
1965,2129,2161
2345,2903,2920
1964,2131,2165
2344,2902,2920
1963,2133,2169
1934,2212,2318
3219,2356,2498
3204,2476,2527
1935,2208,2310
3220,2353,2495
3205,2468,2526
2477,3238,3241
1936,2204,2303
3221,2350,2491
2478,3237,3241
1937,2200,2296
3222,2349,2488
2479,3237,3242
1938,2197,2289
3223,2348,2484
2336,2902,2920
1955,2149,2201
3225,2350,2475
2481,3237,3243
1940,2190,2276
2337,2902,2920
1956,2147,2197
3226,2351,2471
2482,3237,3243
1941,2187,2270
2338,2902,2920
1957,2145,2193
3227,2354,2466
2339,2902,2920
1958,2142,2188
3228,2357,2460
2340,2902,2920
1959,2140,2184
3229,2361,2454
2341,2902,2920
1960,2138,2180
3230,2366,2446
2342,2902,2920
1961,2136,2177
3231,2373,2438
2343,2902,2920
1962,2134,2173
3232,2383,2426
1947,2169,2237
1933,2216,2326
3218,2361,2501
3203,2485,2526
1932,2220,2334
3217,2366,2504
3202,2495,2525
1931,2225,2342
3216,2373,2507
3201,2508,2521
2355,2903,2920
1951,2159,2218
2356,2903,2920
1942,2184,2264
2483,3237,3243
1969,2123,2146
1952,2156,2214
2357,2903,2920
1943,2181,2258
2484,3237,3243
1970,2122,2142
2334,2902,2920
1953,2154,2209
2358,2903,2920
1944,2178,2253
2485,3238,3243
1971,2121,2138
2335,2902,2920
3224,2349,2480
2480,3237,3243
1939,2193,2282
1954,2151,2205
2359,2903,2920
1945,2175,2248
2486,3239,3243
1972,2120,2133
2360,2904,2920
1946,2172,2242
2487,3240,3242
1973,2120,2129
2354,2903,2920
1950,2161,2223
2353,2903,2920
1949,2164,2228
2352,2903,2920
1948,2166,2232
2351,2903,2920
2350,2903,2920
2365,2904,2920
2366,2904,2920
2367,2904,2920
2368,2904,2920
2369,2904,2920
2370,2904,2920
2371,2904,2920
2372,2904,2920
2373,2904,2920
2374,2904,2919
2375,2905,2919
2376,2905,2919
2377,2905,2919
2378,2905,2919
2379,2905,2919
2380,2905,2919
2381,2905,2919
2382,2905,2919
2383,2905,2919
2384,2905,2918
2385,2906,2918
2386,2906,2918
2387,2906,2918
2388,2906,2918
2389,2906,2918
2390,2906,2917
2391,2906,2917
2392,2907,2917
2393,2907,2917
2394,2907,2916
2395,2907,2916
2396,2908,2916
2397,2908,2916
2398,2908,2915
2399,2908,2915
2400,2909,2914
2401,2909,2914
2402,2910,2913
2403,2911,2912
2333,2901,2920
2332,2901,2920
2331,2901,2920
2330,2901,2920
2329,2901,2920
2328,2901,2920
2327,2901,2920
2326,2901,2920
2325,2901,2920
2324,2901,2920
2323,2900,2920
2322,2900,2920
2321,2900,2919
2320,2900,2919
2319,2900,2919
2318,2900,2919
2317,2900,2919
2316,2899,2919
2315,2899,2919
2314,2899,2919
2313,2899,2919
2312,2899,2919
2311,2899,2919
2310,2899,2918
2309,2898,2918
2308,2898,2918
2307,2898,2918
2306,2898,2918
2305,2898,2918
2304,2898,2918
2303,2897,2918
2302,2897,2917
2301,2897,2917
2300,2897,2917
2299,2897,2917
2298,2897,2917
2297,2896,2917
2296,2896,2917
2295,2896,2916
2294,2896,2916
2293,2896,2916
2292,2895,2916
2291,2895,2916
2290,2895,2915
2289,2895,2915
2288,2895,2915
2287,2894,2915
2286,2894,2915
2285,2894,2914
2284,2894,2914
2283,2893,2914
2282,2893,2914
2281,2893,2914
2280,2893,2913
2279,2893,2913
2278,2892,2913
2277,2892,2913
2276,2892,2912
2275,2892,2912
2274,2891,2912
2273,2891,2912
2272,2891,2911
2271,2891,2911
2270,2890,2911
2269,2890,2910
2268,2890,2910
2267,2890,2910
2266,2889,2909
2265,2889,2909
2264,2889,2909
2263,2889,2909
2262,2888,2908
2261,2888,2908
2260,2888,2907
2259,2887,2907
2258,2887,2907
2257,2887,2906
2256,2887,2906
2255,2886,2906
2254,2886,2905
2253,2886,2905
2252,2885,2905
2251,2885,2904
2250,2885,2904
2249,2885,2903
2248,2884,2903
2247,2884,2902
2246,2884,2902
2245,2883,2902
2244,2883,2901
2243,2883,2901
