1849,2266,2308
1850,2253,2314
1851,2244,2317
1852,2236,2317
1853,2229,2316
1854,2222,2313
1855,2216,2309
1856,2210,2304
1857,2205,2299
1858,2200,2293
1859,2195,2287
1860,2190,2282
1861,2186,2276
1862,2182,2270
1863,2178,2264
1864,2174,2259
1865,2170,2253
1866,2166,2248
1867,2162,2243
1868,2159,2238
1869,2155,2234
1870,2152,2229
1871,2148,2224
1872,2145,2220
1873,2142,2216
1874,2139,2211
1875,2136,2207
1876,2133,2203
1877,2130,2199
1878,2127,2195
1879,2124,2192
1880,2121,2188
1881,2118,2184
1882,2116,2181
1883,2113,2177
1884,2110,2174
1977,1947,1976
1976,1949,1977
1975,1950,1979
1974,1951,1980
1973,1952,1982
1972,1954,1983
1971,1955,1985
1970,1956,1986
1969,1958,1988
1968,1959,1990
1967,1960,1991
1966,1962,1993
1965,1963,1994
1964,1964,1996
1963,1966,1997
1962,1967,1999
1961,1968,2001
1960,1970,2002
1959,1971,2004
1958,1972,2006
1957,1974,2007
1956,1975,2009
1955,1977,2010
1954,1978,2012
1953,1980,2014
1952,1981,2016
1951,1982,2017
1950,1984,2019
1949,1985,2021
1948,1987,2023
1947,1988,2024
1946,1990,2026
1945,1991,2028
1944,1993,2030
1943,1994,2031
1942,1996,2033
1941,1997,2035
1940,1999,2037
1939,2001,2039
1938,2002,2041
1937,2004,2043
1936,2005,2044
1935,2007,2046
1934,2009,2048
1911,2049,2098
2032,1888,1905
1912,2048,2095
2033,1887,1904
1933,2010,2050
2054,1868,1881
1932,2012,2052
2053,1869,1882
1931,2014,2054
2052,1870,1883
1930,2015,2056
2051,1871,1884
1929,2017,2058
2050,1872,1885
1928,2019,2060
2049,1872,1886
1927,2020,2062
2048,1873,1887
1926,2022,2064
2047,1874,1888
1913,2046,2093
2034,1886,1903
1914,2044,2091
2035,1885,1902
1915,2042,2088
2036,1884,1900
1916,2040,2086
2037,1883,1899
1917,2038,2084
2038,1882,1898
1918,2036,2082
2039,1881,1897
1919,2034,2079
2040,1880,1896
2567,2892,2896
2026,1893,1912
1905,2062,2112
1920,2033,2077
2041,1879,1895
2568,2893,2895
2027,1892,1911
1906,2059,2110
1921,2031,2075
2042,1879,1894
2028,1892,1910
1907,2057,2107
1922,2029,2073
2043,1878,1893
2029,1891,1908
1908,2055,2105
1923,2027,2071
2044,1877,1892
2030,1890,1907
1909,2053,2102
1924,2025,2069
2045,1876,1891
2031,1889,1906
1910,2051,2100
1925,2024,2066
2046,1875,1889
1904,2064,2115
2566,2891,2897
2025,1894,1913
1903,2066,2118
2565,2891,2897
2024,1895,1914
1902,2068,2120
2564,2890,2898
2023,1896,1915
2563,2890,2898
2022,1897,1917
2562,2890,2898
2021,1898,1918
2561,2889,2899
2020,1899,1919
2560,2889,2899
2019,1900,1920
2559,2889,2899
2018,1901,1921
2558,2889,2899
2017,1902,1923
2557,2889,2900
2016,1903,1924
2556,2888,2900
2015,1904,1925
2555,2888,2900
2014,1905,1926
2551,2888,2900
2010,1910,1931
2552,2888,2900
2011,1909,1930
2553,2888,2900
2012,1908,1929
2554,2888,2900
2013,1906,1927
2550,2888,2900
2009,1911,1932
2549,2888,2900
2008,1912,1934
2548,2888,2900
2007,1913,1935
2547,2888,2900
2006,1914,1936
1978,1946,1974
2519,3239,3241
2546,2888,2900
2005,1915,1938
2520,3238,3242
1979,1945,1973
2521,3237,3242
1980,1944,1972
2522,3237,3243
1981,1942,1970
2523,3237,3243
1982,1941,1969
2524,3237,3243
1983,1940,1967
2525,3237,3242
1984,1939,1966
2526,3237,3242
1985,1938,1964
2527,3238,3241
1986,1936,1963
2528,2893,2895
2528,3239,3240
1987,1935,1962
2529,2892,2896
1988,1934,1960
2530,2891,2896
1989,1933,1959
2531,2891,2897
1990,1932,1957
2532,2890,2898
1991,1931,1956
2533,2890,2898
1992,1929,1955
2534,2889,2898
1993,1928,1953
2535,2889,2899
1994,1927,1952
2536,2889,2899
1995,1926,1951
2537,2889,2899
1996,1925,1949
2538,2889,2899
1997,1924,1948
2539,2888,2899
1998,1923,1947
2540,2888,2900
1999,1922,1945
2541,2888,2900
2000,1920,1944
2542,2888,2900
2001,1919,1943
2543,2888,2900
2002,1918,1941
2544,2888,2900
2003,1917,1940
2545,2888,2900
2004,1916,1939
2055,1867,1880
2056,1866,1879
2057,1866,1878
2058,1865,1877
2059,1864,1876
2060,1863,1875
2061,1862,1874
2062,1862,1873
2063,1861,1872
2064,1860,1871
2065,1859,1870
2066,1858,1869
2067,1858,1868
2068,1857,1867
2069,1856,1866
2070,1855,1864
2071,1855,1863
2072,1854,1862
2073,1853,1861
2074,1852,1860
2075,1852,1859
2076,1851,1858
2077,1850,1857
2078,1850,1856
2079,1849,1855
2080,1848,1854
2081,1847,1853
2082,1847,1852
2083,1846,1851
2084,1846,1850
2085,1845,1849
2086,1844,1848
2087,1844,1847
2088,1843,1846
2089,1843,1845
2090,1842,1844
2091,1842,1842
1901,2070,2123
1900,2072,2126
1899,2074,2128
1898,2076,2131
1897,2079,2134
1896,2081,2137
1895,2083,2139
1894,2086,2142
1893,2088,2145
1892,2090,2148
1891,2093,2151
1890,2095,2154
1889,2097,2157
1888,2100,2161
1887,2102,2164
1886,2105,2167
1885,2108,2170
