1845,2165,2239
1846,2161,2236
1847,2158,2232
1848,2154,2229
1849,2150,2225
1850,2147,2221
1851,2144,2217
1852,2140,2214
1853,2137,2210
1854,2134,2206
1855,2131,2203
1856,2128,2199
1857,2125,2195
1858,2122,2192
1859,2119,2188
1860,2116,2185
1861,2114,2181
1862,2111,2178
1863,2108,2175
1864,2106,2171
1865,2103,2168
1866,2101,2165
1867,2098,2162
1868,2096,2158
1869,2093,2155
1942,1978,1982
1941,1978,1985
1940,1979,1987
1939,1979,1989
1938,1980,1992
1937,1981,1994
1936,1982,1996
2565,2891,2891
1930,1989,2008
2566,2889,2892
1931,1987,2006
2567,2888,2893
1932,1986,2004
2568,2888,2894
1933,1985,2002
2569,2887,2894
1934,1984,2000
2570,2887,2895
1935,1983,1998
2571,2887,2895
2572,2886,2895
2573,2886,2896
2574,2886,2896
2575,2885,2896
2576,2885,2896
2577,2885,2897
2578,2885,2897
2579,2885,2897
2580,2885,2897
2581,2885,2897
2582,2885,2897
2583,2884,2897
2584,2884,2897
2585,2884,2897
2586,2884,2897
2601,2885,2897
2600,2885,2897
2599,2885,2897
2598,2885,2897
2597,2885,2897
2596,2885,2897
2536,3235,3237
1901,2030,2070
2595,2884,2897
2535,3234,3238
1900,2032,2072
2594,2884,2897
2534,3234,3238
1899,2033,2075
2593,2884,2897
2533,3234,3239
1898,2035,2077
2592,2884,2897
2532,3234,3239
1897,2037,2079
2591,2884,2898
2531,3234,3239
1896,2039,2082
2590,2884,2898
2530,3234,3239
1895,2040,2084
2589,2884,2898
2602,2885,2897
2603,2885,2896
2604,2886,2896
1834,2232,2254
2605,2886,2896
1835,2221,2258
2606,2886,2896
1836,2212,2260
2607,2886,2896
1837,2205,2260
2608,2886,2895
1838,2199,2259
2609,2887,2895
1839,2193,2257
2610,2887,2895
1840,2188,2255
2611,2887,2894
1841,2183,2252
2612,2888,2894
1842,2178,2249
2613,2888,2894
1843,2174,2246
2614,2889,2893
1844,2170,2243
2615,2890,2892
2529,3234,3239
1894,2042,2087
2588,2884,2897
2587,2884,2897
2528,3235,3238
1893,2044,2089
2527,3236,3237
1892,2046,2092
1870,2091,2152
1871,2089,2149
1872,2086,2146
1873,2084,2143
1874,2082,2140
1875,2080,2137
1876,2077,2134
1877,2075,2131
1878,2073,2129
1879,2071,2126
1880,2069,2123
1881,2067,2120
1882,2065,2117
1883,2063,2115
1884,2061,2112
1885,2059,2109
1886,2057,2107
1887,2055,2104
1888,2053,2102
1889,2051,2099
1890,2049,2097
1891,2047,2094
1902,2028,2068
1903,2027,2065
1904,2025,2063
1905,2024,2061
1906,2022,2059
1907,2020,2056
1908,2019,2054
1909,2017,2052
1910,2016,2050
1911,2014,2048
1912,2013,2046
1913,2011,2043
1914,2010,2041
1915,2008,2039
1916,2007,2037
1917,2006,2035
1918,2004,2033
1919,2003,2031
1920,2001,2029
1921,2000,2027
1922,1999,2025
1923,1997,2022
1924,1996,2020
1925,1995,2018
1926,1994,2016
1927,1992,2014
1928,1991,2012
1929,1990,2010
