2941,1870,1870
2942,1870,1871
2943,1871,1872
2944,1872,1873
2945,1873,1874
2946,1874,1875
2947,1875,1876
2948,1875,1877
2949,1876,1878
2950,1877,1879
2951,1878,1880
2952,1879,1881
2953,1880,1882
2954,1881,1883
2955,1882,1884
2956,1883,1885
2957,1883,1886
2958,1884,1887
2959,1885,1888
2960,1886,1889
2961,1887,1890
2135,1807,1823
2134,1808,1824
2133,1809,1824
2132,1809,1825
2131,1810,1826
2130,1811,1827
2129,1811,1827
2128,1812,1828
2127,1813,1829
2126,1813,1830
2125,1814,1830
2124,1815,1831
2123,1815,1832
2122,1816,1833
2121,1817,1834
2120,1818,1834
2119,1818,1835
2118,1819,1836
2117,1820,1837
2116,1820,1837
2115,1821,1838
2114,1822,1839
2113,1822,1840
2112,1823,1841
2111,1824,1841
2110,1825,1842
2109,1825,1843
2108,1826,1844
2107,1827,1845
2106,1828,1845
2105,1828,1846
2104,1829,1847
2103,1830,1848
2102,1831,1849
2101,1831,1850
2100,1832,1850
2099,1833,1851
2098,1834,1852
2097,1834,1853
2096,1835,1854
2095,1836,1855
2094,1837,1856
2093,1837,1856
2092,1838,1857
2091,1839,1858
2090,1840,1859
2089,1841,1860
2088,1841,1861
2087,1842,1862
2086,1843,1863
2085,1844,1863
2084,1845,1864
2083,1845,1865
2082,1846,1866
2081,1847,1867
2080,1848,1868
2079,1849,1869
2078,1850,1870
2077,1850,1871
2076,1851,1872
2075,1852,1873
2074,1853,1874
2073,1854,1874
2072,1855,1875
2071,1855,1876
2070,1856,1877
2069,1857,1878
2068,1858,1879
2067,1859,1880
2066,1860,1881
2065,1861,1882
2064,1862,1883
2063,1862,1884
2062,1863,1885
2061,1864,1886
2060,1865,1887
2059,1866,1888
2058,1867,1889
2057,1868,1890
2056,1869,1891
2055,1870,1892
2054,1871,1893
2053,1871,1894
2052,1872,1895
2051,1873,1896
2050,1874,1897
2049,1875,1898
2048,1876,1899
2047,1877,1900
2046,1878,1901
2045,1879,1902
2044,1880,1904
2043,1881,1905
3151,2313,2317
2042,1882,1906
3034,1971,1981
1925,2036,2081
3033,1969,1980
1924,2038,2083
3032,1968,1978
1923,2040,2085
3031,1967,1977
1922,2041,2088
3030,1965,1975
1921,2043,2090
3029,1964,1974
1920,2045,2092
3150,2287,2332
2041,1883,1907
2555,2894,2897
3123,2147,2173
2014,1911,1938
3028,1963,1972
1919,2047,2094
3149,2274,2328
2040,1884,1908
2554,2893,2897
3122,2144,2170
2013,1912,1939
3035,1972,1983
1926,2034,2079
3036,1974,1984
1927,2032,2077
3037,1975,1986
1928,2030,2074
3038,1976,1987
1929,2029,2072
3039,1978,1989
1930,2027,2070
3115,2124,2147
2006,1920,1948
2547,2890,2900
2520,2891,2898
2520,3238,3244
3088,2060,2078
1979,1953,1985
3040,1979,1990
1931,2025,2068
3116,2126,2150
2007,1918,1947
2548,2890,2900
2521,2891,2899
2521,3238,3243
3089,2063,2080
1980,1951,1983
3041,1981,1992
1932,2023,2066
3117,2129,2153
2008,1917,1945
2549,2891,2900
2522,2891,2899
2522,3238,3243
3090,2065,2082
1981,1950,1982
3042,1982,1993
1933,2022,2064
3118,2132,2156
2009,1916,1944
2550,2891,2899
2523,2890,2899
2523,3238,3243
3091,2067,2084
1982,1949,1980
3043,1984,1995
1934,2020,2062
3119,2135,2160
2010,1915,1943
2551,2891,2899
2524,2890,2900
2524,3239,3242
3092,2069,2087
1983,1947,1979
3044,1985,1996
1935,2018,2060
3120,2138,2163
2011,1914,1941
2552,2892,2898
2525,2890,2900
2525,3240,3241
3093,2071,2089
1984,1946,1978
3045,1987,1998
1936,2016,2058
3121,2141,2166
2012,1913,1940
2553,2892,2898
2526,2890,2900
3094,2073,2091
1985,1945,1976
3143,2229,2272
2034,1890,1914
3142,2223,2264
2033,1891,1916
3141,2218,2257
2032,1892,1917
2546,2890,2900
3114,2121,2144
2005,1921,1949
3140,2213,2251
2031,1893,1918
2545,2890,2900
3113,2118,2141
2004,1922,1950
3139,2208,2245
2030,1894,1919
2544,2889,2901
3112,2116,2138
2003,1923,1952
3138,2203,2239
2029,1895,1920
2543,2889,2901
3111,2113,2135
2002,1924,1953
3137,2199,2234
2028,1896,1921
2542,2889,2901
3110,2110,2132
2001,1925,1954
3136,2194,2228
2027,1897,1922
2541,2889,2901
3109,2108,2129
2000,1927,1956
3135,2190,2223
2026,1898,1923
2540,2889,2901
3108,2105,2127
1999,1928,1957
3134,2186,2218
2025,1899,1925
2539,2889,2901
3107,2103,2124
1998,1929,1958
3133,2182,2214
2024,1900,1926
2538,2889,2901
3106,2100,2121
1997,1930,1960
3132,2178,2209
2023,1901,1927
2537,2889,2901
3105,2098,2119
1996,1931,1961
3131,2174,2205
2022,1902,1928
2536,2889,2901
3104,2096,2116
1995,1932,1962
3144,2235,2279
2035,1889,1913
3145,2241,2288
2036,1888,1912
3146,2248,2297
2037,1887,1911
3147,2256,2308
2038,1886,1910
3148,2264,2319
2039,1885,1909
3130,2171,2201
2021,1903,1929
2535,2889,2901
3103,2093,2113
1994,1934,1964
3129,2167,2196
2020,1904,1931
2534,2889,2901
3102,2091,2111
1993,1935,1965
3128,2164,2192
2019,1905,1932
2533,2889,2901
3101,2089,2108
1992,1936,1966
3127,2160,2188
2018,1906,1933
2532,2889,2901
3100,2086,2106
1991,1937,1968
3126,2157,2184
2017,1907,1934
2531,2889,2901
3099,2084,2103
1990,1939,1969
3125,2154,2181
2016,1908,1935
2530,2889,2901
3098,2082,2101
1989,1940,1970
3124,2150,2177
2015,1910,1937
2529,2889,2901
3097,2080,2098
1988,1941,1972
2528,2889,2900
3096,2077,2096
1987,1942,1973
3046,1988,1999
1937,2015,2056
2527,2889,2900
3095,2075,2094
1986,1944,1975
3047,1990,2001
1938,2013,2054
3048,1991,2003
1939,2011,2052
3049,1993,2004
1940,2010,2050
3050,1994,2006
1941,2008,2048
3051,1996,2008
1942,2006,2046
3052,1997,2009
1943,2005,2045
3053,1999,2011
1944,2003,2043
3054,2000,2013
1945,2002,2041
3055,2002,2014
1946,2000,2039
3056,2003,2016
1947,1998,2037
3057,2005,2018
1948,1997,2035
3058,2007,2019
1949,1995,2034
3059,2008,2021
1950,1994,2032
3060,2010,2023
1951,1992,2030
3061,2011,2025
1952,1991,2028
3062,2013,2026
1953,1989,2026
3063,2015,2028
1954,1988,2025
3064,2016,2030
1955,1986,2023
3065,2018,2032
1956,1985,2021
3066,2020,2034
1957,1983,2020
3067,2022,2035
1958,1982,2018
3068,2023,2037
1959,1980,2016
3069,2025,2039
1960,1979,2015
3070,2027,2041
1961,1977,2013
3071,2028,2043
1962,1976,2011
3072,2030,2045
1963,1974,2010
3073,2032,2047
1964,1973,2008
3074,2034,2049
1965,1972,2006
3075,2036,2051
1966,1970,2005
3076,2037,2053
1967,1969,2003
3077,2039,2055
1968,1967,2002
3078,2041,2057
1969,1966,2000
3079,2043,2059
1970,1965,1998
3080,2045,2061
1971,1963,1997
3081,2047,2063
1972,1962,1995
3082,2049,2065
1973,1960,1994
3083,2051,2067
1974,1959,1992
3084,2053,2069
1975,1958,1991
2516,3239,3242
3085,2055,2071
1976,1956,1989
2517,2894,2896
2517,3239,3243
3086,2056,2073
1977,1955,1988
2518,2893,2897
2518,3238,3243
3087,2058,2075
1978,1954,1986
2519,2892,2898
2519,3238,3243
2136,1807,1822
2137,1806,1822
2138,1805,1821
2139,1805,1820
2140,1804,1819
2141,1803,1819
2142,1803,1818
2143,1802,1817
2144,1802,1817
2145,1801,1816
2146,1800,1815
2147,1800,1814
2148,1799,1814
2149,1798,1813
2150,1798,1812
2151,1797,1812
2152,1797,1811
2153,1796,1810
2154,1795,1810
2155,1795,1809
2156,1794,1808
2157,1793,1808
2158,1793,1807
2159,1792,1806
2160,1792,1806
2161,1791,1805
2162,1791,1804
2163,1790,1804
2164,1789,1803
2165,1789,1802
2166,1788,1802
2167,1788,1801
2168,1787,1800
2169,1786,1800
2170,1786,1799
2171,1785,1798
2172,1785,1798
2173,1784,1797
2174,1784,1797
2175,1783,1796
2176,1783,1795
2177,1782,1795
2178,1781,1794
2179,1781,1793
2180,1780,1793
2181,1780,1792
2182,1779,1792
2183,1779,1791
2184,1778,1790
2185,1778,1790
2186,1777,1789
2187,1777,1789
2188,1776,1788
2189,1775,1787
2190,1775,1787
2191,1774,1786
2192,1774,1786
2193,1773,1785
2194,1773,1785
2195,1772,1784
2196,1772,1783
2197,1771,1783
2198,1771,1782
2199,1770,1782
2200,1770,1781
2201,1769,1781
2202,1769,1780
2203,1768,1779
2204,1768,1779
2205,1767,1778
2206,1767,1778
2207,1766,1777
2208,1766,1777
2209,1765,1776
2210,1765,1776
2211,1764,1775
2212,1764,1775
2213,1764,1774
2214,1763,1773
2215,1763,1773
2216,1762,1772
2217,1762,1772
2218,1761,1771
2219,1761,1771
2220,1760,1770
2221,1760,1770
2222,1759,1769
2223,1759,1769
2224,1758,1768
2225,1758,1768
2226,1758,1767
2227,1757,1767
2228,1757,1766
2229,1756,1766
2230,1756,1765
2231,1755,1765
2232,1755,1764
2233,1755,1764
2234,1754,1763
2235,1754,1763
2236,1753,1762
2237,1753,1762
2238,1752,1761
2239,1752,1761
2240,1752,1760
2241,1751,1760
2242,1751,1759
2243,1750,1759
2244,1750,1758
2245,1749,1758
2246,1749,1757
2247,1749,1757
2248,1748,1757
2249,1748,1756
2250,1747,1756
2251,1747,1755
2252,1747,1755
2253,1746,1754
2254,1746,1754
2255,1746,1753
2256,1745,1753
2257,1745,1752
2258,1744,1752
2259,1744,1752
2260,1744,1751
2261,1743,1751
2262,1743,1750
2263,1743,1750
2264,1742,1749
2265,1742,1749
2266,1741,1749
2267,1741,1748
2268,1741,1748
2269,1740,1747
2270,1740,1747
2271,1740,1746
2272,1739,1746
2273,1739,1746
2274,1739,1745
2275,1738,1745
2276,1738,1744
2277,1738,1744
2278,1737,1744
2279,1737,1743
2280,1737,1743
2281,1736,1742
2282,1736,1742
2283,1736,1742
2284,1735,1741
2285,1735,1741
2286,1735,1740
2287,1734,1740
2288,1734,1740
2289,1734,1739
2290,1733,1739
2291,1733,1738
2292,1733,1738
2293,1732,1738
2294,1732,1737
2295,1732,1737
2296,1731,1737
2297,1731,1736
2298,1731,1736
2299,1731,1735
2300,1730,1735
2301,1730,1735
2302,1730,1734
2303,1729,1734
2304,1729,1734
2305,1729,1733
2306,1728,1733
2307,1728,1732
2308,1728,1732
2309,1728,1732
2310,1727,1731
2311,1727,1731
2312,1727,1731
2313,1727,1730
2314,1726,1730
2315,1726,1730
2316,1726,1729
2317,1725,1729
2318,1725,1729
2319,1725,1728
2320,1725,1728
2321,1724,1728
2322,1724,1727
2323,1724,1727
2324,1724,1727
2325,1724,1726
2326,1723,1726
2327,1723,1726
2328,1723,1725
2329,1723,1725
2330,1722,1725
2331,1722,1724
2332,1722,1724
2333,1722,1724
2334,1721,1723
2335,1721,1723
2336,1721,1723
2337,1721,1722
2338,1721,1722
2339,1721,1722
2340,1720,1721
2341,1720,1721
2342,1720,1720
2343,1720,1720
2344,1720,1720
3027,1961,1971
1918,2049,2097
3026,1960,1969
1917,2051,2099
3025,1959,1968
1916,2053,2102
3024,1957,1967
1915,2055,2104
3023,1956,1965
1914,2057,2106
3022,1955,1964
1913,2059,2109
3021,1954,1962
1912,2061,2111
3020,1952,1961
1911,2063,2114
3019,1951,1960
1910,2065,2116
3018,1950,1958
1909,2068,2119
3017,1948,1957
1908,2070,2122
3016,1947,1956
1907,2072,2124
3015,1946,1954
1906,2074,2127
3014,1945,1953
1905,2076,2130
3013,1943,1952
1904,2078,2132
3012,1942,1950
1903,2081,2135
3011,1941,1949
1902,2083,2138
3010,1940,1948
1901,2085,2141
3009,1939,1946
1900,2088,2144
3008,1937,1945
1899,2090,2147
3007,1936,1944
1898,2092,2150
3006,1935,1943
1897,2095,2153
3005,1934,1941
1896,2097,2156
3004,1933,1940
1895,2100,2159
3003,1931,1939
1894,2102,2162
3002,1930,1937
1893,2105,2165
3001,1929,1936
1892,2107,2169
3000,1928,1935
1891,2110,2172
2999,1927,1934
1890,2112,2175
2998,1926,1933
1889,2115,2179
2997,1925,1931
1888,2118,2182
2996,1923,1930
1887,2121,2186
2995,1922,1929
1886,2123,2190
2994,1921,1928
1885,2126,2193
2993,1920,1926
1884,2129,2197
2992,1919,1925
1883,2132,2201
2991,1918,1924
1882,2135,2205
2990,1917,1923
1881,2138,2210
2989,1916,1922
1880,2141,2214
2988,1915,1920
1879,2144,2218
2987,1913,1919
1878,2147,2223
2986,1912,1918
1877,2151,2227
2985,1911,1917
1876,2154,2232
2984,1910,1916
1875,2158,2237
2983,1909,1915
1874,2161,2242
2982,1908,1914
1873,2165,2248
2981,1907,1912
1872,2168,2253
2980,1906,1911
1871,2172,2259
2979,1905,1910
1870,2176,2265
2978,1904,1909
1869,2180,2272
2977,1903,1908
1868,2184,2278
2976,1902,1907
1867,2188,2285
2975,1901,1906
1866,2192,2293
2974,1900,1905
1865,2197,2301
2973,1899,1903
1864,2202,2309
2972,1898,1902
1863,2207,2317
2971,1897,1901
1862,2212,2326
2970,1896,1900
1861,2217,2334
2969,1895,1899
1860,2223,2341
2968,1894,1898
1859,2229,2346
2967,1893,1897
1858,2236,2349
2966,1892,1896
1857,2243,2349
2965,1891,1895
1856,2251,2348
2964,1890,1894
1855,2260,2344
2963,1889,1893
1854,2271,2337
2962,1888,1892
1853,2287,2324
