2579,2888,2891
2580,2887,2892
2581,2887,2893
2582,2886,2893
2583,2886,2894
2584,2886,2894
2585,2885,2894
2586,2885,2895
2587,2885,2895
2588,2884,2895
2589,2884,2895
2590,2884,2895
2591,2884,2896
2592,2884,2896
2593,2884,2896
2594,2883,2896
2595,2883,2896
2596,2883,2896
2597,2883,2896
2598,2883,2896
2599,2883,2896
1920,1998,2009
1919,1999,2011
1918,2000,2014
1917,2001,2016
1916,2002,2018
1915,2003,2021
1914,2004,2023
1913,2005,2025
1912,2006,2028
1911,2007,2030
1910,2009,2032
1909,2010,2034
1908,2011,2037
1907,2012,2039
1906,2014,2041
1905,2015,2044
1904,2017,2046
1903,2018,2048
2538,3234,3236
1902,2019,2050
2537,3233,3237
1901,2021,2053
2536,3233,3237
1900,2022,2055
2535,3232,3238
1899,2024,2057
2534,3232,3238
1898,2025,2060
2533,3233,3238
1897,2027,2062
2532,3233,3238
1896,2028,2064
2531,3233,3237
1895,2030,2067
2530,3234,3237
1894,2031,2069
1893,2033,2072
1892,2035,2074
1891,2036,2076
1874,2067,2121
1873,2069,2124
1872,2071,2126
1871,2073,2129
1870,2075,2132
1869,2078,2135
1868,2080,2138
1867,2082,2141
1866,2084,2144
2636,2889,2890
1865,2086,2147
2635,2888,2891
1864,2089,2150
2634,2887,2892
1863,2091,2153
2633,2887,2892
1862,2093,2156
1875,2065,2118
1876,2063,2115
1877,2061,2112
1878,2059,2110
1879,2057,2107
1880,2056,2104
1881,2054,2102
1882,2052,2099
1883,2050,2097
1884,2048,2094
1885,2047,2091
1886,2045,2089
1887,2043,2086
1888,2041,2084
1889,2040,2081
1890,2038,2079
1921,1997,2006
1922,1997,2003
1923,1998,1999
2632,2886,2893
1861,2096,2159
2631,2886,2893
1860,2098,2162
2630,2886,2893
1859,2101,2166
2629,2885,2894
1858,2103,2169
2628,2885,2894
1857,2106,2172
2627,2885,2894
1856,2108,2176
2626,2885,2894
1855,2111,2179
2625,2885,2895
1854,2114,2182
2624,2884,2895
1853,2116,2186
2623,2884,2895
1852,2119,2189
2622,2884,2895
1851,2122,2192
2621,2884,2895
1850,2125,2196
2620,2884,2895
1849,2128,2199
2619,2884,2896
1848,2131,2203
2618,2884,2896
1847,2134,2206
2617,2883,2896
1846,2137,2210
2616,2883,2896
1845,2140,2213
2615,2883,2896
1844,2144,2217
2614,2883,2896
1843,2147,2220
2613,2883,2896
1842,2151,2224
2612,2883,2896
1841,2154,2227
2611,2883,2896
1840,2158,2230
2610,2883,2896
1839,2162,2233
2609,2883,2896
1838,2166,2236
2608,2883,2897
1837,2171,2239
2607,2883,2897
1836,2175,2242
2606,2883,2897
1835,2180,2244
2605,2883,2897
1834,2185,2246
2604,2883,2897
1833,2190,2248
2603,2883,2897
1832,2196,2249
2602,2883,2897
1831,2203,2249
2601,2883,2897
1830,2211,2248
2600,2883,2896
1829,2221,2244
