1866,2331,2354
1867,2306,2379
1868,2292,2393
1869,2281,2403
1870,2271,2412
1871,2263,2420
1872,2256,2428
1873,2249,2434
1874,2243,2440
1875,2237,2446
1876,2231,2451
1877,2226,2456
1878,2220,2461
1879,2215,2466
1880,2211,2470
1881,2206,2475
1882,2202,2479
1883,2197,2347
1883,2365,2483
1884,2193,2318
1884,2394,2486
1885,2189,2303
1885,2409,2490
1886,2185,2292
1886,2421,2494
1887,2182,2282
1887,2431,2497
1888,2178,2274
1888,2440,2501
1889,2174,2266
1889,2448,2504
1890,2171,2259
1890,2455,2507
1891,2167,2252
1891,2462,2510
1892,2164,2246
1892,2469,2513
1893,2160,2241
1893,2475,2516
1894,2157,2235
1894,2481,2518
1895,2154,2230
1895,2487,2521
1896,2151,2225
1896,2493,2524
1897,2147,2220
1897,2498,2526
1898,2144,2215
1898,2504,2528
1899,2141,2211
1899,2509,2530
1900,2138,2206
1900,2514,2532
1901,2136,2202
1901,2520,2534
1902,2133,2198
1902,2526,2535
1903,2130,2194
1904,2127,2190
1905,2124,2186
1906,2122,2183
1907,2119,2179
1908,2116,2176
1909,2114,2172
1910,2111,2169
1911,2109,2165
1912,2106,2162
1913,2104,2159
1914,2101,2156
1915,2099,2153
1916,2096,2150
1917,2094,2147
1918,2092,2144
1919,2089,2141
1920,2087,2138
1921,2085,2135
1922,2082,2133
1923,2080,2130
1924,2078,2127
1925,2076,2124
1926,2074,2122
1927,2072,2119
1928,2069,2117
1929,2067,2114
1930,2065,2112
1931,2063,2109
1932,2061,2107
1933,2059,2104
1934,2057,2102
1935,2055,2100
1936,2053,2097
1937,2051,2095
1938,2049,2093
1939,2047,2091
1940,2045,2088
1941,2044,2086
1942,2042,2084
1943,2040,2082
1944,2038,2080
1945,2036,2077
1946,2034,2075
1947,2033,2073
1948,2031,2071
1949,2029,2069
1950,2027,2067
1951,2025,2065
1952,2024,2063
1953,2022,2061
1954,2020,2059
1955,2019,2057
1956,2017,2055
1957,2015,2053
1958,2013,2052
1959,2012,2050
1960,2010,2048
1961,2009,2046
1962,2007,2044
1963,2005,2042
1964,2004,2041
1965,2002,2039
1966,2001,2037
1967,1999,2035
1968,1997,2033
1969,1996,2032
1970,1994,2030
1971,1993,2028
1972,1991,2027
1973,1990,2025
1974,1988,2023
1975,1987,2022
1976,1985,2020
1977,1984,2018
1978,1982,2017
1979,1981,2015
1980,1979,2013
1981,1978,2012
1982,1976,2010
1983,1975,2009
1984,1974,2007
1985,1972,2005
1986,1971,2004
1987,1969,2002
1988,1968,2001
1989,1967,1999
1990,1965,1998
1991,1964,1996
1992,1962,1995
1993,1961,1993
1994,1960,1992
1995,1958,1990
1996,1957,1989
1997,1956,1987
1998,1954,1986
1999,1953,1985
2000,1952,1983
2001,1951,1982
2002,1949,1980
2003,1948,1979
2004,1947,1978
2005,1945,1976
2006,1944,1975
2007,1943,1973
2008,1942,1972
2009,1940,1971
2010,1939,1969
2011,1938,1968
2012,1937,1967
2013,1935,1965
2014,1934,1964
2015,1933,1963
2016,1932,1961
2017,1931,1960
2018,1929,1959
2019,1928,1958
2020,1927,1956
2021,1926,1955
2022,1925,1954
2023,1924,1953
2024,1922,1951
2025,1921,1950
2026,1920,1949
2027,1919,1948
2028,1918,1946
2029,1917,1945
2030,1916,1944
2031,1914,1943
2032,1913,1942
2033,1912,1940
2034,1911,1939
2035,1910,1938
2036,1909,1937
2037,1908,1936
2038,1907,1934
2039,1906,1933
2040,1905,1932
2041,1904,1931
2042,1902,1930
2043,1901,1929
2044,1900,1928
2045,1899,1926
2046,1898,1925
2047,1897,1924
2048,1896,1923
2049,1895,1922
2050,1894,1921
2051,1893,1920
2052,1892,1919
2053,1891,1918
2054,1890,1917
2055,1889,1915
2056,1888,1914
2057,1887,1913
2058,1886,1912
2059,1885,1911
2060,1884,1910
2061,1883,1909
2062,1882,1908
2063,1881,1907
2064,1880,1906
2065,1879,1905
2066,1878,1904
2674,1715,1730
2675,1716,1730
2676,1716,1731
2677,1716,1731
2678,1716,1731
2679,1717,1731
2680,1717,1732
2681,1717,1732
2682,1717,1732
2683,1718,1732
2684,1718,1733
2685,1718,1733
2686,1718,1733
2687,1719,1734
2688,1719,1734
2689,1719,1734
2690,1719,1734
2691,1720,1735
2692,1720,1735
2693,1720,1735
2694,1721,1735
2695,1721,1736
2696,1721,1736
2697,1721,1736
2698,1722,1737
2699,1722,1737
2700,1722,1737
2701,1722,1737
2702,1723,1738
2703,1723,1738
2704,1723,1738
2705,1724,1739
2706,1724,1739
2707,1724,1739
2708,1725,1740
2709,1725,1740
2710,1725,1740
2711,1725,1740
2712,1726,1741
2713,1726,1741
2714,1726,1741
2715,1727,1742
2716,1727,1742
2717,1727,1742
2718,1728,1743
2719,1728,1743
2720,1728,1743
2721,1729,1744
2722,1729,1744
2723,1729,1744
2724,1730,1745
2725,1730,1745
2726,1730,1745
2727,1731,1746
2728,1731,1746
2729,1731,1746
2730,1732,1747
2731,1732,1747
2732,1732,1747
2733,1733,1748
2734,1733,1748
2735,1733,1748
2736,1734,1749
2737,1734,1749
2738,1734,1750
2739,1735,1750
2740,1735,1750
2741,1735,1751
2742,1736,1751
2743,1736,1751
2744,1736,1752
2745,1737,1752
2746,1737,1753
2747,1738,1753
2748,1738,1753
2749,1738,1754
2750,1739,1754
2751,1739,1754
2752,1739,1755
2753,1740,1755
2754,1740,1756
2755,1741,1756
2756,1741,1756
2757,1741,1757
2758,1742,1757
2759,1742,1758
2760,1743,1758
2761,1743,1758
2762,1743,1759
2763,1744,1759
2764,1744,1760
2765,1744,1760
2766,1745,1760
2767,1745,1761
2768,1746,1761
2769,1746,1762
2770,1747,1762
2771,1747,1763
2772,1747,1763
2773,1748,1763
2774,1748,1764
2775,1749,1764
2776,1749,1765
2777,1749,1765
2778,1750,1766
2779,1750,1766
2780,1751,1766
2781,1751,1767
2782,1752,1767
2783,1752,1768
2784,1752,1768
2785,1753,1769
2786,1753,1769
2787,1754,1770
2788,1754,1770
2789,1755,1771
2790,1755,1771
2791,1756,1772
2792,1756,1772
2793,1756,1772
2794,1757,1773
2795,1757,1773
2796,1758,1774
2797,1758,1774
2798,1759,1775
2799,1759,1775
2800,1760,1776
2801,1760,1776
2802,1761,1777
2803,1761,1777
2804,1762,1778
2805,1762,1778
2806,1763,1779
2807,1763,1779
2808,1764,1780
2809,1764,1780
2810,1765,1781
2811,1765,1781
2812,1766,1782
2813,1766,1782
2814,1767,1783
2815,1767,1783
2816,1768,1784
2817,1768,1784
2818,1769,1785
2819,1769,1786
2820,1770,1786
2821,1770,1787
2822,1771,1787
2823,1771,1788
2824,1772,1788
2825,1772,1789
2826,1773,1789
2827,1773,1790
2828,1774,1790
2829,1774,1791
2830,1775,1791
2831,1775,1792
2832,1776,1793
2833,1776,1793
2834,1777,1794
2835,1777,1794
2836,1778,1795
2837,1779,1795
2838,1779,1796
2839,1780,1797
2840,1780,1797
2841,1781,1798
2842,1781,1798
2843,1782,1799
2844,1782,1800
2845,1783,1800
2846,1784,1801
2847,1784,1801
2848,1785,1802
2849,1785,1803
2850,1786,1803
2851,1786,1804
2852,1787,1804
2853,1788,1805
2854,1788,1806
2855,1789,1806
2856,1789,1807
2857,1790,1807
2858,1791,1808
2859,1791,1809
2860,1792,1809
2861,1792,1810
2862,1793,1811
2863,1794,1811
2864,1794,1812
2865,1795,1812
2866,1795,1813
2867,1796,1814
2868,1797,1814
2869,1797,1815
2870,1798,1816
2871,1799,1816
2872,1799,1817
2873,1800,1818
2874,1800,1818
2875,1801,1819
2876,1802,1820
2877,1802,1820
2878,1803,1821
2879,1804,1822
2880,1804,1822
2881,1805,1823
2882,1806,1824
2883,1806,1825
2884,1807,1825
2885,1808,1826
2886,1808,1827
2887,1809,1827
2888,1810,1828
2889,1810,1829
2890,1811,1829
2891,1812,1830
2892,1812,1831
2893,1813,1832
2894,1814,1832
2895,1814,1833
2896,1815,1834
2897,1816,1835
2898,1816,1835
2899,1817,1836
2900,1818,1837
2901,1819,1838
2902,1819,1838
2903,1820,1839
2904,1821,1840
2905,1821,1841
2906,1822,1841
2907,1823,1842
2908,1824,1843
2909,1824,1844
2910,1825,1844
2911,1826,1845
2912,1826,1846
2913,1827,1847
2914,1828,1848
2915,1829,1848
2916,1829,1849
2917,1830,1850
2918,1831,1851
2919,1832,1852
2920,1832,1852
2921,1833,1853
2922,1834,1854
2923,1835,1855
2924,1836,1856
2925,1836,1856
2926,1837,1857
2927,1838,1858
2928,1839,1859
2929,1839,1860
2930,1840,1861
2931,1841,1861
2932,1842,1862
2933,1843,1863
2934,1843,1864
2935,1844,1865
2936,1845,1866
2937,1846,1867
2938,1847,1867
2939,1848,1868
2940,1848,1869
2941,1849,1870
2942,1850,1871
2943,1851,1872
2944,1852,1873
2945,1853,1874
2946,1853,1875
2947,1854,1875
2948,1855,1876
2949,1856,1877
2950,1857,1878
2951,1858,1879
2952,1858,1880
2953,1859,1881
2954,1860,1882
2955,1861,1883
2956,1862,1884
2957,1863,1885
3088,2021,2061
3089,2023,2063
3090,2025,2065
3091,2027,2067
3092,2028,2069
3093,2030,2071
3094,2032,2073
3095,2034,2076
3096,2035,2078
3097,2037,2080
3098,2039,2082
3099,2041,2084
3100,2043,2086
3101,2045,2089
3102,2046,2091
3103,2048,2093
3104,2050,2096
3105,2052,2098
3106,2054,2100
3107,2056,2103
3108,2058,2105
3109,2060,2107
3110,2062,2110
3111,2064,2112
3112,2066,2115
3113,2068,2117
3114,2070,2120
3115,2072,2123
3116,2074,2125
3117,2077,2128
3118,2079,2131
3175,2305,2368
3174,2291,2383
3173,2280,2393
3172,2270,2402
3171,2262,2410
3170,2255,2416
3169,2248,2422
3168,2241,2428
3167,2235,2433
3166,2230,2438
3165,2225,2443
3164,2219,2447
3163,2215,2451
3162,2210,2454
3161,2205,2458
3129,2104,2164
3008,1913,1939
3130,2106,2167
3009,1914,1940
3131,2109,2170
3010,1915,1942
3132,2111,2174
3011,1916,1943
3133,2114,2177
3012,1917,1944
3134,2116,2181
3013,1919,1945
3135,2119,2184
3014,1920,1946
3136,2122,2188
3015,1921,1948
3137,2124,2192
3016,1922,1949
3138,2127,2196
3017,1923,1950
3152,2170,2269
3139,2130,2200
3018,1924,1951
3153,2174,2276
3140,2133,2204
3019,1925,1953
3154,2177,2285
3155,2181,2294
3155,2448,2469
2494,2893,2903
2494,1697,1713
3035,1945,1974
3156,2185,2305
3156,2433,2469
3143,2141,2217
3022,1929,1957
2495,2893,2903
2495,1697,1712
3036,1946,1975
3157,2189,2319
3157,2417,2468
3144,2144,2222
3023,1930,1958
3158,2193,2339
3158,2394,2466
3145,2147,2227
3024,1931,1959
3159,2197,2464
3146,2150,2232
3160,2201,2461
3147,2154,2237
3148,2157,2243
3149,2160,2249
3150,2163,2255
3151,2167,2262
3128,2102,2160
3034,1943,1973
2493,2893,2903
2493,1697,1713
3007,1912,1938
3021,1928,1955
3142,2138,2213
3127,2099,2157
3033,1942,1971
2492,2893,2903
2492,1697,1713
3006,1911,1937
3020,1927,1954
3141,2136,2208
3126,2097,2154
3032,1941,1970
2491,2893,2903
2491,1697,1713
3005,1910,1936
3125,2094,2151
3031,1940,1968
2490,2894,2902
2490,1697,1713
3004,1909,1934
3124,2092,2148
3030,1938,1967
2489,2894,2902
2489,1697,1713
3003,1908,1933
3123,2090,2145
3029,1937,1966
2488,2894,2902
2488,1697,1713
3002,1907,1932
3122,2088,2142
3028,1936,1964
2487,2895,2901
2487,1697,1713
3001,1905,1931
3121,2085,2139
3027,1935,1963
2486,2896,2900
2486,1698,1713
3000,1904,1930
3120,2083,2136
3026,1934,1962
2485,2896,2900
2485,1698,1713
2999,1903,1929
3119,2081,2133
3025,1932,1960
2484,2898,2898
2484,1698,1713
2998,1902,1927
3087,2020,2059
3086,2018,2057
3085,2016,2055
3084,2015,2053
3083,2013,2052
3082,2011,2050
3081,2010,2048
3080,2008,2046
3079,2007,2044
3078,2005,2042
3077,2003,2040
3076,2002,2039
3075,2000,2037
3074,1999,2035
3073,1997,2033
3072,1996,2031
3071,1994,2030
3070,1993,2028
3069,1991,2026
3068,1990,2025
3067,1988,2023
3066,1987,2021
3065,1985,2019
3064,1984,2018
2522,2897,2899
2522,1697,1712
3063,1982,2016
2521,2896,2900
2521,1697,1712
3062,1981,2014
2520,2895,2901
2520,1697,1712
3061,1979,2013
2519,2894,2901
2519,1697,1712
3060,1978,2011
2518,2894,2902
2518,1697,1712
3059,1977,2010
2517,2894,2902
2517,1697,1712
3058,1975,2008
2516,2893,2902
2516,1697,1712
2516,3241,3244
3057,1974,2006
2515,2893,2903
2515,1697,1712
2515,3240,3245
3056,1972,2005
2514,2893,2903
2514,1697,1712
2514,3240,3245
3055,1971,2003
2513,2893,2903
2513,1697,1712
2513,3240,3245
3054,1970,2002
2512,2892,2903
2512,1697,1712
2512,3239,3245
3053,1968,2000
2511,2892,2903
2511,1697,1712
2511,3239,3245
3052,1967,1999
2510,2892,2904
2510,1697,1712
2510,3240,3245
3051,1965,1997
2509,2892,2904
2509,1697,1712
2509,3240,3245
3050,1964,1996
2508,2892,2904
2508,1697,1712
2508,3240,3244
3049,1963,1994
2507,2892,2904
2507,1697,1712
2507,3241,3244
3048,1961,1993
2506,2892,2904
2506,1697,1712
3047,1960,1991
2505,2892,2904
2505,1697,1712
3046,1959,1990
2504,2892,2904
2504,1697,1712
3045,1957,1988
2503,2892,2904
2503,1697,1712
3044,1956,1987
2502,2892,2904
2502,1697,1712
3043,1955,1985
2501,2892,2904
2501,1697,1712
3042,1954,1984
2500,2892,2904
2500,1697,1712
3041,1952,1982
2499,2892,2904
2499,1697,1712
3040,1951,1981
2498,2892,2904
2498,1697,1712
3039,1950,1980
2497,2892,2904
2497,1697,1712
3038,1948,1978
2496,2892,2904
2496,1697,1712
3037,1947,1977
2997,1901,1926
2996,1900,1925
2995,1899,1924
2994,1898,1923
2993,1897,1922
2992,1896,1921
2991,1895,1920
2990,1894,1918
2989,1893,1917
2988,1892,1916
2987,1891,1915
2986,1890,1914
2985,1889,1913
2984,1888,1912
2983,1887,1911
2982,1886,1910
2981,1885,1909
2980,1884,1908
2979,1883,1907
2978,1882,1906
2977,1881,1905
2976,1880,1904
2975,1879,1903
2974,1878,1901
2973,1877,1900
2972,1877,1899
2971,1876,1898
2970,1875,1897
2969,1874,1896
2968,1873,1895
2967,1872,1894
2966,1871,1893
2965,1870,1892
2964,1869,1892
2963,1868,1891
2962,1867,1890
2961,1866,1889
2960,1866,1888
2959,1865,1887
2958,1864,1886
2673,1715,1730
2672,1715,1730
2671,1715,1729
2670,1714,1729
2669,1714,1729
2668,1714,1729
2667,1714,1728
2666,1713,1728
2665,1713,1728
2664,1713,1728
2663,1713,1728
2662,1713,1727
2661,1712,1727
2660,1712,1727
2659,1712,1727
2658,1712,1726
2657,1711,1726
2656,1711,1726
2655,1711,1726
2654,1711,1726
2653,1711,1725
2652,1710,1725
2651,1710,1725
2650,1710,1725
2649,1710,1725
2648,1710,1724
2647,1709,1724
2646,1709,1724
2645,1709,1724
2644,1709,1724
2643,1709,1723
2642,1708,1723
2641,1708,1723
2640,1708,1723
2639,1708,1723
2638,1708,1722
2637,1707,1722
2636,1707,1722
2635,1707,1722
2634,1707,1722
2633,1707,1722
2632,1707,1721
2631,1706,1721
2630,1706,1721
2629,1706,1721
2628,1706,1721
2627,1706,1720
2626,1706,1720
2625,1705,1720
2624,1705,1720
2623,1705,1720
2622,1705,1720
2621,1705,1720
2620,1705,1719
2619,1704,1719
2618,1704,1719
2617,1704,1719
2616,1704,1719
2615,1704,1719
2614,1704,1718
2613,1704,1718
2612,1703,1718
2611,1703,1718
2610,1703,1718
2609,1703,1718
2608,1703,1718
2607,1703,1717
2606,1703,1717
2605,1702,1717
2604,1702,1717
2603,1702,1717
2602,1702,1717
2601,1702,1717
2600,1702,1717
2599,1702,1716
2598,1702,1716
2597,1701,1716
2596,1701,1716
2595,1701,1716
2594,1701,1716
2593,1701,1716
2592,1701,1716
2591,1701,1716
2590,1701,1715
2589,1701,1715
2588,1700,1715
2587,1700,1715
2586,1700,1715
2585,1700,1715
2584,1700,1715
2583,1700,1715
2582,1700,1715
2581,1700,1715
2580,1700,1714
2579,1700,1714
2578,1699,1714
2577,1699,1714
2576,1699,1714
2575,1699,1714
2574,1699,1714
2573,1699,1714
2572,1699,1714
2571,1699,1714
2570,1699,1714
2569,1699,1714
2568,1699,1713
2567,1699,1713
2566,1698,1713
2565,1698,1713
2564,1698,1713
2563,1698,1713
2562,1698,1713
2561,1698,1713
2560,1698,1713
2559,1698,1713
2558,1698,1713
2557,1698,1713
2556,1698,1713
2555,1698,1713
2554,1698,1713
2553,1698,1713
2552,1698,1713
2551,1698,1712
2550,1697,1712
2549,1697,1712
2548,1697,1712
2547,1697,1712
2546,1697,1712
2545,1697,1712
2544,1697,1712
2543,1697,1712
2542,1697,1712
2541,1697,1712
2540,1697,1712
2539,1697,1712
2538,1697,1712
2537,1697,1712
2536,1697,1712
2535,1697,1712
2534,1697,1712
2533,1697,1712
2532,1697,1712
2531,1697,1712
2530,1697,1712
2529,1697,1712
2528,1697,1712
2527,1697,1712
2526,1697,1712
2525,1697,1712
2524,1697,1712
2523,1697,1712
2483,1698,1713
2482,1698,1713
2481,1698,1713
2480,1698,1713
2479,1698,1713
2478,1698,1713
2477,1698,1713
2476,1698,1714
2475,1698,1714
2474,1698,1714
2473,1698,1714
2472,1698,1714
2471,1698,1714
2470,1699,1714
2469,1699,1714
2468,1699,1714
2467,1699,1714
2466,1699,1714
2465,1699,1714
2464,1699,1715
2463,1699,1715
2462,1699,1715
2461,1699,1715
2460,1699,1715
2459,1699,1715
2458,1700,1715
2457,1700,1715
2456,1700,1715
2455,1700,1715
2454,1700,1716
2453,1700,1716
2452,1700,1716
2451,1700,1716
2450,1700,1716
2449,1700,1716
2448,1701,1716
2447,1701,1716
2446,1701,1716
2445,1701,1717
2444,1701,1717
2443,1701,1717
2442,1701,1717
2441,1701,1717
2440,1701,1717
2439,1702,1717
2438,1702,1718
2437,1702,1718
2436,1702,1718
2435,1702,1718
2434,1702,1718
2433,1702,1718
2432,1702,1718
2431,1703,1718
2430,1703,1719
2429,1703,1719
2428,1703,1719
2427,1703,1719
2426,1703,1719
2425,1703,1719
2424,1704,1720
2423,1704,1720
2422,1704,1720
2421,1704,1720
2420,1704,1720
2419,1704,1720
2418,1704,1721
2417,1705,1721
2416,1705,1721
2415,1705,1721
2414,1705,1721
2413,1705,1721
2412,1705,1722
2411,1706,1722
2410,1706,1722
2409,1706,1722
2408,1706,1722
2407,1706,1722
2406,1706,1723
2405,1707,1723
2404,1707,1723
2403,1707,1723
2402,1707,1723
2401,1707,1724
2400,1708,1724
2399,1708,1724
2398,1708,1724
2397,1708,1724
2396,1708,1725
2395,1708,1725
2394,1709,1725
2393,1709,1725
2392,1709,1725
2391,1709,1726
2390,1709,1726
2389,1710,1726
2388,1710,1726
2387,1710,1726
2386,1710,1727
2385,1710,1727
2384,1711,1727
2383,1711,1727
2382,1711,1728
2381,1711,1728
2380,1711,1728
2379,1712,1728
2378,1712,1728
2377,1712,1729
2376,1712,1729
2375,1713,1729
2374,1713,1729
2373,1713,1730
2372,1713,1730
2371,1714,1730
2370,1714,1730
2369,1714,1731
2368,1714,1731
2367,1714,1731
2366,1715,1731
2365,1715,1732
2364,1715,1732
2363,1715,1732
2362,1716,1732
2361,1716,1733
2360,1716,1733
2359,1716,1733
2358,1717,1733
2357,1717,1734
2356,1717,1734
2355,1717,1734
2354,1718,1735
2353,1718,1735
2352,1718,1735
2351,1718,1735
2350,1719,1736
2349,1719,1736
2348,1719,1736
2347,1720,1737
2346,1720,1737
2345,1720,1737
2344,1720,1737
2343,1721,1738
2342,1721,1738
2341,1721,1738
2340,1721,1739
2339,1722,1739
2338,1722,1739
2337,1722,1739
2336,1723,1740
2335,1723,1740
2334,1723,1740
2333,1723,1741
2332,1724,1741
2331,1724,1741
2330,1724,1742
2329,1725,1742
2328,1725,1742
2327,1725,1743
2326,1726,1743
2325,1726,1743
2324,1726,1744
2323,1727,1744
2322,1727,1744
2321,1727,1745
2320,1727,1745
2319,1728,1745
2318,1728,1746
2317,1728,1746
2316,1729,1746
2315,1729,1747
2314,1729,1747
2313,1730,1747
2312,1730,1748
2311,1730,1748
2310,1731,1748
2309,1731,1749
2308,1731,1749
2307,1732,1749
2306,1732,1750
2305,1732,1750
2304,1733,1751
2303,1733,1751
2302,1733,1751
2301,1734,1752
2300,1734,1752
2299,1735,1752
2298,1735,1753
2297,1735,1753
2296,1736,1753
2295,1736,1754
2294,1736,1754
2293,1737,1755
2292,1737,1755
2291,1737,1755
2290,1738,1756
2289,1738,1756
2288,1739,1757
2287,1739,1757
2286,1739,1757
2285,1740,1758
2284,1740,1758
2283,1740,1759
2282,1741,1759
2281,1741,1759
2280,1742,1760
2279,1742,1760
2278,1742,1761
2277,1743,1761
2276,1743,1761
2275,1744,1762
2274,1744,1762
2273,1744,1763
2272,1745,1763
2271,1745,1764
2270,1746,1764
2269,1746,1764
2268,1746,1765
2267,1747,1765
2266,1747,1766
2265,1748,1766
2264,1748,1767
2263,1749,1767
2262,1749,1768
2261,1749,1768
2260,1750,1768
2259,1750,1769
2258,1751,1769
2257,1751,1770
2256,1752,1770
2255,1752,1771
2254,1752,1771
2253,1753,1772
2252,1753,1772
2251,1754,1773
2250,1754,1773
2249,1755,1774
2248,1755,1774
2247,1756,1774
2246,1756,1775
2245,1756,1775
2244,1757,1776
2243,1757,1776
2242,1758,1777
2241,1758,1777
2240,1759,1778
2239,1759,1778
2238,1760,1779
2237,1760,1779
2236,1761,1780
2235,1761,1780
2234,1762,1781
2233,1762,1781
2232,1763,1782
2231,1763,1782
2230,1764,1783
2229,1764,1783
2228,1765,1784
2227,1765,1784
2226,1766,1785
2225,1766,1786
2224,1767,1786
2223,1767,1787
2222,1768,1787
2221,1768,1788
2220,1769,1788
2219,1769,1789
2218,1770,1789
2217,1770,1790
2216,1771,1790
2215,1771,1791
2214,1772,1791
2213,1772,1792
2212,1773,1793
2211,1773,1793
2210,1774,1794
2209,1774,1794
2208,1775,1795
2207,1775,1795
2206,1776,1796
2205,1777,1797
2204,1777,1797
2203,1778,1798
2202,1778,1798
2201,1779,1799
2200,1779,1799
2199,1780,1800
2198,1780,1801
2197,1781,1801
2196,1782,1802
2195,1782,1802
2194,1783,1803
2193,1783,1804
2192,1784,1804
2191,1784,1805
2190,1785,1805
2189,1786,1806
2188,1786,1807
2187,1787,1807
2186,1787,1808
2185,1788,1808
2184,1789,1809
2183,1789,1810
2182,1790,1810
2181,1790,1811
2180,1791,1812
2179,1792,1812
2178,1792,1813
2177,1793,1814
2176,1793,1814
2175,1794,1815
2174,1795,1815
2173,1795,1816
2172,1796,1817
2171,1796,1817
2170,1797,1818
2169,1798,1819
2168,1798,1819
2167,1799,1820
2166,1800,1821
2165,1800,1821
2164,1801,1822
2163,1802,1823
2162,1802,1823
2161,1803,1824
2160,1803,1825
2159,1804,1826
2158,1805,1826
2157,1805,1827
2156,1806,1828
2155,1807,1828
2154,1807,1829
2153,1808,1830
2152,1809,1830
2151,1809,1831
2150,1810,1832
2149,1811,1833
2148,1812,1833
2147,1812,1834
2146,1813,1835
2145,1814,1835
2144,1814,1836
2143,1815,1837
2142,1816,1838
2141,1816,1838
2140,1817,1839
2139,1818,1840
2138,1819,1841
2137,1819,1841
2136,1820,1842
2135,1821,1843
2134,1821,1844
2133,1822,1844
2132,1823,1845
2131,1824,1846
2130,1824,1847
2129,1825,1848
2128,1826,1848
2127,1827,1849
2126,1827,1850
2125,1828,1851
2124,1829,1852
2123,1830,1852
2122,1830,1853
2121,1831,1854
2120,1832,1855
2119,1833,1856
2118,1833,1856
2117,1834,1857
2116,1835,1858
2115,1836,1859
2114,1837,1860
2113,1837,1861
2112,1838,1861
2111,1839,1862
2110,1840,1863
2109,1841,1864
2108,1841,1865
2107,1842,1866
2106,1843,1866
2105,1844,1867
2104,1845,1868
2103,1845,1869
2102,1846,1870
2101,1847,1871
2100,1848,1872
2099,1849,1873
2098,1850,1873
2097,1850,1874
2096,1851,1875
2095,1852,1876
2094,1853,1877
2093,1854,1878
2092,1855,1879
2091,1855,1880
2090,1856,1881
2089,1857,1882
2088,1858,1883
2087,1859,1883
2086,1860,1884
2085,1861,1885
2084,1862,1886
2083,1863,1887
2082,1863,1888
2081,1864,1889
2080,1865,1890
2079,1866,1891
2078,1867,1892
2077,1868,1893
2076,1869,1894
2075,1870,1895
2074,1871,1896
2073,1872,1897
2072,1873,1898
2071,1873,1899
2070,1874,1900
2069,1875,1901
2068,1876,1902
2067,1877,1903
