2670,2879,2880
2671,2878,2881
2672,2877,2881
2673,2877,2882
2674,2876,2882
2675,2876,2882
2676,2875,2882
2677,2875,2882
2678,2875,2882
2679,2874,2883
2680,2874,2883
2681,2874,2883
2682,2873,2883
2683,2873,2883
2684,2873,2883
2685,2872,2883
2686,2872,2883
2687,2872,2883
2688,2871,2883
2689,2871,2883
2690,2871,2883
2691,2871,2883
2692,2870,2883
2693,2870,2883
2694,2870,2883
2695,2870,2883
2696,2869,2883
2697,2869,2882
2698,2869,2882
2699,2869,2882
2700,2868,2882
2701,2868,2882
2702,2868,2882
2703,2868,2882
2704,2867,2882
2705,2867,2882
2706,2867,2882
2707,2867,2881
2708,2866,2881
2709,2866,2881
2710,2866,2881
2711,2866,2881
2712,2865,2881
2713,2865,2881
2714,2865,2880
2715,2864,2880
2716,2864,2880
2717,2864,2880
2718,2864,2880
2719,2863,2880
2720,2863,2879
2721,2863,2879
2722,2863,2879
2723,2862,2879
2724,2862,2879
2725,2862,2879
2726,2861,2878
2727,2861,2878
2728,2861,2878
2729,2861,2878
2730,2860,2878
2731,2860,2877
2732,2860,2877
2733,2859,2877
2734,2859,2877
2735,2859,2876
2736,2859,2876
2737,2858,2876
2738,2858,2876
2739,2858,2875
2740,2857,2875
2741,2857,2875
2742,2857,2875
2743,2856,2874
2744,2856,2874
2745,2856,2874
2746,2855,2874
2747,2855,2873
2748,2855,2873
2749,2854,2873
2750,2854,2872
2751,2854,2872
2752,2853,2872
2753,2853,2872
2754,2853,2871
2755,2852,2871
2756,2852,2871
2757,2852,2870
2758,2851,2870
2759,2851,2870
2760,2851,2869
2761,2850,2869
2762,2850,2869
2763,2849,2868
2764,2849,2868
2765,2849,2868
2766,2848,2867
2767,2848,2867
2768,2848,2867
2769,2847,2866
2770,2847,2866
2771,2846,2866
2772,2846,2865
2773,2846,2865
2774,2845,2864
2775,2845,2864
2776,2844,2864
2777,2844,2863
2778,2843,2863
2779,2843,2863
2780,2843,2862
2781,2842,2862
2782,2842,2861
2783,2841,2861
2784,2841,2861
2785,2840,2860
2786,2840,2860
2787,2839,2859
2788,2839,2859
2789,2839,2858
2790,2838,2858
2791,2838,2858
2792,2837,2857
2793,2837,2857
2794,2836,2856
2795,2836,2856
2796,2835,2855
2797,2835,2855
2798,2834,2854
2799,2834,2854
2800,2833,2853
2801,2833,2853
2802,2832,2853
2803,2832,2852
2804,2831,2852
2805,2831,2851
2806,2830,2851
2807,2830,2850
2808,2829,2850
2809,2829,2849
2810,2828,2849
2811,2828,2848
2812,2827,2848
2813,2827,2847
2814,2826,2847
2815,2825,2846
2816,2825,2845
2817,2824,2845
2818,2824,2844
2819,2823,2844
2820,2823,2843
2821,2822,2843
2822,2821,2842
2823,2821,2842
2824,2820,2841
2825,2820,2841
2826,2819,2840
2827,2819,2839
2828,2818,2839
2829,2817,2838
2830,2817,2838
2831,2816,2837
2832,2815,2836
2833,2815,2836
2834,2814,2835
2835,2814,2835
2836,2813,2834
2837,2812,2833
2838,2812,2833
2839,2811,2832
2840,2810,2832
2841,2810,2831
2842,2809,2830
2843,2808,2830
2844,2808,2829
2845,2807,2829
2846,2806,2828
2847,2806,2827
2848,2805,2827
2849,2804,2826
2850,2804,2825
2851,2803,2825
2852,2802,2824
2853,2802,2823
2854,2801,2823
2855,2800,2822
2856,2799,2821
2857,2799,2821
2858,2798,2820
2859,2797,2819
2860,2797,2818
2861,2796,2818
2862,2795,2817
2863,2794,2816
2864,2794,2816
2865,2793,2815
2866,2792,2814
2867,2791,2814
2868,2791,2813
3032,2584,2617
3031,2586,2619
3030,2588,2622
3029,2590,2624
3028,2592,2626
3027,2594,2628
3026,2595,2629
3025,2597,2631
3024,2599,2633
3023,2601,2635
3022,2603,2637
3021,2605,2639
3020,2606,2641
3019,2608,2643
3018,2610,2644
3017,2612,2646
3016,2613,2648
3015,2615,2650
3014,2617,2651
3013,2619,2653
3012,2620,2655
3011,2622,2656
3010,2624,2658
3009,2625,2660
3008,2627,2661
3007,2629,2663
3006,2630,2665
2540,3228,3230
3054,2547,2559
2541,3227,3230
3055,2546,2555
2542,3226,3231
2543,3226,3231
2548,3227,3228
2547,3226,3229
2546,3226,3230
2545,3226,3231
2544,3226,3231
2998,2643,2677
2883,2779,2801
2997,2645,2678
2882,2779,2802
2996,2647,2680
2881,2780,2803
2995,2648,2681
2880,2781,2804
2994,2650,2683
2879,2782,2805
2993,2651,2684
2878,2783,2805
2992,2653,2686
2877,2783,2806
2991,2654,2687
2876,2784,2807
2990,2656,2689
2875,2785,2808
2989,2657,2690
2874,2786,2808
2988,2659,2691
2873,2787,2809
2987,2660,2693
2872,2787,2810
2986,2662,2694
2871,2788,2811
2985,2663,2696
2870,2789,2811
2984,2665,2697
2869,2790,2812
2983,2666,2698
2976,2676,2708
2977,2675,2706
2978,2674,2705
2979,2672,2704
2980,2671,2702
2981,2669,2701
2982,2668,2700
2999,2642,2675
1802,2191,2209
2884,2778,2801
3000,2640,2674
1803,2181,2213
2885,2777,2800
3001,2639,2672
3002,2637,2671
3003,2635,2669
3004,2634,2668
3005,2632,2666
2890,2773,2796
1808,2154,2213
2889,2773,2797
1807,2159,2214
2888,2774,2797
1806,2164,2215
2887,2775,2798
1805,2169,2215
2886,2776,2799
1804,2175,2214
3033,2582,2615
3034,2581,2613
3035,2579,2611
3036,2577,2609
3037,2575,2607
3038,2573,2604
3039,2571,2602
3040,2569,2600
3041,2567,2597
3042,2566,2595
3043,2564,2592
3044,2562,2590
3045,2560,2587
3046,2558,2585
3047,2557,2582
3048,2555,2579
3049,2553,2576
3050,2552,2573
3051,2550,2570
3052,2549,2567
3053,2548,2563
2975,2678,2709
2974,2679,2710
2973,2681,2711
2972,2682,2713
2971,2683,2714
2970,2685,2715
2969,2686,2716
2968,2687,2718
2967,2689,2719
2966,2690,2720
2965,2691,2721
2964,2693,2723
2963,2694,2724
2962,2695,2725
2961,2697,2726
2960,2698,2727
2959,2699,2728
2958,2700,2730
2957,2702,2731
2956,2703,2732
2955,2704,2733
2954,2705,2734
2953,2707,2735
2952,2708,2736
2951,2709,2738
2950,2710,2739
2949,2712,2740
2948,2713,2741
2947,2714,2742
2946,2715,2743
2945,2716,2744
1862,2045,2053
2944,2718,2745
1861,2044,2057
2943,2719,2746
1860,2044,2061
2942,2720,2747
1859,2045,2065
2941,2721,2748
1858,2046,2068
2940,2722,2749
1857,2046,2072
2939,2723,2751
1856,2047,2075
2938,2725,2752
1855,2048,2078
2937,2726,2753
1854,2050,2081
2936,2727,2754
1853,2051,2084
2935,2728,2755
1852,2052,2088
2934,2729,2756
1851,2053,2091
2933,2730,2757
1850,2055,2094
2932,2731,2758
1849,2056,2097
2931,2732,2759
1848,2057,2100
2930,2733,2760
1847,2059,2103
2929,2734,2761
1846,2060,2106
2928,2736,2762
1845,2062,2109
2927,2737,2763
1844,2064,2112
2926,2738,2764
1843,2065,2115
2925,2739,2765
1842,2067,2118
2924,2740,2766
1841,2069,2121
2923,2741,2767
1840,2070,2124
2922,2742,2768
1839,2072,2127
2921,2743,2769
1838,2074,2130
2920,2744,2769
1837,2076,2133
2919,2745,2770
1836,2078,2136
2918,2746,2771
1835,2080,2139
2917,2747,2772
1834,2082,2142
2916,2748,2773
1833,2084,2145
2915,2749,2774
1832,2086,2148
2914,2750,2775
1831,2088,2151
2913,2751,2776
1830,2090,2155
2912,2752,2777
1829,2092,2158
2911,2753,2778
1828,2095,2161
2910,2754,2779
1827,2097,2164
2909,2755,2780
1826,2099,2167
2908,2756,2781
1825,2102,2170
2907,2757,2781
1824,2104,2173
2906,2758,2782
1823,2107,2176
2905,2759,2783
1822,2109,2179
2904,2760,2784
1821,2112,2182
2903,2761,2785
1820,2114,2185
2902,2762,2786
1819,2117,2188
2901,2763,2787
1818,2120,2190
2900,2764,2787
1817,2123,2193
2899,2764,2788
1816,2126,2196
2898,2765,2789
1815,2129,2198
2897,2766,2790
1814,2132,2201
2896,2767,2791
1813,2136,2203
2895,2768,2792
1812,2139,2206
2894,2769,2793
1811,2143,2208
2893,2770,2793
1810,2146,2210
2892,2771,2794
1809,2150,2211
2891,2772,2795
