1882,2324,2383
1883,2308,2400
1884,2295,2412
1885,2285,2422
1886,2277,2431
1887,2269,2439
1888,2262,2446
2053,2771,2773
2052,2769,2773
2051,2767,2773
2050,2765,2772
2049,2764,2772
2048,2762,2771
2047,2761,2770
2046,2759,2770
3149,2146,2151
3150,2146,2158
3151,2147,2163
3152,2148,2168
3153,2150,2173
3154,2152,2178
3155,2154,2183
3156,2156,2188
3157,2158,2193
3158,2160,2198
1889,2255,2452
3174,2204,2489
3159,2162,2203
1890,2249,2459
3175,2208,2487
3160,2164,2208
1891,2243,2465
3176,2211,2484
3161,2167,2214
1892,2238,2470
3177,2215,2481
3162,2169,2220
1893,2232,2475
3178,2219,2478
3163,2172,2226
1894,2227,2480
3179,2223,2475
3164,2174,2232
1895,2222,2485
3180,2227,2472
3165,2177,2238
1896,2218,2490
3181,2231,2468
3166,2180,2245
1897,2213,2495
3182,2235,2464
3167,2183,2253
3167,2481,2495
1898,2209,2499
3183,2240,2460
3168,2185,2261
3168,2468,2497
1899,2205,2503
3184,2244,2456
3169,2188,2269
3169,2456,2497
1900,2201,2507
3185,2249,2452
3170,2191,2279
3170,2445,2497
1901,2197,2511
3186,2255,2447
3171,2194,2289
3171,2432,2495
1902,2193,2317
1902,2387,2515
3187,2260,2442
3172,2198,2302
3172,2418,2493
1903,2189,2302
1903,2402,2519
3188,2266,2436
3173,2201,2319
3173,2399,2491
1904,2185,2290
1904,2413,2523
3189,2273,2431
1905,2182,2280
1905,2423,2526
3190,2279,2424
1906,2178,2272
1906,2431,2530
3191,2287,2417
1907,2175,2264
1907,2439,2533
3192,2296,2408
3193,2306,2399
3194,2319,2386
3195,2344,2361
1950,2067,2104
1950,2595,2641
1951,2065,2102
1951,2598,2643
1952,2063,2100
1952,2600,2645
1953,2061,2097
1953,2602,2647
1954,2059,2095
1954,2605,2649
1955,2058,2093
1955,2607,2651
1949,2069,2107
1949,2593,2639
2490,2900,2902
1976,2022,2048
1976,2650,2687
1948,2071,2109
1948,2590,2638
2489,2899,2903
1975,2023,2050
1975,2648,2685
1974,2025,2052
1974,2646,2684
1973,2026,2054
1973,2644,2682
1972,2028,2056
1972,2642,2680
1971,2030,2058
1971,2640,2679
1970,2031,2060
1970,2638,2677
1967,2036,2066
1967,2632,2672
1968,2035,2064
1968,2634,2674
1969,2033,2062
1969,2636,2675
2488,2898,2904
1947,2073,2112
1947,2588,2636
2487,2898,2905
1946,2075,2115
1946,2586,2634
2486,2897,2905
1945,2077,2117
1945,2583,2631
2485,2897,2905
1944,2079,2120
1944,2580,2629
2484,2897,2906
1943,2081,2122
1943,2578,2627
1915,2150,2218
1915,2484,2559
2456,2897,2906
2483,2897,2906
1942,2083,2125
1942,2575,2625
1914,2153,2223
1914,2479,2556
2455,2897,2906
2482,2896,2906
1941,2085,2128
1941,2573,2623
1913,2156,2228
1913,2474,2553
2454,2898,2906
2481,2896,2907
1940,2087,2131
1940,2570,2621
1912,2159,2233
1912,2469,2550
2453,2898,2906
2480,2896,2907
1939,2090,2133
1939,2567,2619
1911,2162,2239
1911,2464,2546
2452,2899,2905
2479,2896,2907
1938,2092,2136
1938,2564,2617
1910,2165,2245
1910,2458,2543
2451,2899,2905
2478,2896,2907
1937,2094,2139
1937,2562,2615
1909,2168,2251
1909,2452,2540
2450,2900,2904
2477,2896,2907
1936,2096,2142
1936,2559,2612
1908,2171,2257
1908,2446,2537
2449,2901,2903
2476,2895,2907
1935,2098,2145
1935,2556,2610
1962,2045,2077
1962,2622,2664
2503,3240,3246
1989,2002,2024
1989,2673,2706
1963,2043,2075
1963,2624,2665
2504,3240,3246
1990,2001,2022
1990,2675,2707
1964,2041,2073
1964,2626,2667
2505,3241,3246
1991,1999,2020
1991,2677,2709
1965,2040,2070
1965,2628,2669
2506,3241,3245
1992,1998,2019
1992,2678,2710
1966,2038,2068
1966,2630,2670
2507,3242,3245
1993,1996,2017
1993,2680,2712
1961,2047,2079
1961,2620,2662
2502,3240,3246
1988,2003,2026
1988,2672,2705
1960,2048,2081
1960,2618,2660
2501,3240,3246
1987,2005,2028
1987,2670,2703
1959,2050,2083
1959,2616,2658
2500,3240,3246
1986,2006,2029
1986,2668,2702
1958,2052,2086
1958,2614,2656
2499,3241,3245
1985,2008,2031
1985,2666,2700
1957,2054,2088
1957,2611,2655
2498,3241,3244
1984,2009,2033
1984,2665,2699
1956,2056,2090
1956,2609,2653
2497,3243,3243
1983,2011,2035
1983,2663,2697
2457,2897,2907
1916,2147,2214
1916,2489,2562
2458,2897,2907
1917,2144,2209
1917,2493,2564
2459,2896,2907
1918,2141,2205
1918,2497,2567
2460,2896,2907
1919,2138,2201
1919,2501,2570
2461,2896,2907
1920,2135,2197
1920,2505,2573
2462,2896,2907
1921,2133,2193
1921,2509,2576
2463,2896,2908
1922,2130,2189
1922,2513,2578
2464,2896,2908
1923,2127,2185
1923,2517,2581
2465,2896,2908
1924,2125,2181
1924,2521,2583
2466,2895,2908
1925,2122,2178
1925,2524,2586
2467,2895,2908
1926,2120,2174
1926,2528,2589
2468,2895,2908
1927,2117,2171
1927,2531,2591
2469,2895,2908
1928,2115,2167
1928,2534,2594
2470,2895,2908
1929,2112,2164
1929,2538,2596
2471,2895,2908
1930,2110,2160
1930,2541,2598
2472,2895,2908
1931,2108,2157
1931,2544,2601
2473,2895,2908
1932,2105,2154
1932,2547,2603
2474,2895,2908
1933,2103,2151
1933,2550,2605
2475,2895,2908
1934,2101,2148
1934,2553,2608
1977,2020,2046
1977,2652,2688
1978,2018,2044
1978,2654,2690
1979,2017,2042
1979,2656,2691
1980,2015,2040
1980,2657,2693
1981,2014,2039
1981,2659,2694
1982,2012,2037
1982,2661,2696
1994,1995,2015
1994,2682,2713
1995,1994,2014
1995,2683,2714
1996,1992,2012
1996,2685,2716
1997,1991,2010
1997,2687,2717
1998,1989,2008
1998,2688,2718
1999,1988,2007
1999,2690,2720
2000,1987,2005
2000,2691,2721
2001,1985,2003
2001,2693,2722
2002,1984,2002
2002,2695,2723
2003,1983,2000
2003,2696,2725
2004,1982,1998
2004,2698,2726
2005,1980,1997
2005,2699,2727
2006,1979,1995
2006,2701,2728
2007,1978,1994
2007,2702,2730
2008,1976,1992
2008,2704,2731
2009,1975,1990
2009,2706,2732
2010,1974,1989
2010,2707,2733
2011,1973,1987
2011,2709,2735
2012,1972,1986
2012,2710,2736
2013,1970,1984
2013,2712,2737
2014,1969,1982
2014,2713,2738
2015,1968,1981
2015,2715,2739
2016,1967,1979
2016,2716,2740
2017,1966,1978
2017,2718,2742
2018,1964,1976
2018,2719,2743
2019,1963,1975
2019,2721,2744
2020,1962,1973
2020,2722,2745
2021,1961,1972
2021,2723,2746
2022,1960,1970
2022,2725,2747
2023,1959,1969
2023,2726,2748
2024,1958,1967
2024,2728,2749
2025,1957,1965
2025,2729,2750
2026,1956,1964
2026,2731,2751
2027,1955,1962
2027,2732,2752
2028,1954,1961
2028,2734,2753
2029,1953,1959
2029,2735,2754
2030,1952,1958
2030,2736,2755
2031,1951,1956
2031,2738,2756
2032,1950,1955
2032,2739,2757
2033,1949,1953
2033,2741,2758
2034,1948,1951
2034,2742,2759
2035,1947,1949
2035,2743,2760
2036,1947,1947
2036,2745,2761
2037,2746,2762
2038,2748,2763
2039,2749,2764
2040,2751,2765
2041,2752,2766
2042,2753,2766
2043,2755,2767
2044,2756,2768
2045,2758,2769
