1934,2286,2311
1935,2272,2320
1936,2263,2324
1937,2255,2325
1938,2248,2325
1939,2242,2324
1940,2237,2322
1941,2232,2320
1942,2227,2316
1979,2140,2141
1978,2137,2149
1977,2137,2154
1976,2138,2159
1975,2139,2164
1946,2210,2298
3216,2485,2533
1947,2206,2293
3217,2477,2533
1948,2203,2288
3218,2469,2533
1949,2199,2283
3219,2462,2532
1950,2196,2277
3220,2454,2531
1951,2193,2272
3221,2447,2530
1973,2141,2172
3243,2393,2453
1968,2150,2193
3238,2378,2483
2476,3234,3241
1974,2140,2168
3244,2401,2443
1969,2148,2189
3239,2379,2479
2477,3235,3241
1945,2214,2303
3215,2494,2533
1944,2218,2308
3214,2503,2531
1943,2222,2312
3213,2518,2524
1970,2146,2185
3240,2381,2473
2478,3235,3241
1971,2145,2181
3241,2384,2468
2479,3236,3241
1972,2143,2176
3242,2388,2461
2480,3237,3240
3222,2440,2528
1952,2189,2267
3223,2433,2527
1953,2186,2262
3224,2426,2525
1954,2183,2257
3225,2419,2523
1955,2181,2252
3226,2413,2521
1956,2178,2247
3227,2407,2519
1957,2175,2242
3228,2401,2516
1958,2172,2238
3229,2396,2514
1959,2170,2233
3230,2391,2511
1960,2167,2228
3231,2387,2509
1961,2165,2224
3232,2384,2506
2470,3235,3237
1962,2163,2219
3233,2381,2502
2471,3235,3239
1963,2160,2215
3234,2379,2499
2472,3234,3239
1964,2158,2210
3235,2378,2496
2473,3234,3240
1965,2156,2206
3236,2377,2492
2474,3234,3240
1966,2154,2202
3237,2377,2488
2475,3234,3241
1967,2152,2198
