2298,2908,2908
2299,2907,2909
2300,2907,2909
2301,2907,2910
2302,2907,2910
2303,2907,2911
2304,2907,2911
2305,2907,2911
2306,2907,2912
2307,2907,2912
2308,2907,2912
2309,2907,2913
2310,2907,2913
2311,2907,2913
2312,2907,2913
2313,2907,2914
2314,2907,2914
2315,2907,2914
2316,2907,2914
2344,2911,2916
2343,2910,2916
2342,2910,2916
2341,2910,2916
2340,2910,2916
2339,2910,2916
1957,2166,2228
2338,2910,2916
2337,2909,2916
2336,2909,2916
2335,2909,2916
2334,2909,2916
2333,2909,2916
1961,2157,2210
2475,3235,3241
1952,2179,2252
3237,2376,2467
2348,2912,2915
1962,2154,2205
2476,3235,3241
1953,2177,2247
3238,2379,2461
2349,2912,2915
1963,2152,2201
2477,3235,3242
1954,2174,2242
3239,2384,2454
1969,2141,2176
2350,2912,2915
2332,2909,2916
1968,2143,2180
2482,3238,3240
1974,2134,2155
2331,2909,2916
1967,2144,2184
2481,3237,3241
1973,2135,2159
2330,2909,2916
1972,2136,2164
3233,2370,2487
1948,2191,2273
2329,2908,2916
1956,2169,2232
3241,2402,2431
1971,2138,2168
2352,2913,2914
1955,2171,2237
3240,2391,2445
1970,2139,2172
2351,2913,2915
3210,2507,2527
3225,2392,2513
1940,2221,2317
2321,2908,2915
3211,2496,2530
3226,2386,2510
1941,2217,2311
2322,2908,2915
3212,2487,2531
3227,2382,2507
1942,2213,2306
2323,2908,2915
1959,2161,2218
2473,3235,3240
1950,2185,2262
3235,2371,2478
2479,3236,3242
1965,2148,2193
2346,2911,2916
1958,2164,2223
2472,3236,3238
1949,2188,2267
3234,2370,2482
2478,3235,3242
1964,2150,2197
2345,2911,2916
1951,2182,2257
3236,2373,2473
1960,2159,2214
2474,3235,3240
2480,3236,3242
1966,2146,2188
2347,2911,2915
3232,2370,2491
1947,2195,2278
2328,2908,2916
3231,2371,2494
1946,2198,2284
2327,2908,2916
3230,2373,2498
1945,2202,2289
2326,2908,2916
3214,2471,2531
3229,2375,2501
1944,2205,2295
2325,2908,2915
3213,2479,2532
3228,2378,2504
1943,2209,2301
2324,2908,2915
1975,2133,2150
1976,2133,2145
1977,2134,2139
3224,2397,2515
1939,2226,2321
2320,2907,2915
3223,2404,2517
1938,2230,2326
2319,2907,2915
3222,2410,2520
1937,2235,2329
2318,2907,2914
3221,2417,2522
1936,2241,2332
2317,2907,2914
3220,2425,2524
1935,2246,2334
3219,2432,2525
1934,2253,2334
3218,2440,2527
1933,2260,2334
3217,2447,2528
1932,2268,2331
3216,2455,2530
1931,2278,2326
3215,2463,2531
1930,2295,2314
