3222,2461,2533
1952,2197,2278
3223,2454,2532
1953,2194,2273
1980,2141,2148
1979,2140,2155
1978,2141,2160
3247,2409,2441
1977,2141,2164
3246,2400,2453
1976,2142,2169
3245,2394,2461
1975,2144,2173
3244,2390,2468
1974,2145,2178
3243,2387,2474
1973,2147,2182
3242,2385,2479
1972,2148,2186
3224,2447,2531
1954,2191,2268
3225,2440,2530
1955,2188,2263
3226,2433,2528
1956,2185,2258
3227,2427,2526
1957,2182,2253
3228,2420,2524
1958,2179,2249
3229,2414,2522
1959,2177,2244
3230,2409,2520
1960,2174,2239
3221,2468,2534
1951,2201,2283
3220,2476,2535
1950,2204,2288
3219,2484,2535
1949,2208,2293
3218,2492,2534
1948,2212,2297
3241,2383,2484
1971,2150,2191
2479,3237,3239
3217,2501,2533
1947,2216,2302
3240,2383,2489
1970,2152,2195
2478,3236,3240
3216,2513,2529
1946,2220,2306
3239,2382,2493
1969,2154,2199
2477,3235,3240
1945,2224,2310
3238,2383,2496
1968,2156,2203
2476,3234,3240
1944,2229,2313
1943,2234,2316
1942,2239,2318
1941,2245,2319
1940,2251,2320
3233,2395,2512
1963,2167,2225
2471,3233,3239
1939,2259,2318
3232,2399,2515
1962,2169,2230
2470,3234,3238
1967,2158,2208
2475,3234,3240
3237,2384,2500
1938,2267,2315
3231,2404,2518
1961,2171,2235
2469,3234,3237
1966,2160,2212
2474,3234,3240
3236,2386,2503
1937,2279,2309
1965,2162,2216
2473,3233,3240
3235,2388,2507
1964,2164,2221
2472,3233,3240
3234,2391,2510
