1864,2322,2356
1865,2300,2377
1866,2287,2390
1867,2276,2400
1868,2267,2409
1869,2259,2417
1870,2252,2423
1871,2245,2430
1872,2239,2436
1873,2233,2441
1874,2228,2446
1875,2222,2451
1876,2217,2456
1877,2212,2460
1878,2208,2464
1879,2203,2468
1880,2199,2347
1880,2372,2472
1881,2195,2320
1881,2400,2475
1882,2190,2305
1882,2415,2479
1883,2186,2294
1883,2427,2482
1884,2182,2284
1884,2438,2485
1885,2179,2275
1885,2447,2488
1886,2175,2268
1886,2456,2491
1887,2171,2261
1887,2464,2493
1888,2168,2254
1888,2472,2495
1889,2164,2248
1889,2480,2496
1890,2161,2242
1890,2491,2495
1891,2158,2237
1892,2154,2231
1893,2151,2226
1894,2148,2221
1895,2145,2217
1896,2142,2212
1897,2139,2208
1898,2136,2203
1899,2133,2199
1900,2130,2195
1901,2127,2191
1902,2125,2188
1903,2122,2184
1904,2119,2180
1905,2117,2177
1906,2114,2173
1907,2111,2170
1908,2109,2167
1909,2106,2163
1910,2104,2160
1911,2101,2157
1912,2099,2154
1913,2096,2151
1914,2094,2148
1915,2092,2145
1916,2089,2142
1917,2087,2139
1918,2085,2136
1919,2083,2133
1920,2080,2131
1921,2078,2128
1922,2076,2125
1923,2074,2123
1924,2072,2120
1925,2069,2118
1926,2067,2115
1927,2065,2113
1928,2063,2110
1929,2061,2108
1930,2059,2105
1931,2057,2103
1932,2055,2100
1933,2053,2098
1934,2051,2096
1935,2049,2094
1936,2047,2091
1937,2045,2089
1938,2043,2087
1939,2042,2085
1940,2040,2082
1941,2038,2080
1942,2036,2078
1943,2034,2076
1944,2032,2074
1945,2031,2072
1946,2029,2070
1947,2027,2068
1948,2025,2066
1949,2023,2064
1950,2022,2062
1951,2020,2060
1952,2018,2058
1953,2017,2056
1954,2015,2054
1955,2013,2052
1956,2012,2050
1957,2010,2048
1958,2008,2047
1959,2007,2045
1960,2005,2043
1961,2003,2041
1962,2002,2039
1963,2000,2038
1964,1999,2036
1965,1997,2034
1966,1995,2032
1967,1994,2031
1968,1992,2029
1969,1991,2027
1970,1989,2025
1971,1988,2024
1972,1986,2022
1973,1985,2020
1974,1983,2019
1975,1982,2017
1976,1980,2015
1977,1979,2014
1978,1977,2012
1979,1976,2011
1980,1975,2009
1981,1973,2008
1982,1972,2006
1983,1970,2004
1984,1969,2003
1985,1968,2001
1986,1966,2000
1987,1965,1998
1988,1963,1997
1989,1962,1995
1990,1961,1994
1991,1959,1992
1992,1958,1991
1993,1957,1989
1994,1955,1988
1995,1954,1986
1996,1953,1985
1997,1951,1984
1998,1950,1982
1999,1949,1981
2000,1947,1979
2001,1946,1978
2002,1945,1977
2003,1944,1975
2004,1942,1974
2005,1941,1972
2006,1940,1971
2007,1939,1970
2008,1937,1968
2009,1936,1967
2010,1935,1966
2011,1934,1964
2012,1932,1963
2013,1931,1962
2014,1930,1961
2015,1929,1959
2016,1928,1958
2017,1927,1957
2018,1925,1955
2019,1924,1954
2020,1923,1953
2021,1922,1952
2022,1921,1950
2023,1920,1949
2024,1918,1948
2025,1917,1947
2026,1916,1945
2027,1915,1944
2028,1914,1943
2029,1913,1942
2030,1912,1941
2031,1911,1939
2032,1909,1938
2033,1908,1937
2034,1907,1936
2035,1906,1935
2036,1905,1934
2037,1904,1932
2038,1903,1931
2039,1902,1930
2040,1901,1929
2041,1900,1928
2042,1899,1927
2043,1898,1926
2044,1897,1925
2045,1896,1923
2046,1894,1922
2047,1893,1921
2048,1892,1920
2049,1891,1919
2050,1890,1918
2051,1889,1917
2052,1888,1916
2053,1887,1915
2054,1886,1914
2055,1885,1913
2056,1884,1912
2057,1883,1910
2058,1882,1909
2059,1881,1908
2060,1880,1907
2061,1879,1906
2062,1878,1905
2063,1878,1904
2671,1713,1731
2672,1713,1731
2673,1713,1731
2674,1714,1732
2675,1714,1732
2676,1714,1732
2677,1714,1732
2678,1715,1733
2679,1715,1733
2680,1715,1733
2681,1715,1734
2682,1716,1734
2683,1716,1734
2684,1716,1734
2685,1716,1735
2686,1717,1735
2687,1717,1735
2688,1717,1735
2689,1718,1736
2690,1718,1736
2691,1718,1736
2692,1718,1737
2693,1719,1737
2694,1719,1737
2695,1719,1737
2696,1719,1738
2697,1720,1738
2698,1720,1738
2699,1720,1739
2700,1721,1739
2701,1721,1739
2702,1721,1739
2703,1721,1740
2704,1722,1740
2705,1722,1740
2706,1722,1741
2707,1723,1741
2708,1723,1741
2709,1723,1742
2710,1724,1742
2711,1724,1742
2712,1724,1743
2713,1724,1743
2714,1725,1743
2715,1725,1743
2716,1725,1744
2717,1726,1744
2718,1726,1744
2719,1726,1745
2720,1727,1745
2721,1727,1745
2722,1727,1746
2723,1728,1746
2724,1728,1746
2725,1728,1747
2726,1729,1747
2727,1729,1748
2728,1729,1748
2729,1730,1748
2730,1730,1749
2731,1730,1749
2732,1731,1749
2733,1731,1750
2734,1731,1750
2735,1732,1750
2736,1732,1751
2737,1732,1751
2738,1733,1751
2739,1733,1752
2740,1734,1752
2741,1734,1753
2742,1734,1753
2743,1735,1753
2744,1735,1754
2745,1735,1754
2746,1736,1754
2747,1736,1755
2748,1736,1755
2749,1737,1756
2750,1737,1756
2751,1738,1756
2752,1738,1757
2753,1738,1757
2754,1739,1758
2755,1739,1758
2756,1740,1758
2757,1740,1759
2758,1740,1759
2759,1741,1760
2760,1741,1760
2761,1742,1760
2762,1742,1761
2763,1742,1761
2764,1743,1762
2765,1743,1762
2766,1744,1763
2767,1744,1763
2768,1744,1763
2769,1745,1764
2770,1745,1764
2771,1746,1765
2772,1746,1765
2773,1746,1766
2774,1747,1766
2775,1747,1766
2776,1748,1767
2777,1748,1767
2778,1749,1768
2779,1749,1768
2780,1749,1769
2781,1750,1769
2782,1750,1770
2783,1751,1770
2784,1751,1770
2785,1752,1771
2786,1752,1771
2787,1753,1772
2788,1753,1772
2789,1753,1773
2790,1754,1773
2791,1754,1774
2792,1755,1774
2793,1755,1775
2794,1756,1775
2795,1756,1776
2796,1757,1776
2797,1757,1777
2798,1758,1777
2799,1758,1778
2800,1759,1778
2801,1759,1779
2802,1759,1779
2803,1760,1780
2804,1760,1780
2805,1761,1781
2806,1761,1781
2807,1762,1782
2808,1762,1782
2809,1763,1783
2810,1763,1783
2811,1764,1784
2812,1764,1784
2813,1765,1785
2814,1765,1785
2815,1766,1786
2816,1766,1786
2817,1767,1787
2818,1767,1787
2819,1768,1788
2820,1768,1788
2821,1769,1789
2822,1769,1789
2823,1770,1790
2824,1771,1791
2825,1771,1791
2826,1772,1792
2827,1772,1792
2828,1773,1793
2829,1773,1793
2830,1774,1794
2831,1774,1794
2832,1775,1795
2833,1775,1796
2834,1776,1796
2835,1776,1797
2836,1777,1797
2837,1778,1798
2838,1778,1798
2839,1779,1799
2840,1779,1800
2841,1780,1800
2842,1780,1801
2843,1781,1801
2844,1781,1802
2845,1782,1803
2846,1783,1803
2847,1783,1804
2848,1784,1804
2849,1784,1805
2850,1785,1806
2851,1786,1806
2852,1786,1807
2853,1787,1807
2854,1787,1808
2855,1788,1809
2856,1788,1809
2857,1789,1810
2858,1790,1811
2859,1790,1811
2860,1791,1812
2861,1792,1813
2862,1792,1813
2863,1793,1814
2864,1793,1814
2865,1794,1815
2866,1795,1816
2867,1795,1816
2868,1796,1817
2869,1796,1818
2870,1797,1818
2871,1798,1819
2872,1798,1820
2873,1799,1820
2874,1800,1821
2875,1800,1822
2876,1801,1822
2877,1802,1823
2878,1802,1824
2879,1803,1824
2880,1804,1825
2881,1804,1826
2882,1805,1827
2883,1806,1827
2884,1806,1828
2885,1807,1829
2886,1808,1829
2887,1808,1830
2888,1809,1831
2889,1810,1832
2890,1810,1832
2891,1811,1833
2892,1812,1834
2893,1812,1834
2894,1813,1835
2895,1814,1836
2896,1814,1837
2897,1815,1837
2898,1816,1838
2899,1817,1839
2900,1817,1840
2901,1818,1840
2902,1819,1841
2903,1819,1842
2904,1820,1843
2905,1821,1843
2906,1822,1844
2907,1822,1845
2908,1823,1846
2909,1824,1846
2910,1825,1847
2911,1825,1848
2912,1826,1849
2913,1827,1850
2914,1828,1850
2915,1828,1851
2916,1829,1852
2917,1830,1853
2918,1831,1854
2919,1831,1854
2920,1832,1855
2921,1833,1856
2922,1834,1857
2923,1834,1858
2924,1835,1859
2925,1836,1859
2926,1837,1860
2927,1838,1861
2928,1838,1862
2929,1839,1863
2930,1840,1864
2931,1841,1864
2932,1842,1865
2933,1842,1866
2934,1843,1867
2935,1844,1868
2936,1845,1869
2937,1846,1870
2938,1847,1871
2939,1847,1871
2940,1848,1872
2941,1849,1873
2942,1850,1874
2943,1851,1875
2944,1852,1876
2945,1852,1877
2946,1853,1878
2947,1854,1879
2948,1855,1879
2949,1856,1880
2950,1857,1881
2951,1858,1882
2952,1858,1883
2953,1859,1884
2954,1860,1885
3085,2019,2060
3086,2021,2062
3087,2023,2064
3088,2024,2066
3089,2026,2068
3090,2028,2070
3091,2030,2072
3092,2031,2074
3093,2033,2076
3094,2035,2079
3095,2037,2081
3096,2039,2083
3097,2040,2085
3098,2042,2087
3099,2044,2090
3100,2046,2092
3101,2048,2094
3102,2050,2096
3103,2052,2099
3104,2054,2101
3105,2056,2103
3106,2058,2106
3107,2060,2108
3108,2062,2111
3109,2064,2113
3110,2066,2116
3111,2068,2118
3112,2070,2121
3113,2072,2123
3172,2305,2365
3171,2290,2380
3170,2279,2391
3169,2269,2399
3168,2261,2407
3167,2253,2414
3166,2246,2420
3165,2240,2426
3164,2234,2431
3163,2228,2436
3134,2122,2189
3013,1919,1949
3135,2125,2193
3014,1921,1950
3136,2128,2197
3015,1922,1951
3137,2131,2201
3016,1923,1953
3138,2134,2205
3017,1924,1954
3139,2137,2209
3018,1925,1955
3140,2139,2213
3019,1926,1956
3141,2142,2218
3020,1928,1958
3142,2145,2223
3021,1929,1959
3143,2149,2228
3022,1930,1960
3162,2223,2440
2500,2892,2903
2500,1695,1713
3041,1954,1986
3117,2081,2134
3161,2218,2444
2499,2892,2903
2499,1695,1713
3040,1952,1985
3116,2079,2131
3160,2213,2448
3115,2077,2129
3159,2208,2452
3114,2074,2126
3158,2204,2455
3157,2199,2458
3144,2152,2233
3023,1931,1962
3145,2155,2238
3024,1932,1963
3146,2158,2244
3025,1934,1964
3147,2162,2249
3026,1935,1966
3148,2165,2256
3027,1936,1967
3149,2168,2262
3028,1937,1968
3150,2172,2269
3029,1938,1970
3151,2176,2277
3152,2179,2285
3153,2183,2295
3153,2455,2457
3154,2187,2306
3154,2434,2462
3155,2191,2320
3155,2417,2462
3156,2195,2340
3156,2394,2460
3118,2083,2137
3119,2085,2140
3120,2088,2143
3121,2090,2146
3122,2092,2149
3123,2095,2152
3030,1940,1971
2489,2897,2898
2489,1695,1713
3003,1908,1937
3124,2097,2155
3031,1941,1972
2490,2896,2899
2490,1695,1713
3004,1909,1938
3125,2100,2158
3032,1942,1974
2491,2895,2900
2491,1695,1713
3005,1911,1939
3126,2102,2161
3033,1943,1975
2492,2894,2901
2492,1695,1713
3006,1912,1940
3127,2104,2164
3034,1945,1976
2493,2894,2901
2493,1695,1713
3007,1913,1942
3128,2107,2168
3035,1946,1978
2494,2894,2901
2494,1695,1713
3008,1914,1943
3129,2109,2171
3036,1947,1979
2495,2893,2902
2495,1695,1713
3009,1915,1944
3130,2112,2174
3037,1949,1981
2496,2893,2902
2496,1695,1713
3010,1916,1945
3131,2115,2178
3038,1950,1982
2497,2893,2902
2497,1695,1713
3011,1917,1946
3132,2117,2181
3039,1951,1983
2498,2892,2903
2498,1695,1713
3012,1918,1948
3133,2120,2185
3084,2017,2058
3083,2016,2056
3082,2014,2054
3081,2012,2052
3080,2011,2051
3079,2009,2049
3078,2008,2047
3077,2006,2045
3076,2004,2043
3075,2003,2041
3074,2001,2039
3073,2000,2038
3072,1998,2036
3071,1996,2034
3070,1995,2032
3069,1993,2031
2527,2896,2899
2527,1695,1713
3068,1992,2029
2526,2895,2900
2526,1695,1713
3067,1990,2027
2525,2895,2900
2525,1695,1713
3066,1989,2026
2524,2894,2901
2524,1695,1713
3065,1987,2024
2523,2894,2901
2523,1695,1713
3064,1986,2022
2522,2893,2902
2522,1695,1712
3063,1984,2020
2521,2893,2902
2521,1695,1712
3062,1983,2019
2520,2893,2902
2520,1695,1712
3061,1981,2017
2519,2892,2902
2519,1695,1712
3060,1980,2016
2518,2892,2903
2518,1695,1712
2518,3242,3243
3059,1978,2014
2517,2892,2903
2517,1695,1712
2517,3240,3244
3058,1977,2012
2516,2892,2903
2516,1695,1712
2516,3240,3245
3057,1976,2011
2515,2892,2903
2515,1695,1713
2515,3240,3245
3056,1974,2009
2514,2892,2903
2514,1695,1713
2514,3239,3245
3055,1973,2007
2513,2892,2903
2513,1695,1713
2513,3239,3245
3054,1971,2006
2512,2891,2903
2512,1695,1713
2512,3239,3245
3053,1970,2004
2511,2891,2903
2511,1695,1713
2511,3239,3245
3052,1969,2003
2510,2891,2903
2510,1695,1713
2510,3240,3245
3051,1967,2001
2509,2891,2904
2509,1695,1713
2509,3240,3244
3050,1966,2000
2508,2891,2904
2508,1695,1713
2508,3241,3243
3049,1964,1998
2507,2891,2904
2507,1695,1713
3048,1963,1997
2506,2891,2903
2506,1695,1713
3047,1962,1995
2505,2891,2903
2505,1695,1713
3046,1960,1994
2504,2892,2903
2504,1695,1713
3045,1959,1992
2503,2892,2903
2503,1695,1713
3044,1958,1991
2502,2892,2903
2502,1695,1713
3043,1956,1989
2501,2892,2903
2501,1695,1713
3042,1955,1988
3002,1907,1936
3001,1906,1934
3000,1905,1933
2999,1904,1932
2998,1903,1931
2997,1902,1930
2996,1901,1929
2995,1900,1927
2994,1899,1926
2993,1898,1925
2992,1897,1924
2991,1896,1923
2990,1895,1922
2989,1894,1921
2988,1893,1920
2987,1891,1919
2986,1890,1917
2985,1889,1916
2984,1888,1915
2983,1887,1914
2982,1886,1913
2981,1885,1912
2980,1884,1911
2979,1884,1910
2978,1883,1909
2977,1882,1908
2976,1881,1907
2975,1880,1906
2974,1879,1905
2973,1878,1904
2972,1877,1903
2971,1876,1902
2970,1875,1901
2969,1874,1900
2968,1873,1899
2967,1872,1898
2966,1871,1897
2965,1870,1896
2964,1869,1895
2963,1868,1894
2962,1867,1893
2961,1867,1892
2960,1866,1891
2959,1865,1890
2958,1864,1889
2957,1863,1888
2956,1862,1887
2955,1861,1886
2670,1713,1731
2669,1712,1730
2668,1712,1730
2667,1712,1730
2666,1712,1730
2665,1712,1730
2664,1711,1729
2663,1711,1729
2662,1711,1729
2661,1711,1729
2660,1710,1728
2659,1710,1728
2658,1710,1728
2657,1710,1728
2656,1710,1727
2655,1709,1727
2654,1709,1727
2653,1709,1727
2652,1709,1727
2651,1708,1726
2650,1708,1726
2649,1708,1726
2648,1708,1726
2647,1708,1726
2646,1707,1725
2645,1707,1725
2644,1707,1725
2643,1707,1725
2642,1707,1725
2641,1706,1724
2640,1706,1724
2639,1706,1724
2638,1706,1724
2637,1706,1724
2636,1706,1723
2635,1705,1723
2634,1705,1723
2633,1705,1723
2632,1705,1723
2631,1705,1722
2630,1704,1722
2629,1704,1722
2628,1704,1722
2627,1704,1722
2626,1704,1722
2625,1704,1721
2624,1703,1721
2623,1703,1721
2622,1703,1721
2621,1703,1721
2620,1703,1721
2619,1703,1720
2618,1702,1720
2617,1702,1720
2616,1702,1720
2615,1702,1720
2614,1702,1720
2613,1702,1719
2612,1702,1719
2611,1701,1719
2610,1701,1719
2609,1701,1719
2608,1701,1719
2607,1701,1719
2606,1701,1718
2605,1701,1718
2604,1700,1718
2603,1700,1718
2602,1700,1718
2601,1700,1718
2600,1700,1718
2599,1700,1718
2598,1700,1717
2597,1700,1717
2596,1699,1717
2595,1699,1717
2594,1699,1717
2593,1699,1717
2592,1699,1717
2591,1699,1717
2590,1699,1716
2589,1699,1716
2588,1699,1716
2587,1698,1716
2586,1698,1716
2585,1698,1716
2584,1698,1716
2583,1698,1716
2582,1698,1716
2581,1698,1716
2580,1698,1715
2579,1698,1715
2578,1698,1715
2577,1697,1715
2576,1697,1715
2575,1697,1715
2574,1697,1715
2573,1697,1715
2572,1697,1715
2571,1697,1715
2570,1697,1715
2569,1697,1714
2568,1697,1714
2567,1697,1714
2566,1697,1714
2565,1696,1714
2564,1696,1714
2563,1696,1714
2562,1696,1714
2561,1696,1714
2560,1696,1714
2559,1696,1714
2558,1696,1714
2557,1696,1714
2556,1696,1714
2555,1696,1714
2554,1696,1713
2553,1696,1713
2552,1696,1713
2551,1696,1713
2550,1696,1713
2549,1695,1713
2548,1695,1713
2547,1695,1713
2546,1695,1713
2545,1695,1713
2544,1695,1713
2543,1695,1713
2542,1695,1713
2541,1695,1713
2540,1695,1713
2539,1695,1713
2538,1695,1713
2537,1695,1713
2536,1695,1713
2535,1695,1713
2534,1695,1713
2533,1695,1713
2532,1695,1713
2531,1695,1713
2530,1695,1713
2529,1695,1713
2528,1695,1713
2488,1695,1713
2487,1695,1713
2486,1695,1713
2485,1696,1713
2484,1696,1713
2483,1696,1713
2482,1696,1714
2481,1696,1714
2480,1696,1714
2479,1696,1714
2478,1696,1714
2477,1696,1714
2476,1696,1714
2475,1696,1714
2474,1696,1714
2473,1696,1714
2472,1696,1714
2471,1696,1714
2470,1696,1714
2469,1696,1714
2468,1697,1715
2467,1697,1715
2466,1697,1715
2465,1697,1715
2464,1697,1715
2463,1697,1715
2462,1697,1715
2461,1697,1715
2460,1697,1715
2459,1697,1715
2458,1697,1715
2457,1697,1715
2456,1698,1716
2455,1698,1716
2454,1698,1716
2453,1698,1716
2452,1698,1716
2451,1698,1716
2450,1698,1716
2449,1698,1716
2448,1698,1716
2447,1698,1717
2446,1699,1717
2445,1699,1717
2444,1699,1717
2443,1699,1717
2442,1699,1717
2441,1699,1717
2440,1699,1717
2439,1699,1718
2438,1700,1718
2437,1700,1718
2436,1700,1718
2435,1700,1718
2434,1700,1718
2433,1700,1718
2432,1700,1718
2431,1700,1719
2430,1701,1719
2429,1701,1719
2428,1701,1719
2427,1701,1719
2426,1701,1719
2425,1701,1719
2424,1701,1720
2423,1702,1720
2422,1702,1720
2421,1702,1720
2420,1702,1720
2419,1702,1720
2418,1702,1721
2417,1702,1721
2416,1703,1721
2415,1703,1721
2414,1703,1721
2413,1703,1721
2412,1703,1722
2411,1703,1722
2410,1704,1722
2409,1704,1722
2408,1704,1722
2407,1704,1722
2406,1704,1723
2405,1704,1723
2404,1705,1723
2403,1705,1723
2402,1705,1723
2401,1705,1723
2400,1705,1724
2399,1705,1724
2398,1706,1724
2397,1706,1724
2396,1706,1724
2395,1706,1725
2394,1706,1725
2393,1707,1725
2392,1707,1725
2391,1707,1725
2390,1707,1726
2389,1707,1726
2388,1708,1726
2387,1708,1726
2386,1708,1726
2385,1708,1727
2384,1708,1727
2383,1709,1727
2382,1709,1727
2381,1709,1728
2380,1709,1728
2379,1709,1728
2378,1710,1728
2377,1710,1728
2376,1710,1729
2375,1710,1729
2374,1711,1729
2373,1711,1729
2372,1711,1730
2371,1711,1730
2370,1711,1730
2369,1712,1730
2368,1712,1731
2367,1712,1731
2366,1712,1731
2365,1713,1731
2364,1713,1732
2363,1713,1732
2362,1713,1732
2361,1714,1732
2360,1714,1733
2359,1714,1733
2358,1714,1733
2357,1715,1733
2356,1715,1734
2355,1715,1734
2354,1715,1734
2353,1716,1734
2352,1716,1735
2351,1716,1735
2350,1716,1735
2349,1717,1736
2348,1717,1736
2347,1717,1736
2346,1717,1736
2345,1718,1737
2344,1718,1737
2343,1718,1737
2342,1719,1738
2341,1719,1738
2340,1719,1738
2339,1719,1738
2338,1720,1739
2337,1720,1739
2336,1720,1739
2335,1721,1740
2334,1721,1740
2333,1721,1740
2332,1721,1740
2331,1722,1741
2330,1722,1741
2329,1722,1741
2328,1723,1742
2327,1723,1742
2326,1723,1742
2325,1724,1743
2324,1724,1743
2323,1724,1743
2322,1724,1744
2321,1725,1744
2320,1725,1744
2319,1725,1745
2318,1726,1745
2317,1726,1745
2316,1726,1746
2315,1727,1746
2314,1727,1746
2313,1727,1747
2312,1728,1747
2311,1728,1747
2310,1728,1748
2309,1729,1748
2308,1729,1748
2307,1729,1749
2306,1730,1749
2305,1730,1749
2304,1730,1750
2303,1731,1750
2302,1731,1751
2301,1731,1751
2300,1732,1751
2299,1732,1752
2298,1732,1752
2297,1733,1752
2296,1733,1753
2295,1733,1753
2294,1734,1753
2293,1734,1754
2292,1735,1754
2291,1735,1755
2290,1735,1755
2289,1736,1755
2288,1736,1756
2287,1736,1756
2286,1737,1757
2285,1737,1757
2284,1738,1757
2283,1738,1758
2282,1738,1758
2281,1739,1759
2280,1739,1759
2279,1739,1759
2278,1740,1760
2277,1740,1760
2276,1741,1761
2275,1741,1761
2274,1741,1761
2273,1742,1762
2272,1742,1762
2271,1743,1763
2270,1743,1763
2269,1743,1763
2268,1744,1764
2267,1744,1764
2266,1745,1765
2265,1745,1765
2264,1746,1766
2263,1746,1766
2262,1746,1767
2261,1747,1767
2260,1747,1767
2259,1748,1768
2258,1748,1768
2257,1749,1769
2256,1749,1769
2255,1749,1770
2254,1750,1770
2253,1750,1771
2252,1751,1771
2251,1751,1771
2250,1752,1772
2249,1752,1772
2248,1753,1773
2247,1753,1773
2246,1753,1774
2245,1754,1774
2244,1754,1775
2243,1755,1775
2242,1755,1776
2241,1756,1776
2240,1756,1777
2239,1757,1777
2238,1757,1778
2237,1758,1778
2236,1758,1779
2235,1759,1779
2234,1759,1780
2233,1759,1780
2232,1760,1781
2231,1760,1781
2230,1761,1782
2229,1761,1782
2228,1762,1783
2227,1762,1783
2226,1763,1784
2225,1763,1784
2224,1764,1785
2223,1764,1785
2222,1765,1786
2221,1765,1786
2220,1766,1787
2219,1766,1787
2218,1767,1788
2217,1767,1788
2216,1768,1789
2215,1768,1790
2214,1769,1790
2213,1770,1791
2212,1770,1791
2211,1771,1792
2210,1771,1792
2209,1772,1793
2208,1772,1793
2207,1773,1794
2206,1773,1795
2205,1774,1795
2204,1774,1796
2203,1775,1796
2202,1775,1797
2201,1776,1797
2200,1777,1798
2199,1777,1799
2198,1778,1799
2197,1778,1800
2196,1779,1800
2195,1779,1801
2194,1780,1801
2193,1780,1802
2192,1781,1803
2191,1782,1803
2190,1782,1804
2189,1783,1804
2188,1783,1805
2187,1784,1806
2186,1784,1806
2185,1785,1807
2184,1786,1807
2183,1786,1808
2182,1787,1809
2181,1787,1809
2180,1788,1810
2179,1789,1811
2178,1789,1811
2177,1790,1812
2176,1790,1813
2175,1791,1813
2174,1792,1814
2173,1792,1814
2172,1793,1815
2171,1794,1816
2170,1794,1816
2169,1795,1817
2168,1795,1818
2167,1796,1818
2166,1797,1819
2165,1797,1820
2164,1798,1820
2163,1799,1821
2162,1799,1822
2161,1800,1822
2160,1801,1823
2159,1801,1824
2158,1802,1824
2157,1802,1825
2156,1803,1826
2155,1804,1826
2154,1804,1827
2153,1805,1828
2152,1806,1829
2151,1806,1829
2150,1807,1830
2149,1808,1831
2148,1809,1831
2147,1809,1832
2146,1810,1833
2145,1811,1834
2144,1811,1834
2143,1812,1835
2142,1813,1836
2141,1813,1836
2140,1814,1837
2139,1815,1838
2138,1815,1839
2137,1816,1839
2136,1817,1840
2135,1818,1841
2134,1818,1842
2133,1819,1842
2132,1820,1843
2131,1821,1844
2130,1821,1845
2129,1822,1846
2128,1823,1846
2127,1823,1847
2126,1824,1848
2125,1825,1849
2124,1826,1849
2123,1826,1850
2122,1827,1851
2121,1828,1852
2120,1829,1853
2119,1829,1853
2118,1830,1854
2117,1831,1855
2116,1832,1856
2115,1833,1857
2114,1833,1857
2113,1834,1858
2112,1835,1859
2111,1836,1860
2110,1836,1861
2109,1837,1862
2108,1838,1862
2107,1839,1863
2106,1840,1864
2105,1840,1865
2104,1841,1866
2103,1842,1867
2102,1843,1868
2101,1844,1868
2100,1845,1869
2099,1845,1870
2098,1846,1871
2097,1847,1872
2096,1848,1873
2095,1849,1874
2094,1850,1875
2093,1850,1876
2092,1851,1876
2091,1852,1877
2090,1853,1878
2089,1854,1879
2088,1855,1880
2087,1856,1881
2086,1856,1882
2085,1857,1883
2084,1858,1884
2083,1859,1885
2082,1860,1886
2081,1861,1887
2080,1862,1887
2079,1863,1888
2078,1864,1889
2077,1864,1890
2076,1865,1891
2075,1866,1892
2074,1867,1893
2073,1868,1894
2072,1869,1895
2071,1870,1896
2070,1871,1897
2069,1872,1898
2068,1873,1899
2067,1874,1900
2066,1875,1901
2065,1876,1902
2064,1877,1903
