1914,2218,2479
1915,2214,2483
2216,2881,2884
2215,2880,2884
2214,2879,2884
2213,2878,2884
2212,2877,2884
2211,2876,2884
2210,2876,2884
2209,2875,2884
2208,2874,2884
2207,2873,2884
2206,2873,2884
2205,2872,2883
2204,2871,2883
2203,2871,2883
2202,2870,2883
2201,2869,2882
2200,2868,2882
2199,2868,2882
2198,2867,2882
2197,2866,2881
2196,2866,2881
2195,2865,2881
2194,2864,2880
2193,2864,2880
2192,2863,2880
2191,2862,2879
2190,2862,2879
2189,2861,2878
2188,2860,2878
2187,2860,2878
2186,2859,2877
2185,2858,2877
2184,2858,2876
2183,2857,2876
2182,2856,2876
2181,2856,2875
2180,2855,2875
2179,2854,2874
2178,2854,2874
2177,2853,2873
2176,2852,2873
2175,2852,2872
2174,2851,2872
2173,2850,2871
2172,2850,2871
2171,2849,2870
2170,2848,2870
2169,2847,2869
2168,2847,2869
2167,2846,2868
2166,2845,2868
2165,2845,2867
2164,2844,2867
2163,2843,2866
2162,2843,2866
2161,2842,2865
2160,2841,2865
2159,2840,2864
2158,2840,2863
2157,2839,2863
2156,2838,2862
2155,2837,2862
2154,2837,2861
2153,2836,2860
2152,2835,2860
2151,2835,2859
2150,2834,2859
2149,2833,2858
2148,2832,2857
2147,2832,2857
2146,2831,2856
2145,2830,2855
2144,2829,2855
2143,2829,2854
2142,2828,2853
2141,2827,2853
2140,2826,2852
2139,2826,2851
2138,2825,2851
2137,2824,2850
2136,2823,2849
2135,2822,2848
2134,2822,2848
2133,2821,2847
2132,2820,2846
2100,2793,2820
2099,2792,2819
2098,2791,2818
2097,2790,2817
2096,2789,2816
2095,2788,2815
2094,2787,2815
2093,2787,2814
2092,2786,2813
2091,2785,2812
2090,2784,2811
2089,2783,2810
2088,2782,2809
2087,2781,2808
2086,2780,2807
2085,2779,2806
2084,2778,2805
2083,2777,2804
2082,2776,2803
2081,2775,2802
2080,2774,2801
2079,2773,2800
2078,2772,2799
2077,2771,2798
2076,2770,2797
2075,2769,2795
2074,2768,2794
2073,2767,2793
2072,2766,2792
2396,2907,2907
2397,2906,2908
2398,2905,2909
2399,2905,2910
2400,2904,2910
2401,2904,2910
2402,2903,2911
2403,2903,2911
2404,2903,2911
2405,2902,2911
2406,2902,2912
2407,2902,2912
2408,2902,2912
2409,2902,2912
2410,2901,2912
2411,2901,2912
2412,2901,2913
2101,2794,2821
3183,2494,2511
2413,2901,2913
2102,2795,2822
3184,2482,2514
2414,2901,2913
2103,2796,2823
3185,2471,2514
2415,2901,2913
2104,2797,2824
3186,2461,2514
2416,2900,2913
2105,2797,2825
3187,2451,2513
2417,2900,2913
2106,2798,2825
3188,2441,2512
2418,2900,2913
2107,2799,2826
3189,2430,2510
2419,2900,2913
2108,2800,2827
3190,2417,2508
2420,2900,2913
2109,2801,2828
3191,2404,2506
1913,2222,2474
2454,2905,2906
1940,2135,2188
1940,2541,2566
1912,2227,2469
2453,2904,2908
1939,2138,2192
1939,2537,2564
1911,2232,2464
2452,2903,2908
1938,2140,2196
1938,2533,2561
2423,2900,2913
2112,2804,2831
3194,2327,2500
2424,2900,2913
2113,2804,2831
3195,2293,2497
1917,2206,2361
1917,2373,2491
2431,2899,2913
2120,2810,2837
3202,2286,2474
2425,2900,2913
2114,2805,2832
3196,2285,2494
1918,2202,2329
1918,2405,2496
2432,2899,2913
2121,2811,2838
3203,2288,2470
2426,2900,2913
2115,2806,2833
3197,2281,2491
1919,2198,2314
1919,2420,2499
2433,2899,2913
2122,2812,2839
3204,2292,2466
2427,2900,2913
2116,2807,2834
3198,2280,2488
1920,2194,2302
1920,2432,2503
2123,2813,2840
3205,2295,2461
2434,2900,2913
2428,2899,2913
2117,2808,2835
3199,2281,2485
1921,2191,2292
1921,2441,2507
2435,2900,2913
2124,2814,2840
3206,2299,2457
2429,2899,2913
2118,2809,2836
3200,2282,2482
1973,2073,2084
1973,2628,2644
1974,2072,2081
1974,2630,2646
1975,2072,2077
1975,2632,2648
1922,2187,2284
1922,2450,2511
2436,2900,2913
2125,2814,2841
3207,2304,2451
2110,2802,2829
3192,2387,2504
2421,2900,2913
2430,2899,2913
2119,2810,2836
3201,2283,2478
1916,2210,2487
1976,2634,2650
1923,2184,2276
1923,2458,2514
2437,2900,2913
2126,2815,2842
3208,2309,2446
2111,2803,2830
3193,2365,2502
2422,2900,2913
1977,2636,2652
1924,2180,2268
1924,2465,2518
2438,2900,2912
2127,2816,2843
3209,2315,2439
1978,2637,2654
1925,2177,2262
1925,2471,2521
2128,2817,2843
3210,2321,2432
2439,2900,2912
1980,2641,2658
1927,2171,2249
1927,2483,2528
1900,2323,2372
2441,2900,2912
2130,2818,2845
3212,2338,2414
1981,2643,2660
1928,2168,2243
1928,2489,2531
1901,2305,2390
2442,2900,2912
2131,2819,2846
3213,2351,2401
1982,2645,2661
1929,2165,2238
1929,2494,2534
1902,2293,2402
2443,2900,2912
1983,2647,2663
1930,2162,2233
1930,2499,2537
1903,2283,2412
2444,2901,2911
1932,2156,2223
1932,2508,2543
1905,2267,2428
2446,2901,2911
2440,2900,2912
2129,2818,2844
3211,2329,2424
1926,2174,2255
1926,2477,2525
1933,2153,2218
1933,2513,2546
1906,2260,2435
2447,2901,2911
1934,2151,2213
1934,2517,2549
1907,2254,2442
2448,2901,2910
1935,2148,2209
1935,2521,2552
1908,2248,2448
2449,2902,2910
1941,2133,2184
1941,2544,2569
1936,2145,2204
1936,2526,2555
1909,2242,2454
2450,2902,2909
1942,2130,2181
1942,2548,2572
1937,2143,2200
1937,2529,2558
1910,2237,2459
2451,2903,2909
1904,2275,2421
2445,2901,2911
1931,2159,2228
1931,2504,2540
1979,2639,2656
1943,2128,2177
1943,2551,2574
1944,2126,2173
1944,2554,2577
1945,2123,2170
1945,2558,2579
2487,3241,3242
1946,2121,2166
1946,2561,2582
2488,3240,3244
1947,2119,2163
1947,2564,2584
2489,3239,3244
1948,2117,2159
1948,2567,2587
2490,3239,3245
1949,2115,2156
1949,2570,2589
2491,3239,3245
1950,2113,2153
1950,2573,2592
2492,3239,3245
1951,2110,2149
1951,2575,2594
2493,3239,3245
1952,2108,2146
1952,2578,2597
2494,3239,3245
1953,2106,2143
1953,2581,2599
2495,3240,3245
1954,2104,2140
1954,2584,2602
2496,3240,3245
1955,2102,2137
1955,2586,2604
2497,3241,3244
1956,2100,2134
1956,2589,2606
1957,2099,2131
1957,2592,2609
1958,2097,2128
1958,2594,2611
1959,2095,2125
1959,2597,2613
1960,2093,2122
1960,2599,2615
1961,2091,2119
1961,2601,2618
1962,2089,2116
1962,2604,2620
1963,2088,2113
1963,2606,2622
1964,2086,2110
1964,2608,2624
1965,2084,2107
1965,2611,2627
1966,2083,2104
1966,2613,2629
1967,2081,2101
1967,2615,2631
1968,2080,2098
1968,2617,2633
1969,2078,2096
1969,2619,2635
1970,2077,2093
1970,2621,2637
1971,2076,2090
1971,2624,2639
1972,2074,2087
1972,2626,2641
1984,2649,2665
1985,2650,2667
1986,2652,2669
1987,2654,2671
1988,2656,2673
1989,2657,2675
1990,2659,2677
1991,2661,2678
1992,2662,2680
1993,2664,2682
1994,2666,2684
1995,2667,2686
1996,2669,2687
1997,2671,2689
1998,2672,2691
1999,2674,2692
2000,2675,2694
2001,2677,2696
2002,2678,2698
2003,2680,2699
2004,2681,2701
2005,2683,2703
2006,2684,2704
2007,2686,2706
2008,2687,2707
2009,2689,2709
2010,2690,2711
2011,2692,2712
2012,2693,2714
2013,2695,2715
2014,2696,2717
2015,2698,2718
2016,2699,2720
2017,2700,2722
2018,2702,2723
2019,2703,2725
2020,2704,2726
2021,2706,2728
2022,2707,2729
2023,2709,2730
2024,2710,2732
2025,2711,2733
2026,2713,2735
2027,2714,2736
2028,2715,2738
2029,2716,2739
2030,2718,2740
2031,2719,2742
2032,2720,2743
2033,2722,2745
2034,2723,2746
2035,2724,2747
2036,2725,2749
2037,2727,2750
2038,2728,2751
2039,2729,2753
2040,2730,2754
2041,2731,2755
2042,2733,2757
2043,2734,2758
2044,2735,2759
2045,2736,2761
2046,2737,2762
2047,2739,2763
2048,2740,2764
2049,2741,2766
2050,2742,2767
2051,2743,2768
2052,2744,2769
2053,2745,2770
2054,2747,2772
2055,2748,2773
2056,2749,2774
2057,2750,2775
2058,2751,2776
2059,2752,2778
2060,2753,2779
2061,2754,2780
2062,2755,2781
2063,2756,2782
2064,2758,2783
2065,2759,2785
2066,2760,2786
2067,2761,2787
2068,2762,2788
2069,2763,2789
2070,2764,2790
2071,2765,2791
