2538,2892,2894
2539,2891,2895
2540,2890,2896
2541,2890,2896
2542,2889,2897
2543,2889,2897
2544,2889,2897
2545,2888,2898
2546,2888,2898
2547,2888,2898
2548,2888,2898
2549,2887,2899
2550,2887,2899
2551,2887,2899
2552,2887,2899
2553,2887,2899
2554,2887,2899
2555,2887,2899
2556,2887,2899
2557,2887,2899
2579,2892,2895
2578,2891,2896
2577,2890,2896
2576,2890,2897
2575,2890,2897
2574,2889,2897
2573,2889,2898
2572,2889,2898
2571,2888,2898
2570,2888,2898
2569,2888,2899
2568,2888,2899
2567,2888,2899
2566,2887,2899
2565,2887,2899
2564,2887,2899
2563,2887,2899
2562,2887,2899
2561,2887,2899
2560,2887,2899
2559,2887,2899
2558,2887,2899
1845,2257,2288
1846,2245,2294
1847,2235,2296
1848,2227,2296
1849,2220,2295
1850,2214,2293
1851,2208,2289
1852,2203,2285
1853,2197,2281
1854,2193,2277
1855,2188,2272
1856,2183,2267
1857,2179,2262
1858,2175,2257
1859,2171,2253
1860,2167,2248
1861,2163,2243
1862,2160,2239
1863,2156,2234
1864,2152,2230
1865,2149,2225
1866,2146,2221
1867,2142,2217
1868,2139,2212
1869,2136,2208
1870,2133,2204
1871,2130,2201
1872,2127,2197
1873,2124,2193
1874,2121,2189
1875,2119,2186
1876,2116,2182
1877,2113,2179
1878,2110,2175
1879,2108,2172
1880,2105,2168
1881,2103,2165
1882,2100,2162
1883,2098,2159
1884,2095,2156
1885,2093,2153
1886,2090,2149
1887,2088,2146
1888,2086,2144
1889,2083,2141
1890,2081,2138
1891,2079,2135
2023,1899,1899
2022,1899,1901
2021,1900,1903
2020,1900,1905
2019,1901,1906
1950,1977,2008
1949,1978,2009
1948,1979,2011
1947,1981,2013
1946,1982,2014
1945,1984,2016
1944,1985,2018
1943,1986,2020
1942,1988,2022
1941,1989,2023
1940,1991,2025
1939,1992,2027
1938,1994,2029
1937,1995,2031
1936,1997,2033
1935,1998,2034
1934,2000,2036
1933,2001,2038
1932,2003,2040
1931,2005,2042
1930,2006,2044
1929,2008,2046
1928,2009,2048
1927,2011,2050
1926,2013,2052
1925,2014,2054
1924,2016,2056
1923,2018,2058
1922,2019,2060
1921,2021,2062
1904,2052,2101
1903,2054,2103
1902,2056,2106
1901,2058,2108
1900,2060,2111
1899,2062,2113
1898,2064,2116
1897,2066,2118
1896,2068,2121
1895,2070,2124
1894,2072,2127
1893,2075,2129
1892,2077,2132
1905,2050,2098
1906,2048,2096
1907,2046,2093
1908,2044,2091
1909,2042,2089
1910,2040,2086
1911,2039,2084
1912,2037,2082
1913,2035,2080
1914,2033,2077
1915,2031,2075
1916,2030,2073
1917,2028,2071
1918,2026,2069
1919,2024,2067
1920,2023,2064
1951,1975,2006
1952,1974,2004
1953,1973,2002
1954,1971,2001
1955,1970,1999
1956,1968,1997
1957,1967,1996
1958,1966,1994
1959,1965,1993
1960,1963,1991
1961,1962,1989
1962,1961,1988
1963,1959,1986
1964,1958,1985
1965,1957,1983
1966,1956,1981
1967,1954,1980
1968,1953,1978
1969,1952,1977
1970,1951,1975
1971,1949,1974
1972,1948,1972
1973,1947,1971
1974,1946,1969
1975,1945,1968
1976,1944,1966
1977,1942,1965
1978,1941,1963
1979,1940,1962
1980,1939,1960
1981,1938,1959
1982,1937,1957
1983,1936,1956
1984,1934,1954
1985,1933,1953
1986,1932,1952
1987,1931,1950
1988,1930,1949
1989,1929,1947
1990,1928,1946
1991,1927,1944
1992,1926,1943
1993,1925,1942
1994,1924,1940
1995,1923,1939
1996,1922,1938
1997,1921,1936
1998,1920,1935
1999,1919,1933
2000,1918,1932
2001,1917,1931
2002,1916,1929
2003,1915,1928
2004,1914,1927
2005,1913,1925
2006,1912,1924
2521,3238,3240
2007,1911,1923
2522,3237,3241
2008,1910,1921
2523,3237,3241
2009,1909,1920
2524,3236,3242
2010,1908,1918
2525,3236,3242
2011,1907,1917
2526,3236,3242
2012,1906,1916
2527,3236,3242
2013,1905,1914
2528,3236,3241
2014,1905,1913
2529,3237,3241
2015,1904,1912
2530,3238,3240
2016,1903,1910
2017,1902,1909
2018,1901,1907
