1872,2334,2364
1873,2311,2387
1874,2297,2401
1875,2286,2412
1876,2277,2421
1877,2268,2429
1878,2261,2437
1879,2254,2444
1880,2248,2450
1881,2242,2456
1882,2236,2461
1883,2231,2467
1884,2225,2472
1885,2220,2477
1886,2216,2481
1887,2211,2486
1888,2207,2490
1889,2202,2494
1890,2198,2498
1891,2194,2328
1891,2376,2502
1892,2190,2308
1892,2395,2506
1893,2186,2295
1893,2408,2510
1894,2183,2285
1894,2419,2514
1895,2179,2276
1895,2428,2517
1896,2175,2268
1896,2436,2521
1897,2172,2261
1897,2443,2524
1898,2168,2254
1898,2450,2527
1899,2165,2248
1899,2456,2531
1900,2162,2242
1900,2462,2534
1901,2158,2236
1901,2468,2537
1902,2155,2231
1902,2473,2540
1903,2152,2226
1903,2479,2543
1904,2149,2221
1904,2484,2546
1905,2146,2216
1905,2488,2549
1906,2143,2211
1906,2493,2551
1907,2140,2207
1907,2498,2554
1908,2137,2203
1908,2502,2557
1909,2134,2199
1909,2506,2560
1910,2132,2195
1910,2510,2562
1911,2129,2191
1911,2514,2565
1912,2126,2187
1912,2518,2568
1913,2123,2183
1913,2522,2570
1914,2121,2179
1914,2526,2573
1915,2118,2176
1915,2529,2575
1916,2116,2172
1916,2533,2577
1917,2113,2169
1917,2536,2580
1918,2111,2166
1918,2540,2582
1919,2108,2162
1919,2543,2584
1920,2106,2159
1920,2547,2587
2471,2898,2901
2472,2897,2902
2473,2897,2902
2474,2896,2903
2475,2896,2903
2476,2895,2904
2477,2895,2904
2478,2895,2904
2479,2894,2904
2480,2894,2905
2481,2894,2905
2482,2894,2905
2483,2894,2905
2484,2894,2905
2485,2893,2905
2486,2893,2905
2487,2893,2905
2488,2893,2905
2489,2893,2905
1921,2103,2156
1921,2550,2589
3030,1946,1947
2490,2893,2905
1922,2101,2153
1922,2553,2591
3031,1946,1949
2502,2894,2904
1934,2074,2119
1934,2588,2615
3043,1959,1967
2501,2894,2904
1933,2076,2122
1933,2586,2614
3042,1957,1966
2500,2894,2904
1932,2078,2124
1932,2583,2612
3041,1956,1964
2499,2894,2905
1931,2080,2127
1931,2580,2610
3040,1955,1963
2498,2894,2905
1930,2083,2130
1930,2577,2608
3039,1954,1961
2497,2893,2905
1929,2085,2133
1929,2574,2606
3038,1953,1960
2496,2893,2905
1928,2087,2135
1928,2571,2604
3037,1952,1958
2495,2893,2905
1927,2089,2138
1927,2568,2602
3036,1951,1957
2494,2893,2905
1926,2092,2141
1926,2565,2600
3035,1950,1955
2493,2893,2905
1925,2094,2144
1925,2562,2598
3034,1949,1954
2492,2893,2905
1924,2096,2147
1924,2559,2596
3033,1948,1952
2491,2893,2905
1923,2098,2150
1923,2556,2593
3032,1947,1950
2503,3242,3243
2503,2895,2904
1935,2072,2117
1935,2591,2617
3044,1960,1969
2504,3241,3245
2504,2895,2903
1936,2070,2114
1936,2594,2619
3045,1961,1970
2505,3240,3245
2505,2895,2903
1937,2068,2112
1937,2597,2621
3046,1962,1972
2506,3240,3245
2506,2896,2903
1938,2066,2109
1938,2599,2623
3047,1963,1973
2507,3240,3246
2507,2896,2902
1939,2064,2107
1939,2602,2624
3048,1964,1975
2508,3240,3246
2508,2897,2902
1940,2062,2104
1940,2605,2626
3049,1966,1977
2513,3242,3244
1945,2052,2093
1945,2618,2634
3054,1972,1984
2512,3241,3245
1944,2054,2095
1944,2615,2633
3053,1970,1983
2511,3240,3245
1943,2056,2097
1943,2613,2631
3052,1969,1981
2510,3240,3246
1942,2058,2100
1942,2610,2629
3051,1968,1980
2509,3240,3246
2509,2898,2901
1941,2060,2102
1941,2607,2628
3050,1967,1978
1946,2050,2090
1946,2620,2636
3055,1973,1986
1947,2048,2088
1947,2623,2637
3056,1974,1988
2043,1913,1936
3152,2152,2230
2044,1912,1935
3153,2155,2236
2045,1911,1933
3154,2158,2241
2072,1884,1904
3181,2286,2397
2099,1859,1877
2071,1885,1905
3180,2277,2406
2098,1860,1878
2070,1885,1906
3179,2269,2414
2097,1861,1879
2069,1886,1907
3178,2261,2421
2096,1862,1880
2068,1887,1908
3177,2255,2427
2095,1863,1881
2067,1888,1909
3176,2248,2433
2094,1864,1882
2066,1889,1910
3175,2242,2438
2093,1865,1883
2065,1890,1911
3174,2237,2443
2092,1865,1884
2064,1891,1912
3173,2232,2447
2091,1866,1885
2063,1892,1913
3172,2226,2452
2090,1867,1886
2062,1893,1914
3171,2222,2456
2089,1868,1887
2061,1894,1915
3170,2217,2460
2088,1869,1888
2060,1895,1916
3169,2212,2463
2087,1870,1889
2100,1859,1876
2101,1858,1875
2059,1896,1918
3168,2208,2467
2086,1871,1890
2058,1897,1919
3167,2204,2470
2085,1872,1891
2057,1898,1920
3166,2200,2473
2084,1872,1891
2056,1899,1921
3165,2196,2475
2083,1873,1892
2055,1900,1922
3164,2192,2343
3164,2386,2478
2082,1874,1893
2054,1901,1923
3163,2188,2320
3163,2411,2480
2081,1875,1894
2053,1902,1924
3162,2185,2305
3162,2428,2482
2080,1876,1895
2052,1903,1925
3161,2181,2294
3161,2442,2483
2079,1877,1896
2051,1904,1926
3160,2178,2284
3160,2455,2483
2078,1878,1897
2050,1905,1928
3159,2174,2275
3159,2469,2481
2077,1879,1898
2049,1906,1929
3158,2171,2268
2076,1880,1900
2048,1908,1930
3157,2168,2260
2075,1881,1901
2047,1909,1931
3156,2164,2254
3183,2313,2372
2074,1882,1902
2046,1910,1932
3155,2161,2247
3182,2297,2387
2073,1883,1903
3151,2149,2225
2042,1914,1937
3150,2146,2220
2041,1915,1938
3149,2144,2215
2040,1916,1939
3148,2141,2211
2039,1917,1941
3147,2138,2206
2038,1918,1942
3146,2135,2202
2037,1919,1943
3145,2133,2197
2036,1921,1944
3144,2130,2193
2035,1922,1945
3143,2127,2189
2034,1923,1947
3142,2125,2185
2033,1924,1948
3141,2122,2182
2032,1925,1949
3140,2120,2178
2031,1926,1950
3139,2117,2174
2030,1927,1952
3138,2115,2171
2029,1928,1953
3137,2112,2167
2028,1930,1954
3136,2110,2164
2027,1931,1955
3135,2108,2160
2026,1932,1957
3134,2105,2157
2025,1933,1958
3133,2103,2154
2024,1934,1959
3132,2101,2151
2023,1936,1961
3131,2099,2147
2022,1937,1962
3130,2096,2144
2021,1938,1963
3129,2094,2141
2020,1939,1965
3128,2092,2138
2019,1940,1966
3127,2090,2135
2018,1942,1967
3126,2088,2132
2017,1943,1969
3125,2086,2130
2016,1944,1970
3124,2083,2127
2015,1945,1971
3123,2081,2124
2014,1946,1973
3122,2079,2121
2013,1948,1974
3121,2077,2119
2012,1949,1976
3120,2075,2116
2011,1950,1977
3119,2073,2113
2010,1951,1978
3118,2071,2111
2009,1953,1980
3117,2069,2108
2008,1954,1981
3116,2067,2105
2007,1955,1983
3115,2065,2103
2006,1957,1984
3114,2064,2100
2005,1958,1985
3113,2062,2098
2004,1959,1987
3112,2060,2096
2003,1960,1988
3111,2058,2093
2002,1962,1990
1974,2002,2035
3083,2011,2034
3110,2056,2091
2001,1963,1991
1973,2003,2037
3082,2010,2032
3109,2054,2088
2000,1964,1993
1972,2005,2038
3081,2008,2030
3108,2052,2086
1999,1966,1994
1971,2007,2040
3080,2007,2029
3107,2051,2084
1998,1967,1996
1970,2008,2042
3079,2005,2027
3106,2049,2081
1997,1969,1997
1969,2010,2044
3078,2004,2025
3105,2047,2079
1996,1970,1999
1968,2011,2046
3077,2002,2023
3104,2045,2077
1995,1971,2000
1967,2013,2048
3076,2001,2021
3103,2044,2075
1994,1973,2002
1966,2015,2049
3075,2000,2019
3102,2042,2073
1993,1974,2003
1965,2016,2051
3074,1998,2018
3101,2040,2070
1992,1975,2005
1964,2018,2053
3073,1997,2016
3100,2038,2068
1991,1977,2007
1963,2020,2055
3072,1995,2014
3099,2037,2066
1990,1978,2008
1962,2021,2057
3071,1994,2012
3098,2035,2064
1989,1980,2010
1961,2023,2059
3070,1993,2011
3097,2033,2062
1988,1981,2011
1960,2025,2061
3069,1991,2009
3096,2032,2060
1987,1982,2013
1959,2026,2063
3068,1990,2007
3095,2030,2058
1986,1984,2015
1958,2028,2065
3067,1988,2006
3094,2028,2056
1985,1985,2016
1957,2030,2067
3066,1987,2004
3093,2027,2054
1984,1987,2018
1956,2032,2069
3065,1986,2002
3092,2025,2052
1983,1988,2019
1955,2033,2071
3064,1984,2001
3091,2024,2050
1982,1990,2021
1954,2035,2073
3063,1983,1999
3090,2022,2048
1981,1991,2023
1953,2037,2075
1953,2640,2643
3062,1982,1997
3089,2020,2046
1980,1993,2025
1952,2039,2077
1952,2637,2643
3061,1980,1996
3088,2019,2044
1979,1994,2026
1951,2041,2079
1951,2634,2642
3060,1979,1994
3087,2017,2042
1978,1996,2028
1950,2042,2082
1950,2631,2641
3059,1978,1992
3086,2016,2040
1977,1997,2030
1949,2044,2084
1949,2628,2640
3058,1977,1991
3085,2014,2038
1976,1999,2031
1948,2046,2086
1948,2626,2638
3057,1975,1989
3084,2013,2036
1975,2000,2033
2102,1857,1874
2103,1856,1874
2104,1855,1873
2105,1854,1872
2106,1854,1871
2107,1853,1870
2108,1852,1869
2109,1851,1868
2110,1850,1867
2111,1850,1866
2112,1849,1865
2113,1848,1865
2114,1847,1864
2115,1846,1863
2116,1846,1862
2117,1845,1861
2118,1844,1860
2119,1843,1859
2120,1842,1859
2121,1842,1858
2122,1841,1857
2123,1840,1856
2124,1839,1855
2125,1839,1854
2126,1838,1854
2127,1837,1853
2128,1836,1852
2129,1836,1851
2130,1835,1850
2131,1834,1849
2132,1833,1849
2133,1833,1848
2134,1832,1847
2135,1831,1846
2136,1830,1845
2137,1830,1845
2138,1829,1844
2139,1828,1843
2140,1828,1842
2141,1827,1841
2142,1826,1841
2143,1826,1840
2144,1825,1839
2145,1824,1838
2146,1823,1838
2147,1823,1837
2148,1822,1836
2149,1821,1835
2150,1821,1835
2151,1820,1834
2152,1819,1833
2153,1819,1832
2154,1818,1832
2155,1817,1831
2156,1817,1830
2157,1816,1829
2158,1815,1829
2159,1815,1828
2160,1814,1827
2161,1813,1826
2162,1813,1826
2163,1812,1825
2164,1811,1824
2165,1811,1824
2166,1810,1823
2167,1809,1822
2168,1809,1821
2169,1808,1821
2170,1808,1820
2171,1807,1819
2172,1806,1819
2173,1806,1818
2174,1805,1817
2175,1804,1817
2176,1804,1816
2177,1803,1815
2178,1803,1814
2179,1802,1814
2180,1801,1813
2181,1801,1812
2182,1800,1812
2183,1800,1811
2184,1799,1810
2185,1799,1810
2186,1798,1809
2187,1797,1808
2188,1797,1808
2189,1796,1807
2190,1796,1807
2191,1795,1806
2192,1794,1805
2193,1794,1805
2194,1793,1804
2195,1793,1803
2196,1792,1803
2197,1792,1802
2198,1791,1801
2199,1791,1801
2200,1790,1800
2201,1789,1800
2202,1789,1799
2203,1788,1798
2204,1788,1798
2205,1787,1797
2206,1787,1796
2207,1786,1796
2208,1786,1795
2209,1785,1795
2210,1785,1794
2211,1784,1793
2212,1784,1793
2213,1783,1792
2214,1783,1792
2215,1782,1791
2216,1782,1790
2217,1781,1790
2218,1781,1789
2219,1780,1789
2220,1780,1788
2221,1779,1787
2222,1779,1787
2223,1778,1786
2224,1778,1786
2225,1777,1785
2226,1777,1785
2227,1776,1784
2228,1776,1783
2229,1775,1783
2230,1775,1782
2231,1774,1782
2232,1774,1781
2233,1773,1781
2234,1773,1780
2235,1772,1780
2236,1772,1779
2237,1771,1778
2238,1771,1778
2239,1770,1777
2240,1770,1777
2241,1770,1776
2242,1769,1776
2243,1769,1775
2244,1768,1775
2245,1768,1774
2246,1767,1774
2247,1767,1773
2248,1767,1773
2249,1766,1772
2250,1766,1772
2251,1765,1771
2252,1765,1770
2253,1764,1770
2254,1764,1769
2255,1764,1769
2256,1763,1768
2257,1763,1768
2258,1762,1767
2259,1762,1767
2260,1762,1766
2261,1761,1766
2262,1761,1765
2263,1760,1765
2264,1760,1764
2265,1760,1764
2266,1759,1763
2267,1759,1763
2268,1759,1762
2269,1758,1762
2270,1758,1761
2271,1757,1761
2272,1757,1760
2273,1757,1760
2274,1756,1759
2275,1756,1759
2276,1756,1758
2277,1755,1758
2278,1755,1757
2279,1755,1757
2280,1754,1756
2281,1754,1756
2282,1754,1755
2283,1754,1754
2284,1754,1754
