1857,2295,2345
1858,2279,2359
1859,2268,2368
1860,2259,2375
1861,2250,2380
1862,2243,2384
1863,2236,2387
1864,2230,2388
1865,2224,2386
1866,2219,2378
1867,2214,2363
1868,2208,2344
1869,2204,2329
1870,2199,2316
1871,2195,2305
1872,2190,2295
1873,2186,2287
1874,2182,2279
1875,2178,2271
1876,2174,2265
1877,2171,2258
1878,2167,2252
1879,2163,2246
1880,2160,2241
1881,2156,2236
1882,2153,2231
1883,2150,2226
1884,2147,2221
1885,2143,2216
1886,2140,2212
1887,2137,2208
1888,2134,2203
1889,2131,2199
1890,2129,2195
1891,2126,2192
1892,2123,2188
1893,2120,2184
1894,2117,2181
1895,2115,2177
1896,2112,2174
1897,2109,2170
1898,2107,2167
1899,2104,2164
1900,2102,2160
1901,2099,2157
1902,2097,2154
1903,2094,2151
1904,2092,2148
1905,2090,2145
1906,2087,2142
1907,2085,2139
1908,2083,2136
1909,2080,2134
1910,2078,2131
1911,2076,2128
1912,2074,2126
1913,2072,2123
1914,2070,2120
1915,2067,2118
1916,2065,2115
1917,2063,2113
1918,2061,2110
1919,2059,2108
1920,2057,2105
1921,2055,2103
1922,2053,2101
1923,2051,2098
1924,2049,2096
1925,2047,2094
1926,2045,2091
1927,2043,2089
1928,2041,2087
1929,2039,2085
1930,2038,2082
1931,2036,2080
1932,2034,2078
1933,2032,2076
1934,2030,2074
1935,2028,2072
1936,2027,2070
1937,2025,2068
1938,2023,2066
1939,2021,2064
1940,2020,2062
1941,2018,2060
1942,2016,2058
3160,2310,2349
3159,2291,2368
3158,2278,2379
3157,2268,2388
3156,2259,2396
3155,2251,2402
3154,2244,2407
3153,2238,2412
3152,2232,2415
3151,2226,2416
3150,2220,2347
3149,2215,2323
3148,2210,2309
3147,2205,2297
3146,2201,2287
3145,2196,2278
3144,2192,2271
3143,2188,2263
3142,2184,2257
3141,2180,2250
3140,2176,2244
3139,2172,2239
3138,2169,2233
3137,2165,2228
3136,2162,2223
3135,2158,2219
3134,2155,2214
3133,2151,2210
3132,2148,2205
3131,2145,2201
3130,2142,2197
3129,2139,2193
3128,2136,2189
3127,2133,2185
3126,2130,2182
3125,2127,2178
3124,2124,2175
3123,2122,2171
3122,2119,2168
3121,2116,2164
3120,2113,2161
3119,2111,2158
3118,2108,2155
3117,2106,2152
3116,2103,2149
3115,2101,2146
3114,2098,2143
3113,2096,2140
3112,2093,2137
3111,2091,2134
3110,2089,2131
3109,2086,2129
3108,2084,2126
3107,2082,2123
3106,2079,2121
3105,2077,2118
3104,2075,2116
3103,2073,2113
3102,2071,2111
3101,2068,2108
3100,2066,2106
3099,2064,2103
3098,2062,2101
3097,2060,2098
3096,2058,2096
3095,2056,2094
3094,2054,2092
3093,2052,2089
3092,2050,2087
3091,2048,2085
3090,2046,2083
3089,2044,2080
3088,2042,2078
3087,2040,2076
3086,2038,2074
3085,2037,2072
3084,2035,2070
3083,2033,2068
3082,2031,2066
3081,2029,2064
3080,2027,2062
3079,2026,2060
3078,2024,2058
3077,2022,2056
3076,2020,2054
3075,2019,2052
3074,2017,2050
3073,2015,2048
3072,2014,2046
3071,2012,2045
3070,2010,2043
3069,2009,2041
3068,2007,2039
3067,2005,2037
3066,2004,2036
3065,2002,2034
3064,2000,2032
3063,1999,2030
3062,1997,2028
3061,1996,2027
3060,1994,2025
3059,1992,2023
3058,1991,2022
3057,1989,2020
3056,1988,2018
3055,1986,2017
3054,1985,2015
3053,1983,2013
3052,1982,2012
2444,1697,1712
2443,1697,1712
2442,1697,1712
2441,1697,1712
2440,1697,1712
2439,1697,1713
2438,1697,1713
2437,1697,1713
2436,1697,1713
2435,1698,1713
2434,1698,1713
2433,1698,1713
2432,1698,1713
2431,1698,1714
2430,1698,1714
2429,1698,1714
2428,1698,1714
2427,1698,1714
2426,1699,1714
2425,1699,1714
2424,1699,1714
2423,1699,1715
2422,1699,1715
2421,1699,1715
2420,1699,1715
2419,1700,1715
2418,1700,1715
2417,1700,1715
2416,1700,1716
2415,1700,1716
2414,1700,1716
2413,1700,1716
2412,1701,1716
2411,1701,1716
2410,1701,1716
2409,1701,1717
2408,1701,1717
2407,1701,1717
2406,1701,1717
2405,1702,1717
2404,1702,1717
2403,1702,1718
2402,1702,1718
2401,1702,1718
2400,1702,1718
2399,1703,1718
2398,1703,1718
2397,1703,1719
2396,1703,1719
2395,1703,1719
2394,1703,1719
2393,1704,1719
2392,1704,1720
2391,1704,1720
2390,1704,1720
2389,1704,1720
2388,1705,1720
2387,1705,1721
2386,1705,1721
2385,1705,1721
2384,1705,1721
2383,1705,1721
2382,1706,1722
2381,1706,1722
2380,1706,1722
2379,1706,1722
2378,1706,1722
2377,1707,1723
2376,1707,1723
2375,1707,1723
2374,1707,1723
2373,1708,1723
2372,1708,1724
2371,1708,1724
2370,1708,1724
2369,1708,1724
2368,1709,1725
2367,1709,1725
2366,1709,1725
2365,1709,1725
2364,1709,1726
2363,1710,1726
2362,1710,1726
2361,1710,1726
2360,1710,1726
2359,1711,1727
2358,1711,1727
2357,1711,1727
2356,1711,1727
2355,1712,1728
2354,1712,1728
2353,1712,1728
2352,1712,1728
2351,1713,1729
2350,1713,1729
2349,1713,1729
2348,1713,1729
2347,1714,1730
2346,1714,1730
2345,1714,1730
2344,1714,1731
2343,1715,1731
2342,1715,1731
2341,1715,1731
2340,1715,1732
2339,1716,1732
2338,1716,1732
2337,1716,1732
2336,1716,1733
2335,1717,1733
2334,1717,1733
2333,1717,1734
2332,1717,1734
2331,1718,1734
2330,1718,1735
2329,1718,1735
2328,1719,1735
2327,1719,1735
2326,1719,1736
2325,1719,1736
2324,1720,1736
2323,1720,1737
2322,1720,1737
2321,1721,1737
2320,1721,1738
2319,1721,1738
2318,1722,1738
2317,1722,1738
2316,1722,1739
2315,1722,1739
2314,1723,1739
2313,1723,1740
2312,1723,1740
2311,1724,1740
2310,1724,1741
2309,1724,1741
2308,1725,1741
2307,1725,1742
2306,1725,1742
2305,1726,1742
2304,1726,1743
2303,1726,1743
2302,1727,1743
2301,1727,1744
2300,1727,1744
2299,1728,1745
2298,1728,1745
2297,1728,1745
2296,1729,1746
2295,1729,1746
2294,1729,1746
2293,1730,1747
2292,1730,1747
2291,1730,1747
2290,1731,1748
2289,1731,1748
2288,1731,1749
2287,1732,1749
2286,1732,1749
2285,1732,1750
2284,1733,1750
2283,1733,1750
2282,1734,1751
2281,1734,1751
2280,1734,1752
2279,1735,1752
2278,1735,1752
2277,1735,1753
2276,1736,1753
2275,1736,1754
2274,1737,1754
2273,1737,1754
2272,1737,1755
2271,1738,1755
2270,1738,1756
2269,1738,1756
2268,1739,1756
2267,1739,1757
2266,1740,1757
2265,1740,1758
2264,1740,1758
2263,1741,1758
2262,1741,1759
2261,1742,1759
2260,1742,1760
2259,1742,1760
2258,1743,1761
2257,1743,1761
2256,1744,1761
2255,1744,1762
2254,1744,1762
2253,1745,1763
2252,1745,1763
2251,1746,1764
2250,1746,1764
2249,1747,1765
2248,1747,1765
2247,1747,1765
2246,1748,1766
2245,1748,1766
2244,1749,1767
2243,1749,1767
2242,1750,1768
2241,1750,1768
2240,1751,1769
2239,1751,1769
2238,1751,1770
2237,1752,1770
2236,1752,1771
2235,1753,1771
2234,1753,1772
2233,1754,1772
2232,1754,1772
2231,1755,1773
2230,1755,1773
2229,1756,1774
2228,1756,1774
2227,1756,1775
2226,1757,1775
2225,1757,1776
2224,1758,1776
2223,1758,1777
2222,1759,1777
2221,1759,1778
2220,1760,1778
2219,1760,1779
2218,1761,1780
2217,1761,1780
2216,1762,1781
2215,1762,1781
2214,1763,1782
2213,1763,1782
2212,1764,1783
2211,1764,1783
2210,1765,1784
2209,1765,1784
2208,1766,1785
2207,1766,1785
2206,1767,1786
2205,1767,1786
2204,1768,1787
2203,1768,1788
2202,1769,1788
2201,1769,1789
2200,1770,1789
2199,1771,1790
2198,1771,1790
2197,1772,1791
2196,1772,1791
2195,1773,1792
2194,1773,1793
2193,1774,1793
2192,1774,1794
2191,1775,1794
2190,1775,1795
2189,1776,1795
2188,1776,1796
2187,1777,1797
2186,1778,1797
2185,1778,1798
2184,1779,1798
2183,1779,1799
2182,1780,1800
2181,1780,1800
2180,1781,1801
2179,1782,1801
2178,1782,1802
2177,1783,1803
2176,1783,1803
2175,1784,1804
2174,1784,1805
2173,1785,1805
2172,1786,1806
2171,1786,1806
2170,1787,1807
2169,1787,1808
2168,1788,1808
2167,1789,1809
2166,1789,1810
2165,1790,1810
2164,1790,1811
2163,1791,1812
2162,1792,1812
2161,1792,1813
2512,2892,2900
2512,1693,1709
1971,1971,2007
2511,2892,2899
2511,1693,1709
1970,1973,2008
2510,2893,2899
2510,1693,1709
1969,1974,2010
2509,2893,2898
2509,1693,1709
1968,1975,2011
2508,2894,2898
2508,1693,1709
1967,1977,2013
2507,2895,2896
2507,1693,1709
1966,1978,2015
1965,1980,2016
1964,1981,2018
1963,1983,2020
2009,1922,1953
1982,1956,1990
2523,2890,2902
2523,1694,1709
1976,1964,1999
2517,2890,2901
2517,3238,3244
2517,1693,1709
2010,1921,1951
1983,1955,1988
2524,2890,2902
2524,1694,1709
1977,1963,1997
2518,2890,2901
2518,3238,3244
2518,1693,1709
2011,1920,1950
1984,1953,1987
2525,2890,2902
2525,1694,1709
1978,1961,1996
2519,2890,2901
2519,3238,3244
2519,1693,1709
2005,1927,1958
2012,1919,1949
1985,1952,1985
2526,2890,2902
2526,1694,1709
1979,1960,1994
2520,2890,2902
2520,3239,3244
2520,1694,1709
2006,1926,1957
2013,1918,1948
1986,1951,1984
2527,2890,2902
2527,1694,1709
1980,1959,1993
2521,2890,2902
2521,3239,3243
2521,1694,1709
2007,1925,1955
2014,1917,1946
1987,1949,1983
2528,2890,2902
2528,1694,1709
1981,1957,1991
2522,2890,2902
2522,3240,3243
2522,1694,1709
2008,1924,1954
2015,1916,1945
1988,1948,1981
2529,2890,2902
2529,1694,1709
2016,1914,1944
1989,1947,1980
2530,2890,2902
2530,1694,1709
2017,1913,1943
1990,1946,1978
2531,2890,2902
2531,1694,1709
2004,1928,1959
2545,2895,2897
2545,1694,1710
2031,1898,1926
1955,1995,2033
2003,1929,1961
2544,2894,2898
2544,1694,1710
2030,1899,1927
1954,1997,2035
2029,1900,1928
1953,1998,2037
2028,1901,1930
1952,2000,2039
2027,1902,1931
1951,2001,2041
2026,1903,1932
1950,2003,2042
1998,1936,1967
2539,2891,2900
2539,1694,1709
2025,1904,1933
1949,2005,2044
2018,1912,1942
1991,1944,1977
2532,2890,2902
2532,1694,1709
2019,1911,1940
1992,1943,1975
2533,2890,2901
2533,1694,1709
2020,1910,1939
1993,1942,1974
2534,2890,2901
2534,1694,1709
2021,1909,1938
1994,1941,1973
2535,2890,2901
2535,1694,1709
2022,1908,1937
1995,1939,1971
2536,2891,2901
2536,1694,1709
2023,1907,1936
1996,1938,1970
2537,2891,2901
2537,1694,1709
2024,1906,1934
1997,1937,1969
2538,2891,2901
2538,1694,1709
1943,2015,2056
1944,2013,2054
1945,2011,2052
1946,2009,2050
1947,2008,2048
1948,2006,2046
1975,1966,2000
2516,2891,2901
2516,3239,3244
2516,1693,1709
2543,2893,2899
2543,1694,1710
2002,1931,1962
1974,1967,2002
2515,2891,2901
2515,3239,3244
2515,1693,1709
2542,2893,2899
2542,1694,1710
2001,1932,1963
1973,1968,2004
2514,2891,2900
2514,3239,3243
2514,1693,1709
2541,2892,2900
2541,1694,1709
2000,1933,1964
1972,1970,2005
2513,2891,2900
2513,3241,3242
2513,1693,1709
2540,2892,2900
2540,1694,1709
1999,1934,1966
1956,1993,2032
1957,1992,2030
1958,1990,2028
1959,1989,2026
1960,1987,2025
1961,1986,2023
1962,1984,2021
2032,1897,1925
2033,1896,1924
2034,1895,1923
2035,1894,1922
2036,1893,1921
2037,1892,1919
2038,1891,1918
2039,1890,1917
2040,1889,1916
2041,1888,1915
2042,1887,1914
2043,1886,1913
2044,1885,1912
2045,1884,1911
2046,1883,1910
2047,1882,1909
2048,1881,1907
2049,1880,1906
2050,1879,1905
2051,1878,1904
2052,1877,1903
2053,1876,1902
2054,1875,1901
2055,1874,1900
2056,1873,1899
2057,1872,1898
2058,1871,1897
2059,1870,1896
2060,1869,1895
2061,1868,1894
2062,1868,1893
2063,1867,1892
2064,1866,1891
2065,1865,1890
2066,1864,1889
2067,1863,1888
2068,1862,1887
2069,1861,1886
2070,1860,1885
2071,1859,1884
2072,1858,1883
2073,1858,1883
2074,1857,1882
2075,1856,1881
2076,1855,1880
2077,1854,1879
2078,1853,1878
2079,1852,1877
2080,1852,1876
2081,1851,1875
2082,1850,1874
2083,1849,1873
2084,1848,1872
2085,1847,1871
2086,1846,1871
2087,1846,1870
2088,1845,1869
2089,1844,1868
2090,1843,1867
2091,1842,1866
2092,1842,1865
2093,1841,1864
2094,1840,1864
2095,1839,1863
2096,1838,1862
2097,1837,1861
2098,1837,1860
2099,1836,1859
2100,1835,1858
2101,1834,1858
2102,1834,1857
2103,1833,1856
2104,1832,1855
2105,1831,1854
2106,1830,1853
2107,1830,1853
2108,1829,1852
2109,1828,1851
2110,1827,1850
2111,1827,1849
2112,1826,1848
2113,1825,1848
2114,1824,1847
2115,1824,1846
2116,1823,1845
2117,1822,1845
2118,1821,1844
2119,1821,1843
2120,1820,1842
2121,1819,1841
2122,1818,1841
2123,1818,1840
2124,1817,1839
2125,1816,1838
2126,1816,1838
2127,1815,1837
2128,1814,1836
2129,1813,1835
2130,1813,1835
2131,1812,1834
2132,1811,1833
2133,1811,1832
2134,1810,1832
2135,1809,1831
2136,1809,1830
2137,1808,1829
2138,1807,1829
2139,1807,1828
2140,1806,1827
2141,1805,1827
2142,1805,1826
2143,1804,1825
2144,1803,1824
2145,1803,1824
2146,1802,1823
2147,1801,1822
2148,1801,1822
2149,1800,1821
2150,1799,1820
2151,1799,1820
2152,1798,1819
2153,1797,1818
2154,1797,1818
2155,1796,1817
2156,1795,1816
2157,1795,1816
2158,1794,1815
2159,1794,1814
2160,1793,1814
2445,1696,1712
2446,1696,1712
2447,1696,1712
2448,1696,1712
2449,1696,1712
2450,1696,1711
2451,1696,1711
2452,1696,1711
2453,1696,1711
2454,1696,1711
2455,1696,1711
2456,1696,1711
2457,1695,1711
2458,1695,1711
2459,1695,1711
2460,1695,1711
2461,1695,1710
2462,1695,1710
2463,1695,1710
2464,1695,1710
2465,1695,1710
2466,1695,1710
2467,1695,1710
2468,1695,1710
2469,1695,1710
2470,1695,1710
2471,1694,1710
2472,1694,1710
2473,1694,1710
2474,1694,1710
2475,1694,1710
2476,1694,1710
2477,1694,1709
2478,1694,1709
2479,1694,1709
2480,1694,1709
2481,1694,1709
2482,1694,1709
2483,1694,1709
2484,1694,1709
2485,1694,1709
2486,1694,1709
2487,1694,1709
2488,1694,1709
2489,1694,1709
2490,1694,1709
2491,1694,1709
2492,1694,1709
2493,1694,1709
2494,1694,1709
2495,1694,1709
2496,1694,1709
2497,1694,1709
2498,1694,1709
2499,1693,1709
2500,1693,1709
2501,1693,1709
2502,1693,1709
2503,1693,1709
2504,1693,1709
2505,1693,1709
2506,1693,1709
2546,1694,1710
2547,1695,1710
2548,1695,1710
2549,1695,1710
2550,1695,1710
2551,1695,1710
2552,1695,1710
2553,1695,1710
2554,1695,1710
2555,1695,1710
2556,1695,1710
2557,1695,1710
2558,1695,1711
2559,1695,1711
2560,1695,1711
2561,1695,1711
2562,1696,1711
2563,1696,1711
2564,1696,1711
2565,1696,1711
2566,1696,1711
2567,1696,1711
2568,1696,1711
2569,1696,1711
2570,1696,1712
2571,1696,1712
2572,1696,1712
2573,1697,1712
2574,1697,1712
2575,1697,1712
2576,1697,1712
2577,1697,1712
2578,1697,1712
2579,1697,1713
2580,1697,1713
2581,1697,1713
2582,1698,1713
2583,1698,1713
2584,1698,1713
2585,1698,1713
2586,1698,1713
2587,1698,1713
2588,1698,1714
2589,1698,1714
2590,1698,1714
2591,1699,1714
2592,1699,1714
2593,1699,1714
2594,1699,1714
2595,1699,1714
2596,1699,1715
2597,1699,1715
2598,1700,1715
2599,1700,1715
2600,1700,1715
2601,1700,1715
2602,1700,1715
2603,1700,1716
2604,1700,1716
2605,1700,1716
2606,1701,1716
2607,1701,1716
2608,1701,1716
2609,1701,1717
2610,1701,1717
2611,1701,1717
2612,1702,1717
2613,1702,1717
2614,1702,1717
2615,1702,1718
2616,1702,1718
2617,1702,1718
2618,1703,1718
2619,1703,1718
2620,1703,1718
2621,1703,1719
2622,1703,1719
2623,1703,1719
2624,1704,1719
2625,1704,1719
2626,1704,1720
2627,1704,1720
2628,1704,1720
2629,1705,1720
2630,1705,1720
2631,1705,1720
2632,1705,1721
2633,1705,1721
2634,1705,1721
2635,1706,1721
2636,1706,1721
2637,1706,1722
2638,1706,1722
2639,1706,1722
2640,1707,1722
2641,1707,1722
2642,1707,1723
2643,1707,1723
2644,1707,1723
2645,1708,1723
2646,1708,1724
2647,1708,1724
2648,1708,1724
2649,1709,1724
2650,1709,1724
2651,1709,1725
2652,1709,1725
2653,1709,1725
2654,1710,1725
2655,1710,1726
2656,1710,1726
2657,1710,1726
2658,1711,1726
2659,1711,1727
2660,1711,1727
2661,1711,1727
2662,1712,1727
2663,1712,1728
2664,1712,1728
2665,1712,1728
2666,1712,1728
2667,1713,1729
2668,1713,1729
2669,1713,1729
2670,1713,1729
2671,1714,1730
2672,1714,1730
2673,1714,1730
2674,1715,1730
2675,1715,1731
2676,1715,1731
2677,1715,1731
2678,1716,1732
2679,1716,1732
2680,1716,1732
2681,1716,1732
2682,1717,1733
2683,1717,1733
2684,1717,1733
2685,1717,1733
2686,1718,1734
2687,1718,1734
2688,1718,1734
2689,1719,1735
2690,1719,1735
2691,1719,1735
2692,1719,1736
2693,1720,1736
2694,1720,1736
2695,1720,1736
2696,1721,1737
2697,1721,1737
2698,1721,1737
2699,1722,1738
2700,1722,1738
2701,1722,1738
2702,1722,1739
2703,1723,1739
2704,1723,1739
2705,1723,1740
2706,1724,1740
2707,1724,1740
2708,1724,1741
2709,1725,1741
2710,1725,1741
2711,1725,1742
2712,1726,1742
2713,1726,1742
2714,1726,1743
2715,1727,1743
2716,1727,1743
2717,1727,1744
2718,1728,1744
2719,1728,1744
2720,1728,1745
2721,1729,1745
2722,1729,1745
2723,1729,1746
2724,1730,1746
2725,1730,1746
2726,1730,1747
2727,1731,1747
2728,1731,1748
2729,1731,1748
2730,1732,1748
2731,1732,1749
2732,1732,1749
2733,1733,1749
2734,1733,1750
2735,1734,1750
2736,1734,1751
2737,1734,1751
2738,1735,1751
2739,1735,1752
2740,1735,1752
2741,1736,1752
2742,1736,1753
2743,1737,1753
2744,1737,1754
2745,1737,1754
2746,1738,1754
2747,1738,1755
2748,1738,1755
2749,1739,1756
2750,1739,1756
2751,1740,1756
2752,1740,1757
2753,1740,1757
2754,1741,1758
2755,1741,1758
2756,1742,1759
2757,1742,1759
2758,1742,1759
2759,1743,1760
2760,1743,1760
2761,1744,1761
2762,1744,1761
2763,1745,1762
2764,1745,1762
2765,1745,1762
2766,1746,1763
2767,1746,1763
2768,1747,1764
2769,1747,1764
2770,1748,1765
2771,1748,1765
2772,1748,1766
2773,1749,1766
2774,1749,1766
2775,1750,1767
2776,1750,1767
2777,1751,1768
2778,1751,1768
2779,1752,1769
2780,1752,1769
2781,1752,1770
2782,1753,1770
2783,1753,1771
2784,1754,1771
2785,1754,1772
2786,1755,1772
2787,1755,1773
2788,1756,1773
2789,1756,1774
2790,1757,1774
2791,1757,1775
2792,1758,1775
2793,1758,1776
2794,1759,1776
2795,1759,1777
2796,1759,1777
2797,1760,1778
2798,1760,1778
2799,1761,1779
2800,1761,1779
2801,1762,1780
2802,1762,1780
2803,1763,1781
2804,1763,1781
2805,1764,1782
2806,1764,1782
2807,1765,1783
2808,1765,1783
2809,1766,1784
2810,1766,1784
2811,1767,1785
2812,1768,1785
2813,1768,1786
2814,1769,1786
2815,1769,1787
2816,1770,1788
2817,1770,1788
2818,1771,1789
2819,1771,1789
2820,1772,1790
2821,1772,1790
2822,1773,1791
2823,1773,1791
2824,1774,1792
2825,1774,1793
2826,1775,1793
2827,1776,1794
2828,1776,1794
2829,1777,1795
2830,1777,1795
2831,1778,1796
2832,1778,1797
2833,1779,1797
2834,1780,1798
2835,1780,1798
2836,1781,1799
2837,1781,1800
2838,1782,1800
2839,1782,1801
2840,1783,1801
2841,1784,1802
2842,1784,1803
2843,1785,1803
2844,1785,1804
2845,1786,1805
2846,1787,1805
2847,1787,1806
2848,1788,1806
2849,1788,1807
2850,1789,1808
2851,1790,1808
2852,1790,1809
2853,1791,1810
2854,1791,1810
2855,1792,1811
2856,1793,1811
2857,1793,1812
2858,1794,1813
2859,1795,1813
2860,1795,1814
2861,1796,1815
2862,1796,1815
2863,1797,1816
2864,1798,1817
2865,1798,1817
2866,1799,1818
2867,1800,1819
2868,1800,1819
2869,1801,1820
2870,1802,1821
2871,1802,1822
2872,1803,1822
2873,1804,1823
2874,1804,1824
2875,1805,1824
2876,1806,1825
2877,1806,1826
2878,1807,1826
2879,1808,1827
2880,1808,1828
2881,1809,1829
2882,1810,1829
2883,1810,1830
2884,1811,1831
2885,1812,1831
2886,1813,1832
2887,1813,1833
2888,1814,1834
2889,1815,1834
2890,1815,1835
2891,1816,1836
2892,1817,1837
2893,1817,1837
2894,1818,1838
2895,1819,1839
2896,1820,1840
2897,1820,1840
2898,1821,1841
2899,1822,1842
2900,1823,1843
2901,1823,1844
2902,1824,1844
2903,1825,1845
2904,1826,1846
2905,1826,1847
2906,1827,1847
2907,1828,1848
2908,1829,1849
2909,1829,1850
2910,1830,1851
2911,1831,1852
2912,1832,1852
2913,1833,1853
2914,1833,1854
2915,1834,1855
2916,1835,1856
2917,1836,1856
2918,1836,1857
2919,1837,1858
2920,1838,1859
2921,1839,1860
2922,1840,1861
2923,1841,1861
2924,1841,1862
2925,1842,1863
2926,1843,1864
2927,1844,1865
2928,1845,1866
2929,1845,1867
2930,1846,1868
2931,1847,1868
2932,1848,1869
2933,1849,1870
2934,1850,1871
2935,1851,1872
2936,1851,1873
2937,1852,1874
2938,1853,1875
2939,1854,1876
2940,1855,1877
2941,1856,1877
2942,1857,1878
2943,1857,1879
2944,1858,1880
2945,1859,1881
2946,1860,1882
2947,1861,1883
2948,1862,1884
2949,1863,1885
2950,1864,1886
2951,1865,1887
2952,1866,1888
2953,1867,1889
2954,1867,1890
2955,1868,1891
2956,1869,1892
2957,1870,1893
2958,1871,1894
2959,1872,1895
2960,1873,1896
2961,1874,1897
2962,1875,1898
2963,1876,1899
2964,1877,1900
2965,1878,1901
2966,1879,1902
2967,1880,1903
2968,1881,1904
2969,1882,1905
2970,1883,1906
2971,1884,1907
2972,1885,1908
2973,1886,1909
2974,1887,1910
2975,1888,1911
2976,1889,1912
2977,1890,1913
2978,1891,1914
2979,1892,1915
2980,1893,1917
2981,1894,1918
2982,1895,1919
2983,1896,1920
2984,1897,1921
2985,1898,1922
2986,1899,1923
2987,1900,1924
2988,1901,1926
2989,1902,1927
2990,1903,1928
2991,1905,1929
2992,1906,1930
2993,1907,1931
2994,1908,1932
2995,1909,1934
2996,1910,1935
2997,1911,1936
2998,1912,1937
2999,1913,1938
3000,1915,1940
3001,1916,1941
3002,1917,1942
3003,1918,1943
3004,1919,1944
3005,1920,1946
3006,1921,1947
3007,1923,1948
3008,1924,1949
3009,1925,1951
3010,1926,1952
3011,1927,1953
3012,1929,1954
3013,1930,1956
3014,1931,1957
3015,1932,1958
3016,1933,1960
3017,1935,1961
3018,1936,1962
3019,1937,1964
3020,1938,1965
3021,1940,1966
3022,1941,1968
3023,1942,1969
3024,1943,1970
3025,1945,1972
3026,1946,1973
3027,1947,1974
3028,1948,1976
3029,1950,1977
3030,1951,1979
3031,1952,1980
3032,1954,1981
3033,1955,1983
3034,1956,1984
3035,1958,1986
3036,1959,1987
3037,1960,1989
3038,1962,1990
3039,1963,1992
3040,1965,1993
3041,1966,1995
3042,1967,1996
3043,1969,1998
3044,1970,1999
3045,1972,2001
3046,1973,2002
3047,1975,2004
3048,1976,2005
3049,1977,2007
3050,1979,2009
3051,1980,2010
