2621,2886,2886
2622,2884,2887
2623,2884,2888
2624,2883,2889
2625,2883,2889
2626,2882,2889
2627,2882,2890
2628,2881,2890
2629,2881,2890
2630,2881,2891
2631,2880,2891
2632,2880,2891
2633,2880,2891
2634,2880,2891
2635,2880,2891
2636,2879,2891
2637,2879,2892
2638,2879,2892
2639,2879,2892
2640,2879,2892
2641,2878,2892
2642,2878,2892
2643,2878,2892
2644,2878,2892
2645,2878,2892
2646,2878,2892
2647,2878,2892
2648,2877,2892
2649,2877,2892
2650,2877,2892
2651,2877,2892
2652,2877,2892
2653,2877,2892
2654,2877,2892
2655,2877,2892
2656,2877,2892
2657,2876,2892
2658,2876,2892
2659,2876,2892
2660,2876,2892
2661,2876,2892
2662,2876,2892
3060,2566,2569
3059,2566,2574
3058,2567,2578
3057,2568,2581
3056,2569,2584
3055,2571,2587
3054,2573,2590
3053,2574,2593
3052,2576,2595
3051,2578,2598
3050,2579,2600
3049,2581,2603
3048,2583,2605
3047,2585,2608
3046,2586,2610
3045,2588,2612
3044,2590,2614
3043,2592,2617
3042,2594,2619
3041,2595,2621
3040,2597,2623
3039,2599,2625
3038,2601,2627
3037,2603,2629
3036,2604,2631
3035,2606,2633
3034,2608,2635
3033,2610,2637
3032,2611,2639
3031,2613,2641
3030,2615,2643
3029,2617,2645
3028,2618,2647
3027,2620,2648
3026,2622,2650
3025,2623,2652
3024,2625,2654
3023,2627,2655
3022,2628,2657
3021,2630,2659
3020,2632,2661
3019,2633,2662
3018,2635,2664
3017,2637,2666
3016,2638,2667
3015,2640,2669
3014,2642,2671
3013,2643,2672
3012,2645,2674
3011,2646,2675
3010,2648,2677
3009,2649,2679
3008,2651,2680
3007,2652,2682
3006,2654,2683
3005,2656,2685
3004,2657,2686
3003,2659,2688
3002,2660,2689
3001,2662,2691
3000,2663,2692
2999,2664,2693
2998,2666,2695
2997,2667,2696
2996,2669,2698
2995,2670,2699
2994,2672,2701
2993,2673,2702
2992,2675,2703
2991,2676,2705
2990,2677,2706
2989,2679,2707
2988,2680,2709
2987,2681,2710
2986,2683,2711
2985,2684,2713
2984,2686,2714
2983,2687,2715
2982,2688,2717
2981,2690,2718
2980,2691,2719
2979,2692,2720
2978,2694,2722
2977,2695,2723
2976,2696,2724
2975,2697,2725
2974,2699,2727
2973,2700,2728
2972,2701,2729
2971,2703,2730
2970,2704,2732
2969,2705,2733
2968,2706,2734
2967,2707,2735
2895,2781,2805
2894,2782,2806
2893,2783,2806
2892,2784,2807
2891,2785,2808
2890,2785,2809
2889,2786,2809
2888,2787,2810
2887,2788,2811
2886,2789,2812
2885,2789,2812
2884,2790,2813
2883,2791,2814
2882,2792,2815
2881,2793,2815
2880,2793,2816
2879,2794,2817
2878,2795,2817
2877,2796,2818
2876,2797,2819
2875,2797,2820
2874,2798,2820
2873,2799,2821
2872,2800,2822
2871,2800,2822
2870,2801,2823
2869,2802,2824
2868,2803,2824
2867,2803,2825
2866,2804,2826
2865,2805,2826
2864,2805,2827
2863,2806,2828
2862,2807,2828
2861,2808,2829
2860,2808,2830
2859,2809,2830
2858,2810,2831
2857,2810,2831
2856,2811,2832
2855,2812,2833
2854,2812,2833
2853,2813,2834
2852,2814,2835
2851,2814,2835
2850,2815,2836
2849,2816,2836
2848,2816,2837
2847,2817,2837
2846,2818,2838
2845,2818,2839
2844,2819,2839
2843,2820,2840
2842,2820,2840
2841,2821,2841
2840,2822,2841
2702,2872,2887
2701,2872,2888
2700,2872,2888
2699,2873,2888
2698,2873,2888
2697,2873,2888
2696,2873,2888
2695,2873,2888
2694,2873,2889
2693,2873,2889
2692,2873,2889
2691,2873,2889
2690,2874,2889
2689,2874,2889
2688,2874,2889
2687,2874,2890
2686,2874,2890
2685,2874,2890
2684,2874,2890
2683,2874,2890
2682,2874,2890
2681,2874,2890
2680,2874,2890
2679,2875,2891
2678,2875,2891
2677,2875,2891
2676,2875,2891
2675,2875,2891
2674,2875,2891
2673,2875,2891
2672,2875,2891
2663,2876,2892
2536,3231,3233
2793,2847,2863
2664,2876,2892
2537,3230,3234
2794,2846,2863
2665,2876,2892
2538,3229,3234
2795,2846,2863
2666,2876,2892
2539,3229,3234
2796,2846,2862
2671,2875,2891
2544,3230,3232
2801,2843,2860
2670,2875,2891
2543,3229,3233
2800,2844,2861
2669,2875,2892
2542,3229,3233
2799,2844,2861
2668,2875,2892
2541,3229,3234
2798,2845,2861
2667,2876,2892
2540,3229,3234
2797,2845,2862
2703,2872,2887
2896,2780,2804
1814,2201,2222
2704,2872,2887
2897,2780,2803
1815,2191,2225
2705,2872,2887
2898,2779,2802
1816,2184,2227
2706,2872,2887
2899,2778,2802
1817,2178,2227
2707,2872,2886
2900,2777,2801
1818,2173,2226
2708,2872,2886
2901,2776,2800
1819,2168,2225
2709,2871,2886
2902,2775,2799
1820,2163,2224
2903,2774,2798
1821,2159,2222
2904,2773,2797
1822,2155,2220
2905,2773,2797
1823,2151,2218
2906,2772,2796
1824,2147,2215
2907,2771,2795
1825,2144,2213
2952,2725,2752
1870,2043,2079
2951,2726,2753
1869,2045,2081
2950,2727,2754
1868,2046,2084
2949,2729,2755
1867,2048,2087
2948,2730,2756
1866,2049,2090
2947,2731,2757
1865,2051,2093
2946,2732,2758
1864,2053,2095
2945,2733,2759
1863,2054,2098
2944,2734,2760
1862,2056,2101
2943,2735,2761
1861,2057,2104
2942,2736,2762
1860,2059,2107
2941,2737,2763
1859,2061,2110
2940,2738,2764
1858,2063,2113
2939,2739,2765
1857,2064,2115
2938,2741,2766
1856,2066,2118
2937,2742,2767
1855,2068,2121
2924,2755,2780
1842,2095,2161
2925,2754,2779
1843,2093,2158
2926,2753,2778
1844,2091,2154
2927,2752,2777
1845,2089,2151
2928,2751,2776
1846,2086,2148
2929,2750,2775
1847,2084,2145
2930,2749,2774
1848,2082,2142
2931,2748,2773
1849,2080,2139
2932,2747,2772
1850,2078,2136
2933,2746,2771
1851,2076,2133
2934,2745,2770
1852,2074,2130
2935,2744,2769
1853,2072,2127
2936,2743,2768
1854,2070,2124
2953,2724,2751
1871,2042,2076
2954,2723,2750
1872,2041,2073
2955,2722,2749
1873,2039,2070
2956,2721,2748
1874,2038,2068
2957,2719,2746
1875,2037,2065
2958,2718,2745
1876,2036,2062
2959,2717,2744
1877,2035,2059
2960,2716,2743
1878,2033,2056
2961,2715,2742
1879,2033,2053
2962,2714,2741
1880,2032,2050
2963,2712,2740
1881,2031,2047
2964,2711,2739
1882,2030,2044
2965,2710,2737
1883,2030,2040
2966,2709,2736
1884,2031,2036
2923,2756,2781
1841,2098,2164
2922,2757,2782
1840,2100,2167
2921,2758,2783
1839,2103,2170
2920,2759,2784
1838,2105,2173
2919,2760,2785
1837,2108,2176
2918,2761,2785
1836,2110,2180
2917,2762,2786
1835,2113,2183
2916,2763,2787
1834,2116,2186
2915,2763,2788
1833,2118,2189
2914,2764,2789
1832,2121,2192
2913,2765,2790
1831,2124,2195
2912,2766,2791
1830,2127,2198
2911,2767,2792
1829,2130,2201
2910,2768,2792
1828,2133,2204
2909,2769,2793
1827,2137,2207
2908,2770,2794
1826,2140,2210
2710,2871,2886
2711,2871,2886
2712,2871,2886
2713,2871,2885
2714,2871,2885
2715,2870,2885
2716,2870,2885
2717,2870,2885
2718,2870,2884
2719,2870,2884
2720,2870,2884
2721,2870,2884
2722,2869,2884
2723,2869,2883
2724,2869,2883
2725,2869,2883
2726,2869,2883
2727,2868,2882
2728,2868,2882
2729,2868,2882
2730,2868,2882
2731,2868,2882
2732,2867,2881
2733,2867,2881
2734,2867,2881
2735,2867,2881
2736,2866,2880
2737,2866,2880
2738,2866,2880
2739,2866,2880
2740,2866,2879
2741,2865,2879
2742,2865,2879
2743,2865,2879
2744,2865,2879
2745,2864,2878
2746,2864,2878
2747,2864,2878
2748,2863,2877
2749,2863,2877
2750,2863,2877
2751,2863,2877
2752,2862,2876
2753,2862,2876
2754,2862,2876
2755,2861,2876
2756,2861,2875
2757,2861,2875
2758,2860,2875
2759,2860,2875
2760,2860,2874
2761,2860,2874
2762,2859,2874
2763,2859,2873
2764,2858,2873
2765,2858,2873
2766,2858,2872
2767,2857,2872
2768,2857,2872
2769,2857,2872
2770,2856,2871
2771,2856,2871
2772,2856,2871
2773,2855,2870
2774,2855,2870
2775,2854,2870
2776,2854,2869
2777,2854,2869
2778,2853,2869
2779,2853,2868
2780,2853,2868
2781,2852,2868
2782,2852,2867
2783,2851,2867
2784,2851,2867
2785,2850,2866
2786,2850,2866
2787,2850,2866
2788,2849,2865
2789,2849,2865
2790,2848,2864
2791,2848,2864
2792,2847,2864
2802,2843,2860
2803,2842,2859
2804,2842,2859
2805,2841,2859
2806,2841,2858
2807,2840,2858
2808,2840,2857
2809,2839,2857
2810,2839,2856
2811,2838,2856
2812,2838,2855
2813,2837,2855
2814,2837,2855
2815,2836,2854
2816,2835,2854
2817,2835,2853
2818,2834,2853
2819,2834,2852
2820,2833,2852
2821,2833,2851
2822,2832,2851
2823,2832,2850
2824,2831,2850
2825,2831,2849
2826,2830,2849
2827,2829,2848
2828,2829,2848
2829,2828,2847
2830,2828,2847
2831,2827,2846
2832,2826,2846
2833,2826,2845
2834,2825,2845
2835,2825,2844
2836,2824,2844
2837,2823,2843
2838,2823,2843
2839,2822,2842
