1923,2471,2537
1923,2169,2248
1924,2477,2540
1924,2166,2242
1925,2482,2544
1925,2163,2237
1926,2487,2547
1926,2160,2232
1927,2492,2550
1927,2157,2227
1928,2497,2553
1928,2155,2222
1929,2501,2556
1929,2152,2217
1930,2506,2559
1930,2149,2212
1931,2510,2562
1931,2146,2208
1932,2514,2565
1932,2144,2204
1933,2518,2568
1933,2141,2199
1934,2521,2570
1934,2138,2195
1935,2525,2573
1935,2136,2191
1936,2529,2576
1936,2133,2187
1937,2532,2579
1937,2131,2184
1938,2536,2581
1938,2128,2180
1939,2539,2584
1939,2126,2176
1940,2542,2587
1940,2124,2173
1941,2546,2589
1941,2121,2169
1942,2549,2592
1942,2119,2166
1943,2552,2594
1943,2117,2162
1944,2555,2597
1944,2114,2159
1945,2558,2599
1945,2112,2156
1946,2561,2602
1946,2110,2152
1947,2564,2604
1947,2108,2149
1948,2567,2606
1948,2106,2146
2490,3241,3243
1949,2569,2609
1949,2104,2143
2491,3240,3244
1950,2572,2611
1950,2102,2140
2492,3240,3245
1951,2575,2613
1951,2100,2137
2493,3239,3245
1952,2577,2616
1952,2098,2134
2494,3239,3246
1953,2580,2618
1953,2096,2131
2495,3239,3246
1954,2583,2620
1954,2094,2128
2496,3240,3246
1955,2585,2622
1955,2092,2125
2497,3240,3246
1956,2588,2625
1956,2090,2122
2498,3240,3245
1957,2590,2627
1957,2088,2119
2499,3241,3245
1958,2593,2629
1958,2086,2117
2500,3242,3244
1959,2595,2631
1959,2084,2114
1960,2597,2633
1960,2082,2111
1961,2600,2635
1961,2081,2108
1962,2602,2638
1962,2079,2106
1963,2604,2640
1963,2077,2103
1964,2607,2642
1964,2075,2100
1965,2609,2644
1965,2074,2098
1966,2611,2646
1966,2072,2095
1967,2613,2648
1967,2070,2092
1968,2615,2650
1968,2069,2090
1969,2617,2652
1969,2067,2087
1970,2620,2654
1970,2066,2085
1971,2622,2656
1971,2064,2082
1972,2624,2657
1972,2063,2079
1973,2626,2659
1973,2061,2077
1974,2628,2661
1974,2060,2074
2155,2842,2860
2412,2905,2907
2154,2842,2859
2153,2841,2859
2152,2840,2858
2151,2839,2858
2150,2838,2857
2149,2838,2857
2148,2837,2856
2147,2836,2855
2146,2835,2855
2145,2834,2854
2144,2833,2854
2143,2833,2853
2142,2832,2853
2141,2831,2852
2140,2830,2851
2139,2829,2851
2138,2829,2850
2137,2828,2850
2136,2827,2849
2135,2826,2848
2134,2825,2848
2133,2824,2847
2132,2824,2846
2131,2823,2846
2130,2822,2845
2129,2821,2844
2128,2820,2844
3209,2352,2388
2127,2819,2843
3208,2335,2405
2126,2818,2842
3207,2324,2416
2125,2818,2842
3206,2316,2425
2124,2817,2841
3205,2308,2432
2123,2816,2840
3204,2302,2439
2122,2815,2840
3203,2296,2445
2121,2814,2839
3202,2291,2451
2120,2813,2838
3201,2286,2456
2119,2812,2838
3200,2281,2460
2118,2812,2837
3199,2277,2465
2117,2811,2836
3198,2274,2469
2116,2810,2835
3197,2270,2473
2115,2809,2835
3196,2267,2477
2114,2808,2834
3195,2265,2480
2113,2807,2833
3194,2262,2484
2112,2806,2832
3193,2260,2487
2111,2805,2832
3192,2259,2490
2110,2804,2831
3191,2258,2493
2109,2804,2830
3190,2258,2495
2108,2803,2829
3189,2261,2498
2107,2802,2828
3188,2371,2500
2106,2801,2828
3187,2395,2503
2105,2800,2827
3186,2411,2505
2104,2799,2826
3185,2425,2506
2103,2798,2825
3184,2437,2508
2102,2797,2824
3183,2448,2509
2101,2796,2823
3182,2458,2510
2100,2795,2823
3181,2469,2511
2099,2794,2822
3180,2479,2510
2098,2793,2821
3179,2491,2508
2097,2792,2820
2096,2792,2819
2095,2791,2818
2094,2790,2817
2093,2789,2817
2092,2788,2816
2091,2787,2815
2090,2786,2814
2089,2785,2813
2088,2784,2812
2435,2899,2912
2178,2863,2867
1895,2345,2356
2436,2899,2912
2179,2864,2867
1896,2316,2386
2437,2899,2912
2083,2779,2808
1897,2301,2400
2438,2898,2912
2084,2780,2808
1898,2290,2412
2439,2898,2912
2085,2781,2809
1899,2281,2421
2440,2898,2912
2086,2782,2810
2082,2778,2807
1922,2466,2534
1922,2173,2254
2463,2903,2906
2081,2777,2806
1921,2459,2530
1921,2176,2261
2462,2902,2907
1920,2453,2527
1920,2179,2268
2461,2902,2907
1919,2446,2523
1919,2182,2275
2460,2901,2908
1918,2438,2520
1918,2186,2283
2459,2901,2908
1917,2429,2516
1917,2189,2293
2458,2901,2909
1916,2418,2512
1916,2193,2303
2457,2900,2909
1915,2405,2508
1915,2197,2316
2456,2900,2909
1914,2387,2504
1914,2200,2335
2455,2900,2910
1913,2204,2500
2454,2899,2910
1900,2273,2429
2441,2898,2912
2087,2783,2811
1901,2265,2437
2442,2898,2912
1902,2259,2444
2443,2898,2912
1903,2252,2450
2444,2898,2912
1904,2247,2456
2445,2898,2911
1905,2241,2462
2446,2899,2911
1906,2236,2467
2447,2899,2911
1907,2231,2473
2448,2899,2911
1908,2226,2478
2449,2899,2911
1909,2221,2482
2450,2899,2911
1910,2217,2487
2451,2899,2911
1911,2213,2492
2452,2899,2910
1912,2208,2496
2453,2899,2910
2434,2899,2912
2177,2861,2867
2433,2899,2912
2176,2860,2867
2432,2899,2912
2175,2859,2867
2431,2899,2912
2174,2858,2867
2430,2899,2912
2173,2857,2866
2429,2899,2912
2172,2857,2866
2428,2899,2911
2171,2856,2866
2427,2900,2911
2170,2855,2866
2426,2900,2911
2169,2854,2865
2425,2900,2911
2168,2853,2865
2424,2900,2911
2167,2852,2865
2423,2900,2911
2166,2851,2864
2422,2901,2911
2165,2851,2864
2421,2901,2910
2164,2850,2864
2420,2901,2910
2163,2849,2863
2419,2901,2910
2162,2848,2863
2418,2902,2910
2161,2847,2862
2417,2902,2909
2160,2846,2862
2416,2902,2909
2159,2846,2861
2415,2903,2909
2158,2845,2861
2414,2903,2908
2157,2844,2861
2413,2904,2908
2156,2843,2860
2080,2776,2805
2079,2775,2804
2078,2774,2803
2077,2773,2802
2076,2772,2801
2075,2771,2800
2074,2770,2799
2073,2768,2798
2072,2767,2797
2071,2766,2796
2070,2765,2795
2069,2764,2794
2068,2763,2793
2067,2762,2792
2066,2761,2791
2065,2760,2790
2064,2759,2789
2063,2758,2788
2062,2757,2786
2061,2755,2785
2060,2754,2784
2059,2753,2783
2058,2752,2782
2057,2751,2781
2056,2750,2780
2055,2749,2779
2054,2748,2778
2053,2746,2777
2052,2745,2775
2051,2744,2774
2050,2743,2773
2049,2742,2772
2048,2740,2771
2047,2739,2770
2046,2738,2768
2045,2737,2767
2044,2736,2766
2043,2734,2765
2042,2733,2764
2041,2732,2762
2040,2731,2761
2039,2729,2760
2038,2728,2759
2037,2727,2758
2036,2726,2756
2035,2724,2755
2034,2723,2754
2033,2722,2753
2032,2721,2751
2031,2719,2750
2030,2718,2749
2029,2717,2747
2028,2715,2746
2027,2714,2745
2026,2713,2743
2025,2711,2742
2024,2710,2741
2023,2708,2739
2022,2707,2738
2021,2706,2737
2020,2704,2735
2019,2703,2734
2018,2701,2733
2017,2700,2731
2016,2699,2730
2015,2697,2728
2014,2696,2727
2013,2694,2725
2012,2693,2724
2011,2691,2723
2010,2690,2721
2009,2688,2720
2008,2687,2718
2007,2685,2717
2006,2684,2715
2005,2682,2714
2004,2681,2712
2003,2679,2711
2002,2677,2709
2001,2676,2707
2000,2674,2706
1999,2673,2704
1998,2671,2703
1997,2669,2701
1996,2668,2700
1995,2666,2698
1994,2664,2696
1993,2663,2695
1992,2661,2693
1991,2659,2691
1990,2658,2690
1989,2656,2688
1988,2654,2686
1987,2652,2685
1986,2651,2683
1985,2649,2681
1984,2647,2679
1983,2645,2678
1982,2643,2676
1981,2641,2674
1980,2639,2672
1980,2053,2057
1979,2638,2671
1979,2054,2061
1978,2636,2669
1978,2055,2063
1977,2634,2667
1977,2056,2066
1976,2632,2665
1976,2057,2069
1975,2630,2663
1975,2058,2072
