1925,2485,2547
1925,2161,2232
1926,2490,2550
1926,2158,2227
1927,2494,2554
1927,2155,2222
1928,2499,2557
1928,2152,2218
1929,2503,2560
1929,2149,2213
1930,2507,2562
1930,2146,2209
1931,2511,2565
1931,2144,2204
1932,2515,2568
1932,2141,2200
1933,2519,2571
1933,2139,2196
1934,2523,2574
1934,2136,2192
1935,2527,2577
1935,2133,2188
1936,2530,2579
1936,2131,2184
1937,2534,2582
1937,2128,2180
1938,2537,2585
1938,2126,2177
1939,2540,2587
1939,2124,2173
1940,2543,2590
1940,2121,2170
1941,2547,2592
1941,2119,2166
1942,2550,2595
1942,2117,2163
1943,2553,2597
1943,2114,2159
1944,2556,2600
1944,2112,2156
1945,2559,2602
1945,2110,2153
1946,2562,2605
1946,2108,2150
1947,2565,2607
1947,2106,2147
1948,2567,2609
1948,2104,2143
2490,3241,3243
1949,2570,2612
1949,2102,2140
2491,3240,3244
1950,2573,2614
1950,2099,2137
2492,3240,3245
1951,2575,2616
1951,2097,2134
2493,3240,3245
1952,2578,2619
1952,2095,2131
2494,3239,3246
1953,2581,2621
1953,2093,2128
2495,3240,3246
1954,2583,2623
1954,2091,2126
2496,3240,3246
1955,2586,2625
1955,2089,2123
2497,3240,3246
1956,2588,2627
1956,2088,2120
2498,3240,3246
1957,2591,2630
1957,2086,2117
2499,3241,3245
1958,2593,2632
1958,2084,2114
2500,3242,3244
1959,2596,2634
1959,2082,2112
1960,2598,2636
1960,2080,2109
1961,2600,2638
1961,2078,2106
1962,2603,2640
1962,2077,2104
1963,2605,2642
1963,2075,2101
1964,2607,2644
1964,2073,2098
1965,2609,2646
1965,2071,2096
1966,2611,2648
1966,2070,2093
2147,2837,2855
2146,2836,2854
2145,2836,2854
2144,2835,2853
2143,2834,2853
2142,2833,2852
2141,2832,2851
2140,2831,2851
2139,2831,2850
2138,2830,2850
2137,2829,2849
2136,2828,2849
2135,2827,2848
2134,2826,2847
2133,2825,2847
2132,2825,2846
2131,2824,2845
2130,2823,2845
2129,2822,2844
2128,2821,2844
2127,2820,2843
3208,2348,2390
2126,2819,2842
3207,2332,2405
2125,2819,2842
3206,2322,2416
2124,2818,2841
3205,2313,2425
2123,2817,2840
3204,2306,2432
2122,2816,2840
3203,2299,2439
2121,2815,2839
3202,2293,2445
2120,2814,2838
3201,2288,2450
2119,2813,2837
3200,2283,2455
2118,2812,2837
3199,2279,2460
2117,2812,2836
3198,2275,2465
2116,2811,2835
3197,2271,2469
2115,2810,2835
3196,2267,2473
2114,2809,2834
3195,2264,2476
2113,2808,2833
3194,2261,2480
2112,2807,2832
3193,2259,2483
2111,2806,2832
3192,2256,2487
2110,2805,2831
3191,2255,2490
2109,2804,2830
3190,2253,2492
2108,2803,2829
3189,2253,2495
2107,2803,2828
3188,2254,2498
2106,2802,2828
3187,2258,2294
3187,2374,2500
2105,2801,2827
3186,2396,2502
2104,2800,2826
3185,2413,2504
2103,2799,2825
3184,2426,2506
2102,2798,2824
3183,2438,2508
2101,2797,2824
3182,2449,2509
2100,2796,2823
3181,2460,2510
2099,2795,2822
3180,2470,2510
2098,2794,2821
3179,2481,2509
2097,2793,2820
3178,2494,2505
2096,2792,2820
2095,2791,2819
2094,2790,2818
2093,2789,2817
2092,2788,2816
2091,2787,2815
2090,2786,2814
2089,2785,2813
2088,2784,2813
2087,2783,2812
2086,2782,2811
2085,2781,2810
1896,2303,2400
2437,2898,2912
1897,2292,2411
2438,2898,2912
1898,2282,2421
2439,2898,2912
1899,2274,2429
2440,2898,2912
1900,2267,2437
2441,2898,2912
1901,2260,2444
2442,2898,2911
2084,2780,2809
1924,2480,2544
1924,2164,2238
2465,2904,2905
2083,2779,2808
1923,2474,2541
1923,2167,2243
2464,2902,2906
2082,2778,2807
1922,2469,2538
1922,2170,2249
2463,2902,2907
2081,2777,2806
1921,2463,2534
1921,2173,2255
2462,2901,2908
2080,2776,2805
1920,2456,2531
1920,2176,2262
2461,2901,2908
1902,2253,2450
2443,2898,2911
1903,2247,2456
2444,2898,2911
1904,2242,2462
2445,2898,2911
1905,2237,2468
2446,2898,2911
1906,2231,2473
2447,2898,2911
1907,2227,2478
2448,2898,2911
1908,2222,2483
2449,2898,2911
1909,2217,2487
2450,2898,2911
1910,2213,2492
2451,2899,2911
1911,2209,2496
2452,2899,2911
1895,2318,2385
2436,2899,2911
2435,2899,2911
2434,2899,2911
2433,2899,2911
1919,2450,2527
1919,2179,2269
2460,2900,2908
2079,2775,2804
2432,2899,2911
1918,2442,2524
1918,2183,2277
2459,2900,2909
2078,2774,2803
2431,2899,2911
1917,2434,2520
1917,2186,2285
2458,2900,2909
2077,2773,2802
2430,2899,2911
1916,2425,2516
1916,2190,2295
2457,2900,2909
2076,2772,2801
2429,2899,2911
2172,2861,2862
1915,2414,2513
1915,2193,2306
2456,2899,2910
2075,2771,2800
2428,2900,2911
2171,2859,2863
1914,2400,2509
1914,2197,2320
2455,2899,2910
2074,2770,2799
2427,2900,2911
2170,2858,2863
1913,2377,2505
1913,2201,2343
2454,2899,2910
2073,2769,2798
2426,2900,2911
2169,2857,2863
1912,2205,2501
2453,2899,2910
2072,2768,2797
2425,2900,2910
2168,2856,2863
2424,2900,2910
2167,2855,2863
2423,2901,2910
2166,2854,2862
2422,2901,2910
2165,2853,2862
2421,2901,2910
2164,2852,2862
2420,2902,2909
2163,2851,2862
2419,2902,2909
2162,2850,2861
2418,2902,2909
2161,2849,2861
2417,2903,2908
2160,2848,2861
2416,2904,2907
2159,2847,2860
2415,2904,2907
2158,2847,2860
2148,2838,2855
2149,2839,2856
2150,2840,2856
2151,2841,2857
2152,2841,2857
2153,2842,2858
2154,2843,2858
2155,2844,2859
2156,2845,2859
2157,2846,2859
2071,2767,2796
2070,2766,2795
2069,2765,2794
2068,2764,2793
2067,2763,2792
2066,2762,2791
2065,2760,2790
2064,2759,2789
2063,2758,2788
2062,2757,2787
2061,2756,2786
2060,2755,2785
2059,2754,2784
2058,2753,2783
2057,2751,2782
2056,2750,2781
2055,2749,2780
2054,2748,2779
2053,2747,2777
2052,2746,2776
2051,2745,2775
2050,2743,2774
2049,2742,2773
2048,2741,2772
2047,2740,2771
2046,2739,2769
2045,2737,2768
2044,2736,2767
2043,2735,2766
2042,2734,2765
2041,2732,2764
2040,2731,2762
2039,2730,2761
2038,2729,2760
2037,2727,2759
2036,2726,2757
2035,2725,2756
2034,2724,2755
2033,2722,2754
2032,2721,2752
2031,2720,2751
2030,2718,2750
2029,2717,2749
2028,2716,2747
2027,2714,2746
2026,2713,2745
2025,2712,2743
2024,2710,2742
2023,2709,2741
2022,2707,2739
2021,2706,2738
2020,2705,2737
2019,2703,2735
2018,2702,2734
2017,2700,2733
2016,2699,2731
2015,2698,2730
2014,2696,2728
2013,2695,2727
2012,2693,2726
2011,2692,2724
2010,2690,2723
2009,2689,2721
2008,2687,2720
2007,2686,2718
2006,2684,2717
2005,2683,2715
2004,2681,2714
2003,2679,2712
2002,2678,2711
2001,2676,2709
2000,2675,2708
1999,2673,2706
1998,2671,2705
1997,2670,2703
1996,2668,2701
1995,2666,2700
1994,2665,2698
1993,2663,2697
1992,2661,2695
1991,2660,2693
1990,2658,2692
1989,2656,2690
1988,2654,2688
1987,2653,2687
1986,2651,2685
1985,2649,2683
1984,2647,2681
1983,2645,2680
1982,2644,2678
1982,2050,2050
1981,2642,2676
1981,2049,2054
1980,2640,2674
1980,2050,2057
1979,2638,2673
1979,2051,2060
1978,2636,2671
1978,2052,2063
1977,2634,2669
1977,2053,2065
1976,2632,2667
1976,2055,2068
1975,2630,2665
1975,2056,2070
1974,2628,2664
1974,2057,2073
1973,2626,2662
1973,2059,2075
1972,2624,2660
1972,2060,2078
1971,2622,2658
1971,2062,2080
1970,2620,2656
1970,2063,2083
1969,2618,2654
1969,2065,2085
1968,2616,2652
1968,2066,2088
1967,2614,2650
1967,2068,2091
