1909,2011,2013
1908,2010,2017
1907,2010,2020
1906,2011,2023
1829,2181,2239
2600,2883,2894
1830,2176,2238
2601,2883,2894
1831,2171,2236
2602,2883,2894
1832,2167,2233
2603,2883,2894
1833,2163,2231
2604,2883,2895
1834,2159,2228
2605,2883,2895
1835,2155,2225
2606,2882,2895
1836,2151,2222
2607,2882,2895
1837,2147,2219
2608,2882,2895
1838,2144,2216
2609,2882,2895
1839,2140,2213
2610,2882,2895
1840,2137,2209
2611,2882,2895
1841,2134,2206
2612,2882,2895
1842,2131,2203
2613,2882,2895
1843,2128,2199
2614,2882,2896
1844,2125,2196
2615,2882,2896
1845,2122,2193
2616,2881,2896
1846,2119,2189
2617,2881,2896
1847,2116,2186
2618,2881,2896
1896,2022,2048
1895,2023,2051
1894,2024,2053
1893,2026,2056
1892,2027,2058
1891,2028,2061
1890,2030,2063
1889,2031,2066
1888,2033,2068
2658,2886,2888
1887,2034,2071
2657,2886,2889
1886,2036,2073
1856,2093,2157
2627,2881,2895
1855,2096,2160
2626,2881,2895
1854,2098,2163
2625,2881,2895
1853,2101,2166
2624,2881,2896
1852,2103,2170
2623,2881,2896
1851,2106,2173
2622,2881,2896
2631,2882,2895
1860,2084,2144
1850,2108,2176
2621,2881,2896
2630,2881,2895
1859,2086,2147
1849,2111,2179
2620,2881,2896
2629,2881,2895
1858,2089,2151
1848,2113,2183
2619,2881,2896
2628,2881,2895
1857,2091,2154
1861,2082,2141
2632,2882,2895
1862,2080,2138
2633,2882,2895
1863,2078,2135
2634,2882,2895
1864,2076,2133
2635,2882,2895
1865,2074,2130
2636,2882,2895
1866,2072,2127
2637,2882,2894
1867,2070,2124
2638,2882,2894
1868,2068,2121
2639,2882,2894
2648,2883,2892
1877,2051,2096
1869,2066,2118
2640,2882,2894
2649,2883,2892
1878,2049,2094
1870,2064,2115
2641,2882,2894
2650,2884,2892
1879,2047,2091
1871,2062,2113
2642,2882,2894
2651,2884,2892
1880,2046,2088
1872,2060,2110
2643,2882,2893
2652,2884,2891
1881,2044,2086
1873,2058,2107
2644,2883,2893
2653,2884,2891
1882,2042,2083
1874,2056,2104
2645,2883,2893
2654,2885,2891
1883,2041,2081
1875,2054,2102
2646,2883,2893
2655,2885,2890
1884,2039,2078
1876,2053,2099
2647,2883,2893
2656,2885,2890
1885,2037,2076
1828,2186,2240
2599,2884,2894
1827,2192,2241
2598,2884,2893
1826,2199,2241
2597,2884,2893
1825,2207,2239
2596,2885,2893
1824,2220,2232
2595,2885,2892
2594,2885,2892
2593,2886,2891
2592,2887,2891
2591,2887,2890
2536,3231,3237
1901,2015,2036
2537,3231,3236
1902,2014,2034
2538,3231,3236
1903,2013,2031
2539,3232,3236
1904,2012,2028
2540,3232,3235
1905,2012,2026
2535,3231,3237
1900,2017,2039
2534,3232,3237
1899,2018,2041
2533,3232,3236
1898,2019,2044
2532,3233,3236
1897,2020,2046
