2545,3223,3226
2546,3222,3226
2547,3222,3227
2548,3222,3227
2552,3223,3224
2551,3222,3225
2550,3222,3226
2549,3221,3226
1786,2178,2196
1787,2170,2200
1788,2163,2202
1789,2158,2202
1790,2153,2202
1791,2148,2202
1792,2144,2201
1793,2140,2200
1794,2137,2199
1795,2133,2197
1796,2130,2195
1797,2126,2193
1798,2123,2191
1799,2120,2189
1800,2118,2187
1801,2115,2184
1802,2112,2182
1803,2109,2179
1804,2107,2176
1805,2104,2174
1806,2102,2171
1807,2100,2168
1808,2097,2165
1838,2058,2064
1837,2056,2070
1836,2056,2075
1835,2056,2079
1834,2056,2083
1833,2057,2086
1832,2058,2090
1831,2059,2093
1830,2060,2097
1829,2061,2100
1828,2062,2103
1827,2063,2107
1826,2065,2110
1825,2066,2113
1824,2068,2116
1823,2069,2119
1822,2071,2123
1821,2072,2126
1820,2074,2129
1819,2076,2132
1818,2077,2135
1817,2079,2138
1816,2081,2141
1815,2083,2144
1814,2085,2147
1813,2087,2150
1812,2089,2153
1811,2091,2156
1810,2093,2159
1809,2095,2162
2988,2633,2665
2989,2631,2664
2990,2629,2663
2991,2628,2661
2992,2626,2660
2993,2624,2658
2994,2622,2657
2995,2621,2655
2996,2619,2654
2997,2617,2652
2998,2615,2650
2999,2613,2649
3000,2612,2647
3001,2610,2646
3002,2608,2644
3046,2532,2539
3045,2532,2545
3044,2532,2549
3043,2533,2553
3042,2534,2557
3041,2535,2560
3040,2537,2563
3039,2538,2566
3038,2540,2569
3037,2541,2572
3036,2543,2575
3035,2545,2577
3034,2547,2580
3033,2549,2583
3032,2551,2585
3015,2583,2621
3014,2585,2623
3013,2587,2625
3012,2589,2627
3011,2591,2629
3010,2593,2630
3009,2595,2632
3008,2597,2634
3007,2599,2636
3006,2601,2637
3005,2602,2639
3004,2604,2641
3003,2606,2642
3016,2581,2619
3017,2580,2617
3018,2578,2616
3019,2576,2614
3020,2574,2612
3021,2572,2610
3022,2570,2607
3023,2568,2605
3024,2566,2603
3025,2564,2601
3026,2562,2599
3027,2560,2597
3028,2558,2595
3029,2556,2592
3030,2554,2590
3031,2552,2587
2987,2635,2667
2986,2636,2668
2985,2638,2670
2984,2640,2671
2983,2641,2672
2982,2643,2674
2981,2645,2675
2980,2646,2677
2979,2648,2678
2978,2650,2679
2977,2651,2681
2976,2653,2682
2975,2654,2683
2974,2656,2684
2973,2658,2686
2972,2659,2687
2971,2661,2688
2970,2662,2690
2969,2664,2691
2968,2666,2692
2967,2667,2693
2966,2669,2694
2965,2670,2696
2964,2672,2697
2963,2673,2698
2962,2675,2699
2961,2676,2700
2960,2678,2701
2959,2679,2703
2958,2681,2704
2957,2682,2705
2956,2684,2706
2955,2685,2707
2954,2687,2708
2953,2688,2709
2952,2690,2710
2951,2691,2711
2950,2693,2713
2949,2694,2714
2948,2696,2715
2947,2697,2716
2946,2698,2717
2945,2700,2718
2944,2701,2719
2943,2703,2720
2942,2704,2721
2941,2706,2722
2940,2707,2723
2939,2708,2724
2938,2710,2725
2937,2711,2726
2936,2713,2726
2935,2714,2727
2934,2715,2728
2933,2717,2729
2932,2718,2730
2931,2720,2731
2930,2721,2732
2929,2722,2733
2928,2724,2733
2927,2725,2734
2926,2727,2735
2925,2728,2736
2924,2730,2736
2923,2731,2737
2922,2733,2738
2921,2734,2738
2920,2736,2739
