1869,2331,2361
1870,2308,2384
1871,2294,2398
1872,2283,2409
1873,2274,2418
1874,2266,2426
1875,2258,2433
1876,2252,2440
1877,2245,2446
1878,2239,2452
1879,2233,2457
1880,2228,2463
1881,2223,2468
1882,2218,2472
1883,2213,2477
1884,2209,2481
1885,2204,2486
1886,2200,2490
1887,2196,2338
1887,2368,2494
1888,2192,2314
1888,2393,2498
1889,2188,2300
1889,2407,2501
1890,2184,2289
1890,2418,2505
1891,2180,2279
1891,2428,2509
1892,2177,2271
1892,2436,2512
1893,2173,2263
1893,2444,2515
1894,2169,2257
1894,2451,2519
1895,2166,2250
1895,2458,2522
1896,2163,2244
1896,2464,2525
1897,2159,2238
1897,2470,2528
1898,2156,2233
1898,2475,2531
1899,2153,2228
1899,2481,2534
1900,2150,2223
1900,2486,2537
1901,2147,2218
1901,2491,2540
1902,2144,2213
1902,2496,2542
1903,2141,2209
1903,2500,2545
1904,2138,2205
1904,2505,2548
1905,2135,2200
1905,2509,2550
1906,2132,2196
1906,2513,2553
1907,2129,2192
1907,2518,2555
1908,2127,2189
1908,2522,2558
1909,2124,2185
1909,2526,2560
1910,2121,2181
1910,2530,2563
1911,2119,2178
1911,2534,2565
1912,2116,2174
1912,2537,2567
1913,2113,2171
1913,2541,2569
1914,2111,2167
1914,2545,2572
1915,2108,2164
1915,2548,2574
1916,2106,2161
1916,2552,2576
1917,2103,2158
1917,2556,2578
1918,2101,2154
1918,2559,2580
1919,2099,2151
1919,2563,2581
1920,2096,2148
1920,2566,2583
1921,2094,2145
1921,2570,2585
1922,2092,2142
1922,2574,2586
1923,2089,2140
1923,2577,2588
1924,2087,2137
1924,2581,2589
1925,2085,2134
1925,2586,2589
1926,2082,2131
1927,2080,2129
1928,2078,2126
1929,2076,2123
1930,2074,2121
1931,2072,2118
1932,2070,2115
1933,2068,2113
1934,2065,2110
1935,2063,2108
1936,2061,2106
1937,2059,2103
1938,2057,2101
1939,2055,2099
1940,2053,2096
1941,2052,2094
1942,2050,2092
1943,2048,2089
1944,2046,2087
1945,2044,2085
1946,2042,2083
1947,2040,2081
1948,2038,2079
1949,2037,2076
1950,2035,2074
1951,2033,2072
1952,2031,2070
1953,2029,2068
1954,2028,2066
1955,2026,2064
1956,2024,2062
1957,2022,2060
1958,2021,2058
1959,2019,2056
1960,2017,2054
1961,2016,2053
1962,2014,2051
1963,2012,2049
1964,2011,2047
1965,2009,2045
1966,2007,2043
1967,2006,2041
1968,2004,2040
1969,2003,2038
1970,2001,2036
1971,2000,2034
1972,1998,2033
1973,1996,2031
1974,1995,2029
1975,1993,2027
1976,1992,2026
1977,1990,2024
1978,1989,2022
1979,1987,2021
1980,1986,2019
1981,1984,2017
1982,1983,2016
1983,1981,2014
1984,1980,2012
1985,1979,2011
1986,1977,2009
1987,1976,2008
1988,1974,2006
1989,1973,2005
1990,1972,2003
1991,1970,2002
1992,1969,2000
1993,1967,1998
1994,1966,1997
1995,1965,1995
1996,1963,1994
1997,1962,1992
1998,1961,1991
1999,1959,1990
2000,1958,1988
2001,1957,1987
2002,1955,1985
2003,1954,1984
2004,1953,1982
2005,1951,1981
2006,1950,1980
2007,1949,1978
2008,1948,1977
2009,1946,1975
2010,1945,1974
2011,1944,1973
2012,1943,1971
2013,1941,1970
2014,1940,1969
2015,1939,1967
2016,1938,1966
2017,1936,1965
2018,1935,1963
2019,1934,1962
2020,1933,1961
2021,1932,1959
2022,1930,1958
2023,1929,1957
2024,1928,1955
2025,1927,1954
2026,1926,1953
2027,1925,1952
2028,1924,1950
2029,1922,1949
2030,1921,1948
2031,1920,1947
2032,1919,1946
2033,1918,1944
2034,1917,1943
2035,1916,1942
2036,1914,1941
2037,1913,1939
2038,1912,1938
2039,1911,1937
2040,1910,1936
2041,1909,1935
2042,1908,1934
2043,1907,1932
2044,1906,1931
2045,1905,1930
2046,1904,1929
2047,1903,1928
2048,1902,1927
2049,1901,1926
2050,1899,1924
2051,1898,1923
2052,1897,1922
2053,1896,1921
2054,1895,1920
2055,1894,1919
2056,1893,1918
2057,1892,1917
2058,1891,1916
2059,1890,1915
2060,1889,1914
2061,1888,1912
2062,1887,1911
2063,1886,1910
2064,1885,1909
2065,1884,1908
2066,1883,1907
2067,1882,1906
2068,1882,1905
2069,1881,1904
2070,1880,1903
2678,1723,1725
2679,1723,1725
2680,1723,1726
2681,1723,1726
2682,1724,1726
2683,1724,1726
2684,1724,1727
2685,1724,1727
2686,1725,1727
2687,1725,1727
2688,1725,1728
2689,1725,1728
2690,1726,1728
2691,1726,1728
2692,1726,1729
2693,1727,1729
2694,1727,1729
2695,1727,1729
2696,1727,1730
2697,1728,1730
2698,1728,1730
2699,1728,1731
2700,1729,1731
2701,1729,1731
2702,1729,1731
2703,1729,1732
2704,1730,1732
2705,1730,1732
2706,1730,1733
2707,1731,1733
2708,1731,1733
2709,1731,1733
2710,1731,1734
2711,1732,1734
2712,1732,1734
2713,1732,1735
2714,1733,1735
2715,1733,1735
2716,1733,1736
2717,1734,1736
2718,1734,1736
2719,1734,1736
2720,1735,1737
2721,1735,1737
2722,1735,1737
2723,1736,1738
2724,1736,1738
2725,1736,1738
2726,1737,1739
2727,1737,1739
2728,1737,1739
2729,1738,1740
2730,1738,1740
2731,1738,1740
2732,1739,1741
2733,1739,1741
2734,1739,1741
2735,1740,1742
2736,1740,1742
2737,1740,1742
2738,1741,1743
2739,1741,1743
2740,1741,1744
2741,1742,1744
2742,1742,1744
2743,1742,1745
2744,1743,1745
2745,1743,1745
2746,1743,1746
2747,1744,1746
2748,1744,1746
2749,1745,1747
2750,1745,1747
2751,1745,1748
2752,1746,1748
2753,1746,1748
2754,1746,1749
2755,1747,1749
2756,1747,1750
2757,1747,1750
2758,1748,1750
2759,1748,1751
2760,1749,1751
2761,1749,1752
2762,1749,1752
2763,1750,1752
2764,1750,1753
2765,1751,1753
2766,1751,1754
2767,1751,1754
2768,1752,1754
2769,1752,1755
2770,1753,1755
2771,1753,1756
2772,1753,1756
2773,1754,1757
2774,1754,1757
2775,1755,1757
2776,1755,1758
2777,1755,1758
2778,1756,1759
2779,1756,1759
2780,1757,1760
2781,1757,1760
2782,1757,1760
2783,1758,1761
2784,1758,1761
2785,1759,1762
2786,1759,1762
2787,1760,1763
2788,1760,1763
2789,1760,1764
2790,1761,1764
2791,1761,1765
2792,1762,1765
2793,1762,1766
2794,1763,1766
2795,1763,1767
2796,1764,1767
2797,1764,1767
2798,1764,1768
2799,1765,1768
2800,1765,1769
2801,1766,1769
2802,1766,1770
2803,1767,1770
2804,1767,1771
2805,1768,1771
2806,1768,1772
2807,1769,1772
2808,1769,1773
2809,1769,1773
2810,1770,1774
2811,1770,1774
2812,1771,1775
2813,1771,1775
2814,1772,1776
2815,1772,1777
2816,1773,1777
2817,1773,1778
2818,1774,1778
2819,1774,1779
2820,1775,1779
2821,1775,1780
2822,1776,1780
2823,1776,1781
2824,1777,1781
2825,1777,1782
2826,1778,1782
2827,1778,1783
2828,1779,1784
2829,1779,1784
2830,1780,1785
2831,1780,1785
2832,1781,1786
2833,1781,1786
2834,1782,1787
2835,1782,1788
2836,1783,1788
2837,1783,1789
2838,1784,1789
2839,1785,1790
2840,1785,1790
2841,1786,1791
2842,1786,1792
2843,1787,1792
2844,1787,1793
2845,1788,1793
2846,1788,1794
2847,1789,1795
2848,1789,1795
2849,1790,1796
2850,1791,1796
2851,1791,1797
2852,1792,1798
2853,1792,1798
2854,1793,1799
2855,1793,1799
2856,1794,1800
2857,1795,1801
2858,1795,1801
2859,1796,1802
2860,1796,1803
2861,1797,1803
2862,1797,1804
2863,1798,1805
2864,1799,1805
2865,1799,1806
2866,1800,1806
2867,1800,1807
2868,1801,1808
2869,1802,1808
2870,1802,1809
2871,1803,1810
2872,1803,1810
2873,1804,1811
2874,1805,1812
2875,1805,1812
2876,1806,1813
2877,1806,1814
2878,1807,1814
2879,1808,1815
2880,1808,1816
2881,1809,1817
2882,1810,1817
2883,1810,1818
2884,1811,1819
2885,1812,1819
2886,1812,1820
2887,1813,1821
2888,1813,1821
2889,1814,1822
2890,1815,1823
2891,1815,1824
2892,1816,1824
2893,1817,1825
2894,1817,1826
2895,1818,1827
2896,1819,1827
2897,1819,1828
2898,1820,1829
2899,1821,1829
2900,1821,1830
2901,1822,1831
2902,1823,1832
2903,1824,1832
2904,1824,1833
2905,1825,1834
2906,1826,1835
2907,1826,1836
2908,1827,1836
2909,1828,1837
2910,1828,1838
2911,1829,1839
2912,1830,1839
2913,1831,1840
2914,1831,1841
2915,1832,1842
2916,1833,1843
2917,1833,1843
2918,1834,1844
2919,1835,1845
2920,1836,1846
2921,1836,1847
2922,1837,1847
2923,1838,1848
2924,1839,1849
2925,1839,1850
2926,1840,1851
2927,1841,1852
2928,1842,1852
2929,1842,1853
2930,1843,1854
2931,1844,1855
2932,1845,1856
2933,1846,1857
2934,1846,1858
2935,1847,1858
2936,1848,1859
2937,1849,1860
2938,1849,1861
2939,1850,1862
2940,1851,1863
2941,1852,1864
2942,1853,1865
2943,1853,1865
2944,1854,1866
2945,1855,1867
2946,1856,1868
2947,1857,1869
2948,1858,1870
2949,1858,1871
2950,1859,1872
2951,1860,1873
2952,1861,1874
2953,1862,1875
2954,1863,1875
2955,1863,1876
2956,1864,1877
2957,1865,1878
2958,1866,1879
2959,1867,1880
2960,1868,1881
2961,1869,1882
3092,2026,2061
3093,2027,2063
3094,2029,2066
3095,2031,2068
3096,2032,2070
3097,2034,2072
3098,2036,2074
3099,2038,2076
3100,2039,2078
3101,2041,2080
3102,2043,2083
3103,2045,2085
3104,2047,2087
3105,2049,2089
3106,2050,2092
3107,2052,2094
3108,2054,2096
3109,2056,2099
3110,2058,2101
3111,2060,2104
3112,2062,2106
3152,2160,2249
3153,2163,2255
3154,2167,2262
3155,2170,2269
3156,2173,2277
3157,2458,2476
3157,2177,2285
3158,2443,2477
3158,2180,2295
3179,2308,2371
3123,2085,2135
3002,1908,1926
3124,2087,2138
3003,1909,1927
3125,2089,2141
3004,1910,1928
3126,2091,2144
3005,1911,1929
3127,2094,2147
3006,1912,1930
3128,2096,2150
3007,1913,1931
3129,2098,2153
3008,1914,1933
3130,2100,2156
3009,1915,1934
3131,2103,2159
3010,1916,1935
3132,2105,2163
3011,1917,1936
3151,2157,2243
2489,2893,2904
2489,1702,1710
3030,1939,1960
3165,2208,2461
3150,2154,2237
2488,2893,2904
2488,1702,1710
3029,1937,1959
3164,2204,2464
3149,2151,2232
3163,2200,2467
3148,2148,2227
3162,2196,2470
3147,2145,2222
3161,2192,2344
3161,2388,2472
3146,2142,2217
3160,2188,2321
3160,2413,2474
3133,2108,2166
3012,1918,1937
3134,2110,2169
3013,1919,1939
3135,2112,2173
3014,1920,1940
3136,2115,2176
3015,1921,1941
3137,2117,2180
3016,1923,1942
3138,2120,2184
3017,1924,1944
3139,2123,2187
3018,1925,1945
3140,2125,2191
3141,2128,2195
3142,2131,2199
3143,2133,2204
3144,2136,2208
3145,2139,2212
3159,2184,2306
3159,2429,2476
3122,2082,2132
3028,1936,1958
2487,2893,2904
2487,1702,1710
3001,1907,1924
3121,2080,2129
3027,1935,1956
2486,2894,2904
2486,1702,1710
3000,1906,1923
3120,2078,2127
3026,1934,1955
2485,2894,2903
2485,1703,1710
2999,1904,1922
3119,2076,2124
3025,1933,1954
2484,2894,2903
2484,1703,1710
2998,1903,1921
3118,2074,2121
3024,1932,1953
2483,2895,2903
2483,1703,1710
2997,1902,1920
3117,2072,2119
3023,1930,1951
2482,2895,2903
2482,1703,1711
2996,1901,1919
3116,2070,2116
3022,1929,1950
2481,2895,2902
2481,1703,1711
2995,1900,1918
3115,2068,2114
3021,1928,1949
2480,2896,2902
2480,1703,1711
2994,1899,1916
3114,2066,2111
3020,1927,1947
2479,2896,2901
2479,1703,1711
2993,1898,1915
3113,2064,2108
3019,1926,1946
2478,2897,2900
2478,1703,1711
2992,1897,1914
3166,2213,2457
3167,2218,2454
3168,2222,2450
3169,2227,2445
3170,2233,2441
3171,2238,2436
3172,2244,2431
3173,2251,2425
3174,2257,2419
3175,2265,2412
3176,2273,2404
3177,2282,2396
3178,2293,2385
3091,2024,2059
3090,2022,2057
3089,2021,2055
3088,2019,2054
3087,2017,2052
3086,2016,2050
3085,2014,2048
3084,2012,2046
3083,2011,2044
3082,2009,2042
3081,2008,2040
3080,2006,2038
3079,2005,2037
3078,2003,2035
3077,2002,2033
3076,2000,2031
3075,1999,2029
3074,1997,2028
3073,1996,2026
3072,1994,2024
3071,1993,2022
3070,1991,2021
3069,1990,2019
3068,1988,2017
3067,1987,2016
3066,1985,2014
3065,1984,2012
3064,1982,2011
3063,1981,2009
3062,1980,2007
3061,1978,2006
3060,1977,2004
3059,1976,2003
3058,1974,2001
2516,2898,2899
2516,1702,1709
3057,1973,1999
2515,2897,2900
2515,1702,1709
2515,3242,3243
3056,1971,1998
2514,2896,2901
2514,1702,1709
2514,3241,3244
3055,1970,1996
2513,2895,2902
2513,1702,1709
2513,3240,3245
3054,1969,1995
2512,2895,2902
2512,1702,1709
2512,3240,3245
3053,1967,1993
2511,2894,2903
2511,1702,1709
2511,3240,3246
3052,1966,1992
2510,2894,2903
2510,1702,1709
2510,3240,3246
3051,1965,1990
2509,2894,2903
2509,1702,1709
2509,3240,3246
3050,1963,1989
2508,2894,2903
2508,1702,1709
2508,3240,3245
3049,1962,1987
2507,2893,2904
2507,1702,1709
2507,3240,3245
3048,1961,1986
2506,2893,2904
2506,1702,1709
2506,3241,3244
3047,1960,1984
2505,2893,2904
2505,1702,1709
2505,3241,3244
3046,1958,1983
2504,2893,2904
2504,1702,1709
3045,1957,1981
2503,2893,2904
2503,1702,1709
3044,1956,1980
2502,2893,2904
2502,1702,1709
3043,1954,1978
2501,2893,2905
2501,1702,1709
3042,1953,1977
2500,2893,2905
2500,1702,1709
3041,1952,1976
2499,2893,2905
2499,1702,1709
3040,1951,1974
2498,2892,2905
2498,1702,1709
3039,1949,1973
2497,2892,2905
2497,1702,1710
3038,1948,1971
2496,2892,2905
2496,1702,1710
3037,1947,1970
2495,2893,2905
2495,1702,1710
3036,1946,1969
2494,2893,2905
2494,1702,1710
3035,1945,1967
2493,2893,2905
2493,1702,1710
3034,1943,1966
2492,2893,2905
2492,1702,1710
3033,1942,1964
2491,2893,2904
2491,1702,1710
3032,1941,1963
2490,2893,2904
2490,1702,1710
3031,1940,1962
2991,1896,1913
2990,1895,1912
2989,1894,1911
2988,1893,1910
2987,1893,1909
2986,1892,1908
2985,1891,1907
2984,1890,1905
2983,1889,1904
2982,1888,1903
2981,1887,1902
2980,1886,1901
2979,1885,1900
2978,1884,1899
2977,1883,1898
2976,1882,1897
2975,1881,1896
2974,1880,1895
2973,1879,1894
2972,1878,1893
2971,1877,1892
2970,1877,1891
2969,1876,1890
2968,1875,1889
2967,1874,1888
2966,1873,1887
2965,1872,1886
2964,1871,1885
2963,1870,1884
2962,1869,1883
2677,1722,1725
2676,1722,1725
2675,1722,1724
2674,1722,1724
2673,1721,1724
2672,1721,1724
2671,1721,1724
2670,1721,1723
2669,1720,1723
2668,1720,1723
2667,1720,1723
2666,1720,1722
2665,1719,1722
2664,1719,1722
2663,1719,1722
2662,1719,1722
2661,1718,1721
2660,1718,1721
2659,1718,1721
2658,1718,1721
2657,1718,1721
2656,1717,1720
2655,1717,1720
2654,1717,1720
2653,1717,1720
2652,1716,1720
2651,1716,1719
2650,1716,1719
2649,1716,1719
2648,1716,1719
2647,1715,1719
2646,1715,1719
2645,1715,1718
2644,1715,1718
2643,1715,1718
2642,1714,1718
2641,1714,1718
2640,1714,1717
2639,1714,1717
2638,1714,1717
2637,1713,1717
2636,1713,1717
2635,1713,1717
2634,1713,1716
2633,1713,1716
2632,1712,1716
2631,1712,1716
2630,1712,1716
2629,1712,1716
2628,1712,1716
2627,1712,1715
2626,1711,1715
2625,1711,1715
2624,1711,1715
2623,1711,1715
2622,1711,1715
2621,1711,1715
2620,1710,1714
2619,1710,1714
2618,1710,1714
2617,1710,1714
2616,1710,1714
2615,1710,1714
2614,1709,1714
2613,1709,1713
2612,1709,1713
2611,1709,1713
2610,1709,1713
2609,1709,1713
2608,1709,1713
2607,1708,1713
2606,1708,1713
2605,1708,1713
2604,1708,1712
2603,1708,1712
2602,1708,1712
2601,1708,1712
2600,1707,1712
2599,1707,1712
2598,1707,1712
2597,1707,1712
2596,1707,1712
2595,1707,1711
2594,1707,1711
2593,1707,1711
2592,1706,1711
2591,1706,1711
2590,1706,1711
2589,1706,1711
2588,1706,1711
2587,1706,1711
2586,1706,1711
2585,1706,1711
2584,1706,1711
2583,1705,1710
2582,1705,1710
2581,1705,1710
2580,1705,1710
2579,1705,1710
2578,1705,1710
2577,1705,1710
2576,1705,1710
2575,1705,1710
2574,1705,1710
2573,1704,1710
2572,1704,1710
2571,1704,1710
2570,1704,1710
2569,1704,1710
2568,1704,1709
2567,1704,1709
2566,1704,1709
2565,1704,1709
2564,1704,1709
2563,1704,1709
2562,1704,1709
2561,1703,1709
2560,1703,1709
2559,1703,1709
2558,1703,1709
2557,1703,1709
2556,1703,1709
2555,1703,1709
2554,1703,1709
2553,1703,1709
2552,1703,1709
2551,1703,1709
2550,1703,1709
2549,1703,1709
2548,1703,1709
2547,1703,1709
2546,1703,1709
2545,1703,1709
2544,1702,1709
2543,1702,1709
2542,1702,1709
2541,1702,1709
2540,1702,1709
2539,1702,1709
2538,1702,1709
2537,1702,1709
2536,1702,1709
2535,1702,1709
2534,1702,1709
2533,1702,1709
2532,1702,1709
2531,1702,1709
2530,1702,1709
2529,1702,1709
2528,1702,1709
2527,1702,1709
2526,1702,1709
2525,1702,1709
2524,1702,1709
2523,1702,1709
2522,1702,1709
2521,1702,1709
2520,1702,1709
2519,1702,1709
2518,1702,1709
2517,1702,1709
2477,1703,1711
2476,1703,1711
2475,1703,1711
2474,1703,1711
2473,1703,1711
2472,1703,1711
2471,1703,1711
2470,1703,1712
2469,1703,1712
2468,1704,1712
2467,1704,1712
2466,1704,1712
2465,1704,1712
2464,1704,1712
2463,1704,1712
2462,1704,1712
2461,1704,1713
2460,1704,1713
2459,1704,1713
2458,1704,1713
2457,1704,1713
2456,1704,1713
2455,1705,1713
2454,1705,1713
2453,1705,1713
2452,1705,1714
2451,1705,1714
2450,1705,1714
2449,1705,1714
2448,1705,1714
2447,1705,1714
2446,1705,1714
2445,1706,1715
2444,1706,1715
2443,1706,1715
2442,1706,1715
2441,1706,1715
2440,1706,1715
2439,1706,1715
2438,1706,1716
2437,1707,1716
2436,1707,1716
2435,1707,1716
2434,1707,1716
2433,1707,1716
2432,1707,1716
2431,1707,1717
2430,1707,1717
2429,1708,1717
2428,1708,1717
2427,1708,1717
2426,1708,1717
2425,1708,1718
2424,1708,1718
2423,1708,1718
2422,1709,1718
2421,1709,1718
2420,1709,1718
2419,1709,1719
2418,1709,1719
2417,1709,1719
2416,1709,1719
2415,1710,1719
2414,1710,1720
2413,1710,1720
2412,1710,1720
2411,1710,1720
2410,1710,1720
2409,1711,1720
2408,1711,1721
2407,1711,1721
2406,1711,1721
2405,1711,1721
2404,1711,1721
2403,1712,1722
2402,1712,1722
2401,1712,1722
2400,1712,1722
2399,1712,1723
2398,1712,1723
2397,1713,1723
2396,1713,1723
2395,1713,1723
2394,1713,1724
2393,1713,1724
2392,1714,1724
2391,1714,1724
2390,1714,1724
2389,1714,1725
2388,1714,1725
2387,1715,1725
2386,1715,1725
2385,1715,1726
2384,1715,1726
2383,1715,1726
2382,1716,1726
2381,1716,1727
2380,1716,1727
2379,1716,1727
2378,1716,1727
2377,1717,1728
2376,1717,1728
2375,1717,1728
2374,1717,1728
2373,1718,1729
2372,1718,1729
2371,1718,1729
2370,1718,1729
2369,1718,1730
2368,1719,1730
2367,1719,1730
2366,1719,1730
2365,1719,1731
2364,1720,1731
2363,1720,1731
2362,1720,1731
2361,1720,1732
2360,1721,1732
2359,1721,1732
2358,1721,1733
2357,1721,1733
2356,1722,1733
2355,1722,1733
2354,1722,1734
2353,1722,1734
2352,1723,1734
2351,1723,1735
2350,1723,1735
2349,1723,1735
2348,1724,1735
2347,1724,1736
2346,1724,1736
2345,1725,1736
2344,1725,1737
2343,1725,1737
2342,1725,1737
2341,1726,1738
2340,1726,1738
2339,1726,1738
2338,1726,1739
2337,1727,1739
2336,1727,1739
2335,1727,1740
2334,1728,1740
2333,1728,1740
2332,1728,1740
2331,1729,1741
2330,1729,1741
2329,1729,1741
2328,1729,1742
2327,1730,1742
2326,1730,1742
2325,1730,1743
2324,1731,1743
2323,1731,1743
2322,1731,1744
2321,1732,1744
2320,1732,1745
2319,1732,1745
2318,1733,1745
2317,1733,1746
2316,1733,1746
2315,1734,1746
2314,1734,1747
2313,1734,1747
2312,1735,1747
2311,1735,1748
2310,1735,1748
2309,1736,1748
2308,1736,1749
2307,1736,1749
2306,1737,1750
2305,1737,1750
2304,1737,1750
2303,1738,1751
2302,1738,1751
2301,1738,1751
2300,1739,1752
2299,1739,1752
2298,1739,1753
2297,1740,1753
2296,1740,1753
2295,1740,1754
2294,1741,1754
2293,1741,1755
2292,1741,1755
2291,1742,1755
2290,1742,1756
2289,1743,1756
2288,1743,1757
2287,1743,1757
2286,1744,1757
2285,1744,1758
2284,1744,1758
2283,1745,1759
2282,1745,1759
2281,1746,1760
2280,1746,1760
2279,1746,1760
2278,1747,1761
2277,1747,1761
2276,1748,1762
2275,1748,1762
2274,1748,1763
2273,1749,1763
2272,1749,1763
2271,1750,1764
2270,1750,1764
2269,1750,1765
2268,1751,1765
2267,1751,1766
2266,1752,1766
2265,1752,1767
2264,1753,1767
2263,1753,1767
2262,1753,1768
2261,1754,1768
2260,1754,1769
2259,1755,1769
2258,1755,1770
2257,1756,1770
2256,1756,1771
2255,1756,1771
2254,1757,1772
2253,1757,1772
2252,1758,1773
2251,1758,1773
2250,1759,1774
2249,1759,1774
2248,1760,1775
2247,1760,1775
2246,1760,1776
2245,1761,1776
2244,1761,1776
2243,1762,1777
2242,1762,1777
2241,1763,1778
2240,1763,1779
2239,1764,1779
2238,1764,1780
2237,1765,1780
2236,1765,1781
2235,1766,1781
2234,1766,1782
2233,1767,1782
2232,1767,1783
2231,1768,1783
2230,1768,1784
2229,1769,1784
2228,1769,1785
2227,1770,1785
2226,1770,1786
2225,1771,1786
2224,1771,1787
2223,1772,1787
2222,1772,1788
2221,1773,1789
2220,1773,1789
2219,1774,1790
2218,1774,1790
2217,1775,1791
2216,1775,1791
2215,1776,1792
2214,1776,1792
2213,1777,1793
2212,1777,1794
2211,1778,1794
2210,1778,1795
2209,1779,1795
2208,1779,1796
2207,1780,1796
2206,1781,1797
2205,1781,1798
2204,1782,1798
2203,1782,1799
2202,1783,1799
2201,1783,1800
2200,1784,1801
2199,1784,1801
2198,1785,1802
2197,1786,1802
2196,1786,1803
2195,1787,1804
2194,1787,1804
2193,1788,1805
2192,1788,1805
2191,1789,1806
2190,1790,1807
2189,1790,1807
2188,1791,1808
2187,1791,1809
2186,1792,1809
2185,1792,1810
2184,1793,1810
2183,1794,1811
2182,1794,1812
2181,1795,1812
2180,1795,1813
2179,1796,1814
2178,1797,1814
2177,1797,1815
2176,1798,1816
2175,1799,1816
2174,1799,1817
2173,1800,1818
2172,1800,1818
2171,1801,1819
2170,1802,1820
2169,1802,1820
2168,1803,1821
2167,1804,1822
2166,1804,1822
2165,1805,1823
2164,1806,1824
2163,1806,1824
2162,1807,1825
2161,1807,1826
2160,1808,1827
2159,1809,1827
2158,1809,1828
2157,1810,1829
2156,1811,1829
2155,1811,1830
2154,1812,1831
2153,1813,1832
2152,1813,1832
2151,1814,1833
2150,1815,1834
2149,1816,1834
2148,1816,1835
2147,1817,1836
2146,1818,1837
2145,1818,1837
2144,1819,1838
2143,1820,1839
2142,1820,1840
2141,1821,1840
2140,1822,1841
2139,1823,1842
2138,1823,1843
2137,1824,1844
2136,1825,1844
2135,1825,1845
2134,1826,1846
2133,1827,1847
2132,1828,1847
2131,1828,1848
2130,1829,1849
2129,1830,1850
2128,1831,1851
2127,1831,1851
2126,1832,1852
2125,1833,1853
2124,1834,1854
2123,1834,1855
2122,1835,1855
2121,1836,1856
2120,1837,1857
2119,1837,1858
2118,1838,1859
2117,1839,1860
2116,1840,1860
2115,1841,1861
2114,1841,1862
2113,1842,1863
2112,1843,1864
2111,1844,1865
2110,1845,1866
2109,1845,1866
2108,1846,1867
2107,1847,1868
2106,1848,1869
2105,1849,1870
2104,1849,1871
2103,1850,1872
2102,1851,1873
2101,1852,1873
2100,1853,1874
2099,1854,1875
2098,1855,1876
2097,1855,1877
2096,1856,1878
2095,1857,1879
2094,1858,1880
2093,1859,1881
2092,1860,1882
2091,1861,1883
2090,1861,1884
2089,1862,1884
2088,1863,1885
2087,1864,1886
2086,1865,1887
2085,1866,1888
2084,1867,1889
2083,1868,1890
2082,1868,1891
2081,1869,1892
2080,1870,1893
2079,1871,1894
2078,1872,1895
2077,1873,1896
2076,1874,1897
2075,1875,1898
2074,1876,1899
2073,1877,1900
2072,1878,1901
2071,1879,1902
