3256,2423,2449
3255,2414,2461
1985,2150,2159
3254,2408,2469
1984,2149,2165
3253,2404,2476
1983,2149,2171
3252,2402,2482
1982,2150,2176
3251,2400,2487
1981,2151,2180
3237,2431,2530
1967,2178,2242
3238,2426,2528
1968,2176,2238
3239,2422,2526
1969,2173,2233
3240,2417,2523
1970,2171,2229
3241,2413,2521
1971,2169,2224
3242,2410,2519
1972,2166,2220
3225,2516,2533
1955,2216,2293
1954,2220,2296
1953,2225,2298
1952,2229,2301
1980,2152,2185
3250,2399,2491
1951,2234,2303
1979,2154,2189
3249,2398,2496
1950,2240,2304
1978,2155,2194
3248,2398,2500
1949,2246,2304
1977,2157,2198
3247,2399,2503
1948,2253,2303
1976,2159,2203
3246,2400,2507
1947,2261,2300
1975,2160,2207
3245,2402,2510
1946,2274,2293
1974,2162,2211
3244,2404,2513
3232,2461,2537
1962,2192,2264
2470,3231,3238
3233,2454,2536
1963,2189,2260
2471,3232,3238
3234,2448,2535
1964,2186,2256
2472,3232,3238
3235,2442,2533
1965,2183,2251
2473,3233,3238
3236,2437,2532
1966,2181,2247
2474,3234,3237
3231,2467,2538
1961,2195,2269
2469,3231,3238
3230,2474,2539
1960,2198,2273
2468,3231,3238
3229,2481,2539
1959,2201,2277
2467,3231,3237
3228,2488,2539
1958,2205,2281
2466,3231,3236
3227,2496,2539
1957,2208,2285
2465,3232,3236
3226,2505,2537
1956,2212,2289
2464,3233,3234
1973,2164,2216
3243,2407,2516
