2537,3230,3233
2538,3229,3233
2539,3229,3234
2540,3228,3234
2544,3229,3232
2543,3228,3233
2542,3228,3233
2541,3228,3233
2627,2884,2886
2628,2883,2887
2629,2883,2888
2630,2882,2888
2631,2882,2889
2632,2881,2889
2633,2881,2889
2634,2881,2889
2635,2880,2890
2636,2880,2890
2637,2880,2890
2638,2880,2890
2639,2879,2890
2640,2879,2891
2641,2879,2891
2642,2879,2891
2643,2878,2891
2644,2878,2891
2645,2878,2891
2646,2878,2891
2647,2878,2891
2648,2878,2891
2649,2877,2891
2650,2877,2891
2651,2877,2891
2652,2877,2891
2653,2877,2891
2654,2877,2891
2655,2876,2891
2656,2876,2891
2657,2876,2891
2658,2876,2891
2659,2876,2891
2660,2876,2891
2661,2876,2891
2662,2876,2891
2663,2875,2891
2664,2875,2891
2665,2875,2891
2666,2875,2891
2667,2875,2891
2668,2875,2891
2669,2875,2891
2670,2875,2891
2671,2875,2891
3060,2563,2564
3059,2562,2569
3058,2563,2573
3057,2564,2577
3056,2565,2580
3055,2567,2583
3054,2568,2586
3053,2570,2589
3052,2572,2592
3051,2573,2594
3050,2575,2597
3049,2577,2599
3048,2579,2602
3047,2580,2604
3046,2582,2607
3045,2584,2609
3044,2586,2611
3043,2588,2613
3042,2590,2616
3041,2591,2618
3040,2593,2620
3039,2595,2622
3038,2597,2624
3037,2599,2626
3036,2600,2628
3035,2602,2630
3034,2604,2632
3033,2606,2634
3032,2607,2636
3031,2609,2638
3030,2611,2640
3029,2613,2642
3028,2614,2644
3027,2616,2646
3026,2618,2647
3025,2620,2649
3024,2621,2651
3023,2623,2653
3022,2625,2655
3021,2626,2656
3020,2628,2658
3019,2630,2660
3018,2631,2661
3017,2633,2663
3016,2635,2665
3015,2636,2666
3014,2638,2668
3013,2640,2670
3012,2641,2671
3011,2643,2673
3010,2644,2674
3009,2646,2676
3008,2647,2678
3007,2649,2679
3006,2651,2681
3005,2652,2682
3004,2654,2684
3003,2655,2685
3002,2657,2687
3001,2658,2688
3000,2660,2690
2999,2661,2691
2998,2663,2693
2997,2664,2694
2996,2666,2695
2995,2667,2697
2994,2668,2698
2993,2670,2700
2992,2671,2701
2991,2673,2702
2990,2674,2704
2989,2676,2705
2988,2677,2706
2987,2678,2708
2986,2680,2709
2985,2681,2710
2984,2682,2712
2983,2684,2713
2982,2685,2714
2981,2687,2716
2980,2688,2717
2979,2689,2718
2978,2691,2720
2977,2692,2721
2976,2693,2722
2975,2694,2723
2974,2696,2725
2973,2697,2726
2972,2698,2727
2971,2700,2728
2970,2701,2729
2969,2702,2731
2968,2703,2732
2967,2705,2733
2966,2706,2734
2965,2707,2735
2964,2708,2737
2893,2781,2805
2892,2782,2806
2891,2782,2806
2890,2783,2807
2889,2784,2808
2888,2785,2809
2887,2786,2810
2886,2786,2810
2885,2787,2811
2884,2788,2812
2883,2789,2813
2882,2790,2813
2881,2790,2814
2880,2791,2815
2879,2792,2815
2878,2793,2816
2877,2794,2817
2876,2794,2818
2875,2795,2818
2874,2796,2819
2873,2797,2820
2872,2797,2820
2871,2798,2821
2870,2799,2822
2869,2800,2823
2868,2800,2823
2867,2801,2824
2866,2802,2825
2865,2803,2825
2864,2803,2826
2863,2804,2827
2862,2805,2827
2861,2805,2828
2860,2806,2829
2859,2807,2829
2700,2871,2888
2699,2871,2888
2698,2871,2888
2697,2872,2888
2696,2872,2888
2695,2872,2888
2694,2872,2889
2693,2872,2889
2692,2872,2889
2691,2872,2889
2690,2872,2889
2689,2873,2889
2688,2873,2889
2687,2873,2889
2686,2873,2890
2685,2873,2890
2684,2873,2890
2683,2873,2890
2682,2873,2890
2681,2873,2890
2680,2874,2890
2679,2874,2890
2678,2874,2890
2677,2874,2890
2676,2874,2891
2675,2874,2891
2674,2874,2891
2673,2874,2891
2672,2874,2891
2701,2871,2888
2894,2780,2804
1812,2203,2217
2840,2819,2841
2702,2871,2887
2895,2779,2803
1813,2192,2223
2841,2819,2840
2703,2871,2887
2896,2778,2802
1814,2185,2224
2842,2818,2840
2704,2871,2887
2897,2777,2802
1815,2179,2225
2843,2818,2839
2705,2870,2887
2898,2776,2801
1816,2173,2225
2844,2817,2838
2706,2870,2887
2899,2776,2800
1817,2168,2224
2845,2816,2838
2707,2870,2887
2900,2775,2799
1818,2163,2222
2846,2816,2837
2708,2870,2886
2901,2774,2798
1819,2159,2221
2847,2815,2837
2709,2870,2886
2902,2773,2798
1820,2155,2219
2848,2814,2836
2710,2870,2886
2903,2772,2797
1821,2151,2217
2849,2814,2835
2711,2870,2886
2904,2771,2796
1822,2147,2215
2850,2813,2835
2950,2725,2752
1868,2044,2078
2949,2726,2753
1867,2045,2081
2948,2727,2754
1866,2047,2084
2947,2728,2755
1865,2048,2087
2946,2729,2756
1864,2050,2090
2945,2730,2757
1863,2051,2092
2944,2732,2759
1862,2053,2095
2943,2733,2760
1861,2054,2098
2942,2734,2761
1860,2056,2101
2941,2735,2762
1859,2058,2104
2940,2736,2763
1858,2059,2107
2939,2737,2764
1857,2061,2110
2938,2738,2765
1856,2063,2112
2937,2739,2766
1855,2065,2115
2936,2740,2767
1854,2066,2118
2935,2741,2768
1853,2068,2121
2922,2754,2780
1840,2095,2161
2923,2753,2779
1841,2093,2158
2924,2752,2778
1842,2091,2155
2925,2751,2777
1843,2089,2151
2926,2750,2776
1844,2086,2148
2927,2749,2775
1845,2084,2145
2928,2748,2774
1846,2082,2142
2929,2747,2774
1847,2080,2139
2930,2746,2773
1848,2078,2136
2931,2745,2772
1849,2076,2133
2932,2744,2771
1850,2074,2130
2933,2743,2770
1851,2072,2127
2934,2742,2769
1852,2070,2124
2951,2724,2751
1869,2043,2075
2952,2723,2750
1870,2041,2073
2953,2721,2749
1871,2040,2070
2954,2720,2748
1872,2039,2067
2955,2719,2747
1873,2038,2064
2956,2718,2746
1874,2037,2061
2957,2717,2745
1875,2035,2058
2958,2716,2743
1876,2035,2055
2959,2714,2742
1877,2034,2052
2960,2713,2741
1878,2033,2049
2961,2712,2740
1879,2033,2045
2962,2711,2739
1880,2033,2042
2963,2710,2738
1881,2034,2036
2728,2866,2883
2921,2755,2781
1839,2098,2164
2727,2867,2883
2920,2756,2782
1838,2100,2167
2726,2867,2883
2919,2757,2783
1837,2103,2170
2725,2867,2883
2918,2758,2784
1836,2105,2173
2724,2867,2883
2917,2759,2785
1835,2108,2176
2723,2867,2884
2916,2760,2786
1834,2110,2180
2722,2868,2884
2915,2761,2786
1833,2113,2183
2721,2868,2884
2914,2762,2787
1832,2116,2186
2720,2868,2884
2913,2763,2788
1831,2118,2189
2719,2868,2884
2912,2764,2789
1830,2121,2192
2858,2808,2830
2718,2868,2885
2911,2765,2790
1829,2124,2195
2857,2808,2830
2717,2869,2885
2910,2766,2791
1828,2127,2198
2856,2809,2831
2716,2869,2885
2909,2767,2792
1827,2130,2201
2855,2810,2832
2715,2869,2885
2908,2768,2793
1826,2133,2204
2854,2810,2832
2714,2869,2885
2907,2768,2793
1825,2137,2207
2853,2811,2833
2713,2869,2886
2906,2769,2794
1824,2140,2209
2852,2812,2834
2712,2869,2886
2905,2770,2795
1823,2143,2212
2851,2812,2834
2729,2866,2882
2730,2866,2882
2731,2866,2882
2732,2865,2882
2733,2865,2881
2734,2865,2881
2735,2865,2881
2736,2865,2881
2737,2864,2880
2738,2864,2880
2739,2864,2880
2740,2864,2880
2741,2863,2880
2742,2863,2879
2743,2863,2879
2744,2862,2879
2745,2862,2879
2746,2862,2878
2747,2862,2878
2748,2861,2878
2749,2861,2877
2750,2861,2877
2751,2861,2877
2752,2860,2877
2753,2860,2876
2754,2860,2876
2755,2859,2876
2756,2859,2876
2757,2859,2875
2758,2858,2875
2759,2858,2875
2760,2858,2874
2761,2857,2874
2762,2857,2874
2763,2857,2874
2764,2856,2873
2765,2856,2873
2766,2856,2873
2767,2855,2872
2768,2855,2872
2769,2855,2872
2770,2854,2871
2771,2854,2871
2772,2853,2871
2773,2853,2870
2774,2853,2870
2775,2852,2870
2776,2852,2869
2777,2852,2869
2778,2851,2869
2779,2851,2868
2780,2850,2868
2781,2850,2868
2782,2850,2867
2783,2849,2867
2784,2849,2867
2785,2848,2866
2786,2848,2866
2787,2847,2865
2788,2847,2865
2789,2847,2865
2790,2846,2864
2791,2846,2864
2792,2845,2864
2793,2845,2863
2794,2844,2863
2795,2844,2862
2796,2843,2862
2797,2843,2862
2798,2842,2861
2799,2842,2861
2800,2841,2860
2801,2841,2860
2802,2841,2859
2803,2840,2859
2804,2840,2859
2805,2839,2858
2806,2839,2858
2807,2838,2857
2808,2838,2857
2809,2837,2856
2810,2837,2856
2811,2836,2855
2812,2835,2855
2813,2835,2855
2814,2834,2854
2815,2834,2854
2816,2833,2853
2817,2833,2853
2818,2832,2852
2819,2832,2852
2820,2831,2851
2821,2831,2851
2822,2830,2850
2823,2830,2850
2824,2829,2849
2825,2828,2849
2826,2828,2848
2827,2827,2848
2828,2827,2847
2829,2826,2847
2830,2825,2846
2831,2825,2846
2832,2824,2845
2833,2824,2845
2834,2823,2844
2835,2822,2843
2836,2822,2843
2837,2821,2842
2838,2821,2842
2839,2820,2841
