2248,2892,2894
2249,2892,2895
2250,2892,2896
2251,2892,2897
2252,2892,2898
2253,2892,2899
2254,2892,2899
2255,2892,2900
2256,2892,2901
2257,2892,2901
2258,2892,2902
2259,2892,2902
2260,2892,2903
2261,2893,2903
2262,2893,2904
2263,2893,2904
2264,2893,2905
2265,2893,2905
2266,2893,2906
2267,2893,2906
2268,2894,2907
2269,2894,2907
2270,2894,2907
2271,2894,2908
2272,2894,2908
2273,2895,2908
2274,2895,2909
2275,2895,2909
2276,2895,2910
2277,2895,2910
2278,2895,2910
2279,2896,2911
2280,2896,2911
2281,2896,2911
2282,2896,2912
2283,2896,2912
2284,2896,2912
2285,2897,2912
2286,2897,2913
2287,2897,2913
2288,2897,2913
2289,2897,2914
2290,2897,2914
2291,2898,2914
2292,2898,2914
2293,2898,2915
2294,2898,2915
2295,2898,2915
2296,2898,2915
2297,2899,2915
2298,2899,2916
2299,2899,2916
2300,2899,2916
2301,2899,2916
2302,2899,2916
2303,2900,2917
2304,2900,2917
2305,2900,2917
2306,2900,2917
2307,2900,2917
2308,2900,2917
2309,2900,2918
2310,2901,2918
2311,2901,2918
2312,2901,2918
2313,2901,2918
2314,2901,2918
2315,2901,2918
2316,2901,2918
2317,2902,2919
2318,2902,2919
2319,2902,2919
2320,2902,2919
2321,2902,2919
2322,2902,2919
2323,2902,2919
2324,2902,2919
2325,2903,2919
2326,2903,2919
2327,2903,2919
2328,2903,2920
2329,2903,2920
2330,2903,2920
2331,2903,2920
2332,2903,2920
2333,2904,2920
2384,2912,2914
2383,2911,2915
2382,2911,2915
2381,2910,2916
2380,2910,2916
2379,2910,2916
2378,2909,2917
2377,2909,2917
2376,2909,2917
2375,2909,2917
2374,2908,2918
2373,2908,2918
2372,2908,2918
2371,2908,2918
2370,2908,2918
2369,2908,2918
2368,2907,2919
2367,2907,2919
1958,2153,2205
2339,2904,2920
1957,2155,2210
2338,2904,2920
1956,2158,2214
2337,2904,2920
1955,2160,2219
2336,2904,2920
2347,2905,2920
2348,2905,2920
2349,2905,2920
2350,2905,2920
2351,2905,2920
2352,2905,2920
1954,2162,2223
2335,2904,2920
1971,2129,2152
2485,3240,3240
2358,2906,2920
1953,2165,2228
2334,2904,2920
1970,2130,2156
2484,3238,3242
2357,2906,2920
3237,2404,2417
1952,2168,2232
1969,2132,2160
2483,3237,3242
1975,2127,2133
2356,2906,2920
3236,2387,2436
1951,2170,2237
1968,2133,2164
2482,3237,3242
1974,2127,2139
2355,2906,2920
1967,2135,2168
2481,3236,3242
1973,2127,2144
2354,2906,2920
1966,2137,2172
2480,3236,3242
1972,2128,2148
2353,2906,2920
3206,2501,2526
3221,2380,2508
1936,2221,2324
3207,2491,2528
3222,2374,2506
1937,2216,2318
3208,2482,2529
3223,2370,2503
1938,2212,2312
1950,2173,2242
3235,2378,2446
2479,3236,3242
1965,2139,2176
2346,2905,2920
1949,2176,2247
3234,2373,2454
2478,3236,3242
1964,2140,2180
2345,2905,2920
1948,2179,2252
3233,2368,2460
2477,3236,3242
1963,2142,2184
2344,2905,2920
1947,2181,2258
3232,2365,2466
2476,3236,3241
1962,2144,2189
2343,2905,2920
1946,2185,2263
3231,2363,2472
2475,3236,3240
1961,2146,2193
2342,2904,2920
1945,2188,2269
3230,2361,2477
2474,3238,3239
1960,2149,2197
2341,2904,2920
1944,2191,2274
3229,2360,2481
1959,2151,2201
2340,2904,2920
3228,2360,2485
1943,2194,2280
3227,2360,2489
1942,2198,2286
3226,2361,2493
1941,2201,2293
3210,2465,2528
3225,2363,2496
1940,2205,2299
3209,2473,2529
3224,2366,2500
1939,2208,2305
3220,2386,2511
1935,2225,2330
3219,2393,2513
1934,2230,2336
3218,2400,2516
1933,2235,2340
3217,2408,2518
1932,2240,2344
3216,2416,2520
1931,2246,2347
3215,2424,2522
1930,2252,2348
3214,2432,2524
1929,2259,2347
3213,2440,2525
1928,2266,2345
3212,2449,2526
1927,2275,2341
3211,2457,2528
1926,2287,2334
2359,2906,2919
2360,2906,2919
2361,2906,2919
2362,2907,2919
2363,2907,2919
2364,2907,2919
2365,2907,2919
2366,2907,2919
