3161,2174,2189
3162,2175,2196
3163,2176,2202
3164,2178,2209
3165,2179,2215
3166,2181,2222
3167,2184,2229
3168,2186,2236
3169,2188,2243
3169,2486,2497
3170,2191,2251
3170,2472,2500
3171,2193,2260
3171,2461,2500
3172,2196,2269
3172,2449,2500
3173,2199,2279
3173,2438,2498
3174,2202,2291
3174,2424,2497
3175,2205,2306
3175,2409,2495
3176,2208,2327
3176,2387,2493
3177,2211,2491
3178,2214,2488
3179,2218,2485
3180,2221,2482
3181,2225,2479
3182,2229,2476
3183,2233,2473
3184,2237,2469
3185,2241,2465
3186,2246,2461
3187,2250,2457
3197,2327,2384
3196,2313,2398
3195,2302,2408
1949,2075,2113
1949,2587,2636
1922,2138,2199
1922,2504,2572
2463,2896,2909
1916,2155,2226
1916,2478,2555
2457,2896,2908
1950,2073,2111
1950,2590,2638
1923,2135,2195
1923,2508,2575
2464,2896,2909
1917,2152,2221
1917,2483,2558
2458,2896,2908
1951,2071,2108
1951,2592,2640
1924,2132,2191
1924,2512,2578
2465,2896,2908
1918,2149,2216
1918,2487,2561
2459,2896,2908
1945,2083,2124
1945,2577,2628
1952,2070,2106
1952,2594,2642
1925,2130,2187
1925,2516,2580
2466,2896,2908
1919,2146,2212
1919,2492,2564
2460,2896,2908
1946,2081,2121
1946,2580,2630
1953,2068,2103
1953,2597,2644
1926,2127,2183
1926,2519,2583
2467,2896,2908
1920,2143,2207
1920,2496,2567
2461,2896,2908
1947,2079,2118
1947,2582,2632
1954,2066,2101
1954,2599,2646
1927,2125,2180
1927,2523,2586
2468,2896,2908
1921,2140,2203
1921,2500,2569
2462,2896,2908
1948,2077,2116
1948,2585,2634
1928,2122,2176
1928,2526,2588
2469,2896,2908
1929,2120,2173
1929,2530,2591
2470,2896,2908
1930,2117,2169
1930,2533,2593
2471,2896,2908
1977,2026,2050
1977,2647,2686
1944,2086,2126
1944,2574,2625
2485,2900,2903
1971,2036,2062
1971,2635,2676
1895,2235,2473
1976,2028,2052
1976,2645,2685
1943,2088,2129
1943,2572,2623
2484,2900,2904
1970,2037,2065
1970,2633,2675
1894,2241,2468
1975,2029,2054
1975,2643,2683
1969,2039,2067
1969,2631,2673
1974,2031,2056
1974,2641,2681
1968,2041,2069
1968,2629,2671
1973,2033,2058
1973,2639,2680
1967,2042,2071
1967,2627,2670
1972,2034,2060
1972,2637,2678
1966,2044,2073
1966,2625,2668
1931,2115,2166
1931,2537,2596
2472,2896,2908
1932,2112,2162
1932,2540,2598
2473,2896,2908
1933,2110,2159
1933,2543,2601
2474,2896,2908
1934,2108,2156
1934,2546,2603
2475,2897,2907
1915,2158,2231
1915,2473,2552
2456,2897,2908
2483,2899,2905
1942,2090,2132
1942,2569,2621
1914,2161,2237
1914,2467,2549
2455,2897,2908
2482,2898,2905
1941,2092,2135
1941,2566,2619
1913,2164,2242
1913,2462,2545
2454,2897,2908
2481,2898,2906
1940,2094,2138
1940,2564,2617
1912,2167,2248
1912,2456,2542
2453,2897,2908
2480,2898,2906
1939,2096,2141
1939,2561,2614
1911,2170,2255
1911,2450,2539
2452,2897,2908
2479,2897,2906
1938,2098,2144
1938,2558,2612
1910,2174,2261
1910,2443,2536
2451,2898,2907
2478,2897,2907
1937,2101,2147
1937,2555,2610
2477,2897,2907
1936,2103,2150
1936,2552,2608
2476,2897,2907
1935,2105,2153
1935,2549,2605
1896,2230,2478
1897,2225,2483
1898,2221,2488
1899,2216,2493
1900,2212,2497
1901,2207,2502
2443,2901,2904
1902,2203,2506
2444,2900,2905
1903,2199,2510
3188,2255,2453
2445,2900,2905
1904,2195,2328
1904,2377,2514
3189,2260,2448
2446,2899,2906
1905,2191,2309
1905,2396,2518
3190,2266,2443
2447,2899,2906
1906,2188,2296
1906,2409,2521
3191,2272,2437
2448,2898,2907
1907,2184,2286
1907,2419,2525
3192,2278,2431
2449,2898,2907
1908,2181,2277
1908,2428,2529
3193,2285,2424
2450,2898,2907
1909,2177,2269
1909,2436,2532
3194,2293,2417
1978,2025,2048
1978,2649,2688
1979,2023,2046
1979,2651,2689
1980,2022,2044
1980,2652,2691
1981,2020,2042
1981,2654,2692
1982,2019,2040
1982,2656,2694
1955,2064,2098
1955,2601,2648
2496,3242,3244
1983,2017,2038
1983,2658,2696
1956,2062,2096
1956,2604,2650
2497,3241,3245
1984,2016,2037
1984,2660,2697
1957,2060,2093
1957,2606,2651
2498,3240,3245
1985,2014,2035
1985,2661,2699
1958,2058,2091
1958,2608,2653
2499,3240,3246
1986,2013,2033
1986,2663,2700
1959,2056,2089
1959,2610,2655
2500,3240,3246
1987,2011,2031
1987,2665,2702
1960,2055,2086
1960,2613,2657
2501,3240,3246
1988,2010,2029
1988,2667,2703
1961,2053,2084
1961,2615,2659
2502,3240,3246
1989,2008,2027
1989,2668,2705
1962,2051,2082
1962,2617,2661
2503,3240,3246
1990,2007,2025
1990,2670,2706
1963,2049,2080
1963,2619,2662
2504,3241,3246
1991,2006,2023
1991,2672,2707
1964,2048,2077
1964,2621,2664
2505,3241,3245
1992,2004,2022
1992,2673,2709
1965,2046,2075
1965,2623,2666
2506,3242,3244
1993,2003,2020
1993,2675,2710
1994,2001,2018
1994,2677,2712
1995,2000,2016
1995,2678,2713
1996,1999,2014
1996,2680,2715
1997,1997,2013
1997,2682,2716
1998,1996,2011
1998,2683,2717
1999,1995,2009
1999,2685,2719
2000,1993,2007
2000,2686,2720
2001,1992,2005
2001,2688,2721
2002,1991,2004
2002,2690,2723
2003,1990,2002
2003,2691,2724
2004,1989,2000
2004,2693,2725
2005,1987,1998
2005,2694,2727
2006,1986,1997
2006,2696,2728
2007,1985,1995
2007,2697,2729
2008,1984,1993
2008,2699,2731
2009,1983,1991
2009,2700,2732
2010,1982,1990
2010,2702,2733
2011,1980,1988
2011,2703,2734
2012,1979,1986
2012,2705,2736
2013,1978,1984
2013,2706,2737
2014,1978,1982
2014,2708,2738
2015,1977,1980
2015,2709,2739
2016,1976,1978
2016,2711,2741
2017,2712,2742
2018,2714,2743
2019,2715,2744
2020,2717,2745
2021,2718,2747
2022,2719,2748
2023,2721,2749
2024,2722,2750
2025,2724,2751
2026,2725,2752
2027,2726,2753
2028,2728,2755
2029,2729,2756
2030,2730,2757
2031,2732,2758
2032,2733,2759
2033,2735,2760
2034,2736,2761
2035,2737,2762
2036,2739,2763
2037,2740,2764
2038,2741,2765
2039,2743,2766
2040,2744,2767
2041,2745,2768
2042,2746,2769
2043,2748,2770
2044,2749,2771
2045,2750,2772
2046,2752,2773
2047,2753,2774
2048,2754,2775
2049,2755,2776
2050,2757,2777
2051,2758,2778
2052,2759,2779
2053,2761,2780
2054,2762,2781
2055,2763,2781
2056,2764,2782
2057,2766,2783
2058,2767,2784
2059,2768,2785
2060,2769,2786
2061,2771,2786
2062,2772,2787
2063,2773,2788
2064,2774,2789
2065,2776,2790
2066,2777,2790
2067,2778,2791
2068,2780,2792
2069,2781,2792
2070,2782,2793
2071,2784,2794
2072,2785,2794
2073,2786,2795
2074,2788,2795
2075,2789,2796
2076,2791,2796
2077,2792,2796
3160,2175,2180
2078,2794,2796
1893,2246,2462
1892,2252,2456
1891,2259,2450
1890,2265,2443
1889,2273,2435
1888,2281,2427
1887,2290,2418
1886,2301,2407
1885,2315,2393
1884,2338,2370
