2187,2869,2870
2186,2867,2870
2185,2866,2871
2184,2865,2871
2183,2864,2871
2182,2863,2871
2181,2862,2870
2180,2861,2870
2179,2860,2870
2178,2859,2870
2177,2859,2869
2176,2858,2869
2175,2857,2869
2174,2856,2869
2173,2855,2868
2172,2854,2868
2171,2854,2868
2170,2853,2867
2169,2852,2867
2168,2851,2866
2167,2850,2866
2166,2850,2866
2165,2849,2865
2164,2848,2865
2163,2847,2864
2162,2847,2864
2161,2846,2863
2160,2845,2863
2159,2844,2862
2158,2843,2862
2157,2843,2861
2156,2842,2861
2155,2841,2860
2154,2840,2860
2153,2840,2859
2152,2839,2859
2151,2838,2858
2150,2837,2858
2149,2836,2857
2148,2836,2857
2147,2835,2856
2146,2834,2855
2145,2833,2855
2144,2832,2854
2143,2832,2854
2142,2831,2853
2141,2830,2852
2140,2829,2852
2139,2828,2851
2138,2828,2851
2137,2827,2850
2136,2826,2849
2135,2825,2849
2134,2824,2848
2133,2823,2847
2132,2823,2847
2131,2822,2846
2130,2821,2845
2129,2820,2845
2097,2792,2820
2096,2791,2819
2095,2790,2818
2094,2789,2817
2093,2788,2816
2092,2787,2815
2091,2786,2814
2090,2785,2813
2089,2784,2813
2088,2783,2812
2087,2782,2811
2086,2781,2810
2085,2780,2809
2084,2779,2808
2083,2778,2807
2082,2777,2806
2081,2776,2805
2080,2775,2804
2079,2774,2803
2078,2773,2802
2077,2772,2801
2076,2771,2800
2075,2770,2799
2074,2769,2798
2409,2905,2907
2098,2793,2821
3180,2489,2509
2410,2904,2908
2099,2794,2821
3181,2477,2511
2411,2904,2908
2100,2795,2822
3182,2467,2511
2412,2903,2909
2101,2796,2823
3183,2457,2511
2413,2903,2909
2102,2797,2824
3184,2446,2510
2414,2902,2910
2103,2797,2825
3185,2435,2508
2415,2902,2910
2104,2798,2826
3186,2423,2507
2416,2902,2910
2105,2799,2827
3187,2409,2505
2417,2901,2910
2106,2800,2827
3188,2393,2503
1947,2110,2152
1947,2563,2601
1946,2112,2155
1946,2560,2598
1945,2115,2158
1945,2557,2596
1944,2117,2162
1944,2554,2593
1943,2119,2165
1943,2551,2591
1942,2121,2168
1942,2548,2588
2426,2900,2912
2115,2808,2834
3197,2270,2477
2420,2901,2911
2109,2803,2830
3191,2264,2496
2427,2899,2912
2116,2809,2835
3198,2273,2473
2421,2900,2911
2110,2804,2831
3192,2263,2493
2428,2899,2912
2117,2810,2836
3199,2277,2469
2422,2900,2911
2111,2805,2831
3193,2263,2490
2456,2901,2909
1915,2200,2330
1915,2394,2504
2429,2899,2912
2118,2811,2837
3200,2280,2465
2423,2900,2911
2112,2806,2832
3194,2264,2487
2457,2901,2909
1916,2196,2313
1916,2411,2508
2430,2899,2912
2119,2812,2837
3201,2284,2461
2424,2900,2912
2113,2806,2833
3195,2266,2484
2458,2901,2908
1917,2192,2301
1917,2423,2512
2431,2899,2912
2120,2813,2838
3202,2289,2456
2425,2900,2912
2114,2807,2834
3196,2268,2481
2459,2902,2908
1918,2189,2291
1918,2433,2515
2432,2899,2912
2121,2813,2839
3203,2293,2451
2460,2903,2907
1919,2185,2282
1919,2441,2519
2433,2899,2912
2122,2814,2840
3204,2298,2445
2107,2801,2828
3189,2370,2501
2418,2901,2911
2461,2903,2906
1920,2182,2274
1920,2449,2523
2434,2899,2912
2123,2815,2840
3205,2304,2439
2108,2802,2829
3190,2269,2498
2419,2901,2911
1921,2179,2266
1921,2456,2526
2435,2899,2912
2124,2816,2841
3206,2311,2432
1922,2175,2260
1922,2463,2530
2436,2899,2912
2125,2817,2842
3207,2318,2425
1923,2172,2253
1923,2469,2533
1896,2338,2363
2437,2899,2912
2126,2818,2843
3208,2327,2416
1924,2169,2247
1924,2474,2536
1897,2313,2387
2438,2899,2912
2127,2818,2843
3209,2338,2404
1925,2166,2242
1925,2480,2540
1898,2300,2401
2439,2899,2912
2128,2819,2844
3210,2357,2386
1926,2163,2236
1926,2485,2543
1899,2289,2412
2440,2899,2912
1927,2160,2231
1927,2490,2546
1900,2280,2421
2441,2899,2912
1975,2061,2073
1975,2629,2661
1929,2154,2221
1929,2499,2552
1902,2264,2437
2443,2899,2912
1977,2059,2067
1977,2633,2664
1930,2152,2216
1930,2504,2555
1903,2258,2444
2444,2899,2912
1978,2058,2064
1978,2635,2666
1979,2057,2061
1979,2637,2668
1980,2639,2670
1981,2641,2672
1982,2643,2674
1983,2645,2675
1984,2647,2677
1931,2149,2212
1931,2508,2558
1904,2252,2450
2445,2899,2911
1985,2648,2679
1932,2146,2207
1932,2512,2561
1905,2246,2456
2446,2899,2911
1933,2143,2203
1933,2516,2564
1906,2240,2462
2447,2899,2911
1934,2141,2199
1934,2520,2567
1907,2235,2467
2448,2899,2911
1901,2272,2429
2442,2899,2912
1928,2157,2226
1928,2495,2549
1935,2138,2195
1935,2524,2570
1908,2230,2472
2449,2899,2911
1976,2060,2070
1976,2631,2663
1936,2136,2191
1936,2528,2572
1909,2225,2477
2450,2899,2911
1937,2133,2187
1937,2531,2575
1910,2221,2482
2451,2899,2910
1938,2131,2183
1938,2535,2578
1911,2216,2487
2452,2900,2910
1939,2128,2179
1939,2538,2581
1912,2212,2491
2453,2900,2910
1940,2126,2176
1940,2541,2583
1913,2208,2495
2454,2900,2910
1941,2124,2172
1941,2545,2586
1914,2204,2500
2455,2900,2909
2489,3241,3243
1948,2108,2149
1948,2566,2603
2490,3240,3244
1949,2106,2145
1949,2569,2606
2491,3240,3245
1950,2104,2142
1950,2571,2608
2492,3239,3245
1951,2102,2139
1951,2574,2610
2493,3239,3245
1952,2100,2136
1952,2577,2613
2494,3239,3246
1953,2098,2133
1953,2580,2615
2495,3240,3246
1954,2096,2130
1954,2582,2617
2496,3240,3246
1955,2094,2127
1955,2585,2620
2497,3240,3245
1956,2092,2124
1956,2587,2622
2498,3241,3245
1957,2090,2121
1957,2590,2624
2499,3242,3244
1958,2088,2119
1958,2592,2626
1959,2086,2116
1959,2595,2628
1960,2084,2113
1960,2597,2630
1961,2083,2110
1961,2599,2633
1962,2081,2108
1962,2602,2635
1963,2079,2105
1963,2604,2637
1964,2077,2102
1964,2606,2639
1965,2076,2099
1965,2608,2641
1966,2074,2097
1966,2611,2643
1967,2072,2094
1967,2613,2645
1968,2071,2091
1968,2615,2647
1969,2069,2089
1969,2617,2649
1970,2068,2086
1970,2619,2651
1971,2066,2084
1971,2621,2653
1972,2065,2081
1972,2623,2655
1973,2063,2078
1973,2625,2657
1974,2062,2076
1974,2627,2659
1986,2650,2681
1987,2652,2682
1988,2654,2684
1989,2656,2686
1990,2657,2688
1991,2659,2689
1992,2661,2691
1993,2663,2693
1994,2664,2694
1995,2666,2696
1996,2668,2698
1997,2669,2699
1998,2671,2701
1999,2672,2702
2000,2674,2704
2001,2676,2706
2002,2677,2707
2003,2679,2709
2004,2680,2710
2005,2682,2712
2006,2683,2713
2007,2685,2715
2008,2687,2716
2009,2688,2718
2010,2690,2719
2011,2691,2721
2012,2693,2722
2013,2694,2724
2014,2695,2725
2015,2697,2727
2016,2698,2728
2017,2700,2730
2018,2701,2731
2019,2703,2732
2020,2704,2734
2021,2705,2735
2022,2707,2737
2023,2708,2738
2024,2710,2739
2025,2711,2741
2026,2712,2742
2027,2714,2743
2028,2715,2745
2029,2716,2746
2030,2718,2747
2031,2719,2749
2032,2720,2750
2033,2721,2751
2034,2723,2753
2035,2724,2754
2036,2725,2755
2037,2727,2756
2038,2728,2758
2039,2729,2759
2040,2730,2760
2041,2732,2761
2042,2733,2763
2043,2734,2764
2044,2735,2765
2045,2736,2766
2046,2738,2767
2047,2739,2769
2048,2740,2770
2049,2741,2771
2050,2742,2772
2051,2744,2773
2052,2745,2774
2053,2746,2776
2054,2747,2777
2055,2748,2778
2056,2749,2779
2057,2751,2780
2058,2752,2781
2059,2753,2782
2060,2754,2783
2061,2755,2785
2062,2756,2786
2063,2757,2787
2064,2758,2788
2065,2759,2789
2066,2761,2790
2067,2762,2791
2068,2763,2792
2069,2764,2793
2070,2765,2794
2071,2766,2795
2072,2767,2796
2073,2768,2797
