1880,2334,2373
1881,2313,2394
1882,2299,2407
1883,2289,2418
1884,2279,2427
1885,2271,2435
1886,2264,2443
1887,2257,2450
1888,2251,2456
1889,2245,2462
1890,2239,2468
1891,2234,2473
1892,2229,2478
1893,2224,2483
1894,2219,2488
2053,1924,1925
2052,1925,1927
2051,1926,1928
2050,1926,1930
2049,1927,1931
2048,1928,1933
2047,1929,1934
2046,1930,1936
3144,2129,2148
3145,2130,2152
3146,2132,2156
3147,2134,2160
3148,2136,2164
3149,2138,2169
3150,2140,2173
3151,2142,2177
3152,2145,2182
3153,2147,2186
3154,2149,2191
3155,2151,2195
3156,2154,2200
3157,2156,2205
3158,2159,2210
3159,2161,2216
3160,2164,2221
3161,2167,2227
3162,2169,2233
3163,2172,2239
3164,2175,2246
1895,2214,2492
3180,2232,2464
3165,2178,2253
1896,2210,2497
3181,2236,2460
3166,2181,2260
3166,2473,2495
1897,2206,2501
3182,2241,2456
3167,2184,2269
3167,2461,2496
1898,2202,2505
3183,2246,2451
3168,2187,2278
3168,2449,2495
1899,2198,2509
3184,2251,2446
3169,2190,2288
3169,2437,2494
1900,2194,2323
1900,2380,2513
3185,2257,2441
3170,2193,2300
3170,2424,2492
1901,2190,2305
1901,2397,2517
3186,2263,2436
3171,2197,2315
3171,2407,2490
1902,2186,2293
1902,2409,2521
3187,2269,2430
3172,2200,2340
3172,2381,2488
1903,2183,2283
1903,2419,2524
3188,2276,2424
3173,2204,2486
1904,2179,2274
1904,2428,2528
3189,2283,2416
3174,2207,2483
1905,2175,2266
1905,2436,2531
3190,2292,2408
3175,2211,2480
1906,2172,2259
1906,2443,2535
3191,2302,2399
3176,2215,2478
1907,2169,2253
1907,2450,2538
3192,2315,2386
3177,2219,2474
1908,2165,2246
1908,2456,2541
3193,2335,2366
3178,2223,2471
1909,2162,2240
1909,2462,2545
3179,2227,2467
1910,2159,2235
1910,2467,2548
1911,2156,2230
1911,2472,2551
1953,2057,2093
1953,2606,2649
1954,2055,2091
1954,2609,2651
1955,2053,2089
1955,2611,2653
1956,2052,2087
1956,2613,2654
1952,2059,2096
1952,2604,2647
2493,2899,2902
1979,2013,2040
1979,2659,2692
1951,2061,2098
1951,2602,2645
2492,2899,2903
1978,2014,2042
1978,2658,2690
1977,2016,2043
1977,2656,2689
1976,2018,2045
1976,2654,2687
1975,2019,2047
1975,2652,2686
1974,2021,2049
1974,2650,2684
1973,2022,2051
1973,2648,2683
1968,2031,2061
1968,2638,2675
1969,2029,2059
1969,2640,2677
1970,2027,2057
1970,2642,2678
1971,2026,2055
1971,2644,2680
1972,2024,2053
1972,2646,2681
2491,2898,2904
1950,2063,2101
1950,2600,2643
2490,2897,2904
1949,2065,2103
1949,2597,2641
2489,2897,2905
1948,2067,2105
1948,2595,2640
2488,2897,2905
1947,2069,2108
1947,2592,2638
2487,2896,2906
1946,2071,2110
1946,2590,2636
2486,2896,2906
1945,2073,2113
1945,2587,2634
2485,2896,2906
1944,2075,2115
1944,2585,2632
2484,2896,2906
1943,2077,2118
1943,2582,2630
1915,2144,2210
1915,2491,2563
2456,2898,2905
2483,2896,2906
1942,2079,2121
1942,2580,2628
1914,2147,2215
1914,2487,2560
2455,2899,2904
2482,2895,2907
1941,2081,2123
1941,2577,2626
1913,2150,2220
1913,2482,2557
2454,2899,2904
2481,2895,2907
1940,2083,2126
1940,2575,2623
1912,2153,2224
1912,2477,2554
2453,2900,2903
2480,2895,2907
1939,2085,2129
1939,2572,2621
1963,2039,2071
1963,2628,2667
2504,3240,3246
1990,1997,2020
1990,2679,2708
3140,2124,2130
1964,2037,2069
1964,2630,2668
2505,3240,3246
1991,1995,2018
1991,2681,2709
3141,2125,2135
1965,2036,2067
1965,2632,2670
2506,3241,3246
1992,1994,2017
1992,2682,2710
3142,2126,2140
1966,2034,2065
1966,2634,2672
2507,3241,3245
1993,1992,2015
1993,2684,2712
3143,2127,2144
1967,2032,2063
1967,2636,2673
2508,3242,3245
1994,1991,2013
1994,2686,2713
1962,2041,2073
1962,2626,2665
2503,3240,3246
1989,1998,2022
1989,2677,2706
1961,2043,2076
1961,2624,2663
2502,3240,3246
1988,1999,2023
1988,2675,2705
1960,2044,2078
1960,2622,2661
2501,3240,3246
1987,2001,2025
1987,2674,2703
1959,2046,2080
1959,2620,2660
2500,3241,3245
1986,2002,2027
1986,2672,2702
1958,2048,2082
1958,2618,2658
2499,3241,3244
1985,2004,2029
1985,2670,2701
1957,2050,2084
1957,2615,2656
2498,3242,3243
1984,2005,2031
1984,2668,2699
2457,2898,2905
1916,2141,2206
1916,2496,2565
2458,2897,2906
1917,2139,2202
1917,2500,2568
2459,2897,2906
1918,2136,2198
1918,2504,2571
2460,2897,2906
1919,2133,2194
1919,2508,2574
2461,2896,2906
1920,2130,2190
1920,2512,2576
2462,2896,2907
1921,2128,2186
1921,2516,2579
2463,2896,2907
1922,2125,2182
1922,2519,2582
2464,2896,2907
1923,2122,2178
1923,2523,2584
2465,2896,2907
1924,2120,2175
1924,2526,2587
2466,2895,2907
1925,2117,2171
1925,2530,2589
2467,2895,2907
1926,2115,2168
1926,2533,2592
2468,2895,2907
1927,2112,2165
1927,2536,2594
2469,2895,2907
1928,2110,2161
1928,2540,2597
2470,2895,2907
1929,2108,2158
1929,2543,2599
2471,2895,2907
1930,2105,2155
1930,2546,2601
2472,2895,2907
1931,2103,2152
1931,2549,2604
2473,2895,2907
1932,2101,2149
1932,2552,2606
2474,2895,2907
1933,2098,2146
1933,2555,2608
2475,2895,2907
1934,2096,2143
1934,2558,2610
2476,2895,2907
1935,2094,2140
1935,2561,2613
2477,2895,2907
1936,2092,2137
1936,2564,2615
2478,2895,2907
1937,2089,2134
1937,2566,2617
2479,2895,2907
1938,2087,2131
1938,2569,2619
1980,2011,2038
1980,2661,2693
1981,2010,2036
1981,2663,2695
1982,2008,2034
1982,2665,2696
1983,2007,2032
1983,2667,2698
1995,1990,2012
1995,2687,2714
1996,1988,2010
1996,2689,2716
1997,1987,2008
1997,2691,2717
1998,1985,2007
1998,2692,2718
1999,1984,2005
1999,2694,2719
2000,1983,2003
2000,2696,2721
2001,1981,2002
2001,2697,2722
2002,1980,2000
2002,2699,2723
2003,1979,1998
2003,2700,2724
2004,1977,1997
2004,2702,2725
2005,1976,1995
2005,2704,2727
2006,1975,1994
2006,2705,2728
2007,1973,1992
2007,2707,2729
2008,1972,1991
2008,2708,2730
2009,1971,1989
2009,2710,2731
2010,1970,1987
2010,2711,2733
2011,1968,1986
2011,2713,2734
2012,1967,1984
2012,2715,2735
2013,1966,1983
2013,2716,2736
2014,1965,1981
2014,2718,2737
2015,1963,1980
2015,2719,2738
2016,1962,1978
2016,2721,2739
2017,1961,1977
2017,2722,2740
2018,1960,1975
2018,2724,2741
2019,1959,1974
2019,2725,2742
2020,1957,1972
2020,2727,2743
2021,1956,1971
2021,2728,2744
2022,1955,1970
2022,2730,2745
2023,1954,1968
2023,2731,2746
2024,1953,1967
2024,2733,2747
2025,1952,1965
2025,2735,2748
2026,1951,1964
2026,2736,2749
2027,1949,1962
2027,2738,2750
2028,1948,1961
2028,2739,2751
2029,1947,1959
2029,2741,2752
2030,1946,1958
2030,2742,2752
2031,1945,1957
2031,2744,2753
2032,1944,1955
2032,2746,2754
2033,1943,1954
2033,2747,2754
2034,1942,1952
2034,2749,2755
2035,1941,1951
2035,2751,2755
2036,1940,1950
2036,2753,2755
2037,1939,1948
2038,1938,1947
2039,1937,1945
2040,1936,1944
2041,1935,1943
2042,1934,1941
2043,1933,1940
2044,1932,1939
2045,1931,1937
