2694,2882,2884
2693,2882,2884
2692,2882,2885
2691,2881,2885
2690,2881,2886
2689,2881,2886
2688,2881,2886
2687,2881,2887
2686,2881,2887
2685,2881,2887
2684,2880,2888
2683,2880,2888
2682,2880,2888
2681,2880,2888
2680,2880,2889
2679,2880,2889
2678,2880,2889
2677,2880,2889
2676,2880,2890
2610,2883,2892
1839,2122,2193
2611,2883,2892
1840,2119,2189
2612,2883,2892
1841,2116,2186
2613,2882,2893
1842,2113,2183
2614,2882,2893
1843,2111,2180
2615,2882,2893
1844,2108,2176
2616,2882,2893
1845,2105,2173
2617,2881,2893
1846,2103,2170
2618,2881,2893
1847,2100,2167
2619,2881,2894
1848,2098,2164
2659,2879,2893
1888,2027,2051
2658,2879,2893
1887,2028,2054
2657,2879,2893
1886,2029,2056
2656,2879,2893
1885,2030,2059
2655,2879,2893
1884,2032,2062
2654,2879,2893
1883,2033,2064
2653,2879,2893
1882,2034,2067
2652,2879,2893
1881,2036,2069
2651,2879,2894
1880,2037,2072
2650,2879,2894
1879,2039,2075
2649,2879,2894
1878,2040,2077
2632,2880,2894
1861,2070,2124
2631,2880,2894
1860,2072,2127
2630,2880,2894
1859,2074,2130
2629,2880,2894
1858,2076,2133
2628,2880,2894
1857,2078,2136
2627,2880,2894
1856,2080,2139
2626,2880,2894
1855,2082,2142
2625,2880,2894
1854,2084,2145
2624,2880,2894
1853,2086,2148
2623,2881,2894
1852,2089,2151
2622,2881,2894
1851,2091,2154
2621,2881,2894
1850,2093,2157
2620,2881,2894
1849,2096,2160
2633,2880,2894
1862,2068,2121
2634,2880,2894
1863,2066,2118
2635,2880,2894
1864,2064,2115
2640,2879,2894
1869,2055,2101
2641,2879,2894
1870,2053,2099
2642,2879,2894
1871,2052,2096
2643,2879,2894
1872,2050,2093
2644,2879,2894
1873,2048,2091
2645,2879,2894
1874,2047,2088
1865,2062,2113
2636,2879,2894
2646,2879,2894
1875,2045,2085
1866,2060,2110
2637,2879,2894
2647,2879,2894
1876,2043,2083
1867,2059,2107
2638,2879,2894
2648,2879,2894
1877,2042,2080
1868,2057,2104
2639,2879,2894
2609,2884,2891
1838,2125,2196
2608,2884,2891
1837,2128,2199
2607,2884,2891
1836,2131,2202
2606,2885,2890
1835,2134,2205
2605,2886,2890
1834,2137,2209
2604,2887,2889
1833,2140,2212
1832,2144,2215
1831,2147,2217
1830,2151,2220
1829,2155,2223
1828,2159,2225
1827,2163,2228
1826,2167,2230
1825,2172,2232
1824,2177,2233
1823,2182,2234
1822,2188,2234
1821,2195,2233
1820,2204,2231
2538,3230,3235
1894,2021,2034
2665,2879,2892
2539,3230,3235
1895,2020,2031
2666,2879,2892
2540,3230,3235
1896,2020,2028
2667,2879,2891
2541,3231,3234
1897,2022,2022
2668,2879,2891
2542,3231,3233
2669,2880,2891
2537,3230,3236
1893,2022,2037
2664,2879,2892
2536,3231,3235
1892,2023,2040
2663,2879,2892
2535,3231,3235
1891,2023,2043
2662,2879,2892
2534,3232,3234
1890,2025,2046
2661,2879,2892
1889,2026,2048
2660,2879,2893
2670,2880,2891
2671,2880,2891
2672,2880,2891
2673,2880,2890
2674,2880,2890
2675,2880,2890
