2577,2888,2891
2578,2888,2892
2579,2887,2893
2580,2886,2893
2581,2886,2894
2582,2886,2894
2583,2885,2894
2584,2885,2895
2585,2885,2895
2586,2885,2895
2587,2884,2895
2588,2884,2896
2589,2884,2896
2590,2884,2896
2591,2884,2896
2592,2884,2896
2593,2884,2896
2594,2883,2896
2595,2883,2896
2596,2883,2897
2597,2883,2897
2598,2883,2897
2599,2883,2897
2600,2883,2897
1921,1997,2010
1920,1998,2012
1919,1999,2015
1918,2000,2017
1917,2001,2019
1916,2002,2021
1915,2003,2024
1914,2004,2026
1913,2006,2028
1912,2007,2030
1911,2008,2033
1910,2009,2035
1909,2011,2037
1908,2012,2039
1907,2013,2042
1906,2015,2044
1905,2016,2046
1904,2018,2048
1903,2019,2051
2538,3234,3236
1902,2020,2053
2537,3233,3237
1901,2022,2055
2536,3233,3237
1900,2023,2058
2535,3233,3238
1899,2025,2060
2534,3233,3238
1898,2027,2062
2533,3233,3238
1897,2028,2065
2532,3233,3238
1896,2030,2067
2531,3233,3238
1895,2031,2069
2530,3234,3237
1894,2033,2072
2529,3236,3236
1893,2034,2074
1892,2036,2077
1875,2067,2121
1874,2069,2123
1873,2071,2126
1872,2073,2129
1871,2075,2132
1870,2078,2135
1869,2080,2138
1868,2082,2141
1867,2084,2144
1866,2086,2147
1865,2089,2150
1864,2091,2153
1863,2093,2156
1876,2065,2118
1877,2063,2115
1878,2061,2112
1879,2059,2110
1880,2057,2107
1881,2055,2104
1882,2054,2102
1883,2052,2099
1884,2050,2097
1885,2048,2094
1886,2046,2091
1887,2045,2089
1888,2043,2086
1889,2041,2084
1890,2039,2081
1891,2038,2079
1922,1996,2007
1923,1995,2005
1924,1995,2002
1925,1995,1999
1862,2096,2159
2632,2888,2891
1861,2098,2162
2631,2888,2892
1860,2101,2166
2630,2887,2892
1859,2103,2169
2629,2887,2893
1858,2106,2172
2628,2886,2893
1857,2108,2175
2627,2886,2893
1856,2111,2179
2626,2886,2894
1855,2114,2182
2625,2885,2894
1854,2116,2186
2624,2885,2894
1853,2119,2189
2623,2885,2895
1852,2122,2192
2622,2885,2895
1851,2125,2196
2621,2885,2895
1850,2128,2199
2620,2884,2895
1849,2131,2203
2619,2884,2895
1848,2134,2206
2618,2884,2896
1847,2137,2210
2617,2884,2896
1846,2140,2213
2616,2884,2896
1845,2144,2217
2615,2884,2896
1844,2147,2220
2614,2884,2896
1843,2151,2224
2613,2884,2896
1842,2154,2227
2612,2883,2896
1841,2158,2231
2611,2883,2896
1840,2162,2234
2610,2883,2896
1839,2166,2237
2609,2883,2897
1838,2170,2240
2608,2883,2897
1837,2175,2243
2607,2883,2897
1836,2180,2245
2606,2883,2897
1835,2185,2247
2605,2883,2897
1834,2190,2249
2604,2883,2897
1833,2196,2250
2603,2883,2897
1832,2202,2250
2602,2883,2897
1831,2210,2250
2601,2883,2897
1830,2219,2247
