1918,2002,2004
1917,2002,2008
1916,2002,2011
2585,2886,2892
2586,2886,2893
2587,2886,2893
2588,2885,2894
2589,2885,2894
2590,2885,2894
2591,2884,2894
2592,2884,2895
2593,2884,2895
2594,2884,2895
2595,2884,2895
2596,2883,2895
2597,2883,2896
1827,2226,2236
2598,2883,2896
1828,2213,2244
2599,2883,2896
1829,2204,2246
2600,2883,2896
1830,2197,2246
2601,2883,2896
1831,2191,2246
2602,2883,2896
1832,2185,2244
2603,2883,2896
1833,2180,2243
2604,2883,2896
1834,2175,2241
2605,2883,2896
1835,2171,2238
2606,2882,2896
1836,2166,2235
2607,2882,2896
1837,2162,2233
2608,2882,2896
1881,2050,2096
1880,2052,2099
1879,2054,2102
1878,2056,2104
1877,2058,2107
1876,2060,2110
1850,2119,2189
2621,2883,2896
1849,2122,2193
2620,2883,2896
1848,2125,2196
2619,2883,2896
1847,2128,2199
2618,2883,2896
1846,2131,2203
2617,2883,2896
1845,2134,2206
2616,2882,2896
1844,2137,2210
2615,2882,2896
1843,2140,2213
2614,2882,2896
1842,2144,2217
2613,2882,2896
1841,2147,2220
2612,2882,2896
1840,2151,2223
2611,2882,2896
1839,2155,2226
2610,2882,2896
1838,2158,2230
2609,2882,2896
1851,2116,2186
2622,2883,2896
1852,2114,2182
2623,2883,2895
1853,2111,2179
2624,2883,2895
1854,2108,2176
2625,2883,2895
1855,2106,2172
2626,2883,2895
1856,2103,2169
2627,2883,2895
1857,2101,2166
2628,2884,2895
1858,2098,2163
2629,2884,2895
2638,2886,2892
1867,2078,2135
1859,2096,2160
2630,2884,2894
2639,2886,2892
1868,2076,2132
1860,2093,2156
2631,2884,2894
2640,2886,2891
1869,2073,2129
1861,2091,2153
2632,2884,2894
2641,2887,2891
1870,2071,2126
1862,2089,2150
2633,2884,2894
2642,2888,2890
1871,2069,2124
1863,2086,2147
2634,2885,2893
2643,2889,2889
1872,2067,2121
1864,2084,2144
2635,2885,2893
1873,2065,2118
1865,2082,2141
2636,2885,2893
1874,2063,2115
1866,2080,2138
2637,2885,2893
1875,2061,2113
2584,2887,2892
2583,2888,2891
2535,3232,3237
1900,2020,2050
2536,3232,3237
1901,2019,2047
2537,3232,3237
1902,2017,2045
2538,3233,3236
1903,2016,2043
2539,3234,3235
1904,2015,2040
2534,3232,3238
1899,2021,2052
2533,3232,3237
1898,2023,2055
2532,3233,3237
1897,2024,2057
2531,3234,3237
1896,2026,2059
2530,3235,3235
1895,2027,2062
1882,2049,2094
1883,2047,2091
1884,2045,2089
1885,2043,2086
1886,2042,2084
1887,2040,2081
1888,2038,2079
1889,2037,2076
1890,2035,2074
1891,2033,2071
1892,2032,2069
1893,2030,2066
1894,2029,2064
1905,2013,2038
1906,2012,2036
1907,2011,2033
1908,2010,2031
1909,2008,2029
1910,2007,2026
1911,2006,2024
1912,2005,2022
1913,2004,2019
1914,2003,2017
1915,2003,2014
