2616,2886,2887
2617,2885,2888
2618,2884,2889
2619,2883,2889
2620,2883,2890
2621,2882,2890
2622,2882,2890
2623,2882,2891
2624,2881,2891
2625,2881,2891
2626,2881,2891
2627,2881,2892
2628,2880,2892
2629,2880,2892
2630,2880,2892
2631,2880,2892
2632,2880,2892
2633,2880,2892
2634,2879,2892
2635,2879,2893
2636,2879,2893
2637,2879,2893
2638,2879,2893
2639,2879,2893
2640,2879,2893
2641,2878,2893
2642,2878,2893
2643,2878,2893
2644,2878,2893
2645,2878,2893
2646,2878,2893
2647,2878,2893
2648,2878,2893
2649,2878,2893
2650,2877,2893
2651,2877,2893
2652,2877,2893
2653,2877,2893
3060,2570,2574
3059,2570,2578
3058,2571,2581
3057,2572,2585
3056,2574,2588
3055,2575,2591
3054,2577,2593
3053,2578,2596
3052,2580,2599
3051,2582,2601
3050,2584,2604
3049,2585,2606
3048,2587,2608
3047,2589,2611
3046,2591,2613
3045,2592,2615
3044,2594,2617
3043,2596,2620
3042,2598,2622
3041,2600,2624
3040,2601,2626
3039,2603,2628
3038,2605,2630
3037,2607,2632
3036,2608,2634
3035,2610,2636
3034,2612,2638
3033,2614,2640
3032,2615,2642
3031,2617,2644
3030,2619,2646
3029,2621,2647
3028,2622,2649
3027,2624,2651
3026,2626,2653
3025,2627,2655
3024,2629,2656
3023,2631,2658
3022,2632,2660
3021,2634,2662
3020,2636,2663
3019,2637,2665
3018,2639,2667
3017,2640,2668
3016,2642,2670
3015,2644,2671
3014,2645,2673
3013,2647,2675
3012,2648,2676
3011,2650,2678
3010,2651,2679
3009,2653,2681
3008,2654,2682
3007,2656,2684
3006,2657,2685
3005,2659,2687
3004,2660,2688
3003,2662,2690
3002,2663,2691
3001,2665,2693
3000,2666,2694
2999,2668,2696
2998,2669,2697
2997,2671,2699
2996,2672,2700
2995,2674,2701
2994,2675,2703
2993,2676,2704
2992,2678,2706
2991,2679,2707
2990,2681,2708
2989,2682,2710
2988,2683,2711
2987,2685,2712
2986,2686,2714
2985,2687,2715
2984,2689,2716
2983,2690,2717
2982,2691,2719
2981,2693,2720
2980,2694,2721
2979,2695,2722
2978,2697,2724
2977,2698,2725
2976,2699,2726
2975,2700,2727
2974,2702,2729
2973,2703,2730
2972,2704,2731
2971,2705,2732
2970,2707,2733
2897,2782,2804
2896,2783,2805
2895,2784,2806
2894,2784,2807
2893,2785,2808
2892,2786,2808
2891,2787,2809
2890,2788,2810
2889,2789,2811
2888,2789,2811
2887,2790,2812
2886,2791,2813
2885,2792,2813
2884,2793,2814
2883,2793,2815
2882,2794,2816
2881,2795,2816
2880,2796,2817
2879,2797,2818
2878,2797,2819
2877,2798,2819
2876,2799,2820
2875,2800,2821
2874,2800,2821
2873,2801,2822
2872,2802,2823
2871,2803,2823
2870,2803,2824
2869,2804,2825
2868,2805,2825
2867,2806,2826
2866,2806,2827
2865,2807,2827
2864,2808,2828
2863,2808,2829
2862,2809,2829
2861,2810,2830
2860,2811,2830
2859,2811,2831
2858,2812,2832
2857,2813,2832
2856,2813,2833
2855,2814,2833
2854,2815,2834
2853,2815,2835
2852,2816,2835
2851,2817,2836
2850,2817,2836
2849,2818,2837
2848,2819,2838
2847,2819,2838
2846,2820,2839
2845,2821,2839
2844,2821,2840
2843,2822,2840
2842,2823,2841
2841,2823,2841
2840,2824,2842
2839,2825,2843
2838,2825,2843
2837,2826,2844
2836,2826,2844
2835,2827,2845
2834,2828,2845
2833,2828,2846
2832,2829,2846
2831,2829,2847
2830,2830,2847
2699,2874,2887
2698,2874,2888
2697,2874,2888
2696,2875,2888
2695,2875,2888
2694,2875,2888
2693,2875,2889
2692,2875,2889
2691,2875,2889
2690,2875,2889
2689,2875,2889
2688,2875,2889
2687,2875,2890
2686,2875,2890
2685,2875,2890
2684,2875,2890
2683,2875,2890
2682,2875,2890
2681,2876,2890
2680,2876,2891
2679,2876,2891
2678,2876,2891
2677,2876,2891
2676,2876,2891
2675,2876,2891
2674,2876,2891
2673,2876,2891
2672,2876,2891
2671,2876,2892
2661,2877,2892
2660,2877,2893
2659,2877,2893
2658,2877,2893
2969,2708,2735
1887,2028,2035
2657,2877,2893
2968,2709,2736
1886,2028,2039
2656,2877,2893
2967,2710,2737
1885,2028,2042
2655,2877,2893
2966,2712,2738
1884,2029,2045
2654,2877,2893
2965,2713,2739
1883,2029,2048
2662,2877,2892
2535,3232,3232
2792,2850,2863
2663,2877,2892
2536,3231,3234
2793,2850,2863
2664,2877,2892
2537,3230,3234
2794,2849,2863
2665,2876,2892
2538,3229,3234
2795,2849,2862
2666,2876,2892
2539,3229,3234
2796,2848,2862
2670,2876,2892
2543,3230,3233
2800,2846,2860
2669,2876,2892
2542,3229,3233
2799,2847,2861
2668,2876,2892
2541,3229,3234
2798,2847,2861
2667,2876,2892
2540,3229,3234
2797,2848,2862
2898,2781,2804
1816,2199,2226
2899,2780,2803
1817,2190,2228
2900,2779,2802
1818,2184,2229
2901,2779,2801
1819,2178,2229
2902,2778,2800
1820,2173,2228
2903,2777,2800
1821,2168,2227
2904,2776,2799
1822,2163,2225
2905,2775,2798
1823,2159,2223
2906,2774,2797
1824,2155,2221
2907,2773,2796
1825,2151,2218
2908,2772,2795
1826,2147,2216
2909,2771,2795
1827,2144,2213
2910,2771,2794
1828,2140,2210
2954,2726,2752
1872,2043,2079
2953,2727,2753
1871,2044,2082
2952,2728,2754
1870,2046,2085
2951,2729,2755
1869,2047,2087
2950,2730,2756
1868,2049,2090
2949,2731,2757
1867,2051,2093
2948,2732,2758
1866,2052,2096
2947,2734,2759
1865,2054,2098
2946,2735,2760
1864,2056,2101
2945,2736,2761
1863,2057,2104
2944,2737,2762
1862,2059,2107
2943,2738,2763
1861,2061,2110
2942,2739,2764
1860,2063,2113
2941,2740,2765
1859,2064,2115
2940,2741,2766
1858,2066,2118
2939,2742,2767
1857,2068,2121
2926,2755,2780
1844,2095,2161
2927,2754,2779
1845,2093,2157
2928,2753,2778
1846,2091,2154
2929,2752,2777
1847,2089,2151
2930,2751,2776
1848,2086,2148
2931,2750,2775
1849,2084,2145
2932,2749,2774
1850,2082,2142
2933,2748,2773
1851,2080,2139
2934,2747,2772
1852,2078,2136
2935,2746,2771
1853,2076,2133
2936,2745,2770
1854,2074,2130
2937,2744,2769
1855,2072,2127
2938,2743,2768
1856,2070,2124
2955,2725,2751
1873,2042,2076
2956,2723,2749
1874,2040,2074
2957,2722,2748
1875,2039,2071
2958,2721,2747
1876,2037,2068
2959,2720,2746
1877,2036,2065
2960,2719,2745
1878,2035,2063
2961,2718,2744
1879,2034,2060
2962,2716,2743
1880,2033,2057
2963,2715,2742
1881,2031,2054
2964,2714,2740
1882,2030,2051
2925,2756,2781
1843,2098,2164
2924,2757,2781
1842,2100,2167
2923,2758,2782
1841,2103,2170
2922,2759,2783
1840,2105,2173
2921,2760,2784
1839,2108,2176
2920,2761,2785
1838,2110,2180
2919,2762,2786
1837,2113,2183
2918,2763,2787
1836,2116,2186
2917,2764,2788
1835,2119,2189
2916,2765,2789
1834,2121,2192
2915,2766,2790
1833,2124,2195
2914,2767,2790
1832,2127,2199
2913,2768,2791
1831,2130,2202
2912,2769,2792
1830,2134,2205
2911,2770,2793
1829,2137,2208
2700,2874,2887
2701,2874,2887
2702,2874,2887
2703,2874,2887
2704,2874,2887
2705,2874,2886
2706,2874,2886
2707,2874,2886
2708,2873,2886
2709,2873,2886
2710,2873,2885
2711,2873,2885
2712,2873,2885
2713,2873,2885
2714,2873,2885
2715,2873,2884
2716,2872,2884
2717,2872,2884
2718,2872,2884
2719,2872,2883
2720,2872,2883
2721,2872,2883
2722,2872,2883
2723,2871,2883
2724,2871,2882
2725,2871,2882
2726,2871,2882
2727,2871,2882
2728,2871,2881
2729,2870,2881
2730,2870,2881
2731,2870,2881
2732,2870,2881
2733,2870,2880
2734,2869,2880
2735,2869,2880
2736,2869,2880
2737,2869,2879
2738,2869,2879
2739,2868,2879
2740,2868,2879
2741,2868,2878
2742,2868,2878
2743,2867,2878
2744,2867,2878
2745,2867,2877
2746,2867,2877
2747,2866,2877
2748,2866,2877
2749,2866,2876
2750,2866,2876
2751,2865,2876
2752,2865,2876
2753,2865,2875
2754,2864,2875
2755,2864,2875
2756,2864,2875
2757,2864,2874
2758,2863,2874
2759,2863,2874
2760,2863,2873
2761,2862,2873
2762,2862,2873
2763,2862,2873
2764,2861,2872
2765,2861,2872
2766,2861,2872
2767,2860,2871
2768,2860,2871
2769,2859,2871
2770,2859,2871
2771,2859,2870
2772,2858,2870
2773,2858,2870
2774,2858,2869
2775,2857,2869
2776,2857,2869
2777,2856,2868
2778,2856,2868
2779,2856,2868
2780,2855,2868
2781,2855,2867
2782,2854,2867
2783,2854,2867
2784,2854,2866
2785,2853,2866
2786,2853,2866
2787,2852,2865
2788,2852,2865
2789,2851,2864
2790,2851,2864
2791,2850,2864
2801,2846,2860
2802,2845,2860
2803,2845,2859
2804,2844,2859
2805,2844,2858
2806,2843,2858
2807,2843,2858
2808,2842,2857
2809,2842,2857
2810,2841,2856
2811,2841,2856
2812,2840,2856
2813,2840,2855
2814,2839,2855
2815,2839,2854
2816,2838,2854
2817,2837,2853
2818,2837,2853
2819,2836,2852
2820,2836,2852
2821,2835,2852
2822,2835,2851
2823,2834,2851
2824,2834,2850
2825,2833,2850
2826,2832,2849
2827,2832,2849
2828,2831,2848
2829,2831,2848
