3258,2429,2447
3257,2418,2461
3256,2412,2470
1986,2152,2161
3255,2408,2476
1985,2151,2168
3254,2405,2482
1984,2151,2173
3253,2403,2487
1983,2152,2178
3236,2449,2535
1966,2185,2253
3237,2443,2534
1967,2182,2249
3238,2438,2532
1968,2180,2244
3239,2432,2530
1969,2177,2240
3240,2428,2529
1970,2175,2236
3241,2423,2526
1971,2172,2231
3242,2419,2524
1972,2170,2227
3243,2415,2522
1973,2168,2223
1954,2227,2298
1982,2153,2183
3252,2402,2492
1953,2232,2300
1981,2154,2187
3251,2401,2496
1952,2238,2301
1980,2155,2192
3250,2401,2500
1951,2243,2301
1979,2157,2196
3249,2402,2504
1950,2250,2301
1978,2158,2201
3248,2403,2507
1949,2258,2298
1977,2160,2205
3247,2404,2511
1948,2269,2293
1976,2162,2209
3246,2406,2514
3231,2481,2540
1961,2200,2275
2469,3231,3238
3232,2474,2540
1962,2197,2270
2470,3231,3238
3233,2467,2539
1963,2194,2266
2471,3232,3238
3234,2461,2538
1964,2191,2262
2472,3233,3237
3235,2455,2537
1965,2188,2258
2473,3234,3237
3230,2488,2540
1960,2203,2279
2468,3231,3237
3229,2496,2540
1959,2207,2282
2467,3231,3237
3228,2504,2538
1958,2211,2286
2466,3231,3237
3227,2515,2535
1957,2214,2290
2465,3231,3236
1956,2219,2293
2464,3231,3235
1955,2223,2295
2463,3232,3233
1974,2166,2218
3244,2412,2519
1975,2164,2214
3245,2409,2517
