2573,2889,2891
2574,2888,2892
2575,2887,2893
2576,2887,2893
2577,2886,2894
2578,2886,2894
2579,2886,2895
2580,2885,2895
2581,2885,2895
2582,2885,2895
2583,2885,2896
2584,2885,2896
2585,2884,2896
2586,2884,2896
2587,2884,2896
2588,2884,2896
2589,2884,2897
2590,2884,2897
2591,2884,2897
2592,2884,2897
2593,2884,2897
2594,2884,2897
2595,2884,2897
2596,2883,2897
1924,1994,2009
1923,1995,2012
1922,1996,2014
1921,1997,2016
1920,1998,2018
1919,2000,2020
1918,2001,2023
1917,2002,2025
1916,2003,2027
1915,2005,2029
1914,2006,2031
1913,2007,2033
1912,2008,2036
1911,2010,2038
1910,2011,2040
1909,2013,2042
1908,2014,2044
1907,2015,2047
1906,2017,2049
1905,2018,2051
1904,2020,2053
1903,2021,2056
1902,2023,2058
2537,3234,3236
1901,2024,2060
2536,3233,3237
1900,2026,2063
2535,3233,3238
1899,2028,2065
2534,3233,3238
1898,2029,2067
2533,3233,3238
1897,2031,2070
2532,3233,3238
1896,2032,2072
2531,3233,3238
1895,2034,2074
2530,3234,3238
1878,2065,2118
1877,2067,2121
1876,2069,2123
1875,2071,2126
1874,2073,2129
1873,2075,2132
1872,2078,2135
1871,2080,2138
1870,2082,2141
1869,2084,2144
1868,2086,2147
1867,2089,2150
1866,2091,2153
1879,2063,2115
1880,2061,2112
1881,2059,2110
1882,2057,2107
1883,2055,2104
1884,2053,2102
1885,2052,2099
1886,2050,2097
1887,2048,2094
1888,2046,2092
1889,2044,2089
1890,2043,2087
1891,2041,2084
1892,2039,2082
1893,2037,2079
1894,2036,2077
2529,3235,3237
1925,1993,2007
1926,1992,2005
1927,1991,2003
1928,1990,2000
1929,1990,1998
1930,1989,1995
1931,1990,1991
1865,2093,2156
1864,2096,2159
1863,2098,2162
1862,2101,2165
1861,2103,2169
1860,2106,2172
1859,2108,2175
1858,2111,2179
1857,2114,2182
1856,2116,2185
2626,2889,2891
1855,2119,2189
2625,2888,2892
1854,2122,2192
2624,2888,2893
1853,2125,2196
2623,2887,2893
1852,2128,2199
2622,2887,2894
1851,2131,2203
2621,2886,2894
1850,2134,2206
2620,2886,2894
1849,2137,2210
2619,2886,2895
1848,2140,2214
2618,2886,2895
1847,2144,2217
2617,2885,2895
1846,2147,2221
2616,2885,2895
1845,2151,2224
2615,2885,2895
1844,2154,2228
2614,2885,2896
1843,2158,2231
2613,2885,2896
1842,2162,2235
2612,2884,2896
1841,2166,2238
2611,2884,2896
1840,2170,2241
2610,2884,2896
1839,2174,2244
2601,2884,2897
2609,2884,2896
1838,2179,2247
2600,2883,2897
2608,2884,2896
1837,2184,2249
2599,2883,2897
2607,2884,2897
1836,2189,2251
2598,2883,2897
2606,2884,2897
1835,2195,2253
2597,2883,2897
2605,2884,2897
1834,2201,2253
2604,2884,2897
1833,2208,2253
2603,2884,2897
1832,2216,2252
2602,2884,2897
1831,2228,2246
