2801,2855,2856
2802,2854,2856
2803,2853,2856
2804,2853,2855
2805,2852,2855
2806,2851,2855
2807,2851,2855
2808,2850,2854
2809,2849,2854
2810,2849,2854
2811,2848,2854
2812,2847,2853
2813,2847,2853
2814,2846,2853
2815,2846,2852
2816,2845,2852
2817,2844,2852
2818,2844,2851
2819,2843,2851
2820,2843,2850
2821,2842,2850
2822,2841,2850
2823,2841,2849
2824,2840,2849
2825,2839,2849
2826,2839,2848
2827,2838,2848
2828,2838,2847
2829,2837,2847
2830,2836,2846
2831,2836,2846
2832,2835,2846
2833,2834,2845
2834,2834,2845
2835,2833,2844
2836,2832,2844
2837,2832,2843
2838,2831,2843
2839,2831,2842
2840,2830,2842
2841,2829,2841
2842,2829,2841
2843,2828,2840
2844,2827,2840
2845,2827,2839
2846,2826,2839
2847,2825,2838
2848,2825,2838
2849,2824,2837
2850,2823,2837
2851,2823,2836
2852,2822,2836
2853,2821,2835
2854,2820,2835
2855,2820,2834
2856,2819,2833
2857,2818,2833
2858,2818,2832
2859,2817,2832
2860,2816,2831
2861,2815,2831
2862,2815,2830
2863,2814,2829
2864,2813,2829
2865,2813,2828
2866,2812,2828
2867,2811,2827
2868,2810,2826
2869,2810,2826
2870,2809,2825
2871,2808,2824
2872,2807,2824
2873,2807,2823
2874,2806,2822
2875,2805,2822
2876,2804,2821
2877,2804,2821
2878,2803,2820
2879,2802,2819
2880,2801,2819
2881,2800,2818
2882,2800,2817
2883,2799,2816
2884,2798,2816
2885,2797,2815
2886,2796,2814
2887,2796,2814
2888,2795,2813
2889,2794,2812
2890,2793,2812
2891,2792,2811
2892,2792,2810
2893,2791,2809
2894,2790,2809
2895,2789,2808
2896,2788,2807
2897,2787,2806
2898,2786,2806
2899,2786,2805
2900,2785,2804
3059,2579,2585
3058,2580,2588
3057,2581,2591
3056,2583,2594
3055,2584,2597
3054,2586,2600
3053,2587,2602
3052,2589,2605
3051,2591,2607
3050,2592,2610
3049,2594,2612
3048,2596,2614
3047,2598,2617
3046,2599,2619
3045,2601,2621
3044,2603,2623
3043,2605,2625
3042,2606,2628
3041,2608,2630
3040,2610,2632
3039,2612,2634
3038,2613,2636
3037,2615,2638
3036,2617,2640
3035,2618,2641
3034,2620,2643
3033,2622,2645
3032,2624,2647
3031,2625,2649
3030,2627,2651
3029,2629,2653
3028,2630,2654
3027,2632,2656
3026,2634,2658
3025,2635,2660
3024,2637,2661
3023,2638,2663
3022,2640,2665
3021,2642,2666
3020,2643,2668
3019,2645,2670
3018,2646,2671
3017,2648,2673
3016,2649,2675
3015,2651,2676
3014,2653,2678
3013,2654,2679
3012,2656,2681
3011,2657,2682
3010,2659,2684
3009,2660,2685
3008,2662,2687
3007,2663,2688
3006,2665,2690
3005,2666,2691
3004,2668,2693
3003,2669,2694
3002,2670,2696
3001,2672,2697
3000,2673,2699
2999,2675,2700
2998,2676,2701
2997,2678,2703
2996,2679,2704
2995,2680,2706
2994,2682,2707
2993,2683,2708
2992,2685,2710
2991,2686,2711
2990,2687,2712
2989,2689,2714
2988,2690,2715
2987,2691,2716
2986,2693,2717
2985,2694,2719
2984,2695,2720
2983,2697,2721
2982,2698,2723
2981,2699,2724
2980,2700,2725
2979,2702,2726
2978,2703,2728
2680,2879,2889
2679,2879,2890
2678,2879,2890
2677,2879,2890
2676,2879,2890
2675,2879,2890
2674,2879,2891
2673,2879,2891
2672,2879,2891
2671,2879,2891
2670,2879,2891
2660,2879,2893
2659,2879,2893
2658,2879,2893
2901,2784,2803
1819,2205,2229
2902,2783,2802
1820,2196,2232
2903,2782,2802
1821,2189,2233
2904,2781,2801
1822,2183,2233
2915,2771,2792
1833,2137,2208
2916,2770,2791
1834,2134,2205
2917,2770,2790
1835,2131,2202
2606,2887,2888
2607,2886,2889
2608,2885,2890
2609,2884,2890
2610,2884,2891
2611,2883,2891
2612,2883,2891
2613,2883,2892
2614,2882,2892
2615,2882,2892
2927,2760,2781
1845,2103,2170
2616,2882,2892
2637,2879,2894
2636,2879,2894
2635,2879,2894
2634,2879,2894
2633,2879,2894
2632,2880,2894
2631,2880,2894
2630,2880,2894
2629,2880,2894
2628,2880,2894
2627,2880,2894
2937,2750,2772
1855,2080,2139
2626,2880,2894
2936,2751,2773
1854,2082,2142
2625,2880,2894
2935,2752,2774
1853,2084,2145
2624,2880,2894
2934,2753,2775
1852,2086,2148
2623,2881,2894
2666,2879,2892
2977,2704,2729
1895,2023,2025
1841,2113,2183
2923,2764,2785
2539,3230,3235
2652,2879,2893
1827,2159,2225
2909,2777,2797
2661,2879,2893
1836,2128,2199
2918,2769,2789
2932,2755,2777
1850,2091,2154
2621,2881,2893
2667,2879,2892
1842,2111,2180
2924,2763,2784
2540,3230,3235
2653,2879,2893
1828,2155,2223
2910,2776,2796
2662,2879,2892
1837,2125,2196
2919,2768,2788
2933,2754,2776
1851,2089,2151
2622,2881,2893
2668,2879,2892
1843,2108,2176
2925,2762,2783
2541,3230,3234
2654,2879,2893
1829,2151,2220
2911,2775,2795
2663,2879,2892
1838,2122,2193
2920,2767,2788
2669,2879,2891
1844,2105,2173
2926,2761,2782
2542,3231,3233
2655,2879,2893
1830,2147,2217
2912,2774,2794
2664,2879,2892
1839,2119,2189
2921,2766,2787
2665,2879,2892
2976,2706,2730
1894,2022,2030
1840,2116,2186
2922,2765,2786
2538,3230,3235
2651,2879,2894
1826,2163,2227
2908,2778,2798
2931,2756,2778
1849,2093,2157
2620,2881,2893
2537,3230,3235
2650,2879,2894
1825,2167,2229
2907,2779,2799
2930,2757,2779
1848,2096,2160
2619,2881,2893
2536,3231,3235
2649,2879,2894
1824,2172,2231
2906,2780,2799
2535,3231,3235
2648,2879,2894
1823,2177,2232
2905,2780,2800
2657,2879,2893
1832,2140,2211
2914,2772,2793
2638,2879,2894
2534,3232,3234
2647,2879,2894
2656,2879,2893
1831,2144,2214
2913,2773,2794
2639,2879,2894
2640,2879,2894
2641,2879,2894
2642,2879,2894
2643,2879,2894
2644,2879,2894
2645,2879,2894
2646,2879,2894
2929,2758,2780
1847,2098,2164
2618,2881,2893
2928,2759,2780
1846,2100,2167
2617,2882,2893
2681,2879,2889
1856,2078,2136
2938,2749,2771
2682,2879,2889
1857,2076,2133
2939,2748,2770
2683,2879,2889
1858,2074,2130
2940,2747,2769
2684,2879,2889
1859,2072,2127
2941,2746,2768
2685,2879,2888
1860,2070,2124
2942,2745,2767
2686,2879,2888
1861,2068,2121
2943,2744,2766
2687,2879,2888
1862,2066,2118
2944,2743,2765
2688,2879,2888
1863,2064,2115
2945,2741,2764
2689,2879,2887
1864,2062,2113
2946,2740,2763
2690,2879,2887
1865,2060,2110
2947,2739,2762
2691,2879,2887
1866,2059,2107
2948,2738,2761
2692,2879,2887
1867,2057,2104
2949,2737,2760
2693,2879,2886
1868,2055,2101
2950,2736,2759
2694,2880,2886
1869,2053,2099
2951,2735,2758
2695,2880,2886
1870,2052,2096
2952,2734,2757
2696,2880,2885
1871,2050,2093
2953,2733,2756
2697,2880,2885
1872,2048,2091
2954,2732,2755
2698,2880,2885
1873,2047,2088
2955,2730,2754
2699,2880,2884
1874,2045,2085
2956,2729,2753
2700,2880,2884
1875,2044,2082
2957,2728,2752
2701,2880,2884
1876,2042,2080
2958,2727,2751
2702,2880,2883
1877,2041,2077
2959,2726,2749
2703,2881,2883
1878,2039,2074
2960,2725,2748
2704,2881,2882
1879,2038,2072
2961,2724,2747
2705,2881,2881
1880,2036,2069
2962,2722,2746
1881,2035,2067
2963,2721,2745
1882,2033,2064
2964,2720,2744
1883,2032,2061
2965,2719,2743
1884,2031,2059
2966,2718,2742
1885,2030,2056
2967,2717,2741
1886,2028,2053
2968,2715,2739
1887,2027,2051
2969,2714,2738
1888,2026,2048
2970,2713,2737
1889,2025,2045
2971,2712,2736
1890,2024,2042
2972,2710,2735
1891,2023,2039
2973,2709,2734
1892,2023,2036
2974,2708,2732
1893,2022,2033
2975,2707,2731
