2172,1785,1796
2171,1786,1797
2170,1786,1797
2169,1787,1798
2168,1787,1799
2167,1788,1799
2166,1788,1800
2165,1789,1801
2164,1790,1801
2163,1790,1802
2162,1791,1803
2161,1791,1803
2160,1792,1804
2159,1793,1805
2158,1793,1805
2157,1794,1806
2156,1794,1807
2155,1795,1807
2154,1795,1808
2153,1796,1809
2152,1797,1809
2151,1797,1810
2150,1798,1811
2149,1799,1811
2148,1799,1812
2147,1800,1813
2146,1800,1813
2145,1801,1814
2144,1802,1815
2143,1802,1816
2142,1803,1816
2141,1803,1817
2140,1804,1818
2139,1805,1818
2138,1805,1819
2137,1806,1820
2136,1807,1821
2135,1807,1821
2134,1808,1822
2133,1809,1823
2132,1809,1824
2131,1810,1824
2130,1811,1825
2129,1811,1826
2128,1812,1827
2127,1813,1827
2126,1813,1828
2125,1814,1829
2124,1815,1830
2123,1815,1830
2122,1816,1831
2121,1817,1832
2120,1817,1833
2119,1818,1834
2118,1819,1834
2117,1819,1835
2116,1820,1836
2115,1821,1837
2114,1822,1837
2113,1822,1838
2112,1823,1839
2111,1824,1840
2110,1824,1841
2109,1825,1841
2108,1826,1842
2107,1827,1843
2106,1827,1844
2105,1828,1845
2104,1829,1846
2103,1830,1846
2102,1830,1847
2101,1831,1848
2100,1832,1849
2099,1833,1850
2098,1833,1851
2097,1834,1851
2096,1835,1852
2095,1836,1853
2094,1836,1854
2093,1837,1855
2092,1838,1856
2091,1839,1857
2090,1840,1858
2089,1840,1858
2088,1841,1859
2087,1842,1860
2086,1843,1861
2085,1843,1862
2084,1844,1863
2083,1845,1864
2082,1846,1865
2081,1847,1866
2080,1848,1866
2079,1848,1867
2078,1849,1868
2077,1850,1869
2076,1851,1870
2075,1852,1871
2074,1852,1872
2073,1853,1873
2072,1854,1874
2071,1855,1875
2070,1856,1876
2069,1857,1877
2068,1858,1878
2067,1858,1879
2066,1859,1880
2065,1860,1881
2064,1861,1882
2063,1862,1883
2062,1863,1884
2061,1864,1885
2060,1865,1886
2059,1865,1887
2058,1866,1888
2057,1867,1889
2056,1868,1890
2055,1869,1891
2054,1870,1892
2053,1871,1893
2052,1872,1894
2051,1873,1895
2050,1874,1896
2049,1875,1897
2048,1875,1898
2047,1876,1899
2046,1877,1900
2045,1878,1901
2044,1879,1902
2043,1880,1903
3066,2026,2030
1957,1982,2018
3065,2024,2028
1956,1983,2020
3064,2023,2026
1955,1985,2021
3063,2021,2024
1954,1986,2023
3062,2019,2022
1953,1988,2025
3061,2018,2020
1952,1989,2026
3060,2016,2019
1951,1991,2028
3059,2015,2017
1950,1992,2030
3058,2013,2015
1949,1994,2032
3057,2012,2013
1948,1995,2034
1947,1997,2035
1946,1998,2037
1945,2000,2039
1928,2029,2072
1927,2030,2075
1926,2032,2077
1925,2034,2079
1924,2036,2081
1923,2038,2083
1922,2040,2085
1921,2042,2088
1920,2043,2090
1919,2045,2092
1918,2047,2095
1917,2049,2097
1916,2051,2099
1929,2027,2070
1930,2025,2068
1931,2023,2066
1932,2022,2064
1933,2020,2062
1934,2018,2060
1935,2016,2058
1936,2015,2056
1937,2013,2054
1938,2011,2052
1939,2010,2050
1940,2008,2048
1941,2006,2046
1942,2005,2045
1943,2003,2043
1944,2002,2041
2516,3240,3241
2517,3239,3242
2518,2895,2895
2518,3238,3243
2519,2893,2896
2519,3238,3243
2520,2892,2897
2520,3238,3243
2521,2892,2898
2521,3238,3243
2522,2891,2898
2522,3238,3243
2523,2891,2899
2523,3238,3243
2524,2890,2899
2524,3238,3243
2525,2890,2899
2525,3239,3242
2526,2890,2900
1958,1980,2016
3067,2028,2032
2527,2890,2900
1959,1979,2015
3068,2029,2034
2528,2889,2900
1960,1977,2013
3069,2031,2036
2529,2889,2900
1961,1976,2011
3070,2033,2038
2530,2889,2900
1962,1974,2010
3071,2034,2039
2531,2889,2900
1963,1973,2008
3072,2036,2041
2532,2889,2901
1964,1972,2006
3073,2038,2043
2533,2889,2901
1965,1970,2005
3074,2040,2045
2534,2889,2901
1966,1969,2003
3075,2041,2047
2535,2889,2901
1967,1967,2002
3076,2043,2049
2536,2889,2901
1968,1966,2000
3077,2045,2051
2537,2889,2901
1969,1965,1998
3078,2047,2053
2538,2889,2901
1970,1963,1997
3079,2049,2055
2539,2889,2901
1971,1962,1995
3080,2051,2058
2540,2889,2901
1972,1961,1994
3081,2053,2060
2541,2889,2901
1973,1959,1992
3082,2054,2062
2542,2889,2901
1974,1958,1991
3083,2056,2064
2543,2889,2901
1975,1957,1989
3084,2058,2066
2544,2889,2901
1976,1955,1988
3085,2060,2068
2545,2889,2900
1977,1954,1986
3086,2062,2070
2546,2889,2900
1978,1953,1985
3087,2064,2073
2547,2889,2900
1979,1951,1983
3088,2066,2075
2548,2890,2900
1980,1950,1982
3089,2068,2077
2549,2890,2900
1981,1949,1980
3090,2070,2079
2550,2890,2900
1982,1947,1979
3091,2072,2082
2551,2890,2899
1983,1946,1977
3092,2075,2084
2552,2891,2899
1984,1945,1976
3093,2077,2086
2553,2891,2899
1985,1944,1975
3094,2079,2089
2554,2892,2898
1986,1942,1973
3095,2081,2091
2555,2892,2898
1987,1941,1972
3096,2083,2093
2556,2893,2897
1988,1940,1970
3097,2085,2096
3125,2161,2178
2016,1908,1934
2557,2894,2896
1989,1939,1969
3098,2088,2098
3126,2164,2182
2017,1907,1933
1990,1937,1967
3099,2090,2101
3127,2168,2186
2018,1905,1931
1991,1936,1966
3100,2092,2103
3128,2171,2190
2019,1904,1930
1992,1935,1965
3101,2094,2106
3129,2175,2194
2020,1903,1929
1993,1934,1963
3102,2097,2108
3130,2179,2198
2021,1902,1928
1994,1933,1962
3103,2099,2111
3131,2183,2202
2022,1901,1927
1995,1931,1961
3104,2102,2113
3132,2187,2207
2023,1900,1925
1996,1930,1959
3105,2104,2116
3133,2191,2211
2024,1899,1924
1997,1929,1958
3106,2106,2119
3134,2195,2216
2025,1898,1923
1998,1928,1957
3107,2109,2122
3135,2199,2221
2026,1897,1922
1999,1927,1955
3108,2112,2124
3136,2204,2226
2027,1896,1921
2000,1926,1954
3109,2114,2127
3137,2208,2231
2028,1895,1920
2001,1924,1953
3110,2117,2130
3138,2213,2236
2029,1894,1919
2002,1923,1951
3111,2119,2133
3139,2218,2242
2030,1893,1917
2003,1922,1950
3112,2122,2136
3140,2224,2247
2031,1892,1916
2004,1921,1949
3113,2125,2139
3141,2230,2253
2032,1891,1915
2005,1920,1948
3114,2127,2142
3142,2236,2260
2033,1890,1914
2006,1919,1946
3115,2130,2145
3143,2242,2266
2034,1889,1913
2007,1918,1945
3116,2133,2148
3144,2250,2273
2035,1888,1912
2008,1916,1944
3117,2136,2151
3145,2258,2280
2036,1887,1911
2009,1915,1942
3118,2139,2154
3146,2267,2286
2037,1886,1910
2010,1914,1941
3119,2142,2157
3147,2281,2290
2038,1885,1908
2011,1913,1940
3120,2145,2161
2039,1884,1907
2012,1912,1939
3121,2148,2164
2040,1883,1906
2013,1911,1937
3122,2151,2168
2041,1882,1905
2014,1910,1936
3123,2154,2171
2042,1881,1904
2015,1909,1935
3124,2158,2175
2173,1785,1795
2174,1784,1795
2175,1783,1794
2176,1783,1794
2177,1782,1793
2178,1782,1792
2179,1781,1792
2180,1781,1791
2181,1780,1790
2182,1780,1790
2183,1779,1789
2184,1779,1789
2185,1778,1788
2186,1778,1787
2187,1777,1787
2188,1777,1786
2189,1776,1786
2190,1775,1785
2191,1775,1784
2192,1774,1784
2193,1774,1783
2194,1773,1783
2195,1773,1782
2196,1772,1781
2197,1772,1781
2198,1771,1780
2199,1771,1780
2200,1770,1779
2201,1770,1779
2202,1770,1778
2203,1769,1777
2204,1769,1777
2205,1768,1776
2206,1768,1776
2207,1767,1775
2208,1767,1775
2209,1766,1774
2210,1766,1774
2211,1765,1773
2212,1765,1772
2213,1764,1772
2214,1764,1771
2215,1763,1771
2216,1763,1770
2217,1763,1770
2218,1762,1769
2219,1762,1769
2220,1761,1768
2221,1761,1768
2222,1760,1767
2223,1760,1767
2224,1759,1766
2225,1759,1765
2226,1759,1765
2227,1758,1764
2228,1758,1764
2229,1757,1763
2230,1757,1763
2231,1756,1762
2232,1756,1762
2233,1756,1761
2234,1755,1761
2235,1755,1760
2236,1754,1760
2237,1754,1759
2238,1754,1759
2239,1753,1758
2240,1753,1758
2241,1752,1757
2242,1752,1757
2243,1752,1756
2244,1751,1756
2245,1751,1755
2246,1751,1755
2247,1750,1754
2248,1750,1754
2249,1749,1753
2250,1749,1753
2251,1749,1752
2252,1748,1752
2253,1748,1751
2254,1748,1751
2255,1747,1750
2256,1747,1750
2257,1747,1749
2258,1746,1749
2259,1746,1748
2260,1746,1748
2261,1745,1747
2262,1745,1747
2263,1745,1746
2264,1744,1746
2265,1744,1745
2266,1744,1745
2267,1744,1744
2268,1743,1744
2269,1743,1743
1915,2053,2102
1914,2055,2104
1913,2057,2107
1912,2059,2109
1911,2061,2111
1910,2063,2114
1909,2065,2117
1908,2068,2119
1907,2070,2122
1906,2072,2124
1905,2074,2127
1904,2076,2130
1903,2078,2133
1902,2081,2135
1901,2083,2138
1900,2085,2141
1899,2088,2144
1898,2090,2147
1897,2092,2150
1896,2095,2153
1895,2097,2156
1894,2100,2159
1893,2102,2162
1892,2105,2166
1891,2107,2169
1890,2110,2172
1889,2113,2176
1888,2115,2179
1887,2118,2183
1886,2121,2186
1885,2123,2190
1884,2126,2194
1883,2129,2198
1882,2132,2202
1881,2135,2206
1880,2138,2210
1879,2141,2214
1878,2144,2218
1877,2148,2223
1876,2151,2228
1875,2154,2232
1874,2158,2237
1873,2161,2243
1872,2165,2248
1871,2168,2253
1870,2172,2259
1869,2176,2265
1868,2180,2271
1867,2184,2278
1866,2188,2285
1865,2193,2292
1864,2197,2300
1863,2202,2308
1862,2207,2316
1861,2212,2323
1860,2218,2331
1859,2224,2337
1858,2230,2341
1857,2237,2344
1856,2244,2344
1855,2252,2342
1854,2262,2338
1853,2274,2330
1852,2296,2312
