2216,2879,2881
2217,2878,2882
2218,2878,2883
2219,2878,2884
2220,2878,2885
2221,2878,2886
2222,2879,2887
2223,2879,2888
2224,2879,2888
2225,2879,2889
2226,2879,2890
2227,2880,2891
2228,2880,2891
2229,2880,2892
2230,2880,2892
2231,2880,2893
2232,2881,2894
2233,2881,2894
2234,2881,2895
2235,2882,2895
2236,2882,2896
2237,2882,2897
2238,2882,2897
2364,2904,2920
2363,2904,2920
2362,2904,2920
2361,2904,2920
2360,2904,2920
2349,2903,2921
1962,2136,2176
1968,2126,2152
2348,2903,2921
1967,2128,2156
2347,2903,2921
1966,2129,2160
2346,2903,2921
1965,2131,2164
2345,2903,2920
1964,2133,2168
2344,2903,2920
3233,2387,2425
1948,2169,2236
1963,2135,2172
2343,2903,2920
3232,2376,2437
1947,2172,2241
2342,2903,2920
3231,2369,2446
1946,2174,2247
1961,2138,2180
2341,2902,2920
3230,2363,2454
1960,2140,2184
2340,2902,2920
3229,2359,2460
1959,2142,2188
2339,2902,2920
3228,2356,2466
1958,2145,2192
2338,2902,2920
3227,2354,2471
1957,2147,2196
2337,2902,2920
3226,2352,2476
2482,3237,3243
1941,2190,2275
1956,2149,2200
2336,2902,2920
3225,2351,2480
2481,3236,3243
1940,2193,2281
1955,2151,2204
2359,2904,2920
1945,2177,2252
2486,3239,3242
1972,2121,2136
2335,2902,2920
3224,2351,2484
2480,3236,3243
1939,2196,2287
1954,2154,2209
2358,2904,2920
1944,2180,2257
2485,3238,3243
1971,2122,2141
2334,2902,2920
3223,2351,2488
2479,3236,3242
1938,2200,2294
1953,2156,2213
2357,2904,2920
1943,2183,2263
2484,3237,3243
1970,2123,2145
3210,2433,2522
1925,2263,2359
3211,2424,2520
1926,2256,2361
3212,2416,2519
1927,2250,2361
3213,2407,2517
1928,2244,2359
3214,2398,2514
1929,2238,2356
3215,2390,2512
1930,2233,2351
3216,2382,2510
1931,2228,2345
3217,2374,2507
1932,2224,2338
3218,2368,2504
1933,2219,2330
3219,2363,2501
1934,2215,2323
1949,2166,2232
3220,2358,2498
2476,3238,3240
1935,2211,2315
1950,2163,2227
3221,2355,2495
2477,3237,3241
1936,2207,2308
1951,2161,2222
3222,2353,2492
2478,3237,3242
1937,2203,2301
1952,2158,2218
2356,2904,2920
1942,2186,2269
2483,3237,3243
1969,2125,2149
2350,2903,2920
2351,2903,2920
2352,2903,2920
2353,2903,2920
2354,2903,2920
1973,2121,2132
2355,2904,2920
1974,2122,2125
3209,2442,2524
1924,2271,2356
3208,2450,2525
1923,2281,2350
3207,2459,2526
1922,2294,2341
3206,2467,2527
3205,2476,2527
3204,2485,2527
3203,2494,2526
3202,2506,2522
2365,2904,2920
2366,2904,2920
2367,2904,2920
2368,2905,2920
2369,2905,2920
2370,2905,2920
2371,2905,2920
2372,2905,2920
2373,2905,2919
2374,2905,2919
2375,2905,2919
2376,2905,2919
2377,2905,2919
2378,2905,2919
2379,2906,2919
2380,2906,2919
2381,2906,2919
2382,2906,2918
2383,2906,2918
2384,2906,2918
2385,2906,2918
2386,2906,2918
2387,2907,2918
2388,2907,2917
2389,2907,2917
2390,2907,2917
2391,2907,2917
2392,2908,2916
2393,2908,2916
2394,2908,2916
2395,2909,2915
2396,2909,2915
2397,2909,2914
2398,2910,2914
2399,2911,2913
2333,2902,2920
2332,2902,2920
2331,2902,2920
2330,2901,2920
2329,2901,2920
2328,2901,2920
2327,2901,2920
2326,2901,2920
2325,2901,2920
2324,2901,2920
2323,2901,2920
2322,2901,2920
2321,2900,2920
2320,2900,2919
2319,2900,2919
2318,2900,2919
2317,2900,2919
2316,2900,2919
2315,2900,2919
2314,2899,2919
2313,2899,2919
2312,2899,2919
2311,2899,2919
2310,2899,2918
2309,2899,2918
2308,2899,2918
2307,2898,2918
2306,2898,2918
2305,2898,2918
2304,2898,2918
2303,2898,2918
2302,2898,2917
2301,2897,2917
2300,2897,2917
2299,2897,2917
2298,2897,2917
2297,2897,2917
2296,2896,2916
2295,2896,2916
2294,2896,2916
2293,2896,2916
2292,2896,2916
2291,2895,2916
2290,2895,2915
2289,2895,2915
2288,2895,2915
2287,2895,2915
2286,2894,2914
2285,2894,2914
2284,2894,2914
2283,2894,2914
2282,2894,2914
2281,2893,2913
2280,2893,2913
2279,2893,2913
2278,2893,2913
2277,2892,2912
2276,2892,2912
2275,2892,2912
2274,2892,2911
2273,2892,2911
2272,2891,2911
2271,2891,2911
2270,2891,2910
2269,2891,2910
2268,2890,2910
2267,2890,2909
2266,2890,2909
2265,2890,2909
2264,2889,2908
2263,2889,2908
2262,2889,2908
2261,2889,2907
2260,2888,2907
2259,2888,2907
2258,2888,2906
2257,2887,2906
2256,2887,2905
2255,2887,2905
2254,2887,2905
2253,2886,2904
2252,2886,2904
2251,2886,2903
2250,2886,2903
2249,2885,2902
2248,2885,2902
2247,2885,2902
2246,2884,2901
2245,2884,2901
2244,2884,2900
2243,2884,2900
2242,2883,2899
2241,2883,2899
2240,2883,2898
2239,2883,2898
