1881,2329,2379
1882,2310,2397
1883,2297,2410
1884,2287,2420
1885,2278,2429
1886,2270,2437
1887,2263,2444
1888,2256,2451
1889,2250,2457
1890,2244,2463
1891,2238,2469
1952,2602,2646
1952,2061,2098
1953,2604,2648
1953,2059,2095
1954,2607,2650
1954,2057,2093
1955,2609,2652
1955,2055,2091
1956,2611,2654
1956,2054,2088
1951,2600,2644
1951,2063,2100
2492,2900,2902
1978,2656,2690
1978,2016,2043
1950,2597,2642
1950,2065,2103
2491,2899,2903
1977,2654,2689
1977,2018,2045
1949,2595,2641
1949,2067,2105
2490,2898,2904
1976,2652,2687
1976,2020,2047
1948,2593,2639
1948,2069,2107
2489,2898,2904
1975,2650,2686
1975,2021,2049
1947,2590,2637
1947,2071,2110
2488,2897,2905
1974,2648,2684
1974,2023,2051
1946,2588,2635
1946,2073,2112
2487,2897,2905
1973,2646,2682
1973,2024,2053
1945,2585,2633
1945,2075,2115
2486,2897,2906
1972,2644,2681
1972,2026,2055
1944,2583,2631
1944,2077,2118
2485,2896,2906
1971,2642,2679
1971,2028,2056
1943,2580,2629
1943,2079,2120
2484,2896,2906
1970,2640,2678
1970,2029,2059
1942,2578,2626
1942,2081,2123
2483,2896,2906
1969,2638,2676
1969,2031,2061
1941,2575,2624
1941,2083,2126
2482,2896,2907
1968,2636,2674
1968,2033,2063
1940,2572,2622
1940,2085,2128
2481,2896,2907
1939,2570,2620
1939,2087,2131
2480,2896,2907
1938,2567,2618
1938,2090,2134
2479,2895,2907
1937,2564,2616
1937,2092,2137
2478,2895,2907
1936,2561,2614
1936,2094,2139
2477,2895,2907
1935,2558,2611
1935,2096,2142
2476,2895,2907
1957,2613,2655
1957,2052,2086
2498,3242,3244
1984,2666,2699
1984,2007,2032
1958,2616,2657
1958,2050,2084
2499,3241,3245
1985,2668,2701
1985,2006,2030
3166,2180,2253
3166,2486,2491
3167,2183,2261
3167,2470,2496
3168,2186,2269
3168,2459,2497
3169,2189,2278
3169,2447,2496
3170,2192,2289
3170,2435,2495
3171,2196,2301
3171,2421,2493
3172,2199,2317
3172,2403,2491
3173,2202,2347
3173,2372,2489
3174,2206,2486
3175,2209,2484
3176,2213,2481
3177,2217,2478
1892,2233,2474
3178,2221,2475
1893,2228,2479
3179,2225,2471
1894,2223,2484
3180,2229,2468
1895,2218,2489
3181,2233,2464
1896,2214,2493
3184,2248,2451
1899,2201,2506
3185,2253,2447
1900,2197,2510
3186,2258,2442
1901,2383,2514
1901,2193,2320
3187,2264,2436
1902,2399,2518
1902,2189,2304
3188,2271,2430
1903,2411,2522
1903,2186,2292
3189,2278,2424
1904,2421,2525
1904,2182,2282
3190,2285,2417
1905,2430,2529
1905,2179,2273
3191,2294,2408
1906,2437,2532
1906,2175,2265
3192,2304,2399
1907,2444,2536
1907,2172,2258
3193,2317,2386
1908,2451,2539
1908,2168,2252
3194,2339,2364
1909,2457,2542
1909,2165,2246
3183,2243,2456
1898,2205,2502
3182,2238,2460
1897,2209,2498
3165,2177,2246
3164,2175,2239
3163,2172,2233
3162,2169,2226
3161,2166,2221
3160,2164,2215
3159,2161,2210
3158,2159,2204
3157,2157,2199
1967,2634,2673
1967,2034,2065
2508,3243,3244
1994,2684,2713
1994,1993,2014
3156,2154,2194
1966,2632,2671
1966,2036,2067
2507,3241,3245
1993,2682,2712
1993,1994,2016
3155,2152,2189
1965,2630,2669
1965,2038,2069
2506,3241,3246
1992,2680,2710
1992,1996,2018
3154,2150,2185
1964,2628,2668
1964,2039,2071
2505,3240,3246
1991,2679,2709
1991,1997,2019
3153,2148,2180
1963,2626,2666
1963,2041,2073
2504,3240,3246
1990,2677,2708
1990,1999,2021
3152,2146,2175
1962,2624,2664
1962,2043,2075
2503,3240,3246
1989,2675,2706
1989,2000,2023
3151,2144,2171
1961,2622,2663
1961,2045,2077
2502,3240,3246
1988,2673,2705
1988,2001,2025
3150,2142,2166
1960,2620,2661
1960,2046,2079
2501,3240,3246
1987,2672,2703
1987,2003,2026
3149,2140,2162
1959,2618,2659
1959,2048,2082
2500,3240,3245
1986,2670,2702
1986,2004,2028
3148,2139,2157
3147,2137,2153
3146,2136,2148
3145,2135,2143
1979,2657,2692
1979,2015,2041
1980,2659,2693
1980,2013,2039
1981,2661,2695
1981,2012,2037
1982,2663,2696
1982,2010,2035
1983,2665,2698
1983,2009,2034
1995,2685,2714
1995,1992,2013
1996,2687,2716
1996,1990,2011
1997,2689,2717
1997,1989,2009
1998,2690,2718
1998,1987,2008
1999,2692,2720
1999,1986,2006
2000,2693,2721
2000,1985,2004
2001,2695,2722
2001,1983,2003
2002,2697,2723
2002,1982,2001
2003,2698,2725
2003,1981,1999
2004,2700,2726
2004,1979,1998
2005,2701,2727
2005,1978,1996
2006,2703,2728
2006,1977,1994
2007,2704,2730
2007,1976,1993
2008,2706,2731
2008,1974,1991
2009,2708,2732
2009,1973,1990
2010,2709,2733
2010,1972,1988
2011,2711,2734
2011,1971,1987
2012,2712,2735
2012,1969,1985
2013,2714,2737
2013,1968,1984
2014,2715,2738
2014,1967,1982
2015,2717,2739
2015,1966,1980
2016,2718,2740
2016,1964,1979
2017,2720,2741
2017,1963,1977
2018,2721,2742
2018,1962,1976
2019,2723,2743
2019,1961,1974
2020,2724,2744
2020,1960,1973
2021,2726,2745
2021,1959,1971
2022,2727,2746
2022,1957,1970
2023,2729,2747
2023,1956,1968
2024,2730,2748
2024,1955,1967
2025,2732,2749
2025,1954,1965
2026,2733,2750
2026,1953,1964
2027,2735,2751
2027,1952,1963
2028,2736,2752
2028,1951,1961
2029,2738,2753
2029,1950,1960
2030,2739,2754
2030,1949,1958
2031,2740,2755
2031,1948,1957
2032,2742,2756
2032,1946,1955
2033,2743,2757
2033,1945,1954
2034,2745,2758
2034,1944,1952
2035,2746,2759
2035,1943,1951
2036,2748,2760
2036,1942,1949
2037,2749,2760
2037,1941,1948
2038,2751,2761
2038,1941,1946
2039,2753,2762
2039,1940,1945
2040,2754,2763
2040,1939,1943
2041,2756,2763
2041,1938,1942
2042,2757,2764
2042,1937,1940
2043,2759,2764
2043,1937,1938
2044,2761,2764
2045,2764,2764
2475,2895,2907
1934,2555,2609
1934,2098,2145
2474,2895,2908
1933,2552,2607
1933,2101,2148
2473,2895,2908
1932,2549,2605
1932,2103,2151
2472,2895,2908
1931,2546,2602
1931,2105,2155
2471,2895,2908
1930,2543,2600
1930,2108,2158
2470,2895,2908
1929,2540,2598
1929,2110,2161
2469,2895,2908
1928,2537,2595
1928,2112,2164
2468,2895,2908
1927,2534,2593
1927,2115,2168
2467,2895,2908
1926,2530,2590
1926,2117,2171
2466,2895,2907
1925,2527,2588
1925,2120,2174
2465,2896,2907
1924,2523,2585
1924,2122,2178
2464,2896,2907
1923,2520,2583
1923,2125,2182
2463,2896,2907
1922,2516,2580
1922,2128,2185
2462,2896,2907
1921,2512,2577
1921,2130,2189
2461,2896,2907
1920,2509,2575
1920,2133,2193
2460,2896,2907
1919,2505,2572
1919,2136,2197
2459,2897,2907
1918,2501,2569
1918,2138,2201
2458,2897,2906
1917,2496,2566
1917,2141,2205
2457,2897,2906
1916,2492,2564
1916,2144,2210
2456,2898,2906
1915,2488,2561
1915,2147,2214
2455,2898,2905
1914,2483,2558
1914,2150,2219
2454,2898,2905
1913,2478,2555
1913,2153,2224
2453,2899,2905
1912,2473,2552
1912,2156,2229
2452,2899,2904
1911,2468,2549
1911,2159,2234
2451,2900,2903
1910,2463,2546
1910,2162,2240
