1790,2177,2201
1791,2169,2203
1792,2163,2205
1793,2158,2205
1794,2153,2205
1795,2149,2204
1796,2145,2203
1797,2141,2202
1798,2137,2200
1799,2134,2199
1800,2130,2197
1801,2127,2195
1802,2124,2192
1803,2121,2190
1804,2118,2188
1805,2115,2185
1806,2113,2183
1807,2110,2180
1808,2107,2177
1809,2105,2174
1810,2103,2172
1811,2100,2169
1812,2098,2166
1843,2055,2063
1842,2054,2068
1841,2054,2073
1840,2054,2077
1839,2055,2080
1838,2055,2084
1837,2056,2087
1836,2057,2091
1835,2058,2094
1834,2059,2097
1833,2061,2101
1832,2062,2104
1831,2063,2107
1830,2065,2110
1829,2066,2114
1828,2068,2117
1827,2069,2120
1826,2071,2123
1825,2072,2126
1824,2074,2129
1823,2076,2132
1822,2078,2135
1821,2079,2139
1820,2081,2142
1819,2083,2145
1818,2085,2148
1817,2087,2151
1816,2089,2154
1815,2091,2157
1814,2093,2160
1813,2096,2163
2544,3224,3227
2545,3223,3227
2546,3223,3228
2547,3223,3228
2551,3224,3225
2550,3223,3226
2549,3222,3227
2548,3222,3227
2891,2770,2770
2892,2768,2770
2893,2767,2769
2894,2766,2769
2895,2764,2768
2896,2763,2768
2897,2762,2767
2898,2761,2766
2899,2759,2766
2900,2758,2765
2901,2757,2764
2902,2756,2764
2903,2755,2763
2904,2754,2762
2905,2752,2761
2906,2751,2761
2907,2750,2760
2908,2749,2759
2909,2748,2758
2910,2747,2757
2911,2745,2756
2912,2744,2756
2913,2743,2755
2914,2742,2754
2915,2741,2753
2916,2740,2752
2917,2738,2751
2918,2737,2751
2919,2736,2750
2920,2735,2749
2921,2734,2748
2990,2635,2669
2991,2634,2667
2992,2632,2666
2993,2630,2664
2994,2628,2663
2995,2627,2661
2996,2625,2660
2997,2623,2658
2998,2622,2657
2999,2620,2655
3000,2618,2653
3048,2535,2543
3047,2534,2548
3046,2535,2553
3045,2536,2556
3044,2537,2560
3043,2539,2563
3042,2540,2566
3041,2542,2569
3040,2543,2572
3039,2545,2575
3038,2547,2578
3037,2549,2580
3036,2550,2583
3035,2552,2585
3034,2554,2588
3033,2556,2590
3032,2558,2593
3031,2560,2595
3030,2562,2597
3013,2594,2631
3012,2596,2633
3011,2598,2635
3010,2600,2637
3009,2602,2639
3008,2604,2640
3007,2605,2642
3006,2607,2644
3005,2609,2645
3004,2611,2647
3003,2613,2649
3002,2614,2650
3001,2616,2652
3014,2592,2630
3015,2591,2628
3016,2589,2626
3017,2587,2624
3018,2585,2622
3019,2583,2620
3020,2581,2618
3021,2579,2616
3022,2577,2614
3023,2575,2612
3024,2573,2610
3025,2571,2608
3026,2569,2606
3027,2568,2604
3028,2566,2602
3029,2564,2600
2989,2637,2670
2988,2639,2671
2987,2640,2673
2986,2642,2674
2985,2644,2676
2984,2645,2677
2983,2647,2679
2982,2648,2680
2981,2650,2681
2980,2652,2683
2979,2653,2684
2978,2655,2685
2977,2656,2687
2976,2658,2688
2975,2660,2689
2974,2661,2691
2973,2663,2692
2972,2664,2693
2971,2666,2694
2970,2667,2696
2969,2669,2697
2968,2670,2698
2967,2672,2699
2966,2673,2701
2965,2675,2702
2964,2676,2703
2963,2678,2704
2962,2679,2705
2961,2681,2707
2960,2682,2708
2959,2683,2709
2958,2685,2710
2957,2686,2711
2956,2688,2712
2955,2689,2713
2954,2691,2715
2953,2692,2716
2952,2693,2717
2951,2695,2718
2950,2696,2719
2949,2698,2720
2948,2699,2721
2947,2700,2722
2946,2702,2723
2945,2703,2724
2944,2704,2725
2943,2706,2726
2942,2707,2728
2941,2708,2729
2940,2710,2730
2939,2711,2731
2938,2712,2732
2937,2713,2733
2936,2715,2734
2935,2716,2735
2934,2717,2736
2933,2719,2737
2932,2720,2738
2931,2721,2739
2930,2722,2740
2929,2724,2740
2928,2725,2741
2927,2726,2742
2926,2727,2743
2925,2729,2744
2924,2730,2745
2923,2731,2746
2922,2732,2747
