2543,3225,3227
2544,3224,3228
2545,3224,3228
2546,3223,3228
2550,3224,3226
2549,3223,3227
2548,3223,3228
2547,3223,3228
2834,2816,2816
2835,2815,2816
2836,2815,2816
2837,2814,2815
2838,2813,2815
2839,2812,2814
2840,2811,2814
2841,2810,2813
2842,2810,2813
2843,2809,2812
2844,2808,2811
2845,2807,2811
2846,2807,2810
2847,2806,2810
2848,2805,2809
2849,2804,2808
2991,2638,2672
2992,2636,2670
2993,2635,2669
2994,2633,2667
2995,2631,2666
2996,2630,2664
2997,2628,2663
3050,2537,2543
3049,2537,2549
3048,2537,2553
3047,2538,2557
3046,2539,2560
3045,2540,2564
3044,2542,2567
3043,2544,2570
3042,2545,2573
3041,2547,2576
3040,2549,2578
3039,2550,2581
3038,2552,2584
3037,2554,2586
3036,2556,2589
3035,2558,2591
3034,2560,2594
3033,2562,2596
3032,2563,2598
3031,2565,2601
3030,2567,2603
3029,2569,2605
3028,2571,2607
3027,2573,2609
3026,2575,2611
3025,2577,2613
3024,2579,2615
3023,2581,2617
3022,2583,2619
3021,2585,2621
3020,2586,2623
3019,2588,2625
3018,2590,2627
3017,2592,2629
3016,2594,2631
3015,2596,2633
3014,2598,2634
3013,2600,2636
3012,2601,2638
3011,2603,2640
3010,2605,2641
3009,2607,2643
3008,2609,2645
3007,2610,2647
3006,2612,2648
3005,2614,2650
3004,2616,2652
3003,2618,2653
3002,2619,2655
3001,2621,2656
2987,2645,2677
2872,2785,2793
2986,2646,2679
2871,2786,2794
2985,2648,2680
2870,2786,2795
2984,2649,2682
2869,2787,2795
2983,2651,2683
2868,2788,2796
2982,2653,2684
2867,2789,2797
2981,2654,2686
2866,2790,2797
2980,2656,2687
2865,2791,2798
2864,2792,2799
2863,2792,2799
2862,2793,2800
2861,2794,2801
2860,2795,2801
2859,2796,2802
2858,2797,2803
2857,2798,2803
2998,2626,2661
2999,2625,2660
3000,2623,2658
2850,2803,2808
2851,2802,2807
2852,2802,2807
2853,2801,2806
2854,2800,2805
2855,2799,2805
2856,2798,2804
2988,2643,2676
2873,2784,2793
2989,2641,2674
2990,2640,2673
2875,2782,2791
1793,2176,2204
2874,2783,2792
1792,2187,2198
2979,2657,2688
2978,2659,2690
2977,2660,2691
2976,2662,2692
2975,2663,2694
2974,2665,2695
2973,2666,2696
2972,2668,2697
2971,2669,2699
2970,2671,2700
2969,2672,2701
2968,2674,2703
2967,2675,2704
2966,2677,2705
2965,2678,2706
2964,2680,2707
2963,2681,2709
2962,2682,2710
2961,2684,2711
2960,2685,2712
2959,2687,2713
2958,2688,2715
2957,2689,2716
2956,2691,2717
2955,2692,2718
2954,2694,2719
2953,2695,2720
2952,2696,2721
2951,2698,2722
2950,2699,2724
2949,2700,2725
2948,2702,2726
2947,2703,2727
2946,2704,2728
2945,2706,2729
2944,2707,2730
2943,2708,2731
2942,2709,2732
2941,2711,2733
2940,2712,2734
2939,2713,2735
2938,2714,2736
2937,2716,2737
2936,2717,2738
2935,2718,2739
2934,2719,2740
2933,2721,2741
2932,2722,2742
2931,2723,2743
2930,2724,2744
1847,2053,2061
2929,2725,2745
1846,2052,2066
2928,2727,2746
1845,2052,2070
2927,2728,2747
1844,2052,2074
2926,2729,2748
1843,2053,2078
2925,2730,2749
1842,2054,2081
2924,2731,2750
1841,2054,2085
2923,2733,2751
1840,2055,2088
2922,2734,2752
1839,2057,2092
2921,2735,2753
1838,2058,2095
2920,2736,2754
1837,2059,2098
2919,2737,2755
1836,2060,2101
2918,2738,2756
1835,2062,2104
2917,2739,2757
1834,2063,2108
2916,2740,2758
1833,2064,2111
2915,2742,2759
1832,2066,2114
2914,2743,2760
1831,2067,2117
2913,2744,2760
1830,2069,2120
2912,2745,2761
1829,2071,2123
2911,2746,2762
1828,2072,2126
2910,2747,2763
1827,2074,2129
2909,2748,2764
1826,2076,2133
2908,2749,2765
1825,2078,2136
2907,2750,2766
1824,2079,2139
2906,2751,2767
1823,2081,2142
2905,2752,2767
1822,2083,2145
2904,2754,2768
1821,2085,2148
2903,2755,2769
1820,2087,2151
2902,2756,2770
1819,2089,2154
2901,2757,2771
1818,2092,2157
2900,2758,2772
1817,2094,2160
2899,2759,2772
1816,2096,2163
2898,2760,2773
1815,2098,2166
2897,2761,2774
1814,2101,2169
2896,2762,2775
1813,2103,2172
2895,2763,2776
1812,2105,2175
2894,2764,2777
1811,2108,2178
2893,2765,2777
1810,2110,2180
2892,2766,2778
1809,2113,2183
2891,2767,2779
1808,2116,2186
2890,2768,2780
1807,2119,2188
2889,2769,2781
1806,2122,2191
2888,2770,2781
1805,2125,2193
2887,2771,2782
1804,2128,2195
2886,2772,2783
1803,2131,2198
2885,2773,2784
1802,2134,2200
2884,2774,2784
1801,2138,2201
2883,2774,2785
1800,2141,2203
2882,2775,2786
1799,2145,2205
2881,2776,2787
1798,2149,2206
2880,2777,2787
1797,2154,2207
2879,2778,2788
1796,2158,2207
2878,2779,2789
1795,2163,2207
2877,2780,2790
1794,2169,2206
2876,2781,2790
