1849,2281,2301
1850,2263,2314
1851,2251,2319
1852,2242,2321
1853,2235,2321
1854,2228,2319
1855,2221,2316
1856,2215,2311
1857,2210,2306
1858,2204,2300
1859,2199,2294
1860,2195,2288
1861,2190,2282
1862,2186,2276
1863,2181,2270
1864,2177,2265
1865,2173,2259
1866,2169,2254
1867,2166,2248
1868,2162,2243
1869,2158,2238
1870,2155,2233
1871,2152,2229
1872,2148,2224
1873,2145,2220
1874,2142,2215
1875,2139,2211
1876,2136,2207
1877,2133,2203
1878,2130,2199
1879,2127,2195
1880,2124,2191
1881,2121,2188
1882,2118,2184
1883,2116,2180
1884,2113,2177
1885,2110,2174
1886,2108,2170
1887,2105,2167
1888,2102,2164
1889,2100,2160
1890,2097,2157
1891,2095,2154
1892,2093,2151
1893,2090,2148
1894,2088,2145
1895,2086,2142
1896,2083,2139
1897,2081,2136
1898,2079,2134
1899,2076,2131
1900,2074,2128
1976,1950,1979
1975,1951,1981
1974,1952,1982
1973,1954,1984
1972,1955,1985
1971,1956,1987
1970,1957,1988
1969,1959,1990
1968,1960,1991
1967,1961,1993
1966,1963,1994
1965,1964,1996
1964,1965,1998
1963,1967,1999
1962,1968,2001
1961,1970,2002
1960,1971,2004
1959,1972,2006
1958,1974,2007
1957,1975,2009
1956,1977,2011
1955,1978,2012
1954,1979,2014
1953,1981,2016
1952,1982,2017
1951,1984,2019
1950,1985,2021
1949,1987,2023
1948,1988,2024
1947,1990,2026
1946,1991,2028
1945,1993,2030
1944,1994,2032
1943,1996,2033
1942,1997,2035
1941,1999,2037
1940,2000,2039
1939,2002,2041
1938,2004,2043
1937,2005,2045
1936,2007,2046
1935,2008,2048
1934,2010,2050
1933,2012,2052
1932,2013,2054
1931,2015,2056
2052,1870,1885
1930,2017,2058
2024,1896,1916
2565,2892,2896
2051,1871,1886
1929,2018,2060
2050,1872,1887
1928,2020,2062
2049,1872,1888
1927,2022,2064
2048,1873,1889
1926,2024,2066
2047,1874,1890
1925,2025,2069
2046,1875,1891
1924,2027,2071
2045,1876,1893
2031,1889,1908
1910,2053,2102
1911,2051,2100
2032,1888,1907
1912,2049,2098
2033,1887,1906
1913,2047,2095
2034,1886,1905
1914,2046,2093
2035,1885,1903
1915,2044,2091
2036,1884,1902
1916,2042,2088
2037,1883,1901
1917,2040,2086
2038,1882,1900
1918,2038,2084
2039,1881,1899
2566,2893,2895
2025,1895,1915
1904,2066,2117
1919,2036,2082
2040,1881,1898
2026,1894,1914
1905,2064,2115
1920,2034,2079
2041,1880,1897
2027,1893,1913
1906,2061,2112
1921,2033,2077
2042,1879,1896
2028,1892,1911
1907,2059,2110
1922,2031,2075
2043,1878,1895
2029,1891,1910
1908,2057,2107
1923,2029,2073
2044,1877,1894
2030,1890,1909
1909,2055,2105
2564,2891,2897
2023,1897,1917
2563,2891,2898
2022,1898,1918
2562,2891,2898
2021,1899,1920
2561,2890,2898
2020,1900,1921
2560,2890,2899
2019,1901,1922
2559,2890,2899
2018,1902,1923
2558,2889,2899
2017,1903,1924
2557,2889,2899
2016,1904,1926
2556,2889,2900
2015,1905,1927
2555,2889,2900
2014,1906,1928
2554,2888,2900
2013,1907,1929
2550,2888,2900
2009,1911,1934
2551,2888,2900
2010,1910,1933
2552,2888,2900
2011,1909,1932
2553,2888,2900
2012,1908,1931
1981,1943,1972
2522,3237,3243
2549,2888,2900
2008,1912,1936
1980,1945,1973
2521,3237,3243
2548,2888,2900
2007,1913,1937
1979,1946,1975
2520,3238,3242
2547,2888,2900
2006,1915,1938
1978,1947,1976
2519,3238,3242
2546,2888,2900
2005,1916,1939
1977,1948,1978
2518,3239,3241
2545,2888,2900
2004,1917,1941
2523,3237,3243
1982,1942,1970
2524,3237,3243
1983,1941,1969
2525,3237,3242
1984,1940,1968
2526,3238,3242
1985,1939,1966
2527,2892,2896
2527,3238,3241
1986,1937,1965
2528,2892,2896
1987,1936,1963
2529,2891,2897
1988,1935,1962
2530,2890,2897
1989,1934,1961
2531,2890,2898
1990,1933,1959
2532,2890,2898
1991,1931,1958
2533,2889,2899
1992,1930,1956
2534,2889,2899
1993,1929,1955
2535,2889,2899
1994,1928,1954
2536,2889,2899
1995,1927,1952
2537,2889,2899
1996,1926,1951
2538,2888,2900
1997,1925,1950
2539,2888,2900
1998,1923,1948
2540,2888,2900
1999,1922,1947
2541,2888,2900
2000,1921,1946
2542,2888,2900
2001,1920,1944
2543,2888,2900
2002,1919,1943
2544,2888,2900
2003,1918,1942
2053,1869,1884
2054,1868,1883
2055,1867,1882
2056,1866,1881
2057,1866,1880
2058,1865,1879
2059,1864,1878
2060,1863,1877
2061,1862,1876
2062,1861,1875
2063,1861,1874
2064,1860,1873
2065,1859,1872
2066,1858,1871
2067,1857,1870
2068,1857,1869
2069,1856,1868
2070,1855,1867
2071,1854,1866
2072,1853,1865
2073,1853,1864
2074,1852,1863
2075,1851,1862
2076,1850,1861
2077,1850,1860
2078,1849,1859
2079,1848,1858
2080,1847,1857
2081,1847,1856
2082,1846,1855
2083,1845,1854
2084,1844,1853
2085,1844,1852
2086,1843,1851
2087,1842,1851
2088,1841,1850
2089,1841,1849
2090,1840,1848
2091,1839,1847
2092,1839,1846
2093,1838,1845
2094,1837,1844
2095,1837,1843
2096,1836,1842
2097,1835,1841
2098,1835,1840
2099,1834,1839
2100,1834,1838
2101,1833,1837
2102,1832,1836
2103,1832,1835
2104,1831,1834
2105,1831,1833
2106,1830,1832
2107,1830,1831
2108,1829,1830
1903,2068,2120
1902,2070,2123
1901,2072,2125
