1906,2331,2350
1907,2307,2375
1908,2293,2388
1909,2283,2398
1910,2274,2406
1911,2267,2413
1912,2260,2420
1913,2253,2426
1914,2247,2431
1915,2242,2436
1916,2236,2441
1917,2231,2445
1918,2227,2449
1919,2222,2452
1920,2218,2455
1921,2213,2457
1922,2209,2347
1922,2424,2458
1923,2205,2329
1972,2091,2098
1971,2092,2102
1970,2093,2105
1969,2094,2109
1968,2095,2112
1967,2096,2115
1966,2098,2119
1965,2099,2122
1964,2101,2125
1963,2103,2128
1962,2104,2132
1961,2106,2135
1960,2108,2138
1959,2110,2141
1958,2112,2145
1957,2113,2148
1956,2115,2151
1955,2117,2155
1954,2119,2158
1942,2147,2204
1941,2149,2208
1940,2152,2213
1939,2154,2217
1938,2157,2222
1937,2160,2227
1936,2163,2232
1935,2166,2237
1934,2168,2242
1933,2171,2248
1932,2174,2253
1931,2178,2259
1930,2181,2266
1929,2184,2273
1928,2187,2280
1927,2191,2288
1926,2194,2296
1925,2198,2305
1924,2202,2316
2363,2909,2909
2364,2908,2910
2365,2907,2910
2366,2907,2911
2367,2907,2911
2368,2906,2912
2369,2906,2912
2370,2906,2912
2371,2906,2912
2372,2905,2913
2373,2905,2913
2374,2905,2913
2375,2905,2913
2376,2904,2913
2377,2904,2913
2378,2904,2914
2379,2904,2914
2380,2904,2914
2381,2904,2914
2382,2903,2914
2383,2903,2914
2384,2903,2914
2385,2903,2915
2386,2903,2915
2387,2903,2915
2388,2903,2915
2389,2903,2915
2390,2902,2915
2391,2902,2915
2392,2902,2915
2393,2902,2915
2394,2902,2915
2395,2902,2915
2396,2902,2915
2397,2902,2915
2398,2902,2915
2399,2902,2916
2400,2901,2916
2401,2901,2916
2402,2901,2916
2403,2901,2916
2404,2901,2916
2405,2901,2916
2406,2901,2916
2407,2901,2916
2408,2901,2916
2409,2901,2916
2410,2901,2916
2411,2901,2915
2440,2906,2908
2439,2905,2909
2438,2905,2910
2437,2904,2911
2436,2904,2911
2435,2903,2912
2434,2903,2912
2433,2903,2912
2432,2903,2913
2431,2902,2913
2430,2902,2913
2429,2902,2913
2428,2902,2914
2427,2902,2914
2426,2902,2914
2425,2902,2914
2424,2901,2914
2423,2901,2914
2422,2901,2915
2275,2900,2902
2274,2899,2902
2273,2899,2902
2272,2898,2903
2271,2897,2903
2270,2897,2903
2269,2896,2903
2268,2896,2903
2267,2895,2903
2266,2895,2903
2265,2894,2903
2264,2894,2903
2263,2893,2903
2262,2893,2903
2261,2892,2903
2260,2892,2903
2259,2892,2903
2258,2891,2903
2257,2891,2902
2256,2890,2902
2255,2890,2902
2254,2889,2902
2253,2889,2902
2252,2888,2902
2251,2888,2902
2250,2887,2902
2249,2887,2901
2248,2887,2901
2247,2886,2901
2246,2886,2901
2245,2885,2901
2244,2885,2900
2243,2884,2900
2242,2884,2900
2241,2883,2900
2240,2883,2900
2239,2882,2899
2238,2882,2899
2237,2881,2899
1953,2121,2162
2494,3241,3243
2236,2881,2899
1952,2124,2165
2493,3240,3244
2235,2880,2898
1951,2126,2169
2492,3240,3245
2234,2880,2898
1950,2128,2172
2491,3239,3245
2233,2880,2898
1949,2130,2176
2490,3239,3245
2232,2879,2898
1948,2132,2180
2489,3239,3245
2231,2879,2897
1947,2135,2184
2488,3238,3245
2230,2878,2897
1946,2137,2187
2487,3238,3244
2229,2878,2897
1945,2139,2191
2486,3239,3244
2228,2877,2897
1944,2142,2195
2485,3239,3243
2227,2877,2896
1943,2144,2200
2484,3240,3242
2226,2876,2896
2225,2876,2896
2224,2875,2895
2223,2875,2895
2222,2874,2895
2221,2874,2894
2220,2873,2894
2219,2873,2894
2218,2872,2893
2217,2872,2893
2216,2871,2893
2215,2871,2892
2214,2870,2892
2213,2870,2891
2212,2869,2891
2211,2868,2891
2210,2868,2890
2163,2841,2865
2420,2901,2915
2164,2841,2866
2421,2901,2915
2165,2842,2867
2166,2842,2867
2167,2843,2868
2180,2851,2876
2168,2844,2868
2181,2852,2876
2169,2844,2869
2188,2856,2880
2176,2849,2873
2189,2856,2881
2177,2849,2874
2190,2857,2881
2178,2850,2875
2192,2858,2882
2205,2865,2888
2193,2859,2883
2206,2866,2889
2194,2859,2883
2182,2852,2877
2207,2866,2889
2195,2860,2884
2183,2853,2877
2208,2867,2889
2196,2860,2884
2184,2853,2878
2209,2867,2890
2197,2861,2885
2185,2854,2878
2198,2861,2885
2186,2855,2879
2199,2862,2886
2187,2855,2880
2200,2863,2886
2201,2863,2886
2202,2864,2887
2203,2864,2887
2191,2858,2882
2179,2850,2875
2204,2865,2888
2162,2840,2865
2419,2901,2915
2175,2848,2873
2161,2839,2864
2418,2901,2915
2174,2847,2872
2170,2845,2870
2171,2846,2870
2172,2846,2871
2173,2847,2872
2160,2839,2863
2417,2901,2915
2159,2838,2863
2416,2901,2915
2158,2837,2862
2415,2901,2915
2157,2837,2861
2414,2901,2915
2156,2836,2860
2413,2901,2915
2155,2835,2860
2412,2901,2915
2154,2835,2859
2153,2834,2858
2152,2833,2858
2151,2833,2857
2150,2832,2856
2149,2831,2855
2148,2831,2855
2147,2830,2854
2146,2829,2853
2145,2828,2852
2144,2828,2852
2143,2827,2851
2142,2826,2850
2141,2826,2849
2140,2825,2848
2139,2824,2848
2138,2824,2847
3219,2360,2410
2137,2823,2846
3218,2349,2422
2136,2822,2845
3217,2340,2432
2135,2821,2844
3216,2333,2440
2134,2821,2844
3215,2328,2446
2133,2820,2843
3214,2323,2452
2132,2819,2842
3213,2319,2458
2131,2818,2841
3212,2315,2463
2130,2818,2840
3211,2312,2468
2129,2817,2839
3210,2310,2472
2128,2816,2838
3209,2308,2476
2127,2816,2838
3208,2307,2480
2126,2815,2837
3207,2306,2484
2125,2814,2836
3206,2307,2487
2124,2813,2835
3205,2309,2490
2123,2813,2834
3204,2314,2494
2122,2812,2833
3203,2321,2496
2121,2811,2832
3202,2333,2499
2120,2810,2831
3201,2349,2502
2119,2809,2830
3200,2367,2504
2118,2809,2829
3199,2383,2507
2117,2808,2829
3198,2397,2509
2116,2807,2828
3197,2410,2511
2115,2806,2827
3196,2422,2513
2114,2806,2826
3195,2433,2515
2113,2805,2825
3194,2443,2516
2112,2804,2824
3193,2453,2517
2111,2803,2823
3192,2463,2518
2110,2803,2822
3191,2472,2518
2109,2802,2821
3190,2482,2518
2108,2801,2820
3189,2493,2516
2107,2800,2819
2106,2799,2818
2105,2799,2817
2104,2798,2816
2103,2797,2815
2102,2796,2814
2101,2795,2813
2100,2795,2812
2099,2794,2810
2098,2793,2809
2097,2792,2808
2096,2791,2807
2095,2790,2806
2094,2790,2805
2093,2789,2804
2092,2788,2803
2091,2787,2802
2090,2786,2800
2089,2786,2799
2088,2785,2798
2087,2784,2797
2086,2783,2796
2085,2782,2794
2084,2782,2793
2083,2781,2792
2082,2780,2791
2081,2779,2789
2080,2778,2788
2079,2778,2787
2078,2777,2785
2077,2776,2784
2076,2775,2783
2075,2775,2781
2074,2774,2780
2073,2774,2778
2072,2773,2776
2071,2773,2774
