2240,2889,2892
2241,2889,2893
2242,2889,2894
2243,2889,2894
2244,2889,2895
2245,2889,2896
2246,2889,2897
2247,2889,2897
2248,2889,2898
2249,2889,2899
2250,2889,2899
2251,2889,2900
2252,2889,2900
2253,2890,2901
2254,2890,2901
2255,2890,2902
2256,2890,2902
2257,2890,2903
2258,2891,2903
2259,2891,2904
2260,2891,2904
2261,2891,2905
2262,2891,2905
2263,2891,2906
2264,2892,2906
2265,2892,2906
2266,2892,2907
2267,2892,2907
2268,2892,2908
2269,2893,2908
2270,2893,2908
2271,2893,2909
2272,2893,2909
2273,2893,2909
2274,2894,2910
2275,2894,2910
2276,2894,2910
2277,2894,2911
2278,2894,2911
2279,2895,2911
2280,2895,2912
2281,2895,2912
2282,2895,2912
2283,2895,2913
2284,2896,2913
2285,2896,2913
2286,2896,2913
2287,2896,2914
2288,2896,2914
2289,2897,2914
2290,2897,2914
2291,2897,2915
2292,2897,2915
2293,2897,2915
2294,2897,2915
2295,2898,2915
2296,2898,2916
2297,2898,2916
2298,2898,2916
2299,2898,2916
2300,2898,2916
2301,2899,2917
2302,2899,2917
2303,2899,2917
2304,2899,2917
2305,2899,2917
2306,2899,2917
2307,2900,2918
2308,2900,2918
2309,2900,2918
2310,2900,2918
2311,2900,2918
2312,2900,2918
2313,2900,2918
2314,2901,2919
2315,2901,2919
2316,2901,2919
2317,2901,2919
2318,2901,2919
2319,2901,2919
2320,2901,2919
2321,2902,2919
2322,2902,2919
2323,2902,2919
2324,2902,2919
2325,2902,2920
2326,2902,2920
2327,2902,2920
2328,2902,2920
2329,2902,2920
2330,2903,2920
2331,2903,2920
2332,2903,2920
2333,2903,2920
2389,2913,2913
2388,2911,2914
2387,2911,2915
2386,2910,2915
2385,2910,2916
2384,2910,2916
2383,2909,2916
2382,2909,2917
2381,2909,2917
2380,2908,2917
2379,2908,2917
2378,2908,2918
2377,2908,2918
2376,2908,2918
2375,2908,2918
2374,2907,2918
2373,2907,2918
2372,2907,2919
2371,2907,2919
2370,2907,2919
2369,2907,2919
2368,2907,2919
2367,2906,2919
3205,2502,2526
3206,2492,2528
3207,2482,2529
3208,2474,2529
3209,2465,2528
1975,2127,2129
2356,2905,2920
1974,2125,2136
2355,2905,2920
1973,2126,2141
2354,2905,2920
1972,2126,2145
2353,2905,2920
2352,2905,2920
2351,2905,2920
2483,3237,3242
1969,2130,2157
2350,2905,2920
2482,3237,3243
1968,2132,2161
2349,2905,2920
2481,3236,3243
1967,2133,2165
2348,2904,2920
2480,3236,3243
1966,2135,2169
2347,2904,2920
2479,3236,3242
1965,2137,2173
2346,2904,2920
2478,3236,3242
1964,2138,2177
2345,2904,2920
2477,3236,3241
1963,2140,2181
2344,2904,2920
2476,3236,3241
1962,2142,2185
2343,2904,2920
2475,3237,3240
1961,2144,2189
2342,2904,2920
1928,2260,2350
3213,2432,2523
1929,2253,2351
3214,2424,2522
1955,2158,2215
1940,2202,2294
3225,2359,2493
2336,2903,2920
1956,2155,2210
1941,2198,2288
3226,2358,2489
2337,2903,2920
1957,2153,2206
1942,2195,2282
3227,2357,2485
2338,2903,2920
1954,2160,2219
1939,2205,2301
3224,2361,2496
2335,2903,2920
1971,2127,2149
2485,3239,3241
2358,2905,2920
1953,2163,2224
1938,2209,2308
3223,2364,2499
2334,2903,2920
1970,2129,2153
2484,3238,3242
2357,2905,2920
1960,2146,2193
2341,2904,2920
1959,2149,2198
1944,2188,2270
3229,2359,2476
2340,2904,2920
1958,2151,2202
1943,2191,2276
3228,2358,2481
2339,2904,2920
3230,2360,2471
1945,2185,2264
1930,2247,2350
3215,2416,2520
3231,2363,2466
1946,2182,2259
1931,2241,2348
3216,2408,2518
3232,2366,2460
1947,2179,2254
1932,2236,2344
3217,2400,2515
3233,2370,2454
1948,2176,2248
1933,2231,2339
3218,2392,2513
3234,2376,2446
1949,2173,2243
1934,2226,2334
3219,2385,2511
3235,2384,2436
1950,2171,2238
1935,2221,2327
3220,2379,2508
3236,2398,2420
1951,2168,2233
1936,2217,2321
3221,2373,2505
1952,2165,2229
1937,2213,2314
3222,2368,2502
3212,2441,2525
1927,2267,2348
3211,2449,2526
1926,2277,2343
3210,2457,2527
1925,2288,2336
2359,2906,2920
2360,2906,2920
2361,2906,2920
2362,2906,2920
2363,2906,2920
2364,2906,2919
2365,2906,2919
2366,2906,2919
