1874,2322,2379
1875,2305,2396
1876,2293,2408
1877,2283,2418
1878,2274,2427
1879,2266,2434
1880,2259,2441
1881,2252,2448
1882,2246,2454
1883,2240,2460
1884,2234,2465
1885,2229,2471
1886,2224,2476
1887,2219,2480
1888,2214,2485
1889,2210,2490
1890,2206,2494
1891,2201,2498
1892,2197,2502
1893,2193,2323
1893,2380,2506
1894,2189,2305
1894,2397,2510
1895,2186,2293
1895,2410,2513
1896,2182,2283
1896,2420,2517
1897,2178,2274
1897,2429,2521
1898,2175,2266
1898,2436,2524
1899,2171,2259
1899,2444,2528
1900,2168,2252
1900,2450,2531
1901,2164,2246
1901,2457,2534
1902,2161,2240
1902,2463,2537
1903,2158,2235
1903,2468,2540
1904,2155,2229
1904,2473,2543
1905,2152,2224
1905,2479,2546
1906,2149,2220
1906,2483,2549
1907,2146,2215
1907,2488,2552
1908,2143,2210
1908,2493,2555
1909,2140,2206
1909,2497,2558
1910,2137,2202
1910,2501,2561
1911,2134,2198
1911,2506,2563
1912,2131,2194
1912,2510,2566
1913,2129,2190
1913,2514,2569
1914,2126,2186
1914,2517,2571
1915,2123,2182
1915,2521,2574
1916,2121,2179
1916,2525,2576
1917,2118,2175
1917,2528,2579
1918,2115,2172
1918,2532,2581
1919,2113,2168
1919,2535,2584
1920,2110,2165
1920,2539,2586
1921,2108,2162
1921,2542,2588
1922,2106,2158
1922,2545,2591
1923,2103,2155
1923,2549,2593
1924,2101,2152
1924,2552,2595
1925,2098,2149
1925,2555,2597
1972,2009,2041
1973,2007,2040
1974,2006,2038
1975,2004,2036
1976,2002,2034
1977,2001,2032
2203,1795,1795
2202,1795,1796
2201,1795,1796
2200,1796,1797
2199,1796,1798
2198,1797,1799
2197,1797,1800
2196,1798,1800
2195,1798,1801
2194,1798,1802
2193,1799,1802
2192,1799,1803
2191,1800,1804
2190,1800,1805
2189,1801,1805
2188,1802,1806
2187,1802,1807
2186,1803,1807
2185,1803,1808
2184,1804,1809
2183,1804,1810
2182,1805,1810
2181,1805,1811
2180,1806,1812
2179,1806,1812
2178,1807,1813
2177,1808,1814
2176,1808,1815
2175,1809,1815
2174,1809,1816
2173,1810,1817
2172,1811,1817
2171,1811,1818
2170,1812,1819
2169,1812,1820
2168,1813,1820
2167,1814,1821
2166,1814,1822
2165,1815,1823
2164,1815,1823
2163,1816,1824
2162,1817,1825
2161,1817,1826
2160,1818,1826
2159,1819,1827
2158,1819,1828
2157,1820,1829
2156,1821,1829
2155,1821,1830
2154,1822,1831
2153,1822,1832
2152,1823,1833
2151,1824,1833
2150,1824,1834
2149,1825,1835
2148,1826,1836
2147,1826,1836
2146,1827,1837
2145,1828,1838
2144,1829,1839
2143,1829,1840
2142,1830,1840
2141,1831,1841
2140,1831,1842
2139,1832,1843
2138,1833,1844
2137,1833,1844
2136,1834,1845
2135,1835,1846
2134,1836,1847
2133,1836,1848
2132,1837,1849
2131,1838,1849
2130,1838,1850
2129,1839,1851
2128,1840,1852
2127,1841,1853
2126,1841,1854
2125,1842,1854
2124,1843,1855
2123,1844,1856
2122,1844,1857
2121,1845,1858
2120,1846,1859
2119,1847,1860
2118,1847,1860
2117,1848,1861
2116,1849,1862
2115,1850,1863
2114,1851,1864
2113,1851,1865
2112,1852,1866
2111,1853,1867
2110,1854,1868
2109,1855,1868
2108,1855,1869
2107,1856,1870
2106,1857,1871
2105,1858,1872
2104,1859,1873
1947,2052,2092
1947,2614,2640
2488,2893,2906
2041,1918,1940
3123,2081,2118
1948,2050,2090
1948,2617,2642
2489,2894,2906
2042,1917,1938
3124,2083,2120
1949,2048,2088
1949,2619,2643
2490,2894,2906
2043,1916,1937
3125,2085,2123
1950,2046,2085
1950,2621,2645
2491,2894,2906
2044,1915,1936
3126,2087,2126
2075,1884,1901
3157,2164,2249
2076,1883,1900
3158,2167,2256
2077,1882,1899
3159,2170,2263
2078,1881,1898
3160,2174,2270
3160,2477,2481
2079,1880,1897
3161,2177,2278
3161,2460,2486
2080,1879,1896
3162,2180,2288
3162,2448,2486
2081,1878,1895
3163,2184,2298
3163,2435,2485
2082,1878,1894
3164,2187,2311
3164,2420,2483
2083,1877,1893
3165,2191,2328
3165,2401,2481
2084,1876,1892
3166,2195,2479
2085,1875,1891
3167,2198,2477
2086,1874,1890
3168,2202,2474
2087,1873,1889
3169,2206,2471
2088,1872,1888
3170,2211,2468
2089,1871,1887
3171,2215,2464
2103,1859,1874
3185,2316,2372
2090,1870,1886
3172,2219,2461
2091,1870,1885
3173,2224,2457
2092,1869,1884
3174,2229,2453
2093,1868,1883
3175,2234,2448
2094,1867,1882
3176,2239,2444
2095,1866,1882
3177,2245,2439
2096,1865,1881
3178,2251,2433
2097,1864,1880
3179,2257,2428
2098,1864,1879
3180,2264,2421
2099,1863,1878
3181,2271,2415
2100,1862,1877
3182,2279,2407
2101,1861,1876
3183,2289,2398
2102,1860,1875
3184,2300,2387
2074,1885,1903
3156,2161,2243
2073,1886,1904
3155,2158,2237
2072,1887,1905
3154,2155,2231
2071,1888,1906
3153,2152,2226
2070,1889,1907
3152,2149,2221
2069,1890,1908
3151,2146,2216
2068,1891,1909
3150,2144,2211
2067,1892,1910
3149,2141,2207
2066,1893,1911
3148,2138,2202
2065,1894,1912
3147,2135,2198
2064,1895,1913
3146,2133,2194
2063,1896,1914
3145,2130,2190
2062,1896,1915
3144,2128,2186
2061,1897,1916
3143,2125,2182
2060,1898,1918
3142,2123,2178
2059,1899,1919
3141,2120,2174
2058,1900,1920
3140,2118,2171
2057,1901,1921
3139,2115,2167
2056,1903,1922
3138,2113,2164
2055,1904,1923
3137,2111,2160
2054,1905,1924
3136,2108,2157
2053,1906,1926
3135,2106,2154
2052,1907,1927
3134,2104,2150
2051,1908,1928
3133,2102,2147
1956,2036,2072
1956,2635,2654
2497,2894,2905
1983,1992,2022
2050,1909,1929
3132,2099,2144
1955,2037,2075
1955,2633,2653
2496,2894,2905
1982,1993,2024
2049,1910,1930
3131,2097,2141
1954,2039,2077
1954,2631,2651
2495,2894,2905
1981,1995,2026
2048,1911,1931
3130,2095,2138
1953,2041,2079
1953,2628,2650
2494,2894,2905
1980,1996,2027
2047,1912,1932
3129,2093,2135
1952,2043,2081
1952,2626,2648
2493,2894,2905
1979,1998,2029
2046,1913,1934
3128,2091,2132
1951,2045,2083
1951,2624,2647
2492,2894,2906
1978,1999,2031
2045,1914,1935
3127,2089,2129
1957,2034,2070
1957,2638,2656
2498,2895,2905
1984,1990,2020
1958,2032,2068
1958,2640,2657
2499,2895,2904
1985,1989,2019
1959,2030,2066
1959,2642,2658
2500,2895,2904
1986,1987,2017
1960,2029,2064
1960,2645,2660
2501,2895,2904
3069,1997,1999
1987,1986,2015
1961,2027,2062
1961,2647,2661
2502,2896,2903
2502,3242,3243
3070,1998,2001
1988,1985,2014
1962,2025,2060
1962,2649,2662
2503,2896,2903
2503,3241,3245
3071,1999,2003
1989,1983,2012
1963,2023,2058
1963,2652,2664
2504,2897,2902
2504,3240,3245
3072,2000,2006
1990,1982,2011
1964,2022,2056
1964,2654,2665
2505,2897,2902
2505,3240,3246
3073,2001,2008
1991,1980,2009
1965,2020,2054
1965,2656,2666
2506,2898,2901
2506,3240,3246
3074,2002,2010
1992,1979,2007
1946,2054,2094
1946,2612,2638
2487,2893,2906
1945,2056,2097
1945,2609,2637
2486,2894,2906
1944,2058,2099
1944,2607,2635
2485,2894,2906
1943,2060,2101
1943,2604,2633
2484,2894,2906
1942,2062,2104
1942,2602,2631
2483,2894,2906
1941,2064,2106
1941,2599,2629
2482,2894,2906
1940,2066,2109
1940,2597,2628
2481,2894,2906
1939,2068,2111
1939,2594,2626
2480,2894,2905
1938,2070,2113
1938,2592,2624
2479,2894,2905
1937,2072,2116
1937,2589,2622
2478,2894,2905
1936,2074,2119
1936,2586,2620
2477,2894,2905
1935,2076,2121
1935,2584,2618
2476,2895,2905
1934,2078,2124
1934,2581,2616
2475,2895,2905
1933,2080,2126
1933,2578,2614
2474,2895,2904
1932,2083,2129
1932,2575,2612
2473,2896,2904
1931,2085,2132
1931,2573,2610
2472,2896,2904
1930,2087,2135
1930,2570,2608
2471,2896,2903
1929,2089,2137
1929,2567,2606
2470,2897,2903
1928,2092,2140
1928,2564,2604
2469,2897,2902
1927,2094,2143
1927,2561,2602
2468,2898,2902
1926,2096,2146
1926,2558,2600
2467,2899,2900
1967,2017,2051
1967,2661,2668
2508,3240,3246
3076,2004,2013
1994,1976,2004
1968,2015,2049
1968,2664,2669
2509,3240,3246
3077,2006,2015
1995,1975,2003
1969,2014,2047
1969,2668,2668
2510,3241,3245
3078,2007,2017
1996,1973,2001
1970,2012,2045
2511,3241,3245
3079,2008,2019
1997,1972,2000
1971,2010,2043
2512,3242,3244
3080,2010,2021
1998,1971,1998
1966,2018,2053
1966,2659,2667
2507,3240,3246
3075,2003,2011
1993,1977,2006
3081,2011,2023
1999,1969,1997
3082,2012,2025
2000,1968,1995
3083,2014,2027
2001,1967,1994
3084,2015,2029
2002,1965,1992
3085,2016,2031
2003,1964,1991
3086,2018,2033
2004,1963,1989
3087,2019,2035
2005,1961,1988
3088,2021,2037
2006,1960,1986
3089,2022,2039
2007,1959,1985
3090,2024,2041
2008,1957,1983
3091,2025,2043
2009,1956,1982
3092,2027,2045
2010,1955,1980
3093,2028,2047
2011,1954,1979
3094,2030,2049
2012,1952,1978
3095,2031,2051
2013,1951,1976
3096,2033,2053
2014,1950,1975
3097,2034,2055
2015,1949,1973
3098,2036,2058
2016,1947,1972
3099,2038,2060
2017,1946,1971
3100,2039,2062
2018,1945,1969
3101,2041,2064
2019,1944,1968
3102,2043,2066
2020,1942,1967
3103,2044,2069
2021,1941,1965
3104,2046,2071
2022,1940,1964
3105,2048,2073
2023,1939,1962
3106,2049,2075
2024,1938,1961
3107,2051,2078
2025,1936,1960
3108,2053,2080
2026,1935,1959
3109,2054,2082
2027,1934,1957
3110,2056,2085
2028,1933,1956
3111,2058,2087
2029,1932,1955
3112,2060,2089
2030,1931,1953
3113,2062,2092
2031,1929,1952
3114,2063,2094
2032,1928,1951
3115,2065,2097
2033,1927,1950
3116,2067,2099
2034,1926,1948
3117,2069,2102
2035,1925,1947
3118,2071,2104
2036,1924,1946
3119,2073,2107
2037,1923,1945
3120,2075,2110
2038,1922,1943
3121,2077,2112
2039,1920,1942
3122,2079,2115
2040,1919,1941
