1788,2178,2198
1789,2169,2202
1790,2163,2203
1791,2158,2204
1792,2153,2204
1793,2149,2203
1794,2144,2202
1795,2141,2201
1796,2137,2199
1797,2133,2198
1798,2130,2196
1799,2127,2194
1800,2124,2192
1801,2121,2189
1802,2118,2187
1803,2115,2185
1804,2112,2182
1805,2110,2179
1806,2107,2177
1807,2105,2174
1808,2102,2171
1809,2100,2168
1810,2098,2166
1840,2056,2067
1839,2055,2071
1838,2055,2076
1837,2055,2080
1836,2056,2083
1835,2057,2087
1834,2058,2090
1833,2059,2094
1832,2060,2097
1831,2061,2100
1830,2062,2104
1829,2063,2107
1828,2065,2110
1827,2066,2113
1826,2068,2117
1825,2069,2120
1824,2071,2123
1823,2072,2126
1822,2074,2129
1821,2076,2132
1820,2077,2135
1819,2079,2138
1818,2081,2141
1817,2083,2145
1816,2085,2148
1815,2087,2151
1814,2089,2154
1813,2091,2157
1812,2093,2160
1811,2095,2163
2544,3225,3226
2545,3223,3227
2546,3223,3227
2547,3222,3227
2551,3223,3225
2550,3222,3226
2549,3222,3227
2548,3222,3227
2908,2751,2753
2909,2749,2752
2910,2748,2752
2911,2746,2751
2912,2745,2751
2913,2744,2750
2914,2742,2749
2915,2741,2749
2916,2740,2748
2917,2738,2747
2918,2737,2746
2919,2736,2745
2920,2735,2745
2989,2634,2667
2990,2632,2666
2991,2631,2664
2992,2629,2663
2993,2627,2661
2994,2625,2660
2995,2624,2658
2996,2622,2657
2997,2620,2655
2998,2618,2654
2999,2617,2652
3000,2615,2650
3001,2613,2649
3047,2533,2541
3046,2533,2547
3045,2533,2551
3044,2534,2555
3043,2536,2558
3042,2537,2562
3041,2538,2565
3040,2540,2568
3039,2542,2571
3038,2543,2573
3037,2545,2576
3036,2547,2579
3035,2549,2581
3034,2550,2584
3033,2552,2586
3032,2554,2589
3031,2556,2591
3014,2589,2626
3013,2591,2628
3012,2593,2630
3011,2595,2632
3010,2596,2634
3009,2598,2635
3008,2600,2637
3007,2602,2639
3006,2604,2641
3005,2606,2642
3004,2608,2644
3003,2609,2645
3002,2611,2647
3015,2587,2625
3016,2585,2623
3017,2583,2621
3018,2581,2619
3019,2579,2617
3020,2577,2615
3021,2575,2613
3022,2574,2611
3023,2572,2609
3024,2570,2607
3025,2568,2605
3026,2566,2603
3027,2564,2600
3028,2562,2598
3029,2560,2596
3030,2558,2594
2988,2636,2668
2987,2637,2670
2986,2639,2671
2985,2641,2673
2984,2642,2674
2983,2644,2676
2982,2646,2677
2981,2647,2678
2980,2649,2680
2979,2651,2681
2978,2652,2682
2977,2654,2684
2976,2655,2685
2975,2657,2686
2974,2659,2688
2973,2660,2689
2972,2662,2690
2971,2663,2691
2970,2665,2693
2969,2666,2694
2968,2668,2695
2967,2669,2696
2966,2671,2698
2965,2672,2699
2964,2674,2700
2963,2675,2701
2962,2677,2702
2961,2678,2703
2960,2680,2705
2959,2681,2706
2958,2683,2707
2957,2684,2708
2956,2686,2709
2955,2687,2710
2954,2689,2711
2953,2690,2713
2952,2692,2714
2951,2693,2715
2950,2694,2716
2949,2696,2717
2948,2697,2718
2947,2699,2719
2946,2700,2720
2945,2701,2721
2944,2703,2722
2943,2704,2723
2942,2705,2724
2941,2707,2725
2940,2708,2726
2939,2710,2727
2938,2711,2728
2937,2712,2729
2936,2714,2730
2935,2715,2731
2934,2716,2732
2933,2718,2733
2932,2719,2734
2931,2720,2735
2930,2722,2736
2929,2723,2737
2928,2724,2738
2927,2725,2739
2926,2727,2739
2925,2728,2740
2924,2729,2741
2923,2731,2742
2922,2732,2743
2921,2733,2744
