1855,2291,2335
1856,2275,2348
1857,2264,2356
1858,2255,2362
1859,2247,2365
1860,2239,2367
1861,2233,2366
1862,2227,2363
1863,2221,2356
1864,2215,2346
1865,2210,2334
1866,2205,2323
1867,2200,2313
1868,2196,2303
1869,2191,2294
1870,2187,2286
1871,2183,2279
1872,2179,2272
1873,2175,2265
1874,2171,2259
1875,2168,2253
1876,2164,2247
1877,2160,2242
1878,2157,2236
1879,2154,2231
1880,2150,2227
1881,2147,2222
1882,2144,2217
1883,2141,2213
1884,2138,2209
1885,2135,2204
1886,2132,2200
1887,2129,2196
1888,2126,2193
1889,2123,2189
1890,2120,2185
1891,2118,2181
1892,2115,2178
1893,2112,2174
1894,2110,2171
1895,2107,2168
1896,2105,2164
1897,2102,2161
1898,2099,2158
1899,2097,2155
1900,2095,2152
1901,2092,2149
1902,2090,2146
1903,2087,2143
1904,2085,2140
1905,2083,2137
1906,2081,2134
1907,2078,2132
1908,2076,2129
1909,2074,2126
1910,2072,2124
1911,2070,2121
1912,2067,2118
1913,2065,2116
1914,2063,2113
1915,2061,2111
1916,2059,2108
1917,2057,2106
1918,2055,2103
1919,2053,2101
1920,2051,2099
1921,2049,2096
1922,2047,2094
1923,2045,2092
1924,2043,2089
1925,2041,2087
1926,2039,2085
1927,2038,2083
1928,2036,2081
3156,2309,2345
3155,2289,2363
3154,2277,2373
3153,2267,2381
3152,2258,2386
3151,2250,2388
3150,2243,2382
3149,2237,2345
3148,2231,2324
3147,2225,2309
3146,2219,2297
3145,2214,2287
3144,2209,2279
3143,2205,2271
3142,2200,2263
3141,2196,2257
3140,2191,2250
3139,2187,2244
3138,2183,2239
3137,2179,2233
3136,2175,2228
3135,2172,2223
3134,2168,2218
3133,2164,2214
3132,2161,2209
3131,2158,2205
3130,2154,2201
3129,2151,2196
3128,2148,2192
3127,2145,2189
3126,2141,2185
3125,2138,2181
3124,2135,2177
3123,2132,2174
3122,2130,2170
3121,2127,2167
3120,2124,2164
3119,2121,2160
3118,2118,2157
3117,2116,2154
3116,2113,2151
3115,2110,2148
3114,2108,2145
3113,2105,2142
3112,2103,2139
3111,2100,2136
3110,2098,2133
3109,2095,2131
3108,2093,2128
3107,2091,2125
3106,2088,2122
3105,2086,2120
3104,2084,2117
3103,2081,2115
3102,2079,2112
3101,2077,2110
3100,2075,2107
3099,2073,2105
3098,2070,2102
3097,2068,2100
3096,2066,2097
3095,2064,2095
3094,2062,2093
3093,2060,2090
3092,2058,2088
3091,2056,2086
3090,2054,2084
3089,2052,2082
3088,2050,2079
3087,2048,2077
3086,2046,2075
3085,2044,2073
3084,2042,2071
3083,2040,2069
3082,2038,2067
3081,2037,2065
3080,2035,2063
3079,2033,2061
3078,2031,2059
3077,2029,2057
3076,2027,2055
3075,2026,2053
3074,2024,2051
3073,2022,2049
3072,2020,2047
3071,2019,2045
3070,2017,2043
3069,2015,2041
3068,2014,2040
3067,2012,2038
3066,2010,2036
3065,2009,2034
3064,2007,2032
3063,2005,2031
3062,2004,2029
3061,2002,2027
3060,2000,2025
3059,1999,2024
3058,1997,2022
3057,1996,2020
3056,1994,2019
3055,1993,2017
3054,1991,2015
3053,1990,2014
3052,1988,2012
3051,1986,2010
3050,1985,2009
3049,1983,2007
3048,1982,2006
3047,1981,2004
3046,1979,2002
3045,1978,2001
3044,1976,1999
3043,1975,1998
3042,1973,1996
3041,1972,1995
3040,1970,1993
3039,1969,1992
3038,1968,1990
2469,1696,1707
2468,1696,1707
2467,1696,1707
2466,1696,1707
2465,1696,1707
2464,1697,1707
2463,1697,1707
2462,1697,1707
2461,1697,1707
2460,1697,1707
2459,1697,1707
2458,1697,1707
2457,1697,1707
2456,1697,1708
2455,1697,1708
2454,1697,1708
2453,1697,1708
2452,1697,1708
2451,1697,1708
2450,1698,1708
2449,1698,1708
2448,1698,1708
2447,1698,1708
2446,1698,1708
2445,1698,1709
2444,1698,1709
2443,1698,1709
2442,1698,1709
2441,1698,1709
2440,1698,1709
2439,1699,1709
2438,1699,1709
2437,1699,1709
2436,1699,1710
2435,1699,1710
2434,1699,1710
2433,1699,1710
2432,1699,1710
2431,1699,1710
2430,1700,1710
2429,1700,1710
2428,1700,1710
2427,1700,1711
2426,1700,1711
2425,1700,1711
2424,1700,1711
2423,1700,1711
2422,1700,1711
2421,1701,1711
2420,1701,1712
2419,1701,1712
2418,1701,1712
2417,1701,1712
2416,1701,1712
2415,1701,1712
2414,1702,1712
2413,1702,1713
2412,1702,1713
2411,1702,1713
2410,1702,1713
2409,1702,1713
2408,1702,1713
2407,1703,1714
2406,1703,1714
2405,1703,1714
2404,1703,1714
2403,1703,1714
2402,1703,1714
2401,1703,1715
2400,1704,1715
2399,1704,1715
2398,1704,1715
2397,1704,1715
2396,1704,1715
2395,1704,1716
2394,1705,1716
2393,1705,1716
2392,1705,1716
2391,1705,1716
2390,1705,1717
2389,1705,1717
2388,1706,1717
2387,1706,1717
2386,1706,1717
2385,1706,1718
2384,1706,1718
2383,1707,1718
2382,1707,1718
2381,1707,1718
2380,1707,1719
2379,1707,1719
2378,1707,1719
2377,1708,1719
2376,1708,1719
2375,1708,1720
2374,1708,1720
2373,1708,1720
2372,1709,1720
2371,1709,1720
2370,1709,1721
2369,1709,1721
2368,1710,1721
2367,1710,1721
2366,1710,1722
2365,1710,1722
2364,1710,1722
2363,1711,1722
2362,1711,1723
2361,1711,1723
2360,1711,1723
2359,1711,1723
2358,1712,1724
2357,1712,1724
2356,1712,1724
2355,1712,1724
2354,1713,1725
2353,1713,1725
2352,1713,1725
2351,1713,1725
2350,1714,1726
2349,1714,1726
2348,1714,1726
2347,1714,1726
2346,1715,1727
2345,1715,1727
2344,1715,1727
2343,1715,1727
2342,1716,1728
2341,1716,1728
2340,1716,1728
2339,1716,1728
2338,1717,1729
2337,1717,1729
2336,1717,1729
2335,1717,1730
2334,1718,1730
2333,1718,1730
2332,1718,1730
2331,1718,1731
2330,1719,1731
2329,1719,1731
2328,1719,1732
2327,1719,1732
2326,1720,1732
2325,1720,1733
2324,1720,1733
2323,1721,1733
2322,1721,1733
2321,1721,1734
2320,1721,1734
2319,1722,1734
2318,1722,1735
2317,1722,1735
2316,1723,1735
2315,1723,1736
2314,1723,1736
2313,1724,1736
2312,1724,1737
2311,1724,1737
2310,1724,1737
2309,1725,1738
2308,1725,1738
2307,1725,1738
2306,1726,1739
2305,1726,1739
2304,1726,1739
2303,1727,1740
2302,1727,1740
2301,1727,1740
2300,1728,1741
2299,1728,1741
2298,1728,1741
2297,1729,1742
2296,1729,1742
2295,1729,1742
2294,1730,1743
2293,1730,1743
2292,1730,1744
2291,1731,1744
2290,1731,1744
2289,1731,1745
2288,1732,1745
2287,1732,1745
2286,1732,1746
2285,1733,1746
2284,1733,1747
2283,1733,1747
2282,1734,1747
2281,1734,1748
2280,1734,1748
2279,1735,1748
2278,1735,1749
2277,1736,1749
2276,1736,1750
2275,1736,1750
2274,1737,1750
2273,1737,1751
2272,1737,1751
2271,1738,1752
2270,1738,1752
2269,1739,1752
2268,1739,1753
2267,1739,1753
2266,1740,1754
2265,1740,1754
2264,1740,1755
2263,1741,1755
2262,1741,1755
2261,1742,1756
2260,1742,1756
2259,1742,1757
2258,1743,1757
2257,1743,1758
2256,1744,1758
2255,1744,1758
2254,1744,1759
2253,1745,1759
2252,1745,1760
2251,1746,1760
2250,1746,1761
2249,1747,1761
2248,1747,1761
2247,1747,1762
2246,1748,1762
2245,1748,1763
2244,1749,1763
2243,1749,1764
2242,1749,1764
2241,1750,1765
2240,1750,1765
2239,1751,1766
2238,1751,1766
2237,1752,1767
2236,1752,1767
2235,1753,1768
2234,1753,1768
2233,1753,1768
2232,1754,1769
2231,1754,1769
2230,1755,1770
2229,1755,1770
2228,1756,1771
2227,1756,1771
2226,1757,1772
2225,1757,1772
2224,1758,1773
2223,1758,1773
2222,1759,1774
2221,1759,1774
2220,1759,1775
2219,1760,1775
2218,1760,1776
2217,1761,1777
2216,1761,1777
2215,1762,1778
2214,1762,1778
2213,1763,1779
2212,1763,1779
2211,1764,1780
2210,1764,1780
2209,1765,1781
2208,1765,1781
2207,1766,1782
2206,1766,1782
2205,1767,1783
2204,1767,1783
2203,1768,1784
2202,1768,1785
2201,1769,1785
2200,1769,1786
2199,1770,1786
2198,1770,1787
2197,1771,1787
2196,1771,1788
2195,1772,1788
2194,1773,1789
2193,1773,1790
2192,1774,1790
2191,1774,1791
2190,1775,1791
2189,1775,1792
2188,1776,1793
2187,1776,1793
2186,1777,1794
2055,1872,1896
2054,1873,1897
2053,1874,1898
2052,1874,1899
2051,1875,1900
2050,1876,1901
2049,1877,1902
2048,1878,1904
2047,1879,1905
2046,1880,1906
2045,1881,1907
2044,1882,1908
2043,1883,1909
2042,1884,1910
2041,1885,1911
2040,1886,1912
2039,1887,1913
2038,1888,1914
2037,1889,1915
2036,1890,1916
2035,1891,1918
2034,1892,1919
2033,1893,1920
2032,1894,1921
2031,1895,1922
2030,1896,1923
2029,1897,1924
2028,1898,1926
2027,1899,1927
2026,1900,1928
2025,1902,1929
2024,1903,1930
2023,1904,1931
2022,1905,1933
2021,1906,1934
2020,1907,1935
2019,1908,1936
2018,1909,1937
2017,1910,1939
2016,1911,1940
2015,1912,1941
2014,1914,1942
2013,1915,1943
2012,1916,1945
2011,1917,1946
2010,1918,1947
2009,1919,1948
2008,1920,1950
2007,1921,1951
2006,1923,1952
2005,1924,1954
2004,1925,1955
2003,1926,1956
2002,1927,1957
2001,1929,1959
2000,1930,1960
1999,1931,1961
1998,1932,1963
1997,1933,1964
1996,1935,1965
1995,1936,1967
1994,1937,1968
1993,1938,1970
1992,1939,1971
1991,1941,1972
1990,1942,1974
1989,1943,1975
1988,1944,1977
1957,1987,2025
1956,1989,2027
1955,1990,2028
1954,1992,2030
1953,1994,2032
1952,1995,2034
1951,1997,2035
1950,1998,2037
1949,2000,2039
1948,2001,2041
1947,2003,2043
1946,2005,2044
1945,2006,2046
1944,2008,2048
1943,2010,2050
1942,2011,2052
1929,2034,2078
1930,2032,2076
1931,2030,2074
1932,2028,2072
1933,2027,2070
1934,2025,2068
1935,2023,2066
1936,2021,2064
1937,2020,2062
1938,2018,2060
1939,2016,2058
1940,2015,2056
1941,2013,2054
1958,1986,2023
1959,1984,2021
1960,1983,2020
1961,1981,2018
1962,1980,2016
1963,1978,2015
1964,1977,2013
1965,1976,2011
1966,1974,2010
1967,1973,2008
1968,1971,2007
1969,1970,2005
1970,1968,2003
1971,1967,2002
1972,1966,2000
1973,1964,1999
1974,1963,1997
1975,1962,1996
1976,1960,1994
1977,1959,1993
1978,1958,1991
1979,1956,1990
1980,1955,1988
1981,1954,1987
1982,1952,1985
1983,1951,1984
1984,1950,1982
1985,1948,1981
1986,1947,1979
1987,1946,1978
2056,1871,1895
2057,1870,1894
2058,1869,1893
2059,1868,1892
2060,1867,1891
2061,1866,1890
2062,1865,1889
2063,1864,1888
2064,1863,1887
2065,1863,1886
2066,1862,1885
2067,1861,1884
2068,1860,1883
2069,1859,1882
2070,1858,1882
2071,1857,1881
2072,1856,1880
2073,1855,1879
2074,1855,1878
2075,1854,1877
2076,1853,1876
2077,1852,1875
2078,1851,1874
2079,1850,1873
2080,1849,1872
2081,1849,1871
2082,1848,1870
2083,1847,1869
2084,1846,1869
2085,1845,1868
2086,1845,1867
2087,1844,1866
2088,1843,1865
2089,1842,1864
2090,1841,1863
2091,1840,1862
2092,1840,1861
2093,1839,1861
2094,1838,1860
2095,1837,1859
2096,1836,1858
2097,1836,1857
2098,1835,1856
2099,1834,1856
2100,1833,1855
2101,1833,1854
2102,1832,1853
2103,1831,1852
2104,1830,1851
2105,1829,1850
2106,1829,1850
2107,1828,1849
2108,1827,1848
2109,1826,1847
2110,1826,1846
2111,1825,1846
2112,1824,1845
2113,1824,1844
2114,1823,1843
2115,1822,1842
2116,1821,1842
2117,1821,1841
2118,1820,1840
2119,1819,1839
2120,1818,1839
2121,1818,1838
2122,1817,1837
2123,1816,1836
2124,1816,1835
2125,1815,1835
2126,1814,1834
2127,1813,1833
2128,1813,1832
2129,1812,1832
2130,1811,1831
2131,1811,1830
2132,1810,1829
2133,1809,1829
2134,1809,1828
2135,1808,1827
2136,1807,1827
2137,1807,1826
2138,1806,1825
2139,1805,1824
2140,1805,1824
2141,1804,1823
2142,1803,1822
2143,1803,1822
2144,1802,1821
2145,1801,1820
2146,1801,1819
2147,1800,1819
2148,1799,1818
2149,1799,1817
2150,1798,1817
2151,1798,1816
2152,1797,1815
2153,1796,1815
2154,1796,1814
2155,1795,1813
2156,1794,1813
2157,1794,1812
2158,1793,1811
2159,1793,1811
2160,1792,1810
2161,1791,1809
2162,1791,1809
2163,1790,1808
2164,1790,1807
2165,1789,1807
2166,1788,1806
2167,1788,1805
2168,1787,1805
2169,1787,1804
2170,1786,1803
2171,1785,1803
2172,1785,1802
2173,1784,1802
2174,1784,1801
2175,1783,1800
2176,1782,1800
2177,1782,1799
2178,1781,1799
2179,1781,1798
2180,1780,1797
2181,1780,1797
2182,1779,1796
2183,1779,1795
2184,1778,1795
2185,1777,1794
2470,1696,1707
2471,1696,1706
2472,1696,1706
2473,1696,1706
2474,1696,1706
2475,1696,1706
2476,1696,1706
2477,1696,1706
2478,1696,1706
2479,1696,1706
2480,1696,1706
2481,1696,1706
2482,1696,1706
2483,1696,1706
2484,1696,1706
2485,1696,1706
2486,1696,1706
2487,1696,1706
2488,1695,1706
2489,1695,1706
2490,1695,1706
2491,1695,1706
2492,1695,1706
2493,1695,1706
2494,1695,1706
2495,1695,1706
2496,1695,1706
2497,1695,1705
2498,1695,1705
2499,1695,1705
2500,1695,1705
2501,1695,1705
2502,1695,1705
2503,1695,1705
2504,1695,1705
2505,1695,1705
2506,1695,1705
2507,1695,1705
2508,1695,1705
2509,1695,1705
2510,1695,1705
2511,1695,1705
2512,1695,1705
2512,2894,2896
2513,1695,1705
2513,2893,2897
2514,1695,1705
2514,3241,3241
2514,2893,2898
2515,1695,1705
2515,3239,3243
2515,2892,2899
2516,1695,1705
2516,3239,3243
2516,2892,2899
2517,1695,1705
2517,3238,3244
2517,2891,2899
2518,1695,1705
2518,3238,3244
2518,2891,2900
2519,1695,1705
2519,3238,3244
2519,2891,2900
2520,1695,1706
2520,3238,3244
2520,2890,2900
2521,1695,1706
2521,3238,3244
2521,2890,2900
2522,1696,1706
2522,3239,3243
2522,2890,2901
2523,1696,1706
2523,3239,3243
2523,2890,2901
2524,1696,1706
2524,3240,3241
2524,2890,2901
2525,1696,1706
2525,2890,2901
2526,1696,1706
2526,2889,2901
2527,1696,1706
2527,2889,2901
2528,1696,1706
2528,2889,2901
2529,1696,1706
2529,2889,2901
2530,1696,1706
2530,2889,2901
2531,1696,1706
2531,2889,2901
2532,1696,1706
2532,2889,2901
2533,1696,1706
2533,2889,2901
2534,1696,1706
2534,2889,2901
2535,1696,1706
2535,2889,2901
2536,1696,1706
2536,2889,2901
2537,1696,1706
2537,2890,2901
2538,1696,1706
2538,2890,2901
2539,1696,1706
2539,2890,2901
2540,1696,1706
2540,2890,2901
2541,1696,1706
2541,2890,2901
2542,1696,1706
2542,2890,2900
2543,1696,1706
2543,2891,2900
2544,1696,1706
2544,2891,2900
2545,1697,1706
2545,2891,2900
2546,1697,1707
2546,2892,2899
2547,1697,1707
2547,2892,2899
2548,1697,1707
2548,2893,2898
2549,1697,1707
2549,2893,2898
2550,1697,1707
2550,2894,2897
2551,1697,1707
2552,1697,1707
2553,1697,1707
2554,1697,1707
2555,1697,1707
2556,1697,1707
2557,1697,1707
2558,1697,1707
2559,1698,1707
2560,1698,1708
2561,1698,1708
2562,1698,1708
2563,1698,1708
2564,1698,1708
2565,1698,1708
2566,1698,1708
2567,1698,1708
2568,1698,1708
2569,1698,1708
2570,1698,1708
2571,1699,1709
2572,1699,1709
2573,1699,1709
2574,1699,1709
2575,1699,1709
2576,1699,1709
2577,1699,1709
2578,1699,1709
2579,1699,1709
2580,1700,1710
2581,1700,1710
2582,1700,1710
2583,1700,1710
2584,1700,1710
2585,1700,1710
2586,1700,1710
2587,1700,1710
2588,1701,1710
2589,1701,1711
2590,1701,1711
2591,1701,1711
2592,1701,1711
2593,1701,1711
2594,1701,1711
2595,1701,1711
2596,1702,1712
2597,1702,1712
2598,1702,1712
2599,1702,1712
2600,1702,1712
2601,1702,1712
2602,1702,1712
2603,1703,1713
2604,1703,1713
2605,1703,1713
2606,1703,1713
2607,1703,1713
2608,1703,1713
2609,1704,1714
2610,1704,1714
2611,1704,1714
2612,1704,1714
2613,1704,1714
2614,1704,1714
2615,1704,1715
2616,1705,1715
2617,1705,1715
2618,1705,1715
2619,1705,1715
2620,1705,1715
2621,1706,1716
2622,1706,1716
2623,1706,1716
2624,1706,1716
2625,1706,1716
2626,1706,1717
2627,1707,1717
2628,1707,1717
2629,1707,1717
2630,1707,1717
2631,1707,1718
2632,1708,1718
2633,1708,1718
2634,1708,1718
2635,1708,1718
2636,1708,1719
2637,1709,1719
2638,1709,1719
2639,1709,1719
2640,1709,1719
2641,1709,1720
2642,1710,1720
2643,1710,1720
2644,1710,1720
2645,1710,1720
2646,1710,1721
2647,1711,1721
2648,1711,1721
2649,1711,1721
2650,1711,1722
2651,1712,1722
2652,1712,1722
2653,1712,1722
2654,1712,1723
2655,1713,1723
2656,1713,1723
2657,1713,1723
2658,1713,1724
2659,1713,1724
2660,1714,1724
2661,1714,1724
2662,1714,1724
2663,1714,1725
2664,1715,1725
2665,1715,1725
2666,1715,1726
2667,1715,1726
2668,1716,1726
2669,1716,1726
2670,1716,1727
2671,1716,1727
2672,1717,1727
2673,1717,1727
2674,1717,1728
2675,1717,1728
2676,1718,1728
2677,1718,1728
2678,1718,1729
2679,1719,1729
2680,1719,1729
2681,1719,1730
2682,1719,1730
2683,1720,1730
2684,1720,1730
2685,1720,1731
2686,1721,1731
2687,1721,1731
2688,1721,1732
2689,1721,1732
2690,1722,1732
2691,1722,1733
2692,1722,1733
2693,1723,1733
2694,1723,1733
2695,1723,1734
2696,1723,1734
2697,1724,1734
2698,1724,1735
2699,1724,1735
2700,1725,1735
2701,1725,1736
2702,1725,1736
2703,1726,1736
2704,1726,1737
2705,1726,1737
2706,1727,1737
2707,1727,1738
2708,1727,1738
2709,1727,1738
2710,1728,1739
2711,1728,1739
2712,1728,1739
2713,1729,1740
2714,1729,1740
2715,1729,1740
2716,1730,1741
2717,1730,1741
2718,1730,1741
2719,1731,1742
2720,1731,1742
2721,1732,1742
2722,1732,1743
2723,1732,1743
2724,1733,1744
2725,1733,1744
2726,1733,1744
2727,1734,1745
2728,1734,1745
2729,1734,1745
2730,1735,1746
2731,1735,1746
2732,1735,1746
2733,1736,1747
2734,1736,1747
2735,1737,1748
2736,1737,1748
2737,1737,1748
2738,1738,1749
2739,1738,1749
2740,1738,1750
2741,1739,1750
2742,1739,1750
2743,1740,1751
2744,1740,1751
2745,1740,1752
2746,1741,1752
2747,1741,1752
2748,1742,1753
2749,1742,1753
2750,1742,1754
2751,1743,1754
2752,1743,1754
2753,1744,1755
2754,1744,1755
2755,1744,1756
2756,1745,1756
2757,1745,1757
2758,1746,1757
2759,1746,1757
2760,1746,1758
2761,1747,1758
2762,1747,1759
2763,1748,1759
2764,1748,1760
2765,1749,1760
2766,1749,1760
2767,1749,1761
2768,1750,1761
2769,1750,1762
2770,1751,1762
2771,1751,1763
2772,1752,1763
2773,1752,1764
2774,1752,1764
2775,1753,1765
2776,1753,1765
2777,1754,1766
2778,1754,1766
2779,1755,1766
2780,1755,1767
2781,1756,1767
2782,1756,1768
2783,1757,1768
2784,1757,1769
2785,1757,1769
2786,1758,1770
2787,1758,1770
2788,1759,1771
2789,1759,1771
2790,1760,1772
2791,1760,1772
2792,1761,1773
2793,1761,1773
2794,1762,1774
2795,1762,1774
2796,1763,1775
2797,1763,1775
2798,1764,1776
2799,1764,1776
2800,1765,1777
2801,1765,1777
2802,1766,1778
2803,1766,1778
2804,1767,1779
2805,1767,1780
2806,1768,1780
2807,1768,1781
2808,1769,1781
2809,1769,1782
2810,1770,1782
2811,1770,1783
2812,1771,1783
2813,1771,1784
2814,1772,1784
2815,1772,1785
2816,1773,1785
2817,1774,1786
2818,1774,1787
2819,1775,1787
2820,1775,1788
2821,1776,1788
2822,1776,1789
2823,1777,1789
2824,1777,1790
2825,1778,1791
2826,1778,1791
2827,1779,1792
2828,1780,1792
2829,1780,1793
2830,1781,1794
2831,1781,1794
2832,1782,1795
2833,1782,1795
2834,1783,1796
2835,1784,1796
2836,1784,1797
2837,1785,1798
2838,1785,1798
2839,1786,1799
2840,1786,1800
2841,1787,1800
2842,1788,1801
2843,1788,1801
2844,1789,1802
2845,1789,1803
2846,1790,1803
2847,1791,1804
2848,1791,1805
2849,1792,1805
2850,1793,1806
2851,1793,1806
2852,1794,1807
2853,1794,1808
2854,1795,1808
2855,1796,1809
2856,1796,1810
2857,1797,1810
2858,1797,1811
2859,1798,1812
2860,1799,1812
2861,1799,1813
2862,1800,1814
2863,1801,1814
2864,1801,1815
2865,1802,1816
2866,1803,1816
2867,1803,1817
2868,1804,1818
2869,1805,1818
2870,1805,1819
2871,1806,1820
2872,1807,1821
2873,1807,1821
2874,1808,1822
2875,1809,1823
2876,1809,1823
2877,1810,1824
2878,1811,1825
2879,1811,1825
2880,1812,1826
2881,1813,1827
2882,1813,1828
2883,1814,1828
2884,1815,1829
2885,1816,1830
2886,1816,1831
2887,1817,1831
2888,1818,1832
2889,1818,1833
2890,1819,1834
2891,1820,1834
2892,1821,1835
2893,1821,1836
2894,1822,1837
2895,1823,1837
2896,1824,1838
2897,1824,1839
2898,1825,1840
2899,1826,1840
2900,1827,1841
2901,1827,1842
2902,1828,1843
2903,1829,1844
2904,1830,1844
2905,1830,1845
2906,1831,1846
2907,1832,1847
2908,1833,1848
2909,1833,1848
2910,1834,1849
2911,1835,1850
2912,1836,1851
2913,1837,1852
2914,1837,1853
2915,1838,1853
2916,1839,1854
2917,1840,1855
2918,1841,1856
2919,1841,1857
2920,1842,1858
2921,1843,1858
2922,1844,1859
2923,1845,1860
2924,1845,1861
2925,1846,1862
2926,1847,1863
2927,1848,1864
2928,1849,1865
2929,1850,1865
2930,1850,1866
2931,1851,1867
2932,1852,1868
2933,1853,1869
2934,1854,1870
2935,1855,1871
2936,1856,1872
2937,1856,1873
2938,1857,1874
2939,1858,1874
2940,1859,1875
2941,1860,1876
2942,1861,1877
2943,1862,1878
2944,1863,1879
2945,1864,1880
2946,1864,1881
2947,1865,1882
2948,1866,1883
2949,1867,1884
2950,1868,1885
2951,1869,1886
2952,1870,1887
2953,1871,1888
2954,1872,1889
2955,1873,1890
2956,1874,1891
2957,1875,1892
2958,1876,1893
2959,1877,1894
2960,1878,1895
2961,1878,1896
2962,1879,1897
2963,1880,1898
2964,1881,1899
2965,1882,1900
2966,1883,1901
2967,1884,1902
2968,1885,1903
2969,1886,1904
2970,1887,1905
2971,1888,1906
2972,1889,1907
2973,1890,1908
2974,1891,1909
2975,1892,1910
2976,1893,1911
2977,1894,1913
2978,1895,1914
2979,1897,1915
2980,1898,1916
2981,1899,1917
2982,1900,1918
2983,1901,1919
2984,1902,1920
2985,1903,1921
2986,1904,1923
2987,1905,1924
2988,1906,1925
2989,1907,1926
2990,1908,1927
2991,1909,1928
2992,1910,1929
2993,1912,1931
2994,1913,1932
2995,1914,1933
2996,1915,1934
2997,1916,1935
2998,1917,1937
2999,1918,1938
3000,1920,1939
3001,1921,1940
3002,1922,1941
3003,1923,1943
3004,1924,1944
3005,1925,1945
3006,1927,1946
3007,1928,1948
3008,1929,1949
3009,1930,1950
3010,1931,1951
3011,1933,1953
3012,1934,1954
3013,1935,1955
3014,1936,1957
3015,1937,1958
3016,1939,1959
3017,1940,1961
3018,1941,1962
3019,1942,1963
3020,1944,1965
3021,1945,1966
3022,1946,1967
3023,1948,1969
3024,1949,1970
3025,1950,1971
3026,1951,1973
3027,1953,1974
3028,1954,1976
3029,1955,1977
3030,1957,1978
3031,1958,1980
3032,1959,1981
3033,1961,1983
3034,1962,1984
3035,1963,1986
3036,1965,1987
3037,1966,1989
