2427,2904,2905
2428,2903,2906
2429,2902,2907
2430,2901,2907
2431,2901,2908
1890,2335,2371
2432,2900,2908
1891,2313,2393
2433,2900,2908
1892,2300,2406
2434,2900,2908
1893,2289,2417
2435,2899,2909
1894,2280,2426
2436,2899,2909
1895,2272,2435
2437,2899,2909
1896,2265,2442
2438,2899,2909
1897,2258,2449
2439,2898,2909
1898,2252,2455
2440,2898,2910
1899,2246,2461
2441,2898,2910
1900,2240,2467
2442,2898,2910
1901,2235,2472
2443,2898,2910
1902,2230,2478
2134,2837,2840
2133,2836,2840
2132,2834,2840
2131,2833,2840
2130,2832,2839
2129,2831,2839
1998,2675,2712
1997,2673,2710
1996,2672,2709
1995,2670,2707
1994,2668,2706
1993,2667,2704
1992,2665,2703
1991,2025,2027
1991,2663,2701
1990,2025,2030
1990,2661,2699
1989,2026,2032
1989,2660,2698
1988,2027,2035
1988,2658,2696
1987,2028,2037
1987,2656,2695
1986,2029,2039
1986,2654,2693
1985,2030,2041
1985,2653,2691
1984,2032,2044
1984,2651,2690
1983,2033,2046
1983,2649,2688
1982,2034,2048
1982,2647,2686
1981,2036,2050
1981,2645,2685
1980,2037,2053
1980,2644,2683
1979,2038,2055
1979,2642,2681
1978,2040,2057
1978,2640,2680
1977,2041,2059
1977,2638,2678
1976,2043,2061
1976,2636,2676
1975,2044,2064
1975,2634,2675
1974,2046,2066
1974,2632,2673
1973,2047,2068
1973,2630,2671
1972,2049,2071
1972,2628,2669
1971,2051,2073
1971,2626,2667
1970,2052,2075
1970,2624,2666
1969,2054,2077
1969,2622,2664
1968,2056,2080
1968,2620,2662
1967,2057,2082
1967,2618,2660
1966,2059,2085
1966,2616,2658
1965,2061,2087
1965,2614,2656
1964,2062,2089
1964,2611,2654
1963,2064,2092
1963,2609,2652
2503,3243,3244
1962,2066,2094
1962,2607,2651
2502,3242,3245
1961,2068,2097
1961,2605,2649
2501,3241,3246
1960,2069,2099
1960,2603,2647
2500,3240,3246
1959,2071,2102
1959,2600,2645
2499,3240,3246
1958,2073,2104
1958,2598,2643
2498,3240,3246
1957,2075,2107
1957,2596,2641
2497,3240,3246
1956,2077,2109
1956,2593,2639
2496,3240,3246
1955,2079,2112
1955,2591,2637
2495,3240,3245
1954,2081,2115
1954,2588,2634
2494,3240,3245
1953,2083,2117
1953,2586,2632
2493,3241,3244
1952,2085,2120
1952,2583,2630
1951,2087,2123
1951,2581,2628
1950,2089,2126
1950,2578,2626
1949,2091,2128
1949,2576,2624
1948,2093,2131
1948,2573,2622
1947,2095,2134
1947,2570,2619
1946,2097,2137
1946,2568,2617
1945,2099,2140
1945,2565,2615
1944,2101,2143
1944,2562,2613
1943,2103,2146
1943,2559,2610
1942,2105,2149
1942,2556,2608
1941,2108,2152
1941,2554,2605
1940,2110,2156
1940,2551,2603
1939,2112,2159
1939,2548,2601
1938,2114,2162
1938,2544,2598
1937,2117,2165
1937,2541,2596
1936,2119,2169
1936,2538,2593
1935,2122,2172
1935,2535,2591
2472,2901,2906
1931,2131,2187
1931,2521,2580
2457,2897,2910
1916,2175,2261
1916,2450,2535
2444,2898,2910
1903,2225,2483
2473,2902,2905
1932,2129,2183
1932,2525,2583
2458,2897,2910
1917,2171,2254
1917,2456,2538
2474,2903,2903
1933,2126,2180
1933,2528,2586
2459,2897,2910
1918,2168,2248
1918,2463,2542
1934,2124,2176
1934,2531,2588
2460,2898,2909
1919,2165,2242
1919,2468,2545
2447,2897,2910
1906,2212,2496
2446,2898,2910
1905,2216,2492
2445,2898,2910
1904,2221,2487
2448,2897,2910
1907,2208,2501
2449,2897,2910
1908,2204,2505
2450,2897,2910
1909,2200,2509
2451,2897,2910
1910,2196,2321
1910,2391,2513
2452,2897,2910
1911,2192,2306
1911,2406,2517
2453,2897,2910
1912,2188,2294
1912,2418,2521
2454,2897,2910
1913,2185,2284
1913,2427,2524
2455,2897,2910
1914,2181,2276
1914,2436,2528
2456,2897,2910
1915,2178,2268
1915,2443,2531
2461,2898,2909
1920,2162,2237
1920,2474,2548
2462,2898,2909
1921,2159,2231
1921,2479,2551
2463,2898,2909
1922,2156,2226
1922,2484,2554
2464,2898,2909
1923,2153,2221
1923,2488,2557
2465,2898,2909
1924,2150,2216
1924,2493,2560
2466,2898,2908
1925,2147,2212
1925,2497,2563
2467,2899,2908
1926,2145,2207
1926,2501,2566
2468,2899,2908
1927,2142,2203
1927,2506,2569
2469,2899,2907
1928,2139,2199
1928,2510,2572
2470,2900,2907
1929,2137,2195
1929,2513,2575
2471,2900,2906
1930,2134,2191
1930,2517,2578
1999,2676,2713
2000,2678,2715
2001,2680,2716
2002,2681,2717
2003,2683,2719
2004,2684,2720
2005,2686,2722
2006,2688,2723
2007,2689,2725
2008,2691,2726
2009,2692,2727
2010,2694,2729
2011,2695,2730
2012,2697,2731
2013,2698,2733
2014,2699,2734
2015,2701,2736
2016,2702,2737
2017,2704,2738
2018,2705,2739
2019,2707,2741
2020,2708,2742
2021,2710,2743
2022,2711,2745
2023,2712,2746
2024,2714,2747
2025,2715,2748
2026,2716,2750
2027,2718,2751
2028,2719,2752
2029,2720,2753
2030,2722,2755
2031,2723,2756
2032,2724,2757
2033,2726,2758
2034,2727,2759
2035,2728,2760
2036,2730,2762
2037,2731,2763
2038,2732,2764
2039,2733,2765
2040,2735,2766
2041,2736,2767
2042,2737,2768
2043,2739,2770
2044,2740,2771
2045,2741,2772
2046,2742,2773
2047,2743,2774
2048,2745,2775
2049,2746,2776
2050,2747,2777
2051,2748,2778
2052,2749,2779
2053,2751,2780
2054,2752,2781
2055,2753,2782
2056,2754,2784
2057,2755,2785
2058,2757,2786
2059,2758,2787
2060,2759,2788
2061,2760,2789
2062,2761,2790
2063,2762,2791
2064,2763,2791
2065,2764,2792
2066,2766,2793
2067,2767,2794
2068,2768,2795
2069,2769,2796
2070,2770,2797
2071,2771,2798
2072,2772,2799
2073,2773,2800
2074,2774,2801
2075,2776,2802
2076,2777,2803
2077,2778,2804
2078,2779,2804
2079,2780,2805
2080,2781,2806
2081,2782,2807
2082,2783,2808
2083,2784,2809
2084,2785,2810
2085,2786,2810
2086,2787,2811
2087,2788,2812
2088,2789,2813
2089,2790,2814
2090,2791,2815
2091,2792,2815
3174,2495,2500
2092,2793,2816
3175,2480,2505
2093,2794,2817
3176,2468,2506
2094,2795,2818
3177,2458,2506
2095,2796,2818
3178,2228,2241
3178,2447,2505
2096,2797,2819
3179,2225,2257
3179,2435,2504
2097,2798,2820
3180,2225,2271
3180,2422,2502
2098,2799,2821
3181,2226,2288
3181,2407,2500
2099,2800,2821
3182,2228,2308
3182,2387,2498
2100,2801,2822
3183,2229,2496
2101,2802,2823
3184,2232,2493
2102,2803,2824
3185,2234,2491
2103,2804,2824
3186,2237,2488
2104,2805,2825
3187,2240,2485
2105,2806,2826
3188,2243,2482
2106,2807,2826
3189,2246,2478
2107,2808,2827
3190,2250,2475
2108,2809,2828
3191,2253,2471
2109,2810,2828
3192,2257,2467
2110,2811,2829
3193,2262,2463
2111,2812,2830
3194,2266,2459
2112,2813,2830
3195,2271,2454
2113,2814,2831
3196,2276,2449
2114,2815,2832
3197,2281,2444
2115,2816,2832
3198,2287,2438
2116,2817,2833
3199,2294,2432
2117,2818,2833
3200,2301,2425
2118,2819,2834
3201,2309,2417
2119,2820,2834
3202,2319,2407
2120,2821,2835
3203,2331,2395
2121,2822,2835
3204,2355,2371
2122,2823,2836
2123,2824,2837
2124,2825,2837
2125,2826,2837
2126,2827,2838
2127,2829,2838
2128,2830,2839
