1917,2303,2348
1918,2288,2360
1919,2278,2368
1920,2269,2374
1921,2262,2378
1922,2255,2380
1923,2249,2381
1924,2243,2380
1925,2238,2376
1926,2232,2370
1927,2228,2362
1928,2223,2352
1929,2219,2341
1930,2214,2331
1931,2210,2322
1932,2207,2313
1933,2203,2305
1934,2199,2297
1972,2113,2122
1971,2114,2127
1970,2115,2131
1969,2116,2135
1968,2117,2138
1967,2118,2142
1966,2120,2146
1965,2121,2150
1964,2123,2153
1963,2125,2157
1962,2127,2161
1961,2128,2164
1960,2130,2168
1959,2132,2172
1958,2134,2176
1957,2136,2180
1956,2138,2184
1955,2141,2188
1954,2143,2192
1953,2145,2196
1952,2147,2200
1951,2150,2204
1950,2152,2208
1949,2155,2213
1937,2189,2276
1936,2192,2283
1935,2196,2290
2176,2857,2860
2177,2857,2861
2178,2857,2862
2179,2857,2863
2180,2857,2864
2181,2857,2865
2182,2858,2866
2183,2858,2867
2184,2858,2868
2185,2859,2869
2186,2859,2870
2187,2859,2871
2188,2860,2872
2189,2860,2872
2190,2860,2873
2191,2861,2874
2192,2861,2875
2193,2862,2875
2194,2862,2876
2195,2862,2877
2196,2863,2878
2197,2863,2878
2198,2864,2879
2199,2864,2880
2200,2864,2880
2341,2902,2919
2342,2902,2919
2343,2902,2919
2344,2902,2919
2345,2902,2919
2346,2902,2919
2347,2902,2919
2348,2902,2919
2349,2902,2920
2350,2902,2920
2351,2902,2920
2363,2903,2920
2364,2903,2920
2365,2903,2920
2366,2903,2920
2367,2903,2920
2368,2903,2920
2369,2903,2919
2414,2909,2912
2413,2908,2913
2412,2908,2913
2411,2907,2914
2410,2907,2914
2409,2907,2914
2408,2906,2915
2407,2906,2915
2406,2906,2915
2405,2906,2916
2404,2905,2916
2403,2905,2916
2402,2905,2916
2401,2905,2917
2400,2905,2917
2399,2905,2917
2398,2904,2917
2397,2904,2917
2396,2904,2917
2395,2904,2918
2394,2904,2918
2393,2904,2918
2392,2904,2918
2391,2904,2918
2390,2904,2918
2389,2904,2918
2388,2904,2918
2387,2904,2919
2386,2903,2919
3201,2471,2524
2375,2903,2919
3202,2462,2524
2376,2903,2919
3203,2453,2523
2377,2903,2919
3204,2444,2522
2378,2903,2919
3205,2435,2520
2379,2903,2919
3206,2426,2519
2380,2903,2919
3207,2416,2517
2381,2903,2919
3208,2406,2515
2382,2903,2919
3209,2396,2513
2383,2903,2919
3210,2386,2510
2384,2903,2919
3211,2376,2508
2385,2903,2919
3212,2367,2505
3213,2359,2503
3214,2353,2500
3215,2347,2497
3216,2343,2494
3217,2341,2490
3218,2339,2487
3219,2339,2483
2331,2901,2919
3220,2339,2479
2332,2901,2919
3221,2340,2475
2333,2901,2919
3222,2342,2470
2334,2901,2919
3223,2344,2465
2335,2901,2919
3224,2347,2459
2336,2901,2919
3225,2351,2453
2337,2902,2919
3226,2356,2447
2338,2902,2919
3227,2362,2439
2339,2902,2919
3228,2371,2428
2340,2902,2919
3229,2385,2413
2201,2865,2881
3200,2480,2524
2374,2903,2919
3199,2489,2524
2373,2903,2919
3198,2500,2521
2372,2903,2919
2357,2903,2920
1943,2170,2241
2484,3237,3244
2227,2875,2896
2358,2903,2920
1944,2168,2236
2485,3238,3244
2228,2876,2896
2359,2903,2920
1945,2165,2231
2486,3238,3244
2229,2876,2897
2360,2903,2920
1946,2162,2227
2487,3238,3243
2230,2876,2897
2361,2903,2920
1947,2160,2222
2488,3239,3243
2231,2877,2898
2370,2903,2919
2362,2903,2920
1948,2157,2217
2489,3241,3242
2232,2877,2898
2371,2903,2919
2356,2902,2920
1942,2173,2247
2483,3237,3244
2226,2875,2895
2355,2902,2920
1941,2176,2252
2482,3237,3243
2225,2874,2895
2354,2902,2920
1940,2179,2258
2481,3237,3243
2224,2874,2894
2353,2902,2920
1939,2182,2264
2480,3238,3242
2223,2874,2894
2352,2902,2920
1938,2186,2270
2479,3238,3241
2222,2873,2893
2330,2901,2919
2329,2901,2919
2328,2901,2919
2327,2901,2919
2326,2901,2919
2325,2900,2919
2324,2900,2919
2323,2900,2918
2322,2900,2918
2321,2900,2918
2320,2900,2918
2319,2900,2918
2318,2900,2918
2317,2899,2918
2316,2899,2918
2315,2899,2918
2314,2899,2918
2313,2899,2918
2312,2899,2918
2311,2899,2918
2310,2898,2918
2309,2898,2917
2308,2898,2917
2307,2898,2917
2306,2898,2917
2305,2898,2917
2304,2897,2917
2303,2897,2917
2302,2897,2917
2301,2897,2917
2300,2897,2916
2299,2897,2916
2298,2896,2916
2297,2896,2916
2296,2896,2916
2295,2896,2916
2294,2895,2916
2293,2895,2916
2292,2895,2915
2291,2895,2915
2290,2895,2915
2289,2894,2915
2288,2894,2915
2287,2894,2915
2286,2894,2914
2285,2893,2914
2284,2893,2914
2283,2893,2914
2282,2893,2914
2281,2893,2914
2280,2892,2913
2279,2892,2913
2278,2892,2913
2277,2891,2913
2276,2891,2913
2275,2891,2912
2274,2891,2912
2273,2890,2912
2272,2890,2912
2271,2890,2911
2270,2890,2911
2269,2889,2911
2268,2889,2911
2267,2889,2910
2266,2888,2910
2265,2888,2910
2264,2888,2910
2263,2888,2909
2262,2887,2909
2261,2887,2909
2260,2887,2909
2259,2886,2908
2258,2886,2908
2257,2886,2908
2256,2885,2907
2255,2885,2907
2254,2885,2907
2253,2884,2906
2252,2884,2906
2251,2884,2906
2250,2883,2905
2249,2883,2905
2248,2883,2905
2247,2882,2904
2246,2882,2904
2245,2882,2904
2244,2881,2903
2243,2881,2903
2242,2881,2902
2241,2880,2902
2240,2880,2902
2239,2880,2901
2238,2879,2901
2237,2879,2900
2236,2879,2900
2235,2878,2900
2234,2878,2899
2233,2877,2899
2221,2873,2893
2220,2872,2892
2219,2872,2892
2218,2872,2891
2217,2871,2891
2216,2871,2890
2215,2870,2890
2214,2870,2889
2213,2870,2889
2212,2869,2888
2211,2869,2887
2210,2868,2887
2209,2868,2886
2208,2868,2886
2207,2867,2885
2206,2867,2884
2205,2866,2884
2204,2866,2883
2203,2866,2882
2202,2865,2882
