2540,3228,3229
2541,3227,3230
2542,3226,3230
2543,3226,3231
2544,3225,3231
2548,3227,3228
2547,3226,3229
2546,3225,3230
2545,3225,3230
2675,2878,2879
2676,2877,2880
2677,2876,2880
2678,2876,2881
2679,2875,2881
2680,2875,2881
2681,2874,2881
2682,2874,2881
2683,2874,2881
2684,2873,2881
2685,2873,2882
2686,2873,2882
2687,2872,2882
2688,2872,2882
2689,2872,2882
2690,2871,2882
2691,2871,2882
2692,2871,2882
2693,2871,2882
2694,2870,2882
2695,2870,2882
2696,2870,2881
2697,2869,2881
2698,2869,2881
2699,2869,2881
2700,2869,2881
2701,2868,2881
2702,2868,2881
2703,2868,2881
2704,2868,2881
2705,2867,2881
2706,2867,2881
2707,2867,2881
2708,2866,2880
2709,2866,2880
2710,2866,2880
2711,2866,2880
2712,2865,2880
2713,2865,2880
2714,2865,2880
2715,2865,2879
2716,2864,2879
2717,2864,2879
2718,2864,2879
2719,2863,2879
2720,2863,2879
2721,2863,2878
2722,2863,2878
2723,2862,2878
2724,2862,2878
2725,2862,2878
2726,2861,2878
2727,2861,2877
2728,2861,2877
2729,2861,2877
2730,2860,2877
2731,2860,2877
2732,2860,2876
2733,2859,2876
2734,2859,2876
2735,2859,2876
2736,2858,2875
2737,2858,2875
2738,2858,2875
2739,2858,2875
2740,2857,2874
2741,2857,2874
2742,2857,2874
2743,2856,2874
2744,2856,2873
2745,2856,2873
2746,2855,2873
2747,2855,2873
2748,2855,2872
2749,2854,2872
2750,2854,2872
2751,2854,2871
2752,2853,2871
2753,2853,2871
2754,2853,2870
2755,2852,2870
2756,2852,2870
2757,2851,2870
2758,2851,2869
2759,2851,2869
2760,2850,2869
2761,2850,2868
2762,2850,2868
2763,2849,2868
2764,2849,2867
2765,2848,2867
2766,2848,2867
2767,2848,2866
2768,2847,2866
2769,2847,2865
2770,2846,2865
2771,2846,2865
2772,2846,2864
2773,2845,2864
2774,2845,2864
2775,2844,2863
2776,2844,2863
2777,2844,2862
2778,2843,2862
2779,2843,2862
2780,2842,2861
2781,2842,2861
2782,2841,2860
2783,2841,2860
2784,2841,2860
2785,2840,2859
2786,2840,2859
2787,2839,2858
2788,2839,2858
2789,2838,2858
2790,2838,2857
2791,2837,2857
2792,2837,2856
2793,2836,2856
2794,2836,2855
2795,2835,2855
2796,2835,2854
2797,2834,2854
2798,2834,2853
1847,2058,2100
2929,2734,2759
1848,2056,2097
2930,2732,2758
1849,2055,2093
2931,2731,2757
1850,2053,2090
2932,2730,2756
1851,2052,2087
2933,2729,2755
1852,2051,2084
2934,2728,2754
1853,2050,2081
2935,2727,2753
1854,2049,2078
2936,2726,2752
1855,2048,2075
2937,2725,2751
1856,2047,2071
2938,2723,2750
1857,2046,2068
2939,2722,2749
1858,2045,2064
2940,2721,2748
1859,2045,2061
2941,2720,2747
1860,2045,2057
2942,2719,2746
1861,2047,2051
2943,2718,2745
2944,2716,2744
2945,2715,2743
2946,2714,2742
2947,2713,2741
2948,2712,2740
2949,2710,2739
2950,2709,2737
2951,2708,2736
2952,2707,2735
2953,2706,2734
2954,2704,2733
2955,2703,2732
2956,2702,2731
2957,2701,2729
2958,2699,2728
2959,2698,2727
2960,2697,2726
2961,2695,2725
2962,2694,2724
2963,2693,2722
2964,2691,2721
2965,2690,2720
2966,2689,2719
2967,2687,2718
2968,2686,2716
2969,2685,2715
2970,2683,2714
2971,2682,2713
2972,2681,2711
2973,2679,2710
2974,2678,2709
2975,2676,2708
2976,2675,2706
2977,2674,2705
2978,2672,2704
2979,2671,2702
3055,2546,2552
3054,2545,2557
3053,2546,2561
3052,2547,2564
3051,2548,2568
3050,2550,2571
3049,2551,2574
3048,2553,2577
3047,2555,2580
3046,2556,2583
3045,2558,2585
3044,2560,2588
3043,2562,2591
3042,2564,2593
3041,2566,2595
3040,2567,2598
3039,2569,2600
3008,2625,2660
3007,2627,2662
3006,2629,2663
3005,2630,2665
3004,2632,2666
3003,2634,2668
3002,2635,2669
3001,2637,2671
3000,2639,2673
2999,2640,2674
2998,2642,2676
2997,2643,2677
2996,2645,2679
2995,2647,2680
2994,2648,2682
2993,2650,2683
2980,2669,2701
2981,2668,2700
2982,2666,2698
2983,2665,2697
2984,2663,2696
2985,2662,2694
2986,2660,2693
2987,2659,2691
2988,2657,2690
2989,2656,2689
2990,2654,2687
2991,2653,2686
2992,2651,2684
3009,2624,2658
3010,2622,2657
3011,2620,2655
3012,2619,2653
3013,2617,2652
3014,2615,2650
3015,2613,2648
3016,2612,2646
3017,2610,2645
3018,2608,2643
3019,2606,2641
3020,2604,2639
3021,2603,2637
3022,2601,2636
3023,2599,2634
3024,2597,2632
3025,2595,2630
3026,2594,2628
3027,2592,2626
3028,2590,2624
3029,2588,2622
3030,2586,2620
3031,2584,2618
3032,2582,2616
3033,2581,2614
3034,2579,2611
3035,2577,2609
3036,2575,2607
3037,2573,2605
3038,2571,2603
1846,2059,2103
2928,2735,2760
1845,2061,2106
2927,2736,2761
1844,2062,2109
2926,2737,2762
1843,2064,2112
2925,2738,2763
1842,2065,2115
2924,2739,2764
1841,2067,2118
2923,2740,2765
1840,2069,2121
2922,2741,2766
1839,2071,2124
2921,2742,2767
1838,2072,2127
2920,2743,2768
1837,2074,2130
2919,2744,2769
1836,2076,2133
2918,2745,2770
1835,2078,2136
2917,2746,2771
1834,2080,2139
2916,2747,2772
1833,2082,2142
2915,2748,2773
1832,2084,2145
2914,2749,2774
1831,2086,2148
2913,2750,2775
1830,2088,2151
2912,2751,2776
1829,2090,2155
2911,2752,2777
1828,2092,2158
2910,2753,2777
1827,2095,2161
2909,2754,2778
1826,2097,2164
2908,2755,2779
1825,2099,2167
2907,2756,2780
1824,2102,2170
2906,2757,2781
1823,2104,2173
2905,2758,2782
1822,2106,2176
2904,2759,2783
1821,2109,2179
2903,2760,2784
1820,2112,2182
2902,2761,2785
1819,2114,2185
2901,2762,2785
1818,2117,2187
2900,2763,2786
1817,2120,2190
2899,2764,2787
1816,2123,2193
2898,2765,2788
1815,2126,2196
2897,2766,2789
1814,2129,2198
2896,2766,2790
1813,2132,2201
2895,2767,2791
1812,2135,2203
2894,2768,2791
1811,2139,2205
2893,2769,2792
1810,2142,2207
2892,2770,2793
1809,2146,2209
2891,2771,2794
1808,2150,2211
2890,2772,2795
1807,2154,2212
2889,2773,2795
1806,2159,2213
2888,2774,2796
1805,2164,2214
2887,2774,2797
1804,2169,2214
2886,2775,2798
1803,2175,2213
2885,2776,2799
1802,2182,2212
2884,2777,2800
1801,2192,2207
2883,2778,2800
2882,2779,2801
2881,2780,2802
2880,2780,2803
2879,2781,2803
2878,2782,2804
2877,2783,2805
2876,2784,2806
2875,2784,2806
2874,2785,2807
2873,2786,2808
2872,2787,2809
2871,2788,2809
2870,2788,2810
2869,2789,2811
2868,2790,2812
2867,2791,2812
2866,2792,2813
2865,2792,2814
2864,2793,2815
2863,2794,2815
2862,2795,2816
2861,2795,2817
2860,2796,2817
2859,2797,2818
2858,2797,2819
2857,2798,2819
2856,2799,2820
2855,2800,2821
2854,2800,2822
2853,2801,2822
2852,2802,2823
2851,2802,2824
2850,2803,2824
2849,2804,2825
2848,2805,2825
2847,2805,2826
2846,2806,2827
2845,2807,2827
2844,2807,2828
2843,2808,2829
2842,2809,2829
2841,2809,2830
2840,2810,2831
2839,2811,2831
2838,2811,2832
2837,2812,2832
2836,2812,2833
2835,2813,2834
2834,2814,2834
2833,2814,2835
2832,2815,2835
2831,2816,2836
2830,2816,2837
2829,2817,2837
2828,2817,2838
2827,2818,2838
2826,2819,2839
2825,2819,2840
2824,2820,2840
2823,2820,2841
2822,2821,2841
2821,2822,2842
2820,2822,2842
2819,2823,2843
2818,2823,2843
2817,2824,2844
2816,2824,2844
2815,2825,2845
2814,2826,2846
2813,2826,2846
2812,2827,2847
2811,2827,2847
2810,2828,2848
2809,2828,2848
2808,2829,2849
2807,2829,2849
2806,2830,2850
2805,2830,2850
2804,2831,2851
2803,2831,2851
2802,2832,2852
2801,2832,2852
2800,2833,2853
2799,2833,2853
