2537,3230,3232
2538,3229,3233
2539,3228,3233
2540,3228,3233
2541,3228,3233
2545,3229,3231
2544,3228,3232
2543,3228,3233
2542,3228,3233
2633,2883,2886
2634,2883,2887
2635,2882,2887
2636,2881,2888
2637,2881,2888
2638,2881,2888
2639,2880,2888
2640,2880,2889
2641,2880,2889
2642,2879,2889
2643,2879,2889
2644,2879,2889
2645,2879,2890
2646,2878,2890
2647,2878,2890
2648,2878,2890
2649,2878,2890
2650,2877,2890
2651,2877,2890
2652,2877,2890
2653,2877,2890
2654,2877,2890
2655,2877,2890
2656,2876,2890
2657,2876,2890
2658,2876,2890
2659,2876,2891
2660,2876,2891
2661,2876,2891
2662,2875,2891
2663,2875,2891
2664,2875,2890
2665,2875,2890
2666,2875,2890
2667,2875,2890
2668,2875,2890
2669,2874,2890
2670,2874,2890
2671,2874,2890
2672,2874,2890
2673,2874,2890
2674,2874,2890
2675,2874,2890
2676,2873,2890
2677,2873,2890
2678,2873,2890
2679,2873,2890
2680,2873,2890
2681,2873,2890
2682,2873,2890
2683,2873,2889
3059,2559,2564
3058,2559,2569
3057,2560,2573
3056,2561,2576
3055,2563,2579
3054,2564,2582
3053,2566,2585
3052,2568,2588
3051,2569,2591
3050,2571,2593
3049,2573,2596
3048,2575,2598
3047,2576,2601
3046,2578,2603
3045,2580,2606
3044,2582,2608
3043,2584,2610
3042,2585,2612
3041,2587,2615
3040,2589,2617
3039,2591,2619
3038,2593,2621
3037,2595,2623
3036,2596,2625
3035,2598,2627
3034,2600,2629
3033,2602,2631
3032,2604,2633
3031,2605,2635
3030,2607,2637
3029,2609,2639
3028,2611,2641
3027,2612,2643
3026,2614,2645
3025,2616,2646
3024,2618,2648
3023,2619,2650
3022,2621,2652
3021,2623,2654
3020,2624,2655
3019,2626,2657
3018,2628,2659
3017,2629,2660
3016,2631,2662
3015,2633,2664
3014,2634,2665
3013,2636,2667
3012,2638,2669
3011,2639,2670
3010,2641,2672
3009,2642,2673
3008,2644,2675
3007,2646,2677
3006,2647,2678
3005,2649,2680
3004,2650,2681
3003,2652,2683
3002,2653,2684
3001,2655,2686
3000,2656,2687
2999,2658,2689
2998,2659,2690
2997,2661,2692
2996,2662,2693
2995,2664,2694
2994,2665,2696
2993,2667,2697
2992,2668,2699
2991,2670,2700
2990,2671,2701
2989,2672,2703
2988,2674,2704
2987,2675,2705
2986,2677,2707
2985,2678,2708
2984,2679,2710
2983,2681,2711
2982,2682,2712
2981,2684,2713
2980,2685,2715
2979,2686,2716
2978,2688,2717
2977,2689,2719
2976,2690,2720
2975,2692,2721
2974,2693,2722
2973,2694,2724
2972,2695,2725
2971,2697,2726
2970,2698,2727
2969,2699,2728
2968,2701,2730
2967,2702,2731
2966,2703,2732
2965,2704,2733
2964,2706,2734
2963,2707,2736
2962,2708,2737
2961,2709,2738
2960,2710,2739
1877,2035,2043
2959,2712,2740
1876,2035,2047
2958,2713,2741
1875,2035,2051
2957,2714,2742
1874,2036,2054
2956,2715,2744
1873,2037,2057
2955,2716,2745
1872,2037,2060
2954,2718,2746
1871,2038,2063
2953,2719,2747
1870,2040,2066
2952,2720,2748
1869,2041,2069
2951,2721,2749
1868,2042,2072
2950,2722,2750
1867,2043,2075
2949,2723,2751
1866,2044,2078
2948,2725,2752
1865,2046,2081
2947,2726,2753
1864,2047,2084
2946,2727,2754
1863,2049,2086
2945,2728,2756
1862,2050,2089
2944,2729,2757
1861,2052,2092
2943,2730,2758
1860,2053,2095
2942,2731,2759
1859,2055,2098
2941,2732,2760
2810,2835,2855
2809,2835,2856
2808,2836,2856
2807,2836,2857
2806,2837,2857
2805,2837,2858
2804,2838,2858
2803,2838,2858
2802,2839,2859
2801,2839,2859
2800,2840,2860
2799,2840,2860
2798,2841,2861
2797,2841,2861
2796,2842,2861
2795,2842,2862
2794,2842,2862
2793,2843,2863
2792,2843,2863
2791,2844,2863
2790,2844,2864
2789,2845,2864
2788,2845,2865
2787,2846,2865
2786,2846,2865
2785,2846,2866
2784,2847,2866
2783,2847,2867
2782,2848,2867
2781,2848,2867
2780,2848,2868
2779,2849,2868
2778,2849,2868
2777,2850,2869
2776,2850,2869
2775,2850,2869
2774,2851,2870
2773,2851,2870
2772,2852,2870
2771,2852,2871
2770,2852,2871
2769,2853,2871
2768,2853,2872
2767,2853,2872
2766,2854,2872
2765,2854,2873
2764,2855,2873
2763,2855,2873
2762,2855,2874
2761,2856,2874
2760,2856,2874
2759,2856,2875
2758,2857,2875
2757,2857,2875
2756,2857,2875
2755,2858,2876
2754,2858,2876
2753,2858,2876
2752,2858,2877
2751,2859,2877
2750,2859,2877
2749,2859,2877
2748,2860,2878
2747,2860,2878
2746,2860,2878
2745,2861,2878
2744,2861,2879
2743,2861,2879
2712,2868,2886
2711,2868,2886
2710,2868,2886
2709,2869,2886
2708,2869,2886
2707,2869,2886
2706,2869,2887
2705,2869,2887
2704,2869,2887
2703,2870,2887
2702,2870,2887
2701,2870,2887
2700,2870,2887
2699,2870,2888
2698,2870,2888
2697,2871,2888
2684,2872,2889
2685,2872,2889
2686,2872,2889
2687,2872,2889
2688,2872,2889
2689,2872,2889
2690,2872,2889
2691,2871,2889
2692,2871,2888
2693,2871,2888
2694,2871,2888
2695,2871,2888
2696,2871,2888
2713,2868,2885
2714,2868,2885
2715,2868,2885
2716,2867,2885
2717,2867,2885
2718,2867,2884
2719,2867,2884
2720,2867,2884
2721,2866,2884
2722,2866,2884
2723,2866,2883
2724,2866,2883
2725,2866,2883
2726,2865,2883
2727,2865,2883
2728,2865,2882
2729,2865,2882
2730,2864,2882
2731,2864,2882
2732,2864,2882
2733,2864,2881
2734,2863,2881
2735,2863,2881
2736,2863,2881
2737,2863,2880
2738,2862,2880
2739,2862,2880
2740,2862,2880
2741,2862,2879
2742,2861,2879
2811,2834,2855
2812,2834,2854
2813,2833,2854
2814,2833,2853
2815,2832,2853
2816,2831,2852
2817,2831,2852
2818,2830,2851
2819,2830,2851
2820,2829,2850
2821,2829,2850
2822,2828,2849
2823,2828,2849
2824,2827,2848
2825,2826,2848
2826,2826,2847
2827,2825,2847
2828,2825,2846
2829,2824,2846
2830,2824,2845
2831,2823,2845
2832,2822,2844
2833,2822,2844
2834,2821,2843
2835,2821,2842
2836,2820,2842
2837,2819,2841
2838,2819,2841
2839,2818,2840
2840,2817,2840
2841,2817,2839
2842,2816,2838
2843,2816,2838
2844,2815,2837
2845,2814,2837
2846,2814,2836
2847,2813,2835
2848,2812,2835
2849,2812,2834
2850,2811,2834
2851,2810,2833
2852,2810,2832
2853,2809,2832
2854,2808,2831
2855,2808,2831
2856,2807,2830
2857,2806,2829
2858,2806,2829
2859,2805,2828
2860,2804,2827
2861,2803,2827
2862,2803,2826
2863,2802,2825
2864,2801,2825
2865,2801,2824
2866,2800,2823
2867,2799,2823
2868,2798,2822
2869,2798,2821
2870,2797,2820
2871,2796,2820
2872,2795,2819
2873,2795,2818
2874,2794,2818
2875,2793,2817
2876,2792,2816
2877,2792,2815
2878,2791,2815
2879,2790,2814
2880,2789,2813
2881,2788,2813
2882,2788,2812
2883,2787,2811
2884,2786,2810
2885,2785,2810
2886,2784,2809
2887,2784,2808
2888,2783,2807
2889,2782,2806
2890,2781,2806
2891,2780,2805
2892,2779,2804
1811,2194,2220
2893,2779,2803
1812,2186,2222
2894,2778,2803
1813,2179,2223
2895,2777,2802
1814,2173,2223
2896,2776,2801
1815,2168,2222
2897,2775,2800
1816,2163,2221
2898,2774,2799
1817,2159,2220
2899,2773,2798
1818,2155,2218
2900,2773,2798
1819,2151,2216
2901,2772,2797
1820,2147,2214
2902,2771,2796
1821,2143,2211
2903,2770,2795
1822,2140,2209
2904,2769,2794
1823,2136,2206
2905,2768,2793
1824,2133,2203
2906,2767,2793
1825,2130,2201
2907,2766,2792
1826,2127,2198
2908,2765,2791
1827,2124,2195
2909,2764,2790
1828,2121,2192
2910,2764,2789
1829,2118,2189
2911,2763,2788
1830,2115,2186
2912,2762,2787
1831,2113,2183
2913,2761,2786
1832,2110,2180
2914,2760,2786
1833,2107,2176
2915,2759,2785
1834,2105,2173
2916,2758,2784
1835,2102,2170
2917,2757,2783
1836,2100,2167
2918,2756,2782
1837,2098,2164
2919,2755,2781
1838,2095,2161
2920,2754,2780
1839,2093,2158
2921,2753,2779
1840,2091,2155
2922,2752,2778
1841,2088,2151
2923,2751,2777
1842,2086,2148
2924,2750,2776
1843,2084,2145
2925,2749,2775
1844,2082,2142
2926,2748,2775
1845,2080,2139
2927,2747,2774
1846,2078,2136
2928,2746,2773
1847,2076,2133
2929,2745,2772
1848,2074,2130
2930,2744,2771
1849,2072,2127
2931,2743,2770
1850,2070,2124
2932,2742,2769
1851,2068,2121
2933,2741,2768
1852,2067,2118
2934,2740,2767
1853,2065,2115
2935,2739,2766
1854,2063,2112
2936,2738,2765
1855,2061,2109
2937,2737,2764
1856,2060,2107
2938,2736,2763
1857,2058,2104
2939,2734,2762
1858,2056,2101
2940,2733,2761
