1945,2277,2293
1946,2263,2301
1947,2254,2304
1948,2247,2305
1949,2241,2305
1950,2235,2304
1951,2230,2302
1952,2225,2300
1953,2221,2297
1957,2205,2283
3227,2489,2539
2465,3232,3235
1958,2202,2279
3228,2481,2539
2466,3232,3236
1959,2199,2274
3229,2474,2538
2467,3231,3237
1960,2195,2270
3230,2467,2538
2468,3231,3238
1961,2192,2266
3231,2461,2537
2469,3231,3238
3255,2421,2450
1978,2154,2190
3248,2397,2495
1979,2152,2186
3249,2397,2491
1980,2151,2181
3250,2398,2487
1981,2150,2177
3251,2400,2482
1982,2149,2172
3252,2403,2476
1983,2148,2167
3253,2406,2469
1984,2149,2161
3254,2412,2461
1956,2209,2287
3226,2497,2538
1955,2213,2291
3225,2506,2536
1954,2217,2294
3224,2517,2532
3232,2454,2536
2470,3232,3238
1962,2189,2261
3233,2448,2534
2471,3232,3238
1963,2186,2257
3234,2442,2533
2472,3232,3238
1964,2184,2252
3235,2436,2531
2473,3233,3238
1965,2181,2248
3236,2431,2529
2474,3234,3238
1966,2178,2243
3237,2426,2527
2475,3235,3237
1967,2176,2239
3238,2421,2525
1968,2173,2234
3239,2416,2523
1969,2171,2230
3240,2412,2521
1970,2169,2225
3241,2409,2518
1971,2167,2221
3242,2405,2515
1972,2164,2217
3243,2403,2513
1973,2162,2212
3244,2401,2510
1974,2160,2208
3245,2399,2506
1975,2159,2204
3246,2398,2503
1976,2157,2199
3247,2397,2499
1977,2155,2195
