2536,3231,3232
2537,3230,3233
2538,3229,3234
2539,3229,3234
2540,3228,3234
2544,3229,3232
2543,3229,3233
2542,3228,3233
2541,3228,3234
2624,2885,2886
2625,2884,2887
2626,2883,2888
2627,2883,2888
2628,2882,2889
2629,2882,2889
2630,2881,2890
2631,2881,2890
2632,2881,2890
2633,2880,2890
2634,2880,2890
2635,2880,2891
2636,2880,2891
2637,2879,2891
2638,2879,2891
2639,2879,2891
2640,2879,2891
2641,2879,2891
2642,2878,2891
2643,2878,2892
2644,2878,2892
2645,2878,2892
2646,2878,2892
2647,2878,2892
2648,2877,2892
2649,2877,2892
2650,2877,2892
2651,2877,2892
2652,2877,2892
2653,2877,2892
2654,2877,2892
2655,2877,2892
2656,2876,2892
2657,2876,2892
2658,2876,2892
2659,2876,2892
2660,2876,2892
2661,2876,2892
2662,2876,2892
2663,2876,2892
2664,2876,2892
2665,2875,2892
2666,2875,2892
3060,2564,2567
3059,2564,2572
3058,2565,2576
3057,2566,2579
3056,2567,2582
3055,2569,2585
3054,2570,2588
3053,2572,2591
3052,2574,2593
3051,2576,2596
3050,2577,2599
3049,2579,2601
3048,2581,2603
3047,2583,2606
3046,2584,2608
3045,2586,2611
3044,2588,2613
3043,2590,2615
3042,2592,2617
3041,2593,2619
3040,2595,2622
3039,2597,2624
3038,2599,2626
3037,2601,2628
3036,2602,2630
3035,2604,2632
3034,2606,2634
3033,2608,2636
3032,2609,2638
3031,2611,2640
3030,2613,2641
3029,2615,2643
3028,2616,2645
3027,2618,2647
3026,2620,2649
3025,2622,2651
3024,2623,2652
3023,2625,2654
3022,2627,2656
3021,2628,2658
3020,2630,2659
3019,2632,2661
3018,2633,2663
3017,2635,2664
3016,2636,2666
3015,2638,2668
3014,2640,2669
3013,2641,2671
3012,2643,2673
3011,2644,2674
3010,2646,2676
3009,2648,2677
3008,2649,2679
3007,2651,2680
3006,2652,2682
3005,2654,2683
3004,2655,2685
3003,2657,2686
3002,2658,2688
3001,2660,2689
3000,2661,2691
2999,2663,2692
2998,2664,2694
2997,2666,2695
2996,2667,2697
2995,2669,2698
2994,2670,2699
2993,2672,2701
2992,2673,2702
2991,2674,2704
2990,2676,2705
2989,2677,2706
2988,2679,2708
2987,2680,2709
2986,2681,2710
2985,2683,2712
2984,2684,2713
2983,2685,2714
2982,2687,2716
2981,2688,2717
2980,2689,2718
2979,2691,2719
2978,2692,2721
2977,2693,2722
2976,2695,2723
2975,2696,2724
2974,2697,2726
2973,2699,2727
2972,2700,2728
2971,2701,2729
2970,2702,2730
2969,2704,2732
2968,2705,2733
2967,2706,2734
2966,2707,2735
2965,2709,2736
1882,2032,2039
2964,2710,2738
1881,2031,2043
2963,2711,2739
1880,2032,2046
2962,2712,2740
1879,2032,2050
2961,2713,2741
1878,2033,2053
2960,2715,2742
1877,2034,2056
2959,2716,2743
1876,2035,2059
2958,2717,2744
1875,2036,2062
2957,2718,2746
1874,2037,2064
2956,2719,2747
1873,2038,2067
2955,2720,2748
1872,2040,2070
2954,2722,2749
1871,2041,2073
2953,2723,2750
1870,2042,2076
2952,2724,2751
1869,2044,2078
2951,2725,2752
1868,2045,2081
2950,2726,2753
1867,2047,2084
2949,2727,2754
1866,2048,2087
2948,2728,2755
1865,2050,2090
2947,2730,2756
1864,2051,2093
2946,2731,2757
1863,2053,2095
2945,2732,2758
1862,2054,2098
2944,2733,2759
1861,2056,2101
2943,2734,2761
1860,2058,2104
2942,2735,2762
1859,2059,2107
2941,2736,2763
1858,2061,2110
2940,2737,2764
1857,2063,2112
2939,2738,2765
1856,2065,2115
2938,2739,2766
1855,2066,2118
2937,2740,2767
1854,2068,2121
2936,2741,2768
1853,2070,2124
2935,2742,2769
1852,2072,2127
2934,2743,2770
1851,2074,2130
2933,2745,2771
1850,2076,2133
2932,2746,2772
1849,2078,2136
2931,2747,2772
1848,2080,2139
2930,2748,2773
1847,2082,2142
2929,2749,2774
1846,2084,2145
2928,2750,2775
1845,2086,2148
2927,2751,2776
1844,2089,2151
2926,2752,2777
1843,2091,2154
2925,2753,2778
1842,2093,2158
2924,2754,2779
2793,2846,2863
2792,2846,2864
2791,2847,2864
2790,2847,2864
2789,2848,2865
2788,2848,2865
2787,2848,2866
2786,2849,2866
2785,2849,2866
2784,2850,2867
2783,2850,2867
2782,2851,2867
2781,2851,2868
2780,2851,2868
2779,2852,2868
2778,2852,2869
2777,2853,2869
2776,2853,2869
2775,2853,2870
2774,2854,2870
2773,2854,2870
2772,2854,2871
2771,2855,2871
2770,2855,2871
2769,2856,2872
2768,2856,2872
2767,2856,2872
2766,2857,2873
2765,2857,2873
2764,2857,2873
2763,2858,2873
2762,2858,2874
2761,2858,2874
2760,2859,2874
2759,2859,2875
2758,2859,2875
2757,2860,2875
2756,2860,2876
2755,2860,2876
2754,2861,2876
2753,2861,2876
2752,2861,2877
2751,2861,2877
2750,2862,2877
2749,2862,2877
2748,2862,2878
2747,2863,2878
2746,2863,2878
2745,2863,2878
2744,2863,2879
2743,2864,2879
2742,2864,2879
2741,2864,2879
2740,2864,2880
2739,2865,2880
2738,2865,2880
2737,2865,2880
2736,2865,2881
2735,2866,2881
2734,2866,2881
2733,2866,2881
2732,2866,2882
2731,2867,2882
2730,2867,2882
2729,2867,2882
2728,2867,2882
2727,2867,2883
2726,2868,2883
2695,2872,2888
2694,2873,2889
2693,2873,2889
2692,2873,2889
2691,2873,2889
2690,2873,2889
2689,2873,2889
2688,2873,2889
2687,2873,2890
2686,2873,2890
2685,2873,2890
2684,2874,2890
2683,2874,2890
2682,2874,2890
2681,2874,2890
2680,2874,2890
2667,2875,2891
2668,2875,2891
2669,2875,2891
2670,2875,2891
2671,2875,2891
2672,2875,2891
2673,2875,2891
2674,2875,2891
2675,2874,2891
2676,2874,2891
2677,2874,2891
2678,2874,2891
2679,2874,2890
2696,2872,2888
2697,2872,2888
2698,2872,2888
2699,2872,2888
2700,2872,2888
2701,2872,2888
2702,2872,2887
2703,2871,2887
2704,2871,2887
2705,2871,2887
2706,2871,2887
2707,2871,2887
2708,2871,2886
2709,2871,2886
2710,2870,2886
2711,2870,2886
2712,2870,2886
2713,2870,2885
2714,2870,2885
2715,2870,2885
2716,2869,2885
2717,2869,2885
2718,2869,2885
2719,2869,2884
2720,2869,2884
2721,2869,2884
2722,2868,2884
2723,2868,2883
2724,2868,2883
2725,2868,2883
2794,2845,2863
2795,2845,2863
2796,2844,2862
2797,2844,2862
2798,2843,2861
2799,2843,2861
2800,2843,2860
2801,2842,2860
2802,2842,2860
2803,2841,2859
2804,2841,2859
2805,2840,2858
2806,2840,2858
2807,2839,2858
2808,2839,2857
2809,2838,2857
2810,2838,2856
2811,2837,2856
2812,2837,2855
2813,2836,2855
2814,2835,2854
2815,2835,2854
2816,2834,2853
2817,2834,2853
2818,2833,2853
2819,2833,2852
2820,2832,2852
2821,2832,2851
2822,2831,2851
2823,2831,2850
2824,2830,2850
2825,2829,2849
2826,2829,2849
2827,2828,2848
2828,2828,2848
2829,2827,2847
2830,2827,2847
2831,2826,2846
2832,2825,2845
2833,2825,2845
2834,2824,2844
2835,2824,2844
2836,2823,2843
2837,2822,2843
2838,2822,2842
2839,2821,2842
2840,2820,2841
2841,2820,2841
2842,2819,2840
2843,2819,2839
2844,2818,2839
2845,2817,2838
2846,2817,2838
2847,2816,2837
2848,2815,2836
2849,2815,2836
2850,2814,2835
2851,2813,2835
2852,2813,2834
2853,2812,2833
2854,2811,2833
2855,2811,2832
2856,2810,2832
2857,2809,2831
2858,2809,2830
2859,2808,2830
2860,2807,2829
2861,2806,2828
2862,2806,2828
2863,2805,2827
2864,2804,2826
2865,2804,2826
2866,2803,2825
2867,2802,2824
2868,2801,2824
2869,2801,2823
2870,2800,2822
2871,2799,2822
2872,2798,2821
2873,2798,2820
2874,2797,2820
2875,2796,2819
2876,2795,2818
2877,2795,2818
2878,2794,2817
2879,2793,2816
2880,2792,2815
2881,2792,2815
2882,2791,2814
2883,2790,2813
2884,2789,2812
2885,2788,2812
2886,2788,2811
2887,2787,2810
2888,2786,2809
2889,2785,2809
2890,2784,2808
2891,2783,2807
2892,2783,2806
2893,2782,2806
2894,2781,2805
1813,2202,2220
2895,2780,2804
1814,2192,2224
2896,2779,2803
1815,2185,2226
2897,2778,2802
1816,2178,2226
2898,2778,2802
1817,2173,2225
2899,2777,2801
1818,2168,2224
2900,2776,2800
1819,2163,2223
2901,2775,2799
1820,2159,2221
2902,2774,2798
1821,2155,2219
2903,2773,2798
1822,2151,2217
2904,2772,2797
1823,2147,2215
2905,2771,2796
1824,2143,2212
2906,2771,2795
1825,2140,2210
2907,2770,2794
1826,2137,2207
2908,2769,2793
1827,2133,2204
2909,2768,2792
1828,2130,2201
2910,2767,2792
1829,2127,2198
2911,2766,2791
1830,2124,2195
2912,2765,2790
1831,2121,2192
2913,2764,2789
1832,2118,2189
2914,2763,2788
1833,2116,2186
2915,2762,2787
1834,2113,2183
2916,2761,2786
1835,2110,2180
2917,2760,2785
1836,2108,2176
2918,2759,2785
1837,2105,2173
2919,2758,2784
1838,2103,2170
2920,2757,2783
1839,2100,2167
2921,2757,2782
1840,2098,2164
2922,2756,2781
1841,2095,2161
2923,2755,2780
