1860,2310,2350
1861,2291,2368
1862,2278,2380
1863,2268,2389
1864,2260,2397
1865,2252,2403
1866,2245,2409
1867,2238,2414
1868,2232,2419
1869,2226,2423
1870,2221,2426
1871,2216,2429
1872,2211,2430
1873,2206,2429
1874,2201,2338
1875,2197,2319
1876,2193,2306
1877,2189,2296
1878,2184,2286
1879,2181,2278
1880,2177,2270
1881,2173,2263
1882,2169,2257
1883,2166,2251
1884,2162,2245
1885,2159,2239
1886,2156,2234
1887,2152,2229
1888,2149,2224
1889,2146,2219
1890,2143,2215
1891,2140,2210
1892,2137,2206
1893,2134,2202
1894,2131,2198
1895,2128,2194
1896,2125,2190
1897,2122,2186
1898,2120,2182
1899,2117,2179
1900,2114,2175
1901,2112,2172
1902,2109,2169
1903,2107,2165
1904,2104,2162
1905,2102,2159
1906,2099,2156
1907,2097,2153
1908,2094,2150
1909,2092,2147
1910,2090,2144
1911,2087,2141
1912,2085,2138
1913,2083,2135
1914,2080,2132
1915,2078,2130
1916,2076,2127
1917,2074,2124
1918,2072,2122
1919,2069,2119
1920,2067,2117
1921,2065,2114
1922,2063,2112
1923,2061,2109
1924,2059,2107
1925,2057,2104
1926,2055,2102
1927,2053,2100
1928,2051,2097
1929,2049,2095
1930,2047,2093
1931,2045,2090
1932,2043,2088
1933,2041,2086
1934,2039,2084
1935,2038,2082
1936,2036,2079
1937,2034,2077
1938,2032,2075
1939,2030,2073
1940,2028,2071
1941,2027,2069
1942,2025,2067
1943,2023,2065
1944,2021,2063
1945,2020,2061
1946,2018,2059
1947,2016,2057
1948,2015,2055
1949,2013,2053
1950,2011,2051
1951,2010,2049
1952,2008,2048
1953,2006,2046
1954,2005,2044
1955,2003,2042
1956,2001,2040
1957,2000,2038
1958,1998,2037
1959,1997,2035
1960,1995,2033
1961,1994,2031
1962,1992,2030
1963,1990,2028
1964,1989,2026
1965,1987,2024
1966,1986,2023
1967,1984,2021
1968,1983,2019
1969,1981,2018
1970,1980,2016
1971,1978,2015
1972,1977,2013
1973,1976,2011
1974,1974,2010
1975,1973,2008
1976,1971,2007
1977,1970,2005
1978,1968,2003
1979,1967,2002
1980,1966,2000
1981,1964,1999
1982,1963,1997
1983,1961,1996
1984,1960,1994
1985,1959,1993
1986,1957,1991
1987,1956,1990
1988,1955,1988
1989,1953,1987
1990,1952,1985
1991,1951,1984
1992,1949,1983
1993,1948,1981
3166,2314,2350
3165,2294,2370
3164,2281,2382
3163,2271,2392
3162,2262,2400
3161,2254,2407
3160,2247,2413
3159,2240,2419
3158,2234,2424
3157,2228,2429
3156,2223,2433
3155,2217,2436
3154,2212,2440
3153,2208,2442
3152,2203,2333
3152,2405,2443
3151,2198,2315
3151,2431,2439
3150,2194,2303
3149,2190,2292
3148,2186,2283
3147,2182,2275
3146,2178,2267
3145,2174,2260
3144,2171,2254
3143,2167,2248
3142,2163,2242
3141,2160,2237
3140,2157,2231
3139,2153,2226
3138,2150,2221
3137,2147,2217
3136,2144,2212
3135,2141,2208
3134,2138,2204
3133,2135,2200
3132,2132,2196
3131,2129,2192
3130,2126,2188
3129,2123,2184
3128,2121,2181
3127,2118,2177
3126,2115,2174
3125,2113,2170
3124,2110,2167
3123,2107,2164
3122,2105,2160
3121,2102,2157
3120,2100,2154
3119,2097,2151
3118,2095,2148
3117,2093,2145
3116,2090,2142
3115,2088,2139
3114,2086,2136
3113,2083,2134
3112,2081,2131
3111,2079,2128
3110,2077,2126
3109,2074,2123
3108,2072,2120
3107,2070,2118
3106,2068,2115
3105,2066,2113
3104,2064,2110
3103,2062,2108
2495,1693,1712
2494,1693,1712
2493,1693,1712
2492,1693,1712
2491,1693,1712
2490,1693,1712
2489,1693,1712
2488,1693,1712
2487,1693,1712
2486,1693,1712
2485,1693,1712
2484,1694,1712
2483,1694,1712
2482,1694,1712
2481,1694,1712
2480,1694,1712
2479,1694,1712
2478,1694,1713
2477,1694,1713
2476,1694,1713
2475,1694,1713
2474,1694,1713
2473,1694,1713
2472,1694,1713
2471,1694,1713
2470,1694,1713
2469,1694,1713
2468,1694,1713
2467,1694,1713
2466,1695,1713
2465,1695,1713
2464,1695,1713
2463,1695,1714
2462,1695,1714
2461,1695,1714
2460,1695,1714
2459,1695,1714
2458,1695,1714
2457,1695,1714
2456,1695,1714
2455,1695,1714
2454,1696,1714
2453,1696,1714
2452,1696,1714
2451,1696,1715
2450,1696,1715
2449,1696,1715
2448,1696,1715
2447,1696,1715
2446,1696,1715
2445,1696,1715
2444,1697,1715
2443,1697,1715
2442,1697,1716
2441,1697,1716
2440,1697,1716
2439,1697,1716
2438,1697,1716
2437,1697,1716
2436,1697,1716
2435,1698,1716
2434,1698,1716
2433,1698,1717
2432,1698,1717
2431,1698,1717
2430,1698,1717
2429,1698,1717
2428,1698,1717
2427,1699,1717
2426,1699,1718
2425,1699,1718
2424,1699,1718
2423,1699,1718
2422,1699,1718
2421,1699,1718
2420,1700,1718
2419,1700,1719
2418,1700,1719
2417,1700,1719
2416,1700,1719
2415,1700,1719
2414,1700,1719
2413,1701,1719
2412,1701,1720
2411,1701,1720
2410,1701,1720
2409,1701,1720
2408,1701,1720
2407,1702,1720
2406,1702,1721
2405,1702,1721
2404,1702,1721
2403,1702,1721
2402,1702,1721
2401,1703,1721
2400,1703,1722
2399,1703,1722
2398,1703,1722
2397,1703,1722
2396,1703,1722
2395,1704,1723
2394,1704,1723
2393,1704,1723
2392,1704,1723
2391,1704,1723
2390,1705,1724
2389,1705,1724
2388,1705,1724
2387,1705,1724
2386,1705,1724
2385,1705,1725
2384,1706,1725
2383,1706,1725
2382,1706,1725
2381,1706,1725
2380,1707,1726
2379,1707,1726
2378,1707,1726
2377,1707,1726
2376,1707,1726
2375,1708,1727
2374,1708,1727
2373,1708,1727
2372,1708,1727
2371,1708,1728
2370,1709,1728
2369,1709,1728
2368,1709,1728
2367,1709,1729
2366,1710,1729
2365,1710,1729
2364,1710,1729
2363,1710,1729
2362,1710,1730
2361,1711,1730
2360,1711,1730
2359,1711,1730
2358,1711,1731
2357,1712,1731
2356,1712,1731
2355,1712,1731
2354,1712,1732
2353,1713,1732
2352,1713,1732
2351,1713,1732
2350,1713,1733
2349,1714,1733
2348,1714,1733
2347,1714,1734
2346,1714,1734
2345,1715,1734
2344,1715,1734
2343,1715,1735
2342,1716,1735
2341,1716,1735
2340,1716,1735
2339,1716,1736
2338,1717,1736
2337,1717,1736
2336,1717,1737
2335,1717,1737
2334,1718,1737
2333,1718,1738
2332,1718,1738
2331,1719,1738
2330,1719,1738
2329,1719,1739
2328,1719,1739
2327,1720,1739
2326,1720,1740
2325,1720,1740
2324,1721,1740
2323,1721,1741
2322,1721,1741
2321,1722,1741
2320,1722,1742
2319,1722,1742
2318,1723,1742
2317,1723,1742
2316,1723,1743
2315,1723,1743
2314,1724,1743
2313,1724,1744
2312,1724,1744
2311,1725,1744
2310,1725,1745
2309,1725,1745
2308,1726,1745
2307,1726,1746
2306,1726,1746
2305,1727,1746
2304,1727,1747
2303,1727,1747
2302,1728,1748
2301,1728,1748
2300,1728,1748
2299,1729,1749
2298,1729,1749
2297,1729,1749
2296,1730,1750
2295,1730,1750
2294,1730,1750
2293,1731,1751
2292,1731,1751
2291,1732,1752
2290,1732,1752
2289,1732,1752
2288,1733,1753
2287,1733,1753
2286,1733,1753
2285,1734,1754
2284,1734,1754
2283,1734,1755
2282,1735,1755
2281,1735,1755
2280,1736,1756
2279,1736,1756
2278,1736,1757
2277,1737,1757
2276,1737,1757
2275,1738,1758
2274,1738,1758
2273,1738,1759
2272,1739,1759
2271,1739,1759
2270,1739,1760
2269,1740,1760
2268,1740,1761
2267,1741,1761
2266,1741,1761
2265,1742,1762
2264,1742,1762
2263,1742,1763
2262,1743,1763
2261,1743,1764
2260,1744,1764
2259,1744,1764
2258,1744,1765
2257,1745,1765
2256,1745,1766
2255,1746,1766
2254,1746,1767
2253,1747,1767
2252,1747,1768
2251,1747,1768
2250,1748,1768
2249,1748,1769
2248,1749,1769
2247,1749,1770
2246,1750,1770
2245,1750,1771
2244,1750,1771
2243,1751,1772
2242,1751,1772
2241,1752,1773
2240,1752,1773
2239,1753,1774
2238,1753,1774
2237,1754,1775
2236,1754,1775
2235,1755,1775
2234,1755,1776
2233,1756,1776
2232,1756,1777
2231,1756,1777
2230,1757,1778
2229,1757,1778
2228,1758,1779
2227,1758,1779
2226,1759,1780
2225,1759,1780
2224,1760,1781
2223,1760,1781
2222,1761,1782
2221,1761,1782
2220,1762,1783
2219,1762,1784
2218,1763,1784
2217,1763,1785
2216,1764,1785
2215,1764,1786
2214,1765,1786
2213,1765,1787
2212,1766,1787
2081,1855,1881
2080,1856,1882
2079,1857,1883
2078,1857,1883
2077,1858,1884
2076,1859,1885
2075,1860,1886
2074,1861,1887
2073,1862,1888
2072,1863,1889
2071,1864,1890
2070,1865,1891
2069,1866,1892
2068,1866,1893
2067,1867,1894
2066,1868,1895
2065,1869,1896
2064,1870,1897
2063,1871,1898
2062,1872,1899
2061,1873,1900
2060,1874,1901
2059,1875,1902
2058,1876,1903
2057,1877,1904
2056,1878,1905
2055,1879,1906
2054,1880,1907
2053,1881,1908
2052,1882,1909
2051,1883,1910
2050,1884,1911
2049,1885,1912
2048,1886,1914
2047,1887,1915
2046,1888,1916
2045,1889,1917
2044,1890,1918
2043,1891,1919
2042,1892,1920
2041,1893,1921
2040,1894,1922
2039,1895,1923
2038,1896,1925
2037,1897,1926
2036,1898,1927
2035,1899,1928
2034,1900,1929
2033,1901,1930
2032,1902,1931
2031,1903,1933
2030,1904,1934
2029,1905,1935
2023,1912,1942
2514,2891,2902
2514,3239,3245
2514,1693,1712
2000,1939,1971
2006,1932,1963
2520,2890,2903
2520,3240,3243
2520,1693,1712
2028,1907,1936
2022,1913,1943
2513,2891,2902
2513,3239,3244
2513,1693,1712
1999,1941,1973
2005,1933,1965
2519,2890,2903
2519,3240,3244
2519,1693,1712
2027,1908,1937
2021,1914,1944
2512,2891,2902
2512,3240,3244
2512,1693,1712
1998,1942,1974
2004,1934,1966
2518,2890,2903
2518,3239,3244
2518,1693,1712
2026,1909,1938
2534,2893,2900
2534,1693,1712
2020,1915,1946
2511,2891,2902
2511,3241,3243
2511,1693,1712
1997,1943,1976
2003,1936,1967
2517,2890,2903
2517,3239,3245
2517,1693,1712
2025,1910,1940
2533,2893,2900
2533,1693,1712
2019,1917,1947
2510,2891,2902
2510,1693,1712
2537,2896,2897
2537,1693,1712
1996,1944,1977
2002,1937,1969
2516,2890,2903
2516,3239,3245
2516,1693,1712
2024,1911,1941
2532,2893,2901
2532,1693,1712
2018,1918,1948
2509,2891,2902
2509,1693,1712
2536,2895,2898
2536,1693,1712
1995,1946,1978
2001,1938,1970
2515,2891,2903
2515,3239,3245
2515,1693,1712
2531,2892,2901
2531,1693,1712
2017,1919,1949
2014,1922,1953
2528,2891,2902
2528,1693,1712
2522,2891,2902
2522,1693,1712
2008,1929,1961
2015,1921,1952
2529,2892,2901
2529,1693,1712
2523,2891,2902
2523,1693,1712
2009,1928,1960
2016,1920,1951
2530,2892,2901
2530,1693,1712
2524,2891,2902
2524,1693,1712
2010,1927,1958
2525,2891,2902
2525,1693,1712
2011,1926,1957
2526,2891,2902
2526,1693,1712
2012,1925,1956
2527,2891,2902
2527,1693,1712
2013,1924,1954
2508,2891,2902
2508,1693,1712
2535,2894,2899
2535,1693,1712
1994,1947,1980
2507,2892,2901
2507,1693,1712
2506,2892,2901
2506,1693,1712
2505,2892,2901
2505,1693,1712
2504,2892,2901
2504,1693,1712
2503,2893,2900
2503,1693,1712
2502,2893,2900
2502,1693,1712
2501,2894,2899
2501,1693,1712
2500,2895,2898
2500,1693,1712
2499,2896,2897
2499,1693,1712
2007,1931,1962
2521,2891,2903
2521,1693,1712
2082,1854,1880
2083,1853,1879
2084,1852,1878
2085,1851,1877
2086,1850,1876
2087,1850,1875
2088,1849,1874
2089,1848,1873
2090,1847,1873
2091,1846,1872
2092,1845,1871
2093,1845,1870
2094,1844,1869
2095,1843,1868
2096,1842,1867
2097,1841,1866
2098,1840,1866
2099,1840,1865
2100,1839,1864
2101,1838,1863
2102,1837,1862
2103,1836,1861
2104,1836,1860
2105,1835,1860
2106,1834,1859
2107,1833,1858
2108,1833,1857
2109,1832,1856
2110,1831,1855
2111,1830,1855
2112,1829,1854
2113,1829,1853
2114,1828,1852
2115,1827,1851
2116,1826,1851
2117,1826,1850
2118,1825,1849
2119,1824,1848
2120,1823,1847
2121,1823,1847
2122,1822,1846
2123,1821,1845
2124,1820,1844
2125,1820,1844
2126,1819,1843
2127,1818,1842
2128,1817,1841
2129,1817,1840
2130,1816,1840
2131,1815,1839
2132,1815,1838
2133,1814,1837
2134,1813,1837
2135,1812,1836
2136,1812,1835
2137,1811,1835
2138,1810,1834
2139,1810,1833
2140,1809,1832
2141,1808,1832
2142,1808,1831
2143,1807,1830
2144,1806,1829
2145,1806,1829
2146,1805,1828
2147,1804,1827
2148,1804,1827
2149,1803,1826
2150,1802,1825
2151,1802,1825
2152,1801,1824
2153,1800,1823
2154,1800,1822
2155,1799,1822
2156,1798,1821
2157,1798,1820
2158,1797,1820
2159,1796,1819
2160,1796,1818
2161,1795,1818
2162,1794,1817
2163,1794,1816
2164,1793,1816
2165,1793,1815
2166,1792,1814
2167,1791,1814
2168,1791,1813
2169,1790,1813
2170,1790,1812
2171,1789,1811
2172,1788,1811
2173,1788,1810
2174,1787,1809
2175,1786,1809
2176,1786,1808
2177,1785,1807
2178,1785,1807
2179,1784,1806
2180,1784,1806
2181,1783,1805
2182,1782,1804
2183,1782,1804
2184,1781,1803
2185,1781,1803
2186,1780,1802
2187,1779,1801
2188,1779,1801
2189,1778,1800
2190,1778,1800
2191,1777,1799
2192,1777,1798
2193,1776,1798
2194,1776,1797
2195,1775,1797
2196,1774,1796
2197,1774,1796
2198,1773,1795
2199,1773,1794
2200,1772,1794
2201,1772,1793
2202,1771,1793
2203,1771,1792
2204,1770,1792
2205,1770,1791
2206,1769,1790
2207,1769,1790
2208,1768,1789
2209,1767,1789
2210,1767,1788
2211,1766,1788
2496,1693,1712
2497,1693,1712
2498,1693,1712
2538,1693,1712
2539,1693,1712
2540,1693,1712
2541,1693,1712
2542,1693,1712
2543,1694,1712
2544,1694,1712
2545,1694,1712
2546,1694,1712
2547,1694,1712
2548,1694,1713
2549,1694,1713
2550,1694,1713
2551,1694,1713
2552,1694,1713
2553,1694,1713
2554,1694,1713
2555,1694,1713
2556,1694,1713
2557,1694,1713
2558,1694,1713
2559,1694,1713
2560,1695,1713
2561,1695,1713
2562,1695,1713
2563,1695,1714
2564,1695,1714
2565,1695,1714
2566,1695,1714
2567,1695,1714
2568,1695,1714
2569,1695,1714
2570,1695,1714
2571,1695,1714
2572,1695,1714
2573,1696,1714
2574,1696,1714
2575,1696,1715
2576,1696,1715
2577,1696,1715
2578,1696,1715
2579,1696,1715
2580,1696,1715
2581,1696,1715
2582,1696,1715
2583,1697,1715
2584,1697,1716
2585,1697,1716
2586,1697,1716
2587,1697,1716
2588,1697,1716
2589,1697,1716
2590,1697,1716
2591,1697,1716
2592,1698,1716
2593,1698,1717
2594,1698,1717
2595,1698,1717
2596,1698,1717
2597,1698,1717
2598,1698,1717
2599,1698,1717
2600,1699,1718
2601,1699,1718
2602,1699,1718
2603,1699,1718
2604,1699,1718
2605,1699,1718
2606,1699,1718
2607,1700,1719
2608,1700,1719
2609,1700,1719
2610,1700,1719
2611,1700,1719
2612,1700,1719
2613,1700,1719
2614,1701,1720
2615,1701,1720
2616,1701,1720
2617,1701,1720
2618,1701,1720
2619,1701,1720
2620,1702,1721
2621,1702,1721
2622,1702,1721
2623,1702,1721
2624,1702,1721
2625,1702,1721
2626,1703,1722
2627,1703,1722
2628,1703,1722
2629,1703,1722
2630,1703,1722
2631,1704,1723
2632,1704,1723
2633,1704,1723
2634,1704,1723
2635,1704,1723
2636,1704,1724
2637,1705,1724
2638,1705,1724
2639,1705,1724
2640,1705,1724
2641,1705,1725
2642,1706,1725
2643,1706,1725
2644,1706,1725
2645,1706,1725
2646,1706,1726
2647,1707,1726
2648,1707,1726
2649,1707,1726
2650,1707,1726
2651,1707,1727
2652,1708,1727
2653,1708,1727
2654,1708,1727
2655,1708,1728
2656,1709,1728
2657,1709,1728
2658,1709,1728
2659,1709,1729
2660,1709,1729
2661,1710,1729
2662,1710,1729
2663,1710,1729
2664,1710,1730
2665,1711,1730
2666,1711,1730
2667,1711,1730
2668,1711,1731
2669,1712,1731
2670,1712,1731
2671,1712,1731
2672,1712,1732
2673,1713,1732
2674,1713,1732
2675,1713,1733
2676,1713,1733
2677,1714,1733
2678,1714,1733
2679,1714,1734
2680,1714,1734
2681,1715,1734
2682,1715,1734
2683,1715,1735
2684,1715,1735
2685,1716,1735
2686,1716,1736
2687,1716,1736
2688,1717,1736
2689,1717,1736
2690,1717,1737
2691,1717,1737
2692,1718,1737
2693,1718,1738
2694,1718,1738
2695,1719,1738
2696,1719,1738
2697,1719,1739
2698,1719,1739
2699,1720,1739
2700,1720,1740
2701,1720,1740
2702,1721,1740
2703,1721,1741
2704,1721,1741
2705,1721,1741
2706,1722,1742
2707,1722,1742
2708,1722,1742
2709,1723,1742
2710,1723,1743
2711,1723,1743
2712,1724,1743
2713,1724,1744
2714,1724,1744
2715,1725,1744
2716,1725,1745
2717,1725,1745
2718,1726,1745
2719,1726,1746
2720,1726,1746
2721,1727,1746
2722,1727,1747
2723,1727,1747
2724,1728,1748
2725,1728,1748
2726,1728,1748
2727,1729,1749
2728,1729,1749
2729,1729,1749
2730,1730,1750
2731,1730,1750
2732,1730,1750
2733,1731,1751
2734,1731,1751
2735,1731,1752
2736,1732,1752
2737,1732,1752
2738,1733,1753
2739,1733,1753
2740,1733,1753
2741,1734,1754
2742,1734,1754
2743,1734,1755
2744,1735,1755
2745,1735,1755
2746,1735,1756
2747,1736,1756
2748,1736,1757
2749,1737,1757
2750,1737,1757
2751,1737,1758
2752,1738,1758
2753,1738,1759
2754,1739,1759
2755,1739,1759
2756,1739,1760
2757,1740,1760
2758,1740,1761
2759,1741,1761
2760,1741,1761
2761,1741,1762
2762,1742,1762
2763,1742,1763
2764,1743,1763
2765,1743,1764
2766,1743,1764
2767,1744,1764
2768,1744,1765
2769,1745,1765
2770,1745,1766
2771,1746,1766
2772,1746,1767
2773,1746,1767
2774,1747,1768
2775,1747,1768
2776,1748,1768
2777,1748,1769
2778,1749,1769
2779,1749,1770
2780,1749,1770
2781,1750,1771
2782,1750,1771
2783,1751,1772
2784,1751,1772
2785,1752,1773
2786,1752,1773
2787,1753,1774
2788,1753,1774
2789,1754,1774
2790,1754,1775
2791,1754,1775
2792,1755,1776
2793,1755,1776
2794,1756,1777
2795,1756,1777
2796,1757,1778
2797,1757,1778
2798,1758,1779
2799,1758,1779
2800,1759,1780
2801,1759,1780
2802,1760,1781
2803,1760,1781
2804,1761,1782
2805,1761,1782
2806,1762,1783
2807,1762,1783
2808,1763,1784
2809,1763,1785
2810,1764,1785
2811,1764,1786
2812,1765,1786
2813,1765,1787
2814,1766,1787
2815,1766,1788
2816,1767,1788
2817,1767,1789
2818,1768,1789
2819,1768,1790
2820,1769,1790
2821,1769,1791
2822,1770,1792
2823,1771,1792
2824,1771,1793
2825,1772,1793
2826,1772,1794
2827,1773,1794
2828,1773,1795
2829,1774,1795
2830,1774,1796
2831,1775,1797
2832,1775,1797
2833,1776,1798
2834,1777,1798
2835,1777,1799
2836,1778,1800
2837,1778,1800
2838,1779,1801
2839,1779,1801
2840,1780,1802
2841,1781,1803
2842,1781,1803
2843,1782,1804
2844,1782,1804
2845,1783,1805
2846,1783,1806
2847,1784,1806
2848,1785,1807
2849,1785,1807
2850,1786,1808
2851,1786,1809
2852,1787,1809
2853,1788,1810
2854,1788,1811
2855,1789,1811
2856,1789,1812
2857,1790,1812
2858,1791,1813
2859,1791,1814
2860,1792,1814
2861,1793,1815
2862,1793,1816
2863,1794,1816
2864,1794,1817
2865,1795,1818
2866,1796,1818
2867,1796,1819
2868,1797,1820
2869,1798,1820
2870,1798,1821
2871,1799,1822
2872,1800,1822
2873,1800,1823
2874,1801,1824
2875,1801,1824
2876,1802,1825
2877,1803,1826
2878,1803,1827
2879,1804,1827
2880,1805,1828
2881,1806,1829
2882,1806,1829
2883,1807,1830
2884,1808,1831
2885,1808,1831
2886,1809,1832
2887,1810,1833
2888,1810,1834
2889,1811,1834
2890,1812,1835
2891,1812,1836
2892,1813,1837
2893,1814,1837
2894,1815,1838
2895,1815,1839
2896,1816,1840
2897,1817,1840
2898,1817,1841
2899,1818,1842
2900,1819,1843
2901,1820,1843
2902,1820,1844
2903,1821,1845
2904,1822,1846
2905,1823,1846
2906,1823,1847
2907,1824,1848
2908,1825,1849
2909,1826,1850
2910,1826,1850
2911,1827,1851
2912,1828,1852
2913,1829,1853
2914,1829,1854
2915,1830,1854
2916,1831,1855
2917,1832,1856
2918,1832,1857
2919,1833,1858
2920,1834,1859
2921,1835,1859
2922,1836,1860
2923,1836,1861
2924,1837,1862
2925,1838,1863
2926,1839,1864
2927,1840,1864
2928,1840,1865
2929,1841,1866
2930,1842,1867
2931,1843,1868
2932,1844,1869
2933,1845,1870
2934,1845,1871
2935,1846,1871
2936,1847,1872
2937,1848,1873
2938,1849,1874
2939,1850,1875
2940,1850,1876
2941,1851,1877
2942,1852,1878
2943,1853,1879
2944,1854,1880
2945,1855,1880
2946,1856,1881
2947,1857,1882
2948,1857,1883
2949,1858,1884
2950,1859,1885
2951,1860,1886
2952,1861,1887
2953,1862,1888
2954,1863,1889
2955,1864,1890
2956,1865,1891
2957,1866,1892
2958,1866,1893
2959,1867,1894
2960,1868,1895
2961,1869,1896
2962,1870,1897
2963,1871,1898
2964,1872,1899
2965,1873,1900
2966,1874,1901
2967,1875,1902
2968,1876,1903
2969,1877,1904
2970,1878,1905
2971,1879,1906
2972,1880,1907
2973,1881,1908
2974,1882,1909
2975,1883,1910
2976,1884,1911
2977,1885,1912
2978,1886,1913
2979,1887,1914
2980,1888,1915
2981,1889,1916
2982,1890,1918
2983,1891,1919
2984,1892,1920
2985,1893,1921
2986,1894,1922
2987,1895,1923
2988,1896,1924
2989,1897,1925
2990,1898,1926
2991,1899,1928
2992,1900,1929
2993,1901,1930
2994,1902,1931
2995,1903,1932
2996,1904,1933
2997,1906,1934
2998,1907,1936
2999,1908,1937
3000,1909,1938
3001,1910,1939
3002,1911,1940
3003,1912,1942
3004,1913,1943
3005,1914,1944
3006,1916,1945
3007,1917,1946
3008,1918,1948
3009,1919,1949
3010,1920,1950
3011,1921,1951
3012,1923,1953
3013,1924,1954
3014,1925,1955
3015,1926,1956
3016,1927,1958
3017,1928,1959
3018,1930,1960
3019,1931,1962
3020,1932,1963
3021,1933,1964
3022,1935,1966
3023,1936,1967
3024,1937,1968
3025,1938,1970
3026,1939,1971
3027,1941,1972
3028,1942,1974
3029,1943,1975
3030,1945,1976
3031,1946,1978
3032,1947,1979
3033,1948,1981
3034,1950,1982
3035,1951,1983
3036,1952,1985
3037,1954,1986
3038,1955,1988
3039,1956,1989
3040,1958,1991
3041,1959,1992
3042,1960,1994
3043,1962,1995
3044,1963,1997
3045,1964,1998
3046,1966,2000
3047,1967,2001
3048,1969,2003
3049,1970,2004
3050,1972,2006
3051,1973,2007
3052,1974,2009
3053,1976,2011
3054,1977,2012
3055,1979,2014
3056,1980,2015
3057,1982,2017
3058,1983,2019
3059,1985,2020
3060,1986,2022
3061,1988,2024
3062,1989,2025
3063,1991,2027
3064,1992,2029
3065,1994,2030
3066,1995,2032
3067,1997,2034
3068,1999,2036
3069,2000,2037
3070,2002,2039
3071,2003,2041
3072,2005,2043
3073,2007,2045
3074,2008,2047
3075,2010,2048
3076,2012,2050
3077,2013,2052
3078,2015,2054
3079,2017,2056
3080,2018,2058
3081,2020,2060
3082,2022,2062
3083,2024,2064
3084,2025,2066
3085,2027,2068
3086,2029,2070
3087,2031,2072
3088,2033,2074
3089,2034,2076
3090,2036,2078
3091,2038,2080
3092,2040,2083
3093,2042,2085
3094,2044,2087
3095,2046,2089
3096,2048,2091
3097,2050,2094
3098,2052,2096
3099,2054,2098
3100,2056,2101
3101,2058,2103
3102,2060,2105
