1991,2012,2026
1991,2668,2705
1990,2014,2028
1990,2666,2704
1989,2015,2030
1989,2664,2702
1988,2016,2032
1988,2662,2701
1987,2018,2034
1987,2661,2699
1986,2019,2036
1986,2659,2698
1985,2021,2038
1985,2657,2696
1984,2022,2040
1984,2655,2695
1983,2024,2042
1983,2654,2693
1982,2025,2044
1982,2652,2691
1981,2026,2046
1981,2650,2690
1980,2028,2048
1980,2648,2688
1979,2029,2050
1979,2646,2687
1978,2031,2052
1978,2644,2685
1977,2033,2054
1977,2643,2683
1976,2034,2056
1976,2641,2682
1975,2036,2058
1975,2639,2680
1974,2037,2060
1974,2637,2678
1973,2039,2063
1973,2635,2677
1972,2040,2065
1972,2633,2675
1971,2042,2067
1971,2631,2673
1970,2044,2069
1970,2629,2671
1969,2045,2071
1969,2627,2670
1968,2047,2073
1968,2625,2668
1967,2049,2076
1967,2623,2666
1966,2050,2078
1966,2621,2664
1965,2052,2080
1965,2619,2662
2505,3243,3243
1964,2054,2082
1964,2616,2661
2504,3242,3245
1963,2056,2085
1963,2614,2659
2503,3241,3246
1962,2057,2087
1962,2612,2657
2502,3240,3246
1961,2059,2089
1961,2610,2655
2501,3240,3246
1960,2061,2092
1960,2608,2653
2500,3240,3246
1959,2063,2094
1959,2606,2651
2499,3240,3246
1958,2065,2097
1958,2603,2649
2498,3240,3246
1957,2066,2099
1957,2601,2647
2497,3240,3245
1956,2068,2102
1956,2599,2645
2496,3240,3245
1955,2070,2104
1955,2596,2643
2495,3241,3244
1954,2072,2107
1954,2594,2641
1953,2074,2109
1953,2592,2639
1952,2076,2112
1952,2589,2637
1951,2078,2114
1951,2587,2635
1950,2080,2117
1950,2584,2633
1949,2082,2120
1949,2582,2631
1948,2084,2122
1948,2579,2629
1947,2086,2125
1947,2577,2627
1946,2088,2128
1946,2574,2625
1945,2090,2131
1945,2571,2623
1944,2092,2133
1944,2569,2621
1943,2094,2136
1943,2566,2618
1942,2096,2139
1942,2563,2616
1941,2099,2142
1941,2560,2614
1940,2101,2145
1940,2558,2612
2480,2901,2904
1939,2103,2148
1939,2555,2609
2479,2900,2905
1938,2105,2151
1938,2552,2607
2478,2900,2905
1937,2108,2154
1937,2549,2605
2477,2899,2906
1936,2110,2158
1936,2546,2602
2476,2899,2906
1935,2112,2161
1935,2543,2600
2475,2898,2907
1934,2115,2164
1934,2539,2597
2474,2898,2907
1933,2117,2168
1933,2536,2595
2473,2898,2907
1932,2119,2171
1932,2533,2592
2472,2897,2908
1931,2122,2174
1931,2530,2590
2465,2897,2909
1924,2140,2201
1924,2504,2571
3194,2278,2438
2450,2897,2909
1909,2187,2291
1909,2416,2523
2466,2897,2909
1925,2137,2197
1925,2508,2574
3195,2285,2432
2451,2897,2909
1910,2183,2281
1910,2426,2527
2438,2901,2906
1897,2238,2470
2467,2897,2909
1926,2135,2193
1926,2512,2577
3196,2292,2425
2452,2897,2909
1911,2180,2273
1911,2434,2530
2439,2900,2906
1898,2233,2476
2468,2897,2908
1927,2132,2189
1927,2515,2579
3197,2300,2417
2453,2897,2909
1912,2176,2265
1912,2442,2534
2469,2897,2908
1928,2129,2185
1928,2519,2582
3198,2309,2408
2454,2897,2909
1913,2173,2258
1913,2448,2537
2470,2897,2908
1929,2127,2182
1929,2523,2585
3199,2320,2397
2455,2897,2909
1914,2170,2252
1914,2455,2541
2471,2897,2908
1930,2124,2178
1930,2526,2587
3200,2337,2381
2456,2897,2909
1915,2166,2246
1915,2461,2544
1887,2324,2383
2443,2899,2908
1902,2214,2495
3187,2244,2470
2442,2899,2907
1901,2219,2490
3186,2240,2474
2441,2899,2907
1900,2223,2486
2440,2900,2907
1899,2228,2481
1888,2308,2400
2444,2898,2908
1903,2210,2499
3188,2248,2466
1889,2296,2412
2445,2898,2908
1904,2206,2503
3189,2252,2462
1890,2286,2422
2446,2898,2908
1905,2202,2508
3190,2257,2458
1891,2277,2431
2447,2898,2908
1906,2198,2345
1906,2363,2512
3191,2262,2453
1892,2269,2439
2448,2898,2909
1907,2194,2317
1907,2391,2516
3192,2267,2449
1893,2262,2446
2449,2897,2909
1908,2190,2302
1908,2405,2519
3193,2272,2443
1894,2256,2453
2436,2903,2904
1895,2250,2459
2437,2902,2905
1896,2244,2465
2457,2896,2909
1916,2163,2240
1916,2466,2547
2458,2896,2909
1917,2160,2234
1917,2472,2550
2459,2896,2909
1918,2157,2229
1918,2477,2553
2460,2896,2909
1919,2154,2224
1919,2482,2556
2461,2896,2909
1920,2151,2219
1920,2486,2559
2462,2896,2909
1921,2148,2215
1921,2491,2562
2463,2896,2909
1922,2145,2210
1922,2495,2565
2464,2896,2909
1923,2143,2206
1923,2500,2568
1992,2011,2024
1992,2669,2707
1993,2010,2022
1993,2671,2708
1994,2009,2020
1994,2673,2710
1995,2007,2018
1995,2674,2711
1996,2006,2016
1996,2676,2713
1997,2005,2014
1997,2678,2714
1998,2004,2012
1998,2679,2715
1999,2003,2010
1999,2681,2717
2000,2002,2008
2000,2682,2718
2001,2001,2006
2001,2684,2720
2002,2000,2004
2002,2686,2721
2003,1999,2001
2003,2687,2722
2004,2689,2724
2005,2690,2725
2006,2692,2727
2007,2693,2728
2008,2695,2729
2009,2696,2731
2010,2698,2732
2011,2699,2733
2012,2701,2734
2013,2702,2736
2014,2704,2737
2015,2705,2738
2016,2707,2740
2017,2708,2741
2018,2710,2742
2019,2711,2743
2020,2712,2745
2021,2714,2746
2022,2715,2747
2023,2717,2748
2024,2718,2749
2025,2719,2751
2026,2721,2752
2027,2722,2753
2028,2723,2754
2029,2725,2755
2030,2726,2756
2031,2727,2758
2032,2729,2759
2033,2730,2760
2034,2731,2761
2035,2733,2762
2036,2734,2763
2037,2735,2764
2038,2737,2765
2039,2738,2767
2040,2739,2768
2041,2741,2769
2042,2742,2770
2043,2743,2771
2044,2744,2772
2045,2746,2773
2046,2747,2774
2047,2748,2775
2048,2749,2776
2049,2751,2777
2050,2752,2778
2051,2753,2779
2052,2754,2780
2053,2755,2781
2054,2757,2782
2055,2758,2783
2056,2759,2784
2057,2760,2785
2058,2761,2786
2059,2763,2787
2060,2764,2788
2061,2765,2788
2062,2766,2789
2063,2767,2790
2064,2769,2791
2065,2770,2792
2066,2771,2793
2067,2772,2794
2068,2773,2795
2069,2774,2796
2070,2775,2796
2071,2777,2797
2072,2778,2798
2073,2779,2799
2074,2780,2800
2075,2781,2801
2076,2782,2801
2077,2783,2802
2078,2785,2803
2079,2786,2804
2080,2787,2804
2081,2788,2805
2082,2789,2806
2083,2790,2807
2084,2791,2807
2085,2793,2808
2086,2794,2809
3169,2199,2210
2087,2795,2809
3170,2198,2220
2088,2796,2810
3171,2198,2229
3171,2492,2497
2089,2797,2811
3172,2200,2238
3172,2477,2502
2090,2798,2811
3173,2202,2247
3173,2465,2503
2091,2799,2812
3174,2203,2256
3174,2454,2503
2092,2801,2813
3175,2206,2267
3175,2443,2502
2093,2802,2813
3176,2208,2278
3176,2431,2500
2094,2803,2814
3177,2211,2291
3177,2417,2498
2095,2804,2814
3178,2213,2308
3178,2400,2496
2096,2805,2815
3179,2216,2337
3179,2370,2494
2097,2807,2815
3180,2219,2492
2098,2808,2816
3181,2222,2489
2099,2809,2816
3182,2225,2486
2100,2811,2817
3183,2229,2484
2101,2812,2817
3184,2232,2480
2102,2814,2817
3185,2236,2477
2103,2816,2816
