1856,2301,2335
1857,2282,2352
1858,2270,2362
1859,2260,2369
1860,2252,2374
1861,2244,2378
1862,2237,2380
1863,2231,2380
1864,2225,2377
1865,2219,2369
1866,2214,2356
1867,2209,2341
1868,2204,2327
1869,2199,2315
1870,2195,2304
1871,2191,2295
1872,2186,2287
1873,2182,2279
1874,2178,2272
1875,2175,2265
1876,2171,2258
1877,2167,2252
1878,2164,2247
1879,2160,2241
1880,2157,2236
1881,2153,2231
1882,2150,2226
1883,2147,2221
1884,2144,2217
1885,2141,2212
1886,2137,2208
1887,2134,2204
1888,2132,2200
1889,2129,2196
1890,2126,2192
1891,2123,2188
1892,2120,2184
1893,2117,2181
1894,2115,2177
1895,2112,2174
1896,2110,2170
1897,2107,2167
1898,2104,2164
1899,2102,2161
1900,2099,2157
1901,2097,2154
1902,2095,2151
1903,2092,2148
1904,2090,2145
1905,2087,2142
1906,2085,2140
1907,2083,2137
1908,2081,2134
1909,2078,2131
1910,2076,2128
1911,2074,2126
1912,2072,2123
1913,2070,2121
1914,2067,2118
1915,2065,2115
1916,2063,2113
1917,2061,2110
1918,2059,2108
1919,2057,2105
1920,2055,2103
1921,2053,2101
1922,2051,2098
1923,2049,2096
1924,2047,2094
1925,2045,2091
1926,2043,2089
1927,2041,2087
1928,2039,2085
1929,2038,2083
1930,2036,2080
1931,2034,2078
1932,2032,2076
1933,2030,2074
1934,2028,2072
1935,2027,2070
1936,2025,2068
1937,2023,2066
3159,2320,2338
3158,2295,2362
3157,2281,2375
3156,2270,2384
3155,2261,2392
3154,2253,2398
3153,2246,2403
3152,2239,2407
3151,2233,2408
3150,2227,2401
3149,2222,2331
3148,2216,2314
3147,2211,2301
3146,2206,2291
3145,2202,2282
3144,2197,2274
3143,2193,2266
3142,2189,2259
3141,2185,2253
3140,2181,2247
3139,2177,2241
3138,2173,2235
3137,2169,2230
3136,2166,2225
3135,2162,2220
3134,2159,2216
3133,2155,2211
3132,2152,2207
3131,2149,2203
3130,2146,2198
3129,2143,2194
3128,2140,2190
3127,2137,2187
3126,2134,2183
3125,2131,2179
3124,2128,2176
3123,2125,2172
3122,2122,2169
3121,2119,2165
3120,2117,2162
3119,2114,2159
3118,2111,2156
3117,2109,2153
3116,2106,2150
3115,2104,2147
3114,2101,2144
3113,2099,2141
3112,2096,2138
3111,2094,2135
3110,2091,2132
3109,2089,2130
3108,2087,2127
3107,2084,2124
3106,2082,2121
3105,2080,2119
3104,2078,2116
3103,2075,2114
3102,2073,2111
3101,2071,2109
3100,2069,2106
3099,2067,2104
3098,2065,2101
3097,2063,2099
3096,2061,2097
3095,2058,2094
3094,2056,2092
3093,2054,2090
3092,2052,2088
3091,2050,2085
3090,2048,2083
3089,2047,2081
3088,2045,2079
3087,2043,2077
3086,2041,2075
3085,2039,2072
3084,2037,2070
3083,2035,2068
3082,2033,2066
3081,2031,2064
3080,2030,2062
3079,2028,2060
3078,2026,2058
3077,2024,2056
3076,2023,2054
3075,2021,2052
3074,2019,2051
3073,2017,2049
3072,2016,2047
3071,2014,2045
3070,2012,2043
3069,2011,2041
3068,2009,2039
3067,2007,2038
3066,2006,2036
3065,2004,2034
3064,2002,2032
3063,2001,2031
3062,1999,2029
3061,1998,2027
3060,1996,2025
3059,1994,2024
3058,1993,2022
3057,1991,2020
3056,1990,2019
3055,1988,2017
3054,1987,2015
3053,1985,2014
3052,1984,2012
3051,1982,2010
3050,1981,2009
3049,1979,2007
3048,1978,2006
3047,1976,2004
2478,1695,1709
2477,1695,1709
2476,1695,1709
2475,1695,1709
2474,1695,1709
2473,1695,1709
2472,1695,1709
2471,1695,1709
2470,1695,1709
2469,1695,1709
2468,1695,1709
2467,1695,1709
2466,1695,1709
2465,1695,1709
2464,1695,1709
2463,1695,1709
2462,1695,1709
2461,1695,1710
2460,1696,1710
2459,1696,1710
2458,1696,1710
2457,1696,1710
2456,1696,1710
2455,1696,1710
2454,1696,1710
2453,1696,1710
2452,1696,1710
2451,1696,1710
2450,1696,1710
2449,1696,1711
2448,1697,1711
2447,1697,1711
2446,1697,1711
2445,1697,1711
2444,1697,1711
2443,1697,1711
2442,1697,1711
2441,1697,1711
2440,1697,1711
2439,1697,1712
2438,1698,1712
2437,1698,1712
2436,1698,1712
2435,1698,1712
2434,1698,1712
2433,1698,1712
2432,1698,1712
2431,1698,1713
2430,1698,1713
2429,1699,1713
2428,1699,1713
2427,1699,1713
2426,1699,1713
2425,1699,1713
2424,1699,1713
2423,1699,1714
2422,1699,1714
2421,1700,1714
2420,1700,1714
2419,1700,1714
2418,1700,1714
2417,1700,1714
2416,1700,1715
2415,1700,1715
2414,1700,1715
2413,1701,1715
2412,1701,1715
2411,1701,1715
2410,1701,1715
2409,1701,1716
2408,1701,1716
2407,1702,1716
2406,1702,1716
2405,1702,1716
2404,1702,1716
2403,1702,1717
2402,1702,1717
2401,1702,1717
2400,1703,1717
2399,1703,1717
2398,1703,1718
2397,1703,1718
2396,1703,1718
2395,1703,1718
2394,1704,1718
2393,1704,1718
2392,1704,1719
2391,1704,1719
2390,1704,1719
2389,1705,1719
2388,1705,1719
2387,1705,1720
2386,1705,1720
2385,1705,1720
2384,1705,1720
2383,1706,1720
2382,1706,1721
2381,1706,1721
2380,1706,1721
2379,1706,1721
2378,1707,1721
2377,1707,1722
2376,1707,1722
2375,1707,1722
2374,1707,1722
2373,1708,1722
2372,1708,1723
2371,1708,1723
2370,1708,1723
2369,1709,1723
2368,1709,1724
2367,1709,1724
2366,1709,1724
2365,1709,1724
2364,1710,1725
2363,1710,1725
2362,1710,1725
2361,1710,1725
2360,1711,1725
2359,1711,1726
2358,1711,1726
2357,1711,1726
2356,1711,1726
2355,1712,1727
2354,1712,1727
2353,1712,1727
2352,1712,1727
2351,1713,1728
2350,1713,1728
2349,1713,1728
2348,1713,1728
2347,1714,1729
2346,1714,1729
2345,1714,1729
2344,1714,1730
2343,1715,1730
2342,1715,1730
2341,1715,1730
2340,1715,1731
2339,1716,1731
2338,1716,1731
2337,1716,1731
2336,1716,1732
2335,1717,1732
2334,1717,1732
2333,1717,1733
2332,1718,1733
2331,1718,1733
2330,1718,1733
2329,1718,1734
2328,1719,1734
2327,1719,1734
2326,1719,1735
2325,1720,1735
2324,1720,1735
2323,1720,1736
2322,1720,1736
2321,1721,1736
2320,1721,1737
2319,1721,1737
2318,1722,1737
2317,1722,1737
2316,1722,1738
2315,1722,1738
2314,1723,1738
2313,1723,1739
2312,1723,1739
2311,1724,1739
2310,1724,1740
2309,1724,1740
2308,1725,1740
2307,1725,1741
2306,1725,1741
2305,1726,1741
2304,1726,1742
2303,1726,1742
2302,1727,1742
2301,1727,1743
2300,1727,1743
2299,1728,1743
2298,1728,1744
2297,1728,1744
2296,1729,1745
2295,1729,1745
2294,1729,1745
2293,1730,1746
2292,1730,1746
2291,1730,1746
2290,1731,1747
2289,1731,1747
2288,1731,1747
2287,1732,1748
2286,1732,1748
2285,1732,1749
2284,1733,1749
2283,1733,1749
2282,1733,1750
2281,1734,1750
2280,1734,1750
2279,1735,1751
2278,1735,1751
2277,1735,1752
2276,1736,1752
2275,1736,1752
2274,1736,1753
2273,1737,1753
2272,1737,1754
2271,1738,1754
2270,1738,1754
2269,1738,1755
2268,1739,1755
2267,1739,1756
2266,1740,1756
2265,1740,1757
2264,1740,1757
2263,1741,1757
2262,1741,1758
2261,1742,1758
2260,1742,1759
2259,1742,1759
2258,1743,1759
2257,1743,1760
2256,1744,1760
2255,1744,1761
2254,1744,1761
2253,1745,1762
2252,1745,1762
2251,1746,1763
2250,1746,1763
2249,1746,1763
2248,1747,1764
2247,1747,1764
2246,1748,1765
2245,1748,1765
2244,1749,1766
2243,1749,1766
2242,1749,1767
2241,1750,1767
2240,1750,1768
2239,1751,1768
2238,1751,1769
2237,1752,1769
2236,1752,1769
2235,1753,1770
2234,1753,1770
2233,1754,1771
2232,1754,1771
2231,1754,1772
2230,1755,1772
2229,1755,1773
2228,1756,1773
2227,1756,1774
2226,1757,1774
2225,1757,1775
2224,1758,1775
2223,1758,1776
2222,1759,1776
2221,1759,1777
2220,1760,1777
2219,1760,1778
2218,1761,1778
2217,1761,1779
2216,1762,1779
2215,1762,1780
2214,1763,1781
2213,1763,1781
2212,1764,1782
2211,1764,1782
2210,1765,1783
2209,1765,1783
2208,1766,1784
2207,1766,1784
2206,1767,1785
2205,1767,1785
2204,1768,1786
2203,1768,1786
2202,1769,1787
2201,1769,1788
2200,1770,1788
2199,1770,1789
2198,1771,1789
2197,1771,1790
2196,1772,1790
2195,1772,1791
2064,1865,1890
2063,1866,1891
2062,1867,1892
2061,1868,1893
2060,1869,1894
2059,1869,1895
2058,1870,1896
2057,1871,1897
2056,1872,1898
2055,1873,1899
2054,1874,1900
2053,1875,1901
2052,1876,1902
2051,1877,1903
2050,1878,1904
2049,1879,1905
2048,1880,1906
2047,1881,1907
2046,1882,1908
2045,1883,1909
2044,1884,1910
2043,1885,1912
2042,1886,1913
2041,1887,1914
2040,1888,1915
2039,1889,1916
2038,1890,1917
2037,1891,1918
2036,1892,1919
2035,1893,1920
2034,1894,1921
2033,1895,1923
2032,1896,1924
2031,1897,1925
2030,1898,1926
2029,1899,1927
2028,1900,1928
2027,1901,1929
2026,1902,1931
2025,1903,1932
2024,1905,1933
2023,1906,1934
2022,1907,1935
2021,1908,1937
2020,1909,1938
2019,1910,1939
2018,1911,1940
2017,1912,1941
2016,1913,1943
2015,1914,1944
2014,1916,1945
2013,1917,1946
2012,1918,1948
2011,1919,1949
2010,1920,1950
2009,1921,1951
2008,1922,1953
2007,1924,1954
2006,1925,1955
2005,1926,1956
2004,1927,1958
2003,1928,1959
2002,1930,1960
2001,1931,1962
2000,1932,1963
1999,1933,1964
1998,1934,1966
1997,1936,1967
1966,1977,2013
1965,1978,2015
1964,1980,2016
1963,1981,2018
1962,1983,2020
1961,1984,2021
1960,1986,2023
1959,1987,2025
1958,1989,2027
1957,1990,2028
1956,1992,2030
1955,1993,2032
1954,1995,2033
1953,1997,2035
1952,1998,2037
1951,2000,2039
1938,2021,2064
1939,2020,2062
1940,2018,2060
1941,2016,2058
1942,2015,2056
1943,2013,2054
1944,2011,2052
1945,2009,2050
1946,2008,2048
1947,2006,2046
1948,2005,2044
1949,2003,2043
1950,2001,2041
1967,1976,2011
1968,1974,2010
1969,1973,2008
1970,1971,2007
1971,1970,2005
1972,1968,2004
1973,1967,2002
1974,1966,2000
1975,1964,1999
1976,1963,1997
1977,1961,1996
1978,1960,1994
1979,1959,1993
1980,1957,1991
1981,1956,1990
1982,1955,1988
1983,1953,1987
1984,1952,1985
1985,1951,1984
1986,1950,1982
1987,1948,1981
1988,1947,1980
1989,1946,1978
1990,1944,1977
1991,1943,1975
1992,1942,1974
1993,1941,1973
1994,1939,1971
1995,1938,1970
1996,1937,1968
2065,1864,1889
2066,1863,1888
2067,1862,1887
2068,1861,1886
2069,1860,1885
2070,1859,1884
2071,1859,1883
2072,1858,1882
2073,1857,1881
2074,1856,1880
2075,1855,1879
2076,1854,1878
2077,1853,1878
2078,1853,1877
2079,1852,1876
2080,1851,1875
2081,1850,1874
2082,1849,1873
2083,1848,1872
2084,1847,1871
2085,1847,1870
2086,1846,1869
2087,1845,1868
2088,1844,1868
2089,1843,1867
2090,1842,1866
2091,1842,1865
2092,1841,1864
2093,1840,1863
2094,1839,1862
2095,1838,1861
2096,1838,1861
2097,1837,1860
2098,1836,1859
2099,1835,1858
2100,1834,1857
2101,1834,1856
2102,1833,1856
2103,1832,1855
2104,1831,1854
2105,1831,1853
2106,1830,1852
2107,1829,1851
2108,1828,1851
2109,1828,1850
2110,1827,1849
2111,1826,1848
2112,1825,1847
2113,1825,1847
2114,1824,1846
2115,1823,1845
2116,1822,1844
2117,1822,1843
2118,1821,1843
2119,1820,1842
2120,1819,1841
2121,1819,1840
2122,1818,1839
2123,1817,1839
2124,1816,1838
2125,1816,1837
2126,1815,1836
2127,1814,1836
2128,1814,1835
2129,1813,1834
2130,1812,1833
2131,1812,1833
2132,1811,1832
2133,1810,1831
2134,1809,1830
2135,1809,1830
2136,1808,1829
2137,1807,1828
2138,1807,1828
2139,1806,1827
2140,1805,1826
2141,1805,1825
2142,1804,1825
2143,1803,1824
2144,1803,1823
2145,1802,1823
2146,1801,1822
2147,1801,1821
2148,1800,1820
2149,1800,1820
2150,1799,1819
2151,1798,1818
2152,1798,1818
2153,1797,1817
2154,1796,1816
2155,1796,1816
2156,1795,1815
2157,1794,1814
2158,1794,1814
2159,1793,1813
2160,1793,1812
2161,1792,1812
2162,1791,1811
2163,1791,1810
2164,1790,1810
2165,1789,1809
2166,1789,1808
2167,1788,1808
2168,1788,1807
2169,1787,1807
2170,1786,1806
2171,1786,1805
2172,1785,1805
2173,1785,1804
2174,1784,1803
2175,1784,1803
2176,1783,1802
2177,1782,1802
2178,1782,1801
2179,1781,1800
2180,1781,1800
2181,1780,1799
2182,1780,1799
2183,1779,1798
2184,1778,1797
2185,1778,1797
2186,1777,1796
2187,1777,1796
2188,1776,1795
2189,1776,1794
2190,1775,1794
2191,1775,1793
2192,1774,1793
2193,1773,1792
2194,1773,1791
2479,1694,1708
2480,1694,1708
2481,1694,1708
2482,1694,1708
2483,1694,1708
2484,1694,1708
2485,1694,1708
2486,1694,1708
2487,1694,1708
2488,1694,1708
2489,1694,1708
2490,1694,1708
2491,1694,1708
2492,1694,1708
2493,1694,1708
2494,1694,1708
2495,1694,1708
2496,1694,1708
2497,1694,1708
2498,1694,1708
2499,1694,1708
2500,1694,1708
2501,1694,1708
2502,1694,1708
2503,1694,1708
2504,1694,1708
2505,1694,1708
2506,1694,1708
2507,1694,1708
2508,1694,1708
2509,1694,1708
2509,2894,2897
2510,1694,1708
2510,2893,2898
2511,1694,1708
2511,2893,2898
2512,1694,1708
2512,2892,2899
2513,1694,1708
2513,2892,2899
2514,1694,1708
2514,3240,3243
2514,2891,2900
2515,1694,1708
2515,3239,3243
2515,2891,2900
2516,1694,1708
2516,3239,3244
2516,2891,2900
2517,1694,1708
2517,3238,3244
2517,2891,2901
2518,1694,1708
2518,3238,3244
2518,2890,2901
2519,1694,1708
2519,3238,3244
2519,2890,2901
2520,1694,1708
2520,3238,3244
2520,2890,2901
2521,1694,1708
2521,3239,3244
2521,2890,2901
2522,1694,1708
2522,3239,3243
2522,2890,2901
2523,1694,1708
2523,3240,3242
2523,2890,2902
2524,1694,1708
2524,2890,2902
2525,1694,1708
2525,2890,2902
2526,1694,1708
2526,2890,2902
2527,1694,1708
2527,2890,2902
2528,1694,1708
2528,2890,2902
2529,1694,1708
2529,2890,2902
2530,1694,1708
2530,2890,2902
2531,1694,1708
2531,2890,2902
2532,1694,1708
2532,2890,2902
2533,1694,1708
2533,2890,2901
2534,1694,1708
2534,2890,2901
2535,1694,1708
2535,2890,2901
2536,1694,1708
2536,2890,2901
2537,1695,1708
2537,2890,2901
2538,1695,1708
2538,2891,2901
2539,1695,1708
2539,2891,2901
2540,1695,1709
2540,2891,2900
2541,1695,1709
2541,2891,2900
2542,1695,1709
2542,2892,2900
2543,1695,1709
2543,2892,2899
2544,1695,1709
2544,2893,2899
2545,1695,1709
2545,2893,2898
2546,1695,1709
2546,2894,2898
2547,1695,1709
2547,2895,2896
2548,1695,1709
2549,1695,1709
2550,1695,1709
2551,1695,1709
2552,1695,1709
2553,1695,1709
2554,1695,1709
2555,1696,1709
2556,1696,1710
2557,1696,1710
2558,1696,1710
2559,1696,1710
2560,1696,1710
2561,1696,1710
2562,1696,1710
2563,1696,1710
2564,1696,1710
2565,1696,1710
2566,1696,1710
2567,1697,1710
2568,1697,1711
2569,1697,1711
2570,1697,1711
2571,1697,1711
2572,1697,1711
2573,1697,1711
2574,1697,1711
2575,1697,1711
2576,1697,1711
2577,1698,1711
2578,1698,1712
2579,1698,1712
2580,1698,1712
2581,1698,1712
2582,1698,1712
2583,1698,1712
2584,1698,1712
2585,1698,1712
2586,1699,1713
2587,1699,1713
2588,1699,1713
2589,1699,1713
2590,1699,1713
2591,1699,1713
2592,1699,1713
2593,1699,1713
2594,1700,1714
2595,1700,1714
2596,1700,1714
2597,1700,1714
2598,1700,1714
2599,1700,1714
2600,1700,1714
2601,1700,1715
2602,1701,1715
2603,1701,1715
2604,1701,1715
2605,1701,1715
2606,1701,1715
2607,1701,1715
2608,1702,1716
2609,1702,1716
2610,1702,1716
2611,1702,1716
2612,1702,1716
2613,1702,1716
2614,1702,1717
2615,1703,1717
2616,1703,1717
2617,1703,1717
2618,1703,1717
2619,1703,1717
2620,1703,1718
2621,1704,1718
2622,1704,1718
2623,1704,1718
2624,1704,1718
2625,1704,1719
2626,1705,1719
2627,1705,1719
2628,1705,1719
2629,1705,1719
2630,1705,1719
2631,1705,1720
2632,1706,1720
2633,1706,1720
2634,1706,1720
2635,1706,1720
2636,1706,1721
2637,1707,1721
2638,1707,1721
2639,1707,1721
2640,1707,1722
2641,1707,1722
2642,1708,1722
2643,1708,1722
2644,1708,1722
2645,1708,1723
2646,1709,1723
2647,1709,1723
2648,1709,1723
2649,1709,1724
2650,1709,1724
2651,1710,1724
2652,1710,1724
2653,1710,1724
2654,1710,1725
2655,1711,1725
2656,1711,1725
2657,1711,1725
2658,1711,1726
2659,1711,1726
2660,1712,1726
2661,1712,1726
2662,1712,1727
2663,1712,1727
2664,1713,1727
2665,1713,1727
2666,1713,1728
2667,1713,1728
2668,1714,1728
2669,1714,1728
2670,1714,1729
2671,1714,1729
2672,1715,1729
2673,1715,1729
2674,1715,1730
2675,1715,1730
2676,1716,1730
2677,1716,1731
2678,1716,1731
2679,1717,1731
2680,1717,1731
2681,1717,1732
2682,1717,1732
2683,1718,1732
2684,1718,1732
2685,1718,1733
2686,1718,1733
2687,1719,1733
2688,1719,1734
2689,1719,1734
2690,1720,1734
2691,1720,1735
2692,1720,1735
2693,1720,1735
2694,1721,1735
2695,1721,1736
2696,1721,1736
2697,1722,1736
2698,1722,1737
2699,1722,1737
2700,1723,1737
2701,1723,1738
2702,1723,1738
2703,1723,1738
2704,1724,1739
2705,1724,1739
2706,1724,1739
2707,1725,1740
2708,1725,1740
2709,1725,1740
2710,1726,1741
2711,1726,1741
2712,1726,1741
2713,1727,1742
2714,1727,1742
2715,1727,1742
2716,1728,1743
2717,1728,1743
2718,1728,1743
2719,1729,1744
2720,1729,1744
2721,1729,1744
2722,1730,1745
2723,1730,1745
2724,1730,1745
2725,1731,1746
2726,1731,1746
2727,1731,1747
2728,1732,1747
2729,1732,1747
2730,1733,1748
2731,1733,1748
2732,1733,1748
2733,1734,1749
2734,1734,1749
2735,1734,1750
2736,1735,1750
2737,1735,1750
2738,1735,1751
2739,1736,1751
2740,1736,1751
2741,1737,1752
2742,1737,1752
2743,1737,1753
2744,1738,1753
2745,1738,1753
2746,1738,1754
2747,1739,1754
2748,1739,1755
2749,1740,1755
2750,1740,1755
2751,1740,1756
2752,1741,1756
2753,1741,1757
2754,1742,1757
2755,1742,1758
2756,1742,1758
2757,1743,1758
2758,1743,1759
2759,1744,1759
2760,1744,1760
2761,1745,1760
2762,1745,1761
2763,1745,1761
2764,1746,1761
2765,1746,1762
2766,1747,1762
2767,1747,1763
2768,1748,1763
2769,1748,1764
2770,1748,1764
2771,1749,1765
2772,1749,1765
2773,1750,1765
2774,1750,1766
2775,1751,1766
2776,1751,1767
2777,1751,1767
2778,1752,1768
2779,1752,1768
2780,1753,1769
2781,1753,1769
2782,1754,1770
2783,1754,1770
2784,1755,1771
2785,1755,1771
2786,1756,1772
2787,1756,1772
2788,1757,1773
2789,1757,1773
2790,1757,1773
2791,1758,1774
2792,1758,1774
2793,1759,1775
2794,1759,1775
2795,1760,1776
2796,1760,1776
2797,1761,1777
2798,1761,1778
2799,1762,1778
2800,1762,1779
2801,1763,1779
2802,1763,1780
2803,1764,1780
2804,1764,1781
2805,1765,1781
2806,1765,1782
2807,1766,1782
2808,1766,1783
2809,1767,1783
2810,1767,1784
2811,1768,1784
2812,1768,1785
2813,1769,1785
2814,1769,1786
2815,1770,1787
2816,1771,1787
2817,1771,1788
2818,1772,1788
2819,1772,1789
2820,1773,1789
2821,1773,1790
2822,1774,1790
2823,1774,1791
2824,1775,1792
2825,1775,1792
2826,1776,1793
2827,1777,1793
2828,1777,1794
2829,1778,1794
2830,1778,1795
2831,1779,1796
2832,1779,1796
2833,1780,1797
2834,1780,1797
2835,1781,1798
2836,1782,1799
2837,1782,1799
2838,1783,1800
2839,1783,1800
2840,1784,1801
2841,1785,1802
2842,1785,1802
2843,1786,1803
2844,1786,1803
2845,1787,1804
2846,1788,1805
2847,1788,1805
2848,1789,1806
2849,1789,1807
2850,1790,1807
2851,1791,1808
2852,1791,1809
2853,1792,1809
2854,1792,1810
2855,1793,1810
2856,1794,1811
2857,1794,1812
2858,1795,1812
2859,1796,1813
2860,1796,1814
2861,1797,1814
2862,1797,1815
2863,1798,1816
2864,1799,1816
2865,1799,1817
2866,1800,1818
2867,1801,1818
2868,1801,1819
2869,1802,1820
2870,1803,1820
2871,1803,1821
2872,1804,1822
2873,1805,1823
2874,1805,1823
2875,1806,1824
2876,1807,1825
2877,1807,1825
2878,1808,1826
2879,1809,1827
2880,1809,1828
2881,1810,1828
2882,1811,1829
2883,1811,1830
2884,1812,1830
2885,1813,1831
2886,1814,1832
2887,1814,1833
2888,1815,1833
2889,1816,1834
2890,1816,1835
2891,1817,1836
2892,1818,1836
2893,1819,1837
2894,1819,1838
2895,1820,1839
2896,1821,1839
2897,1821,1840
2898,1822,1841
2899,1823,1842
2900,1824,1842
2901,1824,1843
2902,1825,1844
2903,1826,1845
2904,1827,1846
2905,1827,1846
2906,1828,1847
2907,1829,1848
2908,1830,1849
2909,1831,1850
2910,1831,1850
2911,1832,1851
2912,1833,1852
2913,1834,1853
2914,1834,1854
2915,1835,1855
2916,1836,1855
2917,1837,1856
2918,1838,1857
2919,1838,1858
2920,1839,1859
2921,1840,1860
2922,1841,1860
2923,1842,1861
2924,1843,1862
2925,1843,1863
2926,1844,1864
2927,1845,1865
2928,1846,1866
2929,1847,1866
2930,1847,1867
2931,1848,1868
2932,1849,1869
2933,1850,1870
2934,1851,1871
2935,1852,1872
2936,1853,1873
2937,1853,1874
2938,1854,1874
2939,1855,1875
2940,1856,1876
2941,1857,1877
2942,1858,1878
2943,1859,1879
2944,1860,1880
2945,1861,1881
2946,1861,1882
2947,1862,1883
2948,1863,1884
2949,1864,1885
2950,1865,1886
2951,1866,1887
2952,1867,1888
2953,1868,1889
2954,1869,1890
2955,1870,1891
2956,1871,1892
2957,1872,1893
2958,1872,1894
2959,1873,1895
2960,1874,1896
2961,1875,1897
2962,1876,1898
2963,1877,1899
2964,1878,1900
2965,1879,1901
2966,1880,1902
2967,1881,1903
2968,1882,1904
2969,1883,1905
2970,1884,1906
2971,1885,1907
2972,1886,1908
2973,1887,1909
2974,1888,1910
2975,1889,1911
2976,1890,1912
2977,1891,1913
2978,1892,1914
2979,1893,1915
2980,1894,1916
2981,1895,1918
2982,1896,1919
2983,1897,1920
2984,1898,1921
2985,1900,1922
2986,1901,1923
2987,1902,1924
2988,1903,1925
2989,1904,1927
2990,1905,1928
2991,1906,1929
2992,1907,1930
2993,1908,1931
2994,1909,1932
2995,1910,1934
2996,1911,1935
2997,1913,1936
2998,1914,1937
2999,1915,1938
3000,1916,1940
3001,1917,1941
3002,1918,1942
3003,1919,1943
3004,1921,1944
3005,1922,1946
3006,1923,1947
3007,1924,1948
3008,1925,1949
3009,1926,1951
3010,1928,1952
3011,1929,1953
3012,1930,1954
3013,1931,1956
3014,1932,1957
3015,1934,1958
3016,1935,1960
3017,1936,1961
3018,1937,1962
3019,1939,1964
3020,1940,1965
3021,1941,1966
3022,1942,1968
3023,1944,1969
3024,1945,1970
3025,1946,1972
3026,1948,1973
3027,1949,1975
3028,1950,1976
3029,1951,1977
3030,1953,1979
3031,1954,1980
3032,1955,1982
3033,1957,1983
3034,1958,1984
3035,1959,1986
3036,1961,1987
3037,1962,1989
3038,1964,1990
3039,1965,1992
3040,1966,1993
3041,1968,1995
3042,1969,1996
3043,1971,1998
3044,1972,1999
3045,1973,2001
3046,1975,2002
