2541,3227,3229
2542,3226,3229
2543,3225,3230
2544,3225,3230
2549,3227,3227
2548,3225,3228
2547,3225,3229
2546,3225,3230
2545,3225,3230
2693,2874,2876
2694,2873,2876
2695,2873,2876
2696,2872,2877
2697,2872,2877
2698,2871,2877
2699,2871,2877
2700,2871,2877
2701,2870,2877
2702,2870,2877
2703,2869,2877
2704,2869,2877
2705,2869,2877
2706,2868,2877
2707,2868,2877
2708,2868,2877
2709,2867,2877
2710,2867,2877
2711,2867,2877
2712,2866,2877
2713,2866,2876
2714,2866,2876
2715,2865,2876
2716,2865,2876
2717,2865,2876
2718,2864,2876
2719,2864,2876
2720,2864,2876
2721,2863,2875
2722,2863,2875
2723,2863,2875
2724,2863,2875
2725,2862,2875
2726,2862,2875
2727,2862,2874
2728,2861,2874
2729,2861,2874
2730,2861,2874
2731,2860,2874
2732,2860,2873
2733,2860,2873
2734,2859,2873
2735,2859,2873
2736,2859,2872
2737,2858,2872
2738,2858,2872
2739,2858,2872
2740,2857,2871
2741,2857,2871
2742,2857,2871
2743,2856,2871
2744,2856,2870
2745,2856,2870
2746,2855,2870
2747,2855,2870
2748,2855,2869
2749,2854,2869
2750,2854,2869
2751,2853,2868
2752,2853,2868
2753,2853,2868
2754,2852,2868
2755,2852,2867
2756,2852,2867
2757,2851,2867
2758,2851,2866
2759,2850,2866
2760,2850,2866
2761,2850,2865
2762,2849,2865
2763,2849,2865
2764,2849,2864
2765,2848,2864
2766,2848,2864
2767,2847,2863
2768,2847,2863
2769,2846,2863
2770,2846,2862
2771,2846,2862
2772,2845,2861
2773,2845,2861
2774,2844,2861
2775,2844,2860
2776,2844,2860
2777,2843,2859
2778,2843,2859
2779,2842,2859
2780,2842,2858
2781,2841,2858
2782,2841,2857
2783,2840,2857
2784,2840,2857
2785,2840,2856
2786,2839,2856
2787,2839,2855
2788,2838,2855
2789,2838,2854
2790,2837,2854
2791,2837,2854
2792,2836,2853
2793,2836,2853
2794,2835,2852
2795,2835,2852
2796,2834,2851
1845,2057,2096
2927,2733,2758
1846,2055,2093
2928,2732,2757
1847,2054,2090
2929,2731,2756
1848,2053,2087
2930,2730,2755
1849,2052,2083
2931,2729,2754
1850,2051,2080
2932,2727,2753
1851,2050,2077
2933,2726,2752
1852,2049,2074
2934,2725,2751
1853,2048,2070
2935,2724,2750
1854,2048,2066
2936,2723,2749
1855,2047,2063
2937,2722,2747
1856,2048,2058
2938,2721,2746
2939,2719,2745
2940,2718,2744
2941,2717,2743
2942,2716,2742
2943,2715,2741
2944,2713,2740
2945,2712,2739
2946,2711,2738
2947,2710,2737
2948,2709,2736
2949,2707,2735
2950,2706,2733
2951,2705,2732
2952,2704,2731
2953,2702,2730
2954,2701,2729
2955,2700,2728
2956,2698,2727
2957,2697,2726
2958,2696,2724
2959,2694,2723
2960,2693,2722
2961,2692,2721
2962,2690,2720
2963,2689,2718
2964,2688,2717
2965,2686,2716
2966,2685,2715
2967,2684,2714
2968,2682,2712
2969,2681,2711
2970,2680,2710
2971,2678,2709
2972,2677,2707
2973,2675,2706
2974,2674,2705
2975,2672,2704
2976,2671,2702
2977,2670,2701
2978,2668,2700
2979,2667,2698
2980,2665,2697
2981,2664,2696
2982,2662,2694
2983,2661,2693
2984,2659,2692
2985,2658,2690
2986,2656,2689
2987,2655,2687
3053,2542,2552
3052,2543,2557
3051,2544,2560
3050,2545,2564
3049,2546,2567
3048,2548,2570
3047,2549,2574
3016,2606,2642
3015,2608,2644
3014,2610,2645
3013,2612,2647
3012,2613,2649
3011,2615,2650
3010,2617,2652
3009,2619,2654
3008,2620,2655
3007,2622,2657
3006,2624,2659
3005,2626,2660
3004,2627,2662
3003,2629,2664
3002,2631,2665
3001,2632,2667
2988,2653,2686
2989,2652,2685
2990,2650,2683
2991,2648,2682
2992,2647,2680
2993,2645,2679
2994,2644,2677
2995,2642,2676
2996,2640,2674
2997,2639,2673
2998,2637,2671
2999,2636,2670
3000,2634,2668
3017,2605,2640
3018,2603,2638
3019,2601,2636
3020,2599,2635
3021,2597,2633
3022,2595,2631
3023,2594,2629
3024,2592,2627
3025,2590,2625
3026,2588,2623
3027,2586,2621
3028,2584,2619
3029,2582,2617
3030,2580,2615
3031,2579,2613
3032,2577,2611
3033,2575,2608
3034,2573,2606
3035,2571,2604
3036,2569,2602
3037,2567,2599
3038,2565,2597
3039,2563,2595
3040,2562,2592
3041,2560,2590
3042,2558,2587
3043,2556,2585
3044,2554,2582
3045,2553,2579
3046,2551,2576
1844,2058,2099
2926,2734,2759
1843,2059,2102
2925,2735,2760
1842,2061,2105
2924,2736,2761
1841,2062,2108
2923,2737,2761
1840,2064,2111
2922,2739,2762
1839,2066,2115
2921,2740,2763
1838,2067,2118
2920,2741,2764
1837,2069,2121
2919,2742,2765
1836,2071,2124
2918,2743,2766
1835,2072,2127
2917,2744,2767
1834,2074,2130
2916,2745,2768
1833,2076,2133
2915,2746,2769
1832,2078,2136
2914,2747,2770
1831,2080,2139
2913,2748,2771
1830,2082,2142
2912,2749,2772
1829,2084,2145
2911,2750,2773
1828,2086,2148
2910,2751,2774
1827,2088,2151
2909,2752,2775
1826,2090,2154
2908,2753,2775
1825,2092,2157
2907,2754,2776
1824,2094,2161
2906,2755,2777
1823,2097,2164
2905,2756,2778
1822,2099,2167
2904,2757,2779
1821,2101,2170
2903,2758,2780
1820,2104,2173
2902,2759,2781
1819,2106,2176
2901,2760,2782
1818,2109,2178
2900,2761,2782
1817,2111,2181
2899,2762,2783
1816,2114,2184
2898,2763,2784
1815,2117,2187
2897,2764,2785
1814,2120,2190
2896,2765,2786
1813,2122,2192
2895,2765,2787
1812,2125,2195
2894,2766,2788
1811,2129,2197
2893,2767,2788
1810,2132,2200
2892,2768,2789
1809,2135,2202
2891,2769,2790
1808,2139,2204
2890,2770,2791
1807,2142,2206
2889,2771,2792
1806,2146,2208
2888,2772,2793
1805,2150,2209
2887,2773,2793
1804,2154,2211
2886,2774,2794
1803,2159,2211
2885,2774,2795
1802,2164,2212
2884,2775,2796
1801,2169,2212
2883,2776,2797
1800,2175,2211
2882,2777,2797
1799,2183,2208
2881,2778,2798
2880,2779,2799
2879,2780,2800
2878,2780,2800
2877,2781,2801
2876,2782,2802
2875,2783,2803
2874,2784,2803
2873,2785,2804
2872,2785,2805
2871,2786,2806
2870,2787,2806
2869,2788,2807
2868,2789,2808
2867,2789,2809
2866,2790,2809
2865,2791,2810
2864,2792,2811
2863,2792,2812
2862,2793,2812
2861,2794,2813
2860,2795,2814
2859,2795,2814
2858,2796,2815
2857,2797,2816
2856,2798,2817
2855,2798,2817
2854,2799,2818
2853,2800,2819
2852,2801,2819
2851,2801,2820
2850,2802,2821
2849,2803,2821
2848,2803,2822
2847,2804,2823
2846,2805,2823
2845,2805,2824
2844,2806,2825
2843,2807,2825
2842,2807,2826
2841,2808,2826
2840,2809,2827
2839,2809,2828
2838,2810,2828
2837,2811,2829
2836,2811,2830
2835,2812,2830
2834,2813,2831
2833,2813,2831
2832,2814,2832
2831,2815,2833
2830,2815,2833
2829,2816,2834
2828,2816,2834
2827,2817,2835
2826,2818,2836
2825,2818,2836
2824,2819,2837
2823,2820,2837
2822,2820,2838
2821,2821,2838
2820,2821,2839
2819,2822,2840
2818,2822,2840
2817,2823,2841
2816,2824,2841
2815,2824,2842
2814,2825,2842
2813,2825,2843
2812,2826,2843
2811,2826,2844
2810,2827,2844
2809,2827,2845
2808,2828,2845
2807,2829,2846
2806,2829,2846
2805,2830,2847
2804,2830,2847
2803,2831,2848
2802,2831,2848
2801,2832,2849
2800,2832,2849
2799,2833,2850
2798,2833,2850
2797,2834,2851
