2686,2876,2877
2687,2875,2877
2688,2874,2878
2689,2874,2878
2690,2873,2878
2691,2873,2878
2692,2873,2879
2693,2872,2879
2694,2872,2879
2695,2871,2879
2696,2871,2879
2697,2871,2879
2698,2870,2879
2699,2870,2879
2700,2870,2879
2701,2869,2879
2702,2869,2879
2703,2869,2879
2704,2868,2879
2705,2868,2879
2706,2868,2878
2707,2867,2878
2708,2867,2878
2709,2867,2878
2710,2866,2878
2711,2866,2878
2712,2866,2878
2713,2866,2878
2714,2865,2878
2715,2865,2877
2716,2865,2877
2717,2864,2877
2718,2864,2877
2719,2864,2877
2720,2863,2877
2721,2863,2877
2722,2863,2876
2723,2863,2876
2724,2862,2876
2725,2862,2876
2726,2862,2876
2727,2861,2875
2728,2861,2875
2729,2861,2875
2730,2860,2875
2731,2860,2875
2732,2860,2874
2733,2859,2874
2734,2859,2874
2735,2859,2874
2736,2858,2874
2737,2858,2873
2738,2858,2873
2739,2857,2873
2740,2857,2873
2741,2857,2872
2742,2857,2872
2743,2856,2872
2744,2856,2872
2745,2855,2871
2746,2855,2871
2747,2855,2871
2748,2854,2870
2749,2854,2870
2750,2854,2870
2751,2853,2870
2752,2853,2869
2753,2853,2869
2754,2852,2869
2755,2852,2868
2756,2852,2868
2757,2851,2868
2758,2851,2867
2759,2850,2867
2760,2850,2867
2761,2850,2866
2762,2849,2866
2763,2849,2866
2764,2849,2865
2765,2848,2865
2766,2848,2865
2767,2847,2864
2768,2847,2864
2769,2847,2864
2770,2846,2863
2771,2846,2863
2772,2845,2863
2773,2845,2862
2774,2844,2862
2775,2844,2861
2776,2844,2861
2777,2843,2861
2778,2843,2860
2779,2842,2860
2780,2842,2859
2781,2841,2859
2782,2841,2859
2783,2841,2858
2784,2840,2858
2785,2840,2857
2786,2839,2857
2787,2839,2856
2788,2838,2856
2789,2838,2856
2790,2837,2855
2791,2837,2855
2792,2836,2854
2793,2836,2854
2794,2835,2853
2795,2835,2853
2796,2834,2852
2797,2834,2852
2798,2833,2851
2799,2833,2851
2800,2832,2851
2801,2832,2850
2802,2831,2850
2803,2831,2849
2804,2830,2849
2805,2830,2848
2806,2829,2848
2807,2829,2847
2808,2828,2847
2809,2828,2846
2810,2827,2846
2811,2827,2845
2812,2826,2844
2813,2826,2844
2814,2825,2843
2815,2824,2843
2816,2824,2842
2817,2823,2842
2818,2823,2841
2819,2822,2841
2820,2822,2840
2821,2821,2840
2822,2820,2839
2823,2820,2838
2824,2819,2838
2825,2819,2837
2826,2818,2837
2827,2817,2836
2828,2817,2836
2829,2816,2835
2830,2816,2834
2831,2815,2834
2832,2814,2833
2833,2814,2833
2834,2813,2832
2835,2812,2831
2836,2812,2831
2837,2811,2830
2838,2810,2830
2839,2810,2829
2840,2809,2828
2841,2808,2828
2842,2808,2827
2843,2807,2826
2844,2806,2826
2845,2806,2825
2846,2805,2824
2847,2804,2824
2848,2804,2823
2849,2803,2823
2850,2802,2822
2851,2802,2821
2852,2801,2821
2853,2800,2820
2854,2799,2819
2855,2799,2818
2856,2798,2818
2857,2797,2817
2858,2797,2816
2859,2796,2816
2860,2795,2815
2861,2794,2814
2862,2794,2814
2863,2793,2813
2864,2792,2812
2865,2791,2811
3043,2558,2587
3042,2560,2589
3041,2562,2592
3040,2564,2594
3039,2565,2597
3038,2567,2599
3037,2569,2601
3036,2571,2604
3035,2573,2606
3034,2575,2608
3033,2577,2610
3032,2579,2612
3031,2580,2614
3030,2582,2617
3029,2584,2619
3028,2586,2621
3027,2588,2623
3026,2590,2625
3025,2592,2627
3024,2594,2629
3023,2595,2630
3022,2597,2632
3021,2599,2634
3020,2601,2636
3019,2603,2638
3018,2605,2640
3017,2606,2642
3016,2608,2643
3015,2610,2645
3014,2612,2647
3013,2613,2649
3012,2615,2650
3011,2617,2652
3010,2619,2654
3009,2620,2655
3008,2622,2657
3007,2624,2659
3006,2625,2660
3005,2627,2662
3004,2629,2663
3003,2631,2665
3002,2632,2667
2987,2656,2689
2872,2786,2806
2986,2658,2690
2871,2787,2807
2985,2659,2692
2870,2787,2808
2869,2788,2809
2868,2789,2809
2548,3226,3228
2867,2790,2810
2547,3225,3229
2866,2791,2811
2546,3225,3230
2545,3225,3230
2544,3225,3230
2543,3225,3230
2542,3226,3230
2541,3227,3229
2988,2655,2687
2873,2785,2806
2989,2653,2686
2874,2784,2805
2990,2651,2685
2875,2783,2804
2991,2650,2683
2876,2783,2803
2992,2648,2682
2877,2782,2803
2993,2647,2680
2878,2781,2802
2994,2645,2679
2879,2780,2801
2995,2644,2677
2880,2779,2800
2996,2642,2676
1799,2194,2202
2881,2778,2799
2997,2640,2674
1800,2182,2209
2882,2778,2799
2998,2639,2673
1801,2175,2212
2883,2777,2798
2999,2637,2671
1802,2169,2212
2884,2776,2797
3000,2635,2670
1803,2164,2213
2885,2775,2796
3001,2634,2668
1804,2159,2212
2886,2774,2795
3044,2556,2584
3045,2554,2581
3046,2553,2579
3047,2551,2576
3048,2549,2573
3049,2548,2570
3050,2547,2566
3051,2545,2563
3052,2544,2559
3053,2543,2555
3054,2544,2550
2984,2661,2693
2983,2662,2694
2982,2664,2696
2981,2665,2697
2980,2667,2698
2979,2668,2700
2978,2669,2701
2977,2671,2702
2976,2672,2704
2975,2674,2705
2974,2675,2706
2973,2677,2707
2972,2678,2709
2971,2679,2710
2970,2681,2711
2969,2682,2712
2968,2684,2714
2967,2685,2715
2966,2686,2716
2965,2688,2717
2964,2689,2719
2963,2690,2720
2962,2692,2721
2961,2693,2722
2960,2694,2723
2959,2696,2725
2958,2697,2726
2957,2698,2727
2956,2700,2728
2955,2701,2729
2954,2702,2730
2953,2703,2731
2952,2705,2733
2951,2706,2734
2950,2707,2735
2949,2708,2736
2948,2710,2737
2947,2711,2738
2946,2712,2739
2945,2713,2740
2944,2714,2741
2943,2716,2742
2942,2717,2744
2941,2718,2745
1858,2048,2054
2940,2719,2746
1857,2047,2059
2939,2720,2747
1856,2047,2063
2938,2722,2748
1855,2047,2067
2937,2723,2749
1854,2048,2071
2936,2724,2750
1853,2048,2074
2935,2725,2751
1852,2049,2077
2934,2726,2752
1851,2050,2081
2933,2727,2753
1850,2051,2084
2932,2728,2754
1849,2053,2087
2931,2730,2755
1848,2054,2090
2930,2731,2756
1847,2055,2093
2929,2732,2757
1846,2056,2096
2928,2733,2758
1845,2058,2099
2927,2734,2759
1844,2059,2102
2926,2735,2760
1843,2061,2105
2925,2736,2761
1842,2062,2108
2924,2737,2762
1841,2064,2112
2923,2738,2763
1840,2065,2115
2922,2739,2764
1839,2067,2118
2921,2740,2765
1838,2069,2121
2920,2741,2766
1837,2071,2124
2919,2743,2767
1836,2072,2127
2918,2744,2768
1835,2074,2130
2917,2745,2769
1834,2076,2133
2916,2746,2769
1833,2078,2136
2915,2747,2770
1832,2080,2139
2914,2748,2771
1831,2082,2142
2913,2749,2772
1830,2084,2145
2912,2750,2773
1829,2086,2148
2911,2751,2774
1828,2088,2151
2910,2752,2775
1827,2090,2154
2909,2753,2776
1826,2092,2158
2908,2754,2777
1825,2094,2161
2907,2755,2778
1824,2097,2164
2906,2756,2779
1823,2099,2167
2905,2757,2779
1822,2101,2170
2904,2758,2780
1821,2104,2173
2903,2759,2781
1820,2106,2176
2902,2760,2782
1819,2109,2179
2901,2760,2783
1818,2111,2181
2900,2761,2784
1817,2114,2184
2899,2762,2785
1816,2117,2187
2898,2763,2786
1815,2120,2190
2897,2764,2786
1814,2123,2193
2896,2765,2787
1813,2126,2195
2895,2766,2788
1812,2129,2198
2894,2767,2789
1811,2132,2200
2893,2768,2790
1810,2135,2202
2892,2769,2791
1809,2139,2205
2891,2770,2791
1808,2142,2207
2890,2771,2792
1807,2146,2208
2889,2771,2793
1806,2150,2210
2888,2772,2794
1805,2154,2211
2887,2773,2795
