3178,2213,2333
3178,2376,2494
3179,2216,2491
3180,2219,2489
3181,2223,2486
3182,2226,2483
3183,2230,2480
3184,2233,2477
3185,2237,2473
3186,2241,2470
3187,2246,2466
3188,2250,2462
3199,2333,2382
3198,2318,2397
3197,2306,2408
3196,2297,2417
3195,2289,2425
3194,2282,2431
3193,2276,2438
3192,2270,2443
3191,2265,2448
3190,2259,2453
3189,2255,2458
1977,2030,2053
1977,2644,2684
1976,2032,2055
1976,2642,2683
1975,2034,2057
1975,2640,2681
1946,2086,2125
1946,2576,2627
1919,2151,2220
1919,2485,2559
2460,2896,2909
1913,2170,2253
1913,2453,2540
2454,2897,2909
1947,2084,2123
1947,2578,2629
1920,2149,2215
1920,2490,2562
2461,2896,2909
1914,2167,2247
1914,2459,2543
2455,2897,2909
1948,2082,2120
1948,2581,2631
1921,2146,2211
1921,2494,2565
2462,2896,2909
1915,2163,2241
1915,2465,2547
2456,2896,2909
1942,2094,2137
1942,2565,2618
1949,2080,2117
1949,2584,2633
1922,2143,2206
1922,2498,2568
2463,2896,2909
1916,2160,2235
1916,2470,2550
2457,2896,2909
1943,2092,2134
1943,2568,2620
1950,2078,2115
1950,2586,2635
1923,2140,2202
1923,2502,2571
2464,2896,2909
1917,2157,2230
1917,2475,2553
2458,2896,2909
1944,2090,2131
1944,2571,2622
1951,2076,2112
1951,2588,2637
1924,2137,2198
1924,2506,2573
2465,2896,2909
1918,2154,2225
1918,2480,2556
2459,2896,2909
1945,2088,2128
1945,2573,2624
1952,2074,2110
1952,2591,2639
1925,2135,2194
1925,2510,2576
2466,2896,2909
1953,2072,2107
1953,2593,2641
1926,2132,2190
1926,2514,2579
2467,2896,2909
1974,2035,2059
1974,2638,2679
1941,2096,2140
1941,2562,2616
2482,2901,2903
1968,2045,2072
1968,2626,2669
1973,2037,2061
1973,2636,2678
1940,2099,2143
1940,2560,2613
2481,2900,2904
1967,2047,2074
1967,2624,2667
1972,2038,2063
1972,2634,2676
1966,2048,2076
1966,2622,2666
1971,2040,2065
1971,2632,2674
1965,2050,2079
1965,2620,2664
1970,2042,2068
1970,2630,2673
2505,3242,3244
1964,2052,2081
1964,2618,2662
1969,2043,2070
1969,2628,2671
2504,3241,3245
1963,2053,2083
1963,2616,2660
2503,3241,3246
1962,2055,2085
1962,2614,2658
2495,3242,3244
1954,2070,2105
1954,2596,2643
1927,2129,2186
1927,2518,2581
2468,2896,2908
2496,3241,3245
1955,2068,2102
1955,2598,2645
1928,2127,2182
1928,2521,2584
2469,2897,2908
2497,3240,3245
1956,2066,2100
1956,2600,2647
1929,2124,2179
1929,2525,2587
2470,2897,2908
2498,3240,3246
1957,2064,2097
1957,2603,2649
2499,3240,3246
1958,2062,2095
1958,2605,2651
2500,3240,3246
1959,2061,2092
1959,2607,2653
1912,2173,2259
1912,2447,2537
2453,2897,2909
2480,2900,2905
1939,2101,2146
1939,2557,2611
1911,2176,2266
1911,2440,2533
2452,2897,2909
2479,2899,2906
1938,2103,2149
1938,2554,2609
1910,2180,2274
1910,2432,2530
2451,2897,2908
2478,2899,2906
1937,2105,2152
1937,2551,2606
2477,2898,2906
1936,2108,2155
1936,2548,2604
2476,2898,2907
1935,2110,2158
1935,2545,2602
2475,2898,2907
1934,2112,2161
1934,2542,2599
2474,2897,2907
1933,2115,2165
1933,2538,2597
2473,2897,2908
1932,2117,2168
1932,2535,2594
2472,2897,2908
1931,2119,2171
1931,2532,2592
2471,2897,2908
1930,2122,2175
1930,2528,2589
2450,2897,2908
1909,2183,2283
1909,2424,2526
2449,2897,2908
1908,2187,2293
1908,2414,2523
2448,2898,2908
1907,2191,2304
1907,2402,2519
1896,2239,2470
2438,2903,2903
1897,2234,2475
2439,2902,2905
1898,2229,2480
2440,2901,2905
1899,2224,2485
2441,2900,2906
1900,2219,2490
2442,2900,2906
1901,2215,2494
2443,2899,2907
1902,2210,2499
2444,2899,2907
1903,2206,2503
2445,2899,2907
1904,2202,2507
2446,2898,2908
1905,2198,2511
2447,2898,2908
1906,2194,2320
1906,2387,2515
1978,2029,2051
1978,2646,2686
1979,2027,2049
1979,2648,2688
1980,2026,2047
1980,2649,2689
1981,2024,2045
1981,2651,2691
1982,2023,2043
1982,2653,2692
1983,2021,2041
1983,2655,2694
1984,2020,2039
1984,2657,2695
1985,2018,2037
1985,2658,2697
1986,2017,2035
1986,2660,2699
1987,2016,2033
1987,2662,2700
1960,2059,2090
1960,2609,2655
2501,3240,3246
1988,2014,2031
1988,2664,2702
1961,2057,2088
1961,2612,2656
2502,3240,3246
1989,2013,2029
1989,2665,2703
1990,2011,2027
1990,2667,2705
1991,2010,2025
1991,2669,2706
1992,2009,2023
1992,2671,2708
1993,2007,2021
1993,2672,2709
1994,2006,2020
1994,2674,2710
1995,2005,2018
1995,2676,2712
1996,2003,2016
1996,2677,2713
1997,2002,2014
1997,2679,2715
1998,2001,2012
1998,2680,2716
1999,2000,2010
1999,2682,2718
2000,1999,2008
2000,2684,2719
2001,1997,2006
2001,2685,2720
2002,1996,2004
2002,2687,2722
2003,1995,2002
2003,2688,2723
2004,1994,2000
2004,2690,2724
2005,1993,1998
2005,2691,2726
2006,1993,1996
2006,2693,2727
2007,1992,1994
2007,2695,2728
2008,2696,2730
2009,2698,2731
2010,2699,2732
2011,2701,2734
2012,2702,2735
2013,2704,2736
2014,2705,2738
2015,2706,2739
2016,2708,2740
2017,2709,2741
2018,2711,2743
2019,2712,2744
2020,2714,2745
2021,2715,2746
2022,2716,2747
2023,2718,2749
2024,2719,2750
2025,2721,2751
2026,2722,2752
2027,2723,2753
2028,2725,2754
2029,2726,2756
2030,2727,2757
2031,2729,2758
2032,2730,2759
2033,2731,2760
2034,2733,2761
2035,2734,2762
2036,2735,2763
2037,2737,2764
2038,2738,2766
2039,2739,2767
2040,2741,2768
2041,2742,2769
2042,2743,2770
2043,2744,2771
2044,2746,2772
2045,2747,2773
2046,2748,2774
2047,2750,2775
2048,2751,2776
2049,2752,2777
2050,2753,2778
2051,2754,2779
2052,2756,2780
2053,2757,2781
2054,2758,2782
2055,2759,2783
2056,2761,2784
2057,2762,2784
2058,2763,2785
2059,2764,2786
2060,2765,2787
2061,2767,2788
2062,2768,2789
2063,2769,2790
2064,2770,2791
2065,2771,2792
2066,2773,2792
2067,2774,2793
2068,2775,2794
2069,2776,2795
2070,2777,2796
2071,2778,2797
2072,2780,2797
2073,2781,2798
2074,2782,2799
2075,2783,2800
2076,2784,2800
2077,2785,2801
2078,2787,2802
2079,2788,2803
2080,2789,2803
2081,2790,2804
2082,2791,2805
2083,2793,2805
3166,2192,2197
2084,2794,2806
3167,2190,2208
2085,2795,2807
3168,2191,2216
2086,2796,2807
3169,2192,2224
2087,2798,2808
3170,2194,2232
2088,2799,2808
3171,2195,2240
3171,2479,2501
2089,2800,2809
3172,2198,2249
3172,2467,2502
2090,2801,2809
3173,2200,2258
3173,2456,2502
2091,2803,2810
3174,2202,2268
3174,2445,2501
2092,2804,2810
3175,2205,2279
3175,2433,2500
2093,2806,2810
3176,2207,2291
3176,2419,2498
2094,2807,2810
3177,2210,2307
3177,2403,2496
2095,2810,2810
1895,2245,2464
1894,2250,2458
1893,2257,2452
1892,2263,2445
1891,2271,2438
1890,2278,2430
1889,2287,2421
1888,2297,2410
1887,2310,2398
1886,2328,2380
