1868,2316,2373
1869,2299,2389
1870,2287,2401
1871,2277,2411
1872,2269,2419
1873,2261,2427
1874,2254,2434
1875,2247,2440
1876,2241,2446
1877,2235,2452
1878,2230,2457
1879,2224,2462
1880,2219,2467
1881,2214,2472
1882,2210,2476
1883,2205,2480
1884,2201,2485
1885,2197,2343
1885,2366,2489
1886,2193,2316
1886,2393,2492
1887,2189,2302
1887,2408,2496
1888,2185,2290
1888,2419,2500
1889,2181,2281
1889,2429,2503
1890,2177,2272
1890,2438,2507
1891,2174,2265
1891,2445,2510
1892,2170,2258
1892,2453,2513
1893,2167,2251
1893,2459,2516
1894,2163,2245
1894,2466,2520
1895,2160,2239
1895,2472,2523
1896,2157,2234
1896,2478,2525
1897,2153,2229
1897,2483,2528
1898,2150,2224
1898,2488,2531
1899,2147,2219
1899,2493,2534
1900,2144,2214
1900,2498,2536
1901,2141,2210
1901,2503,2539
1902,2138,2206
1902,2508,2542
1903,2135,2201
1903,2513,2544
1904,2132,2197
1904,2517,2546
1905,2130,2193
1905,2521,2549
1906,2127,2189
1906,2526,2551
1907,2124,2186
1907,2530,2553
1908,2121,2182
1908,2534,2555
1909,2119,2178
1909,2539,2557
1910,2116,2175
1910,2543,2559
1911,2114,2171
1911,2547,2560
1912,2111,2168
1912,2552,2561
1913,2108,2165
1913,2558,2562
1914,2106,2161
1915,2103,2158
1916,2101,2155
1917,2099,2152
1918,2096,2149
1919,2094,2146
1920,2092,2143
1921,2089,2140
1922,2087,2137
1923,2085,2135
1924,2082,2132
1925,2080,2129
1926,2078,2126
1927,2076,2124
1928,2074,2121
1929,2072,2119
1930,2070,2116
1931,2067,2114
1932,2065,2111
1933,2063,2109
1934,2061,2106
1935,2059,2104
1936,2057,2101
1937,2055,2099
1938,2053,2097
1939,2051,2095
1940,2049,2092
1941,2048,2090
1942,2046,2088
1943,2044,2086
1944,2042,2083
1945,2040,2081
1946,2038,2079
1947,2036,2077
1948,2035,2075
1949,2033,2073
1950,2031,2071
1951,2029,2069
1952,2027,2067
1953,2026,2065
1954,2024,2063
1955,2022,2061
1956,2020,2059
1957,2019,2057
1958,2017,2055
1959,2015,2053
1960,2014,2051
1961,2012,2049
1962,2010,2047
1963,2009,2046
1964,2007,2044
1965,2006,2042
1966,2004,2040
1967,2002,2038
1968,2001,2037
1969,1999,2035
1970,1998,2033
1971,1996,2031
1972,1995,2030
1973,1993,2028
1974,1992,2026
1975,1990,2024
1976,1988,2023
1977,1987,2021
1978,1986,2019
1979,1984,2018
1980,1983,2016
1981,1981,2015
1982,1980,2013
1983,1978,2011
1984,1977,2010
1985,1975,2008
1986,1974,2007
1987,1973,2005
1988,1971,2004
1989,1970,2002
1990,1968,2000
1991,1967,1999
1992,1966,1997
1993,1964,1996
1994,1963,1994
1995,1961,1993
1996,1960,1991
1997,1959,1990
1998,1957,1989
1999,1956,1987
2000,1955,1986
2001,1954,1984
2002,1952,1983
2003,1951,1981
2004,1950,1980
2005,1948,1979
2006,1947,1977
2007,1946,1976
2008,1945,1974
2009,1943,1973
2010,1942,1972
2011,1941,1970
2012,1940,1969
2013,1938,1968
2014,1937,1966
2015,1936,1965
2016,1935,1964
2017,1934,1962
2018,1932,1961
2019,1931,1960
2020,1930,1959
2021,1929,1957
2022,1928,1956
2023,1926,1955
2024,1925,1953
2025,1924,1952
2026,1923,1951
2027,1922,1950
2028,1921,1948
2029,1919,1947
2030,1918,1946
2031,1917,1945
2032,1916,1944
2033,1915,1942
2034,1914,1941
2035,1913,1940
2036,1912,1939
2037,1911,1938
2038,1909,1936
2039,1908,1935
2040,1907,1934
2041,1906,1933
2042,1905,1932
2043,1904,1931
2044,1903,1929
2045,1902,1928
2046,1901,1927
2047,1900,1926
2048,1899,1925
2049,1898,1924
2050,1897,1923
2051,1896,1922
2052,1895,1921
2053,1894,1919
2054,1893,1918
2055,1892,1917
2056,1891,1916
2057,1890,1915
2058,1889,1914
2059,1888,1913
2060,1887,1912
2061,1886,1911
2062,1885,1910
2063,1884,1909
2064,1883,1908
2065,1882,1907
2066,1881,1906
2067,1880,1905
2068,1879,1904
2676,1718,1729
2677,1718,1729
2678,1718,1729
2679,1719,1730
2680,1719,1730
2681,1719,1730
2682,1719,1730
2683,1720,1731
2684,1720,1731
2685,1720,1731
2686,1720,1731
2687,1721,1732
2688,1721,1732
2689,1721,1732
2690,1721,1732
2691,1722,1733
2692,1722,1733
2693,1722,1733
2694,1722,1734
2695,1723,1734
2696,1723,1734
2697,1723,1734
2698,1724,1735
2699,1724,1735
2700,1724,1735
2701,1724,1735
2702,1725,1736
2703,1725,1736
2704,1725,1736
2705,1726,1737
2706,1726,1737
2707,1726,1737
2708,1726,1738
2709,1727,1738
2710,1727,1738
2711,1727,1738
2712,1728,1739
2713,1728,1739
2714,1728,1739
2715,1729,1740
2716,1729,1740
2717,1729,1740
2718,1730,1741
2719,1730,1741
2720,1730,1741
2721,1730,1742
2722,1731,1742
2723,1731,1742
2724,1731,1743
2725,1732,1743
2726,1732,1743
2727,1732,1744
2728,1733,1744
2729,1733,1744
2730,1733,1745
2731,1734,1745
2732,1734,1745
2733,1734,1746
2734,1735,1746
2735,1735,1746
2736,1735,1747
2737,1736,1747
2738,1736,1747
2739,1737,1748
2740,1737,1748
2741,1737,1749
2742,1738,1749
2743,1738,1749
2744,1738,1750
2745,1739,1750
2746,1739,1750
2747,1739,1751
2748,1740,1751
2749,1740,1751
2750,1741,1752
2751,1741,1752
2752,1741,1753
2753,1742,1753
2754,1742,1753
2755,1742,1754
2756,1743,1754
2757,1743,1755
2758,1744,1755
2759,1744,1755
2760,1744,1756
2761,1745,1756
2762,1745,1757
2763,1745,1757
2764,1746,1757
2765,1746,1758
2766,1747,1758
2767,1747,1759
2768,1747,1759
2769,1748,1759
2770,1748,1760
2771,1749,1760
2772,1749,1761
2773,1750,1761
2774,1750,1762
2775,1750,1762
2776,1751,1762
2777,1751,1763
2778,1752,1763
2779,1752,1764
2780,1752,1764
2781,1753,1765
2782,1753,1765
2783,1754,1766
2784,1754,1766
2785,1755,1766
2786,1755,1767
2787,1756,1767
2788,1756,1768
2789,1756,1768
2790,1757,1769
2791,1757,1769
2792,1758,1770
2793,1758,1770
2794,1759,1771
2795,1759,1771
2796,1760,1772
2797,1760,1772
2798,1760,1773
2799,1761,1773
2800,1761,1773
2801,1762,1774
2802,1762,1774
2803,1763,1775
2804,1763,1775
2805,1764,1776
2806,1764,1776
2807,1765,1777
2808,1765,1777
2809,1766,1778
2810,1766,1778
2811,1767,1779
2812,1767,1779
2813,1768,1780
2814,1768,1780
2815,1769,1781
2816,1769,1782
2817,1770,1782
2818,1770,1783
2819,1771,1783
2820,1771,1784
2821,1772,1784
2822,1772,1785
2823,1773,1785
2824,1773,1786
2825,1774,1786
2826,1774,1787
2827,1775,1787
2828,1775,1788
2829,1776,1789
2830,1776,1789
2831,1777,1790
2832,1777,1790
2833,1778,1791
2834,1778,1791
2835,1779,1792
2836,1780,1792
2837,1780,1793
2838,1781,1794
2839,1781,1794
2840,1782,1795
2841,1782,1795
2842,1783,1796
2843,1783,1796
2844,1784,1797
2845,1784,1798
2846,1785,1798
2847,1786,1799
2848,1786,1799
2849,1787,1800
2850,1787,1801
2851,1788,1801
2852,1788,1802
2853,1789,1802
2854,1790,1803
2855,1790,1804
2856,1791,1804
2857,1791,1805
2858,1792,1806
2859,1793,1806
2860,1793,1807
2861,1794,1807
2862,1794,1808
2863,1795,1809
2864,1796,1809
2865,1796,1810
2866,1797,1811
2867,1797,1811
2868,1798,1812
2869,1799,1813
2870,1799,1813
2871,1800,1814
2872,1800,1815
2873,1801,1815
2874,1802,1816
2875,1802,1817
2876,1803,1817
2877,1804,1818
2878,1804,1819
2879,1805,1819
2880,1806,1820
2881,1806,1821
2882,1807,1821
2883,1808,1822
2884,1808,1823
2885,1809,1823
2886,1809,1824
2887,1810,1825
2888,1811,1825
2889,1811,1826
2890,1812,1827
2891,1813,1828
2892,1813,1828
2893,1814,1829
2894,1815,1830
2895,1816,1830
2896,1816,1831
2897,1817,1832
2898,1818,1833
2899,1818,1833
2900,1819,1834
2901,1820,1835
2902,1820,1836
2903,1821,1836
2904,1822,1837
2905,1823,1838
2906,1823,1839
2907,1824,1839
2908,1825,1840
2909,1825,1841
2910,1826,1842
2911,1827,1843
2912,1828,1843
2913,1828,1844
2914,1829,1845
2915,1830,1846
2916,1830,1846
2917,1831,1847
2918,1832,1848
2919,1833,1849
2920,1833,1850
2921,1834,1850
2922,1835,1851
2923,1836,1852
2924,1837,1853
2925,1837,1854
2926,1838,1855
2927,1839,1855
2928,1840,1856
2929,1840,1857
2930,1841,1858
2931,1842,1859
2932,1843,1860
2933,1844,1860
2934,1844,1861
2935,1845,1862
2936,1846,1863
2937,1847,1864
2938,1848,1865
2939,1848,1866
2940,1849,1867
2941,1850,1867
2942,1851,1868
2943,1852,1869
2944,1852,1870
2945,1853,1871
2946,1854,1872
2947,1855,1873
2948,1856,1874
2949,1857,1875
2950,1857,1875
2951,1858,1876
2952,1859,1877
2953,1860,1878
2954,1861,1879
2955,1862,1880
2956,1863,1881
2957,1864,1882
2958,1864,1883
2959,1865,1884
3090,2023,2062
3091,2025,2064
3092,2027,2066
3093,2028,2068
3094,2030,2070
3095,2032,2072
3096,2034,2074
3097,2035,2076
3098,2037,2078
3099,2039,2080
3100,2041,2083
3101,2043,2085
3102,2045,2087
3103,2046,2089
3104,2048,2091
3105,2050,2094
3106,2052,2096
3107,2054,2098
3108,2056,2101
3109,2058,2103
3110,2060,2106
3111,2062,2108
3112,2064,2111
3113,2066,2113
3114,2068,2116
3115,2070,2118
3177,2306,2370
3176,2292,2384
3175,2281,2394
3174,2271,2403
3173,2263,2411
3172,2256,2418
3171,2249,2424
3126,2094,2149
3005,1910,1933
3127,2096,2152
3006,1911,1934
3128,2098,2155
3007,1912,1935
3129,2101,2158
3008,1913,1936
3130,2103,2162
3009,1914,1937
3131,2106,2165
3010,1915,1939
3132,2108,2168
3011,1916,1940
3133,2111,2172
3012,1917,1941
3134,2113,2175
3013,1919,1942
3135,2116,2179
3014,1920,1943
3168,2231,2440
3167,2226,2444
3166,2221,2448
3165,2216,2452
3150,2158,2246
3164,2211,2456
3149,2155,2240
3163,2207,2459
3136,2118,2182
3015,1921,1945
3137,2121,2186
3016,1922,1946
3151,2161,2252
3138,2123,2190
3017,1923,1947
3152,2165,2258
3139,2126,2194
3018,1924,1948
2491,2893,2904
2491,1699,1712
3032,1941,1967
3153,2168,2265
3140,2129,2198
3019,1925,1950
2492,2893,2904
2492,1699,1712
3033,1942,1968
3154,2172,2273
3141,2131,2202
3020,1926,1951
3155,2175,2281
3142,2134,2206
3021,1928,1952
3156,2179,2290
3156,2453,2473
3143,2137,2211
3157,2182,2300
3157,2438,2473
3144,2140,2215
3158,2186,2313
3158,2423,2472
3145,2143,2220
3159,2190,2329
3159,2404,2470
3146,2146,2225
3160,2194,2468
3147,2149,2230
3161,2198,2466
3148,2152,2235
3162,2202,2463
3125,2092,2146
3031,1939,1965
2490,2893,2903
2490,1699,1712
3004,1909,1931
3124,2089,2143
3030,1938,1964
2489,2893,2903
2489,1699,1712
3003,1908,1930
3123,2087,2140
3029,1937,1963
2488,2894,2903
2488,1699,1712
3002,1907,1929
3122,2085,2137
3028,1936,1961
2487,2894,2903
2487,1699,1712
3001,1906,1928
3121,2083,2134
3027,1935,1960
2486,2894,2902
2486,1700,1712
3000,1905,1927
3120,2080,2132
3026,1933,1959
2485,2895,2902
2485,1700,1712
2999,1904,1926
3119,2078,2129
3025,1932,1957
2484,2895,2902
2484,1700,1712
2998,1903,1925
3118,2076,2126
3024,1931,1956
2483,2896,2901
2483,1700,1712
2997,1901,1923
3117,2074,2123
3023,1930,1955
2482,2896,2900
2482,1700,1712
2996,1900,1922
3116,2072,2121
3022,1929,1954
2481,2898,2899
2481,1700,1712
2995,1899,1921
3169,2237,2435
3170,2243,2429
3089,2022,2060
3088,2020,2058
3087,2018,2056
3086,2017,2054
3085,2015,2052
3084,2013,2050
3083,2012,2048
3082,2010,2046
3081,2009,2044
3080,2007,2042
3079,2005,2040
3078,2004,2039
3077,2002,2037
3076,2001,2035
3075,1999,2033
3074,1998,2031
3073,1996,2030
3072,1995,2028
3071,1993,2026
3070,1992,2025
3069,1990,2023
3068,1989,2021
3067,1987,2019
3066,1986,2018
3065,1984,2016
3064,1983,2014
3063,1981,2013
3062,1980,2011
3061,1979,2010
2519,2897,2899
2519,1699,1711
3060,1977,2008
2518,2896,2900
2518,1699,1711
3059,1976,2006
2517,2895,2901
2517,1699,1711
3058,1974,2005
2516,2895,2901
2516,1699,1711
2516,3243,3243
3057,1973,2003
2515,2894,2902
2515,1699,1711
2515,3241,3244
3056,1972,2002
2514,2894,2902
2514,1699,1711
2514,3240,3245
3055,1970,2000
2513,2894,2903
2513,1699,1711
2513,3240,3245
3054,1969,1999
2512,2893,2903
2512,1699,1711
2512,3240,3245
3053,1968,1997
2511,2893,2903
2511,1699,1711
2511,3240,3246
3052,1966,1995
2510,2893,2903
2510,1699,1711
2510,3240,3245
3051,1965,1994
2509,2893,2904
2509,1699,1711
2509,3240,3245
3050,1963,1992
2508,2893,2904
2508,1699,1711
2508,3240,3245
3049,1962,1991
2507,2893,2904
2507,1699,1711
2507,3240,3244
3048,1961,1989
2506,2892,2904
2506,1699,1711
2506,3241,3244
3047,1960,1988
2505,2892,2904
2505,1699,1711
3046,1958,1986
2504,2892,2904
2504,1699,1711
3045,1957,1985
2503,2892,2904
2503,1699,1711
3044,1956,1984
2502,2892,2904
2502,1699,1711
3043,1954,1982
2501,2892,2904
2501,1699,1711
3042,1953,1981
2500,2892,2904
2500,1699,1711
3041,1952,1979
2499,2892,2904
2499,1699,1711
3040,1951,1978
2498,2892,2904
2498,1699,1711
3039,1949,1976
2497,2892,2904
2497,1699,1711
3038,1948,1975
2496,2892,2904
2496,1699,1711
3037,1947,1974
2495,2892,2904
2495,1699,1712
3036,1946,1972
2494,2893,2904
2494,1699,1712
3035,1944,1971
2493,2893,2904
2493,1699,1712
3034,1943,1969
2994,1898,1920
2993,1897,1919
2992,1896,1918
2991,1895,1917
2990,1894,1916
2989,1893,1915
2988,1892,1913
2987,1891,1912
2986,1890,1911
2985,1889,1910
2984,1888,1909
2983,1887,1908
2982,1886,1907
2981,1886,1906
2980,1885,1905
2979,1884,1904
2978,1883,1903
2977,1882,1902
2976,1881,1901
2975,1880,1900
2974,1879,1899
2973,1878,1898
2972,1877,1897
2971,1876,1896
2970,1875,1895
2969,1874,1894
2968,1873,1893
2967,1872,1892
2966,1872,1891
2965,1871,1890
2964,1870,1889
2963,1869,1888
2962,1868,1887
2961,1867,1886
2960,1866,1885
2675,1718,1729
2674,1717,1728
2673,1717,1728
2672,1717,1728
2671,1717,1728
2670,1716,1727
2669,1716,1727
2668,1716,1727
2667,1716,1727
2666,1715,1726
2665,1715,1726
2664,1715,1726
2663,1715,1726
2662,1715,1726
2661,1714,1725
2660,1714,1725
2659,1714,1725
2658,1714,1725
2657,1713,1724
2656,1713,1724
2655,1713,1724
2654,1713,1724
2653,1713,1724
2652,1712,1723
2651,1712,1723
2650,1712,1723
2649,1712,1723
2648,1712,1723
2647,1711,1722
2646,1711,1722
2645,1711,1722
2644,1711,1722
2643,1711,1722
2642,1710,1721
2641,1710,1721
2640,1710,1721
2639,1710,1721
2638,1710,1721
2637,1709,1721
2636,1709,1720
2635,1709,1720
2634,1709,1720
2633,1709,1720
2632,1709,1720
2631,1708,1720
2630,1708,1719
2629,1708,1719
2628,1708,1719
2627,1708,1719
2626,1708,1719
2625,1707,1719
2624,1707,1718
2623,1707,1718
2622,1707,1718
2621,1707,1718
2620,1707,1718
2619,1706,1718
2618,1706,1717
2617,1706,1717
2616,1706,1717
2615,1706,1717
2614,1706,1717
2613,1706,1717
2612,1705,1717
2611,1705,1717
2610,1705,1716
2609,1705,1716
2608,1705,1716
2607,1705,1716
2606,1705,1716
2605,1704,1716
2604,1704,1716
2603,1704,1715
2602,1704,1715
2601,1704,1715
2600,1704,1715
2599,1704,1715
2598,1704,1715
2597,1703,1715
2596,1703,1715
2595,1703,1715
2594,1703,1714
2593,1703,1714
2592,1703,1714
2591,1703,1714
2590,1703,1714
2589,1703,1714
2588,1702,1714
2587,1702,1714
2586,1702,1714
2585,1702,1714
2584,1702,1713
2583,1702,1713
2582,1702,1713
2581,1702,1713
2580,1702,1713
2579,1702,1713
2578,1701,1713
2577,1701,1713
2576,1701,1713
2575,1701,1713
2574,1701,1713
2573,1701,1713
2572,1701,1712
2571,1701,1712
2570,1701,1712
2569,1701,1712
2568,1701,1712
2567,1701,1712
2566,1700,1712
2565,1700,1712
2564,1700,1712
2563,1700,1712
2562,1700,1712
2561,1700,1712
2560,1700,1712
2559,1700,1712
2558,1700,1712
2557,1700,1712
2556,1700,1711
2555,1700,1711
2554,1700,1711
2553,1700,1711
2552,1700,1711
2551,1700,1711
2550,1699,1711
2549,1699,1711
2548,1699,1711
2547,1699,1711
2546,1699,1711
2545,1699,1711
2544,1699,1711
2543,1699,1711
2542,1699,1711
2541,1699,1711
2540,1699,1711
2539,1699,1711
2538,1699,1711
2537,1699,1711
2536,1699,1711
2535,1699,1711
2534,1699,1711
2533,1699,1711
2532,1699,1711
2531,1699,1711
2530,1699,1711
2529,1699,1711
2528,1699,1711
2527,1699,1711
2526,1699,1711
2525,1699,1711
2524,1699,1711
2523,1699,1711
2522,1699,1711
2521,1699,1711
2520,1699,1711
2480,1700,1712
2479,1700,1713
2478,1700,1713
2477,1700,1713
2476,1700,1713
2475,1700,1713
2474,1700,1713
2473,1700,1713
2472,1700,1713
2471,1700,1713
2470,1700,1713
2469,1701,1713
2468,1701,1713
2467,1701,1714
2466,1701,1714
2465,1701,1714
2464,1701,1714
2463,1701,1714
2462,1701,1714
2461,1701,1714
2460,1701,1714
2459,1701,1714
2458,1701,1714
2457,1702,1715
2456,1702,1715
2455,1702,1715
2454,1702,1715
2453,1702,1715
2452,1702,1715
2451,1702,1715
2450,1702,1715
2449,1702,1715
2448,1702,1716
2447,1703,1716
2446,1703,1716
2445,1703,1716
2444,1703,1716
2443,1703,1716
2442,1703,1716
2441,1703,1716
2440,1703,1717
2439,1704,1717
2438,1704,1717
2437,1704,1717
2436,1704,1717
2435,1704,1717
2434,1704,1717
2433,1704,1718
2432,1704,1718
2431,1705,1718
2430,1705,1718
2429,1705,1718
2428,1705,1718
2427,1705,1719
2426,1705,1719
2425,1705,1719
2424,1706,1719
2423,1706,1719
2422,1706,1719
2421,1706,1720
2420,1706,1720
2419,1706,1720
2418,1706,1720
2417,1707,1720
2416,1707,1720
2415,1707,1721
2414,1707,1721
2413,1707,1721
2412,1707,1721
2411,1708,1721
2410,1708,1721
2409,1708,1722
2408,1708,1722
2407,1708,1722
2406,1708,1722
2405,1709,1722
2404,1709,1723
2403,1709,1723
2402,1709,1723
2401,1709,1723
2400,1709,1723
2399,1710,1724
2398,1710,1724
2397,1710,1724
2396,1710,1724
2395,1710,1724
2394,1711,1725
2393,1711,1725
2392,1711,1725
2391,1711,1725
2390,1711,1725
2389,1712,1726
2388,1712,1726
2387,1712,1726
2386,1712,1726
2385,1712,1727
2384,1713,1727
2383,1713,1727
2382,1713,1727
2381,1713,1727
2380,1713,1728
2379,1714,1728
2378,1714,1728
2377,1714,1728
2376,1714,1729
2375,1715,1729
2374,1715,1729
2373,1715,1729
2372,1715,1730
2371,1715,1730
2370,1716,1730
2369,1716,1730
2368,1716,1731
2367,1716,1731
2366,1717,1731
2365,1717,1731
2364,1717,1732
2363,1717,1732
2362,1718,1732
2361,1718,1732
2360,1718,1733
2359,1718,1733
2358,1719,1733
2357,1719,1734
2356,1719,1734
2355,1719,1734
2354,1720,1734
2353,1720,1735
2352,1720,1735
2351,1720,1735
2350,1721,1736
2349,1721,1736
2348,1721,1736
2347,1722,1736
2346,1722,1737
2345,1722,1737
2344,1722,1737
2343,1723,1738
2342,1723,1738
2341,1723,1738
2340,1723,1738
2339,1724,1739
2338,1724,1739
2337,1724,1739
2336,1725,1740
2335,1725,1740
2334,1725,1740
2333,1725,1741
2332,1726,1741
2331,1726,1741
2330,1726,1742
2329,1727,1742
2328,1727,1742
2327,1727,1743
2326,1728,1743
2325,1728,1743
2324,1728,1744
2323,1729,1744
2322,1729,1744
2321,1729,1745
2320,1729,1745
2319,1730,1745
2318,1730,1746
2317,1730,1746
2316,1731,1746
2315,1731,1747
2314,1731,1747
2313,1732,1747
2312,1732,1748
2311,1732,1748
2310,1733,1748
2309,1733,1749
2308,1733,1749
2307,1734,1750
2306,1734,1750
2305,1734,1750
2304,1735,1751
2303,1735,1751
2302,1735,1751
2301,1736,1752
2300,1736,1752
2299,1737,1752
2298,1737,1753
2297,1737,1753
2296,1738,1754
2295,1738,1754
2294,1738,1754
2293,1739,1755
2292,1739,1755
2291,1739,1756
2290,1740,1756
2289,1740,1756
2288,1741,1757
2287,1741,1757
2286,1741,1758
2285,1742,1758
2284,1742,1758
2283,1742,1759
2282,1743,1759
2281,1743,1760
2280,1744,1760
2279,1744,1760
2278,1744,1761
2277,1745,1761
2276,1745,1762
2275,1746,1762
2274,1746,1763
2273,1746,1763
2272,1747,1763
2271,1747,1764
2270,1748,1764
2269,1748,1765
2268,1748,1765
2267,1749,1766
2266,1749,1766
2265,1750,1767
2264,1750,1767
2263,1751,1767
2262,1751,1768
2261,1751,1768
2260,1752,1769
2259,1752,1769
2258,1753,1770
2257,1753,1770
2256,1754,1771
2255,1754,1771
2254,1754,1772
2253,1755,1772
2252,1755,1773
2251,1756,1773
2250,1756,1773
2249,1757,1774
2248,1757,1774
2247,1758,1775
2246,1758,1775
2245,1759,1776
2244,1759,1776
2243,1759,1777
2242,1760,1777
2241,1760,1778
2240,1761,1778
2239,1761,1779
2238,1762,1779
2237,1762,1780
2236,1763,1780
2235,1763,1781
2234,1764,1781
2233,1764,1782
2232,1765,1782
2231,1765,1783
2230,1766,1783
2229,1766,1784
2228,1767,1784
2227,1767,1785
2226,1768,1786
2225,1768,1786
2224,1769,1787
2223,1769,1787
2222,1770,1788
2221,1770,1788
2220,1771,1789
2219,1771,1789
2218,1772,1790
2217,1772,1790
2216,1773,1791
2215,1773,1792
2214,1774,1792
2213,1774,1793
2212,1775,1793
2211,1775,1794
2210,1776,1794
2209,1776,1795
2208,1777,1795
2207,1778,1796
2206,1778,1797
2205,1779,1797
2204,1779,1798
2203,1780,1798
2202,1780,1799
2201,1781,1800
2200,1781,1800
2199,1782,1801
2198,1783,1801
2197,1783,1802
2196,1784,1802
2195,1784,1803
2194,1785,1804
2193,1785,1804
2192,1786,1805
2191,1787,1806
2190,1787,1806
2189,1788,1807
2188,1788,1807
2187,1789,1808
2186,1789,1809
2185,1790,1809
2184,1791,1810
2183,1791,1811
2182,1792,1811
2181,1792,1812
2180,1793,1812
2179,1794,1813
2178,1794,1814
2177,1795,1814
2176,1796,1815
2175,1796,1816
2174,1797,1816
2173,1797,1817
2172,1798,1818
2171,1799,1818
2170,1799,1819
2169,1800,1820
2168,1801,1820
2167,1801,1821
2166,1802,1822
2165,1802,1822
2164,1803,1823
2163,1804,1824
2162,1804,1824
2161,1805,1825
2160,1806,1826
2159,1806,1826
2158,1807,1827
2157,1808,1828
2156,1808,1829
2155,1809,1829
2154,1810,1830
2153,1810,1831
2152,1811,1831
2151,1812,1832
2150,1812,1833
2149,1813,1834
2148,1814,1834
2147,1814,1835
2146,1815,1836
2145,1816,1837
2144,1817,1837
2143,1817,1838
2142,1818,1839
2141,1819,1840
2140,1819,1840
2139,1820,1841
2138,1821,1842
2137,1822,1843
2136,1822,1843
2135,1823,1844
2134,1824,1845
2133,1824,1846
2132,1825,1846
2131,1826,1847
2130,1827,1848
2129,1827,1849
2128,1828,1850
2127,1829,1850
2126,1830,1851
2125,1830,1852
2124,1831,1853
2123,1832,1854
2122,1833,1854
2121,1833,1855
2120,1834,1856
2119,1835,1857
2118,1836,1858
2117,1837,1858
2116,1837,1859
2115,1838,1860
2114,1839,1861
2113,1840,1862
2112,1840,1863
2111,1841,1864
2110,1842,1864
2109,1843,1865
2108,1844,1866
2107,1844,1867
2106,1845,1868
2105,1846,1869
2104,1847,1870
2103,1848,1870
2102,1849,1871
2101,1849,1872
2100,1850,1873
2099,1851,1874
2098,1852,1875
2097,1853,1876
2096,1854,1877
2095,1854,1878
2094,1855,1878
2093,1856,1879
2092,1857,1880
2091,1858,1881
2090,1859,1882
2089,1860,1883
2088,1861,1884
2087,1861,1885
2086,1862,1886
2085,1863,1887
2084,1864,1888
2083,1865,1889
2082,1866,1890
2081,1867,1891
2080,1868,1892
2079,1869,1893
2078,1870,1894
2077,1870,1895
2076,1871,1896
2075,1872,1897
2074,1873,1898
2073,1874,1899
2072,1875,1900
2071,1876,1901
2070,1877,1902
2069,1878,1903
