1932,2290,2313
1933,2275,2323
1934,2265,2327
1935,2257,2329
1936,2251,2330
1937,2244,2329
1938,2239,2327
1939,2234,2324
1940,2229,2321
1941,2224,2317
1978,2137,2140
1977,2135,2147
1976,2135,2152
1975,2136,2157
1974,2137,2161
1945,2208,2297
3215,2478,2532
1946,2204,2291
3216,2470,2532
1947,2200,2286
3217,2462,2531
1948,2197,2280
3218,2455,2530
1949,2194,2275
3219,2447,2529
1968,2146,2187
2476,3235,3241
3238,2377,2473
1966,2150,2195
3236,2374,2483
2474,3234,3240
1967,2148,2191
3237,2375,2478
2475,3234,3241
1944,2211,2302
3214,2486,2532
1943,2215,2307
3213,2495,2531
1942,2220,2312
3212,2505,2529
1969,2144,2182
3239,2380,2467
2477,3235,3241
1970,2143,2178
3240,2384,2461
2478,3235,3241
1971,2141,2174
3241,2389,2454
2479,3236,3241
1972,2140,2170
3242,2396,2444
2480,3236,3241
1973,2138,2166
3243,2410,2428
2481,3237,3240
3220,2440,2528
1950,2190,2270
3221,2432,2526
1951,2187,2265
3222,2425,2524
1952,2184,2259
3223,2418,2522
1953,2181,2254
3224,2411,2520
1954,2179,2249
3225,2405,2518
1955,2176,2245
3226,2399,2516
1956,2173,2240
3227,2394,2513
1957,2170,2235
3228,2389,2511
1958,2168,2230
3229,2385,2508
1959,2165,2226
3230,2381,2505
1960,2163,2221
3231,2378,2502
1961,2161,2217
3232,2376,2498
1962,2158,2212
3233,2375,2495
2471,3236,3238
1963,2156,2208
3234,2374,2491
2472,3235,3239
1964,2154,2204
3235,2374,2487
2473,3235,3240
1965,2152,2199
