1821,2213,2229
1822,2202,2234
1823,2194,2236
1824,2188,2236
1825,2182,2236
1826,2177,2235
1827,2172,2233
2680,2885,2885
2679,2884,2886
2678,2884,2887
2677,2883,2887
2676,2883,2888
2675,2883,2888
2674,2883,2888
2673,2882,2889
2672,2882,2889
1900,2017,2024
2671,2882,2889
1899,2017,2027
2670,2882,2890
1898,2018,2030
2669,2882,2890
1897,2018,2033
2668,2882,2890
2541,3231,3234
1896,2019,2036
2667,2881,2890
2540,3231,3235
1895,2020,2039
2666,2881,2891
2539,3231,3235
1894,2021,2041
2665,2881,2891
2538,3230,3236
1893,2022,2044
2664,2881,2891
2537,3231,3236
1892,2023,2047
2663,2881,2891
2536,3231,3236
1891,2025,2049
2662,2881,2892
2535,3231,3236
1890,2026,2052
2661,2881,2892
2534,3232,3235
1889,2027,2054
2660,2881,2892
2533,3233,3234
1888,2028,2057
2659,2881,2892
1867,2062,2113
2638,2880,2895
1866,2064,2115
2637,2880,2895
1865,2066,2118
2636,2880,2895
1864,2068,2121
2635,2880,2895
1863,2070,2124
2634,2880,2895
1862,2072,2127
2633,2880,2895
2642,2880,2894
1871,2055,2102
1861,2074,2130
2632,2880,2895
2641,2880,2894
1870,2057,2104
1860,2076,2133
2631,2880,2895
2640,2880,2894
1869,2058,2107
2639,2880,2895
1868,2060,2110
1872,2053,2099
2643,2880,2894
1873,2051,2096
2644,2880,2894
1874,2050,2093
2645,2880,2894
1875,2048,2091
2646,2880,2894
1876,2046,2088
2647,2880,2894
1877,2045,2085
2648,2880,2894
1878,2043,2083
2649,2880,2894
1879,2041,2080
2650,2880,2893
1880,2040,2078
2651,2880,2893
1881,2038,2075
2652,2880,2893
1882,2037,2072
2653,2880,2893
1883,2035,2070
2654,2880,2893
1884,2034,2067
2655,2880,2893
1885,2032,2065
2656,2881,2893
1886,2031,2062
2657,2881,2892
1887,2030,2060
2658,2881,2892
1850,2098,2163
2621,2881,2895
2630,2880,2895
1859,2078,2136
1849,2100,2167
2620,2881,2895
2629,2880,2895
1858,2080,2139
1848,2103,2170
2619,2881,2895
2628,2880,2895
1857,2082,2142
1847,2106,2173
2618,2881,2894
2627,2880,2895
1856,2084,2145
1846,2108,2176
2617,2881,2894
2626,2880,2895
1855,2086,2148
1845,2111,2180
2616,2881,2894
2625,2880,2895
1854,2089,2151
1844,2113,2183
2615,2881,2894
2624,2881,2895
1853,2091,2154
1843,2116,2186
2614,2882,2894
2623,2881,2895
1852,2093,2157
1842,2119,2189
2613,2882,2894
2622,2881,2895
1851,2096,2160
1841,2122,2193
2612,2882,2894
1840,2125,2196
2611,2882,2894
1839,2128,2199
2610,2882,2893
1838,2131,2202
2609,2883,2893
1837,2134,2206
2608,2883,2893
1836,2137,2209
2607,2883,2893
1835,2140,2212
2606,2883,2892
1834,2144,2215
2605,2884,2892
1833,2147,2218
2604,2884,2892
1832,2151,2221
2603,2885,2891
1831,2155,2224
2602,2885,2891
1830,2159,2226
2601,2886,2890
1829,2163,2229
2600,2886,2890
1828,2167,2231
2599,2888,2888
