2256,2896,2896
2257,2895,2898
2258,2895,2899
2259,2895,2900
2260,2895,2900
2261,2895,2901
2262,2895,2902
2263,2895,2902
2264,2895,2903
2265,2895,2903
2266,2895,2904
2267,2895,2904
2268,2895,2905
2269,2895,2905
2270,2895,2906
2271,2896,2906
2272,2896,2907
2273,2896,2907
2274,2896,2908
2275,2896,2908
2276,2896,2908
2277,2896,2909
2278,2897,2909
2279,2897,2910
2280,2897,2910
2281,2897,2910
2282,2897,2911
2283,2897,2911
2284,2897,2911
2285,2898,2912
2286,2898,2912
2287,2898,2912
2288,2898,2912
2289,2898,2913
2290,2898,2913
2291,2899,2913
2292,2899,2914
2293,2899,2914
2294,2899,2914
2295,2899,2914
2296,2899,2915
2297,2899,2915
2298,2900,2915
2299,2900,2915
2300,2900,2915
2301,2900,2916
2302,2900,2916
2303,2900,2916
2304,2901,2916
2305,2901,2916
2306,2901,2917
2307,2901,2917
2308,2901,2917
2309,2901,2917
2310,2901,2917
2311,2901,2917
2312,2902,2918
2313,2902,2918
2314,2902,2918
2315,2902,2918
2316,2902,2918
2317,2902,2918
2380,2913,2914
2379,2912,2914
2378,2911,2915
2377,2911,2916
2376,2911,2916
2375,2910,2916
2374,2910,2917
2373,2910,2917
2372,2909,2917
2371,2909,2917
2370,2909,2918
2369,2909,2918
2368,2909,2918
2367,2908,2918
2366,2908,2918
2365,2908,2918
2364,2908,2918
2363,2908,2919
2362,2908,2919
2361,2907,2919
2360,2907,2919
2359,2907,2919
2358,2907,2919
2357,2907,2919
2356,2907,2919
2355,2907,2919
2354,2907,2919
2353,2906,2919
2352,2906,2919
3206,2514,2521
3207,2500,2527
2318,2902,2918
3208,2490,2529
2319,2903,2918
3209,2481,2530
2320,2903,2918
3210,2473,2529
2321,2903,2919
1926,2307,2314
3211,2464,2529
2322,2903,2919
1927,2285,2332
3212,2456,2528
2323,2903,2919
1928,2274,2339
3213,2448,2527
2324,2903,2919
1929,2265,2343
3214,2440,2526
2325,2903,2919
1975,2128,2137
1974,2128,2142
1957,2157,2213
1942,2200,2291
3227,2363,2493
2338,2905,2920
1956,2160,2218
1941,2204,2297
3226,2365,2497
2337,2905,2920
1955,2162,2222
1940,2208,2303
3225,2368,2500
2336,2905,2920
1954,2165,2227
1939,2212,2309
3224,2372,2503
2335,2904,2920
1953,2167,2231
1938,2216,2315
3223,2376,2506
2334,2904,2919
1937,2220,2322
3222,2381,2509
2333,2904,2919
1936,2224,2327
3221,2387,2511
2332,2904,2919
1973,2129,2147
1935,2229,2333
3220,2394,2514
2331,2904,2919
1972,2130,2151
1934,2234,2337
3219,2401,2516
2330,2904,2919
1971,2131,2155
1933,2239,2341
3218,2408,2518
2329,2904,2919
2484,3239,3241
1970,2132,2159
2351,2906,2919
1932,2245,2343
3217,2416,2520
2328,2904,2919
2483,3238,3242
1969,2134,2163
2350,2906,2920
1931,2251,2345
3216,2424,2522
2327,2904,2919
2482,3237,3242
1968,2135,2167
2349,2906,2920
1930,2257,2345
3215,2432,2524
2326,2903,2919
1958,2155,2209
1943,2197,2285
3228,2362,2489
2339,2905,2920
1959,2153,2204
1944,2194,2279
3229,2362,2486
2340,2905,2920
1945,2190,2273
3230,2362,2481
2341,2905,2920
1946,2187,2267
3231,2363,2477
2342,2905,2920
2476,3236,3241
1962,2146,2192
1947,2184,2262
3232,2365,2472
2343,2905,2920
2477,3236,3242
1963,2144,2188
1948,2181,2256
3233,2367,2467
2344,2905,2920
2478,3236,3242
1964,2142,2184
1949,2178,2251
3234,2371,2461
2345,2906,2920
2479,3236,3242
1965,2140,2180
1950,2175,2246
3235,2375,2454
2346,2906,2920
2480,3236,3242
1966,2139,2176
1960,2151,2200
2474,3237,3239
1951,2173,2241
3236,2381,2446
2347,2906,2920
2481,3236,3242
1967,2137,2172
1961,2148,2196
2475,3236,3240
1952,2170,2236
3237,2390,2435
2348,2906,2920
