1826,2215,2239
2597,2884,2895
1827,2206,2242
2598,2883,2895
1828,2198,2243
2599,2883,2895
1829,2192,2243
2600,2883,2895
1830,2186,2242
2601,2883,2895
1831,2181,2241
2602,2883,2895
1832,2176,2239
2603,2883,2895
1833,2171,2237
2604,2882,2896
1834,2167,2234
2605,2882,2896
1835,2162,2232
2606,2882,2896
1836,2158,2229
2607,2882,2896
1837,2155,2226
2608,2882,2896
1838,2151,2223
2609,2882,2896
1839,2147,2220
2610,2882,2896
1840,2144,2216
2611,2882,2896
1841,2140,2213
2612,2882,2896
1842,2137,2210
2613,2882,2896
1843,2134,2206
2614,2882,2896
2926,2780,2781
1844,2131,2203
2615,2882,2896
2927,2779,2781
1845,2128,2199
2616,2882,2896
2928,2778,2780
1846,2125,2196
2617,2882,2896
2929,2776,2779
1847,2122,2193
2618,2882,2896
2930,2775,2779
1848,2119,2189
2619,2882,2896
2931,2774,2778
1849,2116,2186
2620,2882,2896
2932,2773,2777
1850,2114,2183
2621,2882,2896
2933,2772,2777
1851,2111,2179
2622,2882,2896
2934,2771,2776
1852,2108,2176
2623,2882,2896
2935,2769,2775
1853,2106,2173
2624,2882,2896
2936,2768,2774
1854,2103,2169
2625,2882,2895
2643,2884,2892
2642,2884,2893
2953,2749,2759
1871,2065,2118
2641,2884,2893
2952,2751,2760
1870,2067,2121
2650,2887,2889
2640,2884,2893
2951,2752,2761
1869,2069,2124
2649,2887,2890
2639,2884,2893
2950,2753,2762
1868,2071,2127
2648,2886,2890
2638,2883,2894
2949,2754,2763
1867,2074,2129
2647,2886,2891
2637,2883,2894
2948,2755,2764
1866,2076,2132
2646,2885,2891
2636,2883,2894
2947,2756,2765
1865,2078,2135
2645,2885,2892
2635,2883,2894
2946,2757,2766
1864,2080,2138
2644,2885,2892
2634,2883,2894
2945,2758,2767
1863,2082,2141
2633,2883,2895
2944,2759,2768
1862,2084,2144
2940,2764,2771
1858,2093,2157
2629,2882,2895
2941,2763,2770
1859,2091,2153
2630,2882,2895
2942,2762,2769
1860,2089,2150
2631,2883,2895
2943,2761,2769
1861,2086,2147
2632,2883,2895
2626,2882,2895
2937,2767,2774
1855,2101,2166
2627,2882,2895
2938,2766,2773
1856,2098,2163
2628,2882,2895
2939,2765,2772
1857,2096,2160
2531,3234,3236
3045,2623,2631
2532,3233,3236
3046,2622,2628
2533,3232,3237
3047,2621,2626
2534,3232,3237
3048,2619,2623
2535,3232,3237
3049,2618,2621
2536,3232,3237
2537,3232,3237
2538,3232,3236
2539,3233,3235
2596,2884,2894
2595,2884,2894
2594,2884,2894
2593,2885,2894
2592,2885,2893
2591,2885,2893
2590,2886,2892
2589,2886,2892
2588,2887,2891
2587,2888,2890
1887,2037,2076
2969,2731,2743
1888,2035,2073
2970,2730,2742
1889,2034,2071
2971,2728,2741
1890,2032,2069
2972,2727,2740
1891,2031,2066
2973,2726,2739
1892,2029,2064
2974,2725,2738
1893,2028,2061
2975,2724,2736
1894,2026,2059
2976,2722,2735
1895,2025,2056
2977,2721,2734
1896,2024,2054
2978,2720,2733
1897,2022,2052
2979,2719,2732
1898,2021,2049
2980,2717,2731
1899,2019,2047
2981,2716,2729
1900,2018,2044
2982,2715,2728
1901,2017,2042
2983,2714,2727
1902,2016,2040
2984,2712,2726
1903,2014,2037
2985,2711,2725
1904,2013,2035
2986,2710,2724
1905,2012,2032
2987,2708,2722
1906,2011,2030
2988,2707,2721
1907,2010,2027
2989,2706,2720
1908,2009,2025
2990,2705,2719
1909,2008,2022
2991,2703,2717
1910,2007,2020
2992,2702,2716
1911,2006,2017
2993,2701,2715
1912,2006,2014
2994,2699,2713
1913,2006,2010
2995,2698,2712
2996,2697,2711
2997,2695,2710
2998,2694,2708
2999,2692,2707
3000,2691,2706
3001,2690,2704
3002,2688,2703
3003,2687,2701
3004,2686,2700
3005,2684,2699
3006,2683,2697
3007,2681,2696
3008,2680,2694
3009,2678,2693
3010,2677,2692
3011,2676,2690
3012,2674,2689
3013,2673,2687
3014,2671,2686
3015,2670,2684
3016,2668,2683
3017,2667,2681
3018,2665,2679
3019,2664,2678
3020,2662,2676
3021,2661,2675
3022,2659,2673
3023,2658,2672
3024,2656,2670
3025,2655,2668
3026,2653,2667
3027,2652,2665
3028,2650,2663
3029,2648,2661
3030,2647,2660
3031,2645,2658
3032,2644,2656
3033,2642,2654
3034,2641,2653
3035,2639,2651
3036,2637,2649
3037,2636,2647
3038,2634,2645
3039,2633,2643
3040,2631,2641
3041,2630,2639
3042,2628,2637
3043,2626,2635
3044,2625,2633
1886,2039,2078
2968,2732,2744
1885,2040,2081
2967,2733,2745
1884,2042,2084
2966,2734,2746
1883,2044,2086
2965,2736,2747
1882,2045,2089
2964,2737,2748
1881,2047,2091
2963,2738,2749
1880,2049,2094
2962,2739,2750
1879,2051,2096
2961,2740,2751
1878,2052,2099
2960,2741,2752
1877,2054,2102
2959,2743,2753
1876,2056,2104
2958,2744,2754
1875,2058,2107
2957,2745,2755
1874,2060,2110
2956,2746,2756
1873,2062,2113
2955,2747,2757
1872,2064,2115
2954,2748,2758
