2576,2894,2894
2575,2892,2895
2574,2891,2896
2573,2891,2897
2572,2890,2897
2571,2890,2897
2570,2889,2898
2569,2889,2898
2568,2889,2898
2567,2889,2899
2566,2888,2899
2565,2888,2899
2564,2888,2899
2563,2888,2899
2562,2888,2899
2561,2888,2899
2560,2887,2899
2559,2887,2900
2558,2887,2900
2557,2887,2900
2556,2887,2900
1846,2266,2290
1847,2251,2299
1848,2241,2302
1849,2233,2303
1850,2225,2302
1851,2219,2300
1852,2213,2296
1853,2207,2293
1854,2202,2288
1855,2197,2283
1856,2192,2278
1857,2187,2273
1858,2183,2268
1859,2179,2263
1860,2174,2258
1861,2170,2253
1862,2167,2248
1863,2163,2243
1864,2159,2239
1865,2156,2234
1866,2152,2229
1867,2149,2225
1868,2146,2221
1869,2142,2216
1870,2139,2212
1871,2136,2208
1872,2133,2204
1873,2130,2200
1874,2127,2196
1875,2124,2193
1876,2121,2189
1877,2119,2185
1878,2116,2182
1879,2113,2178
1880,2110,2175
1881,2108,2171
1882,2105,2168
1883,2103,2165
1884,2100,2162
1885,2098,2158
1886,2095,2155
1887,2093,2152
1888,2090,2149
1889,2088,2146
1890,2086,2143
1891,2083,2140
1892,2081,2137
1893,2079,2135
1894,2077,2132
2555,2887,2900
2041,1883,1883
2554,2887,2900
2040,1883,1885
2553,2887,2900
2039,1883,1886
2552,2887,2900
2038,1884,1888
2551,2887,2900
2037,1885,1889
2550,2887,2899
2036,1885,1891
2549,2887,2899
2035,1886,1892
2548,2887,2899
2034,1887,1893
2547,2888,2899
2033,1887,1894
2546,2888,2899
2032,1888,1896
2545,2888,2899
2031,1889,1897
2544,2888,2899
2030,1890,1898
2543,2888,2898
2029,1891,1899
2542,2888,2898
2028,1891,1901
2541,2889,2898
2027,1892,1902
2540,2889,2898
2026,1893,1903
2539,2889,2897
2025,1894,1904
2538,2890,2897
2024,1895,1906
2537,2890,2896
2023,1896,1907
2536,2891,2896
2022,1897,1908
1953,1975,2006
1952,1976,2008
1951,1978,2010
1950,1979,2011
1949,1980,2013
1948,1982,2015
1947,1983,2017
1946,1985,2018
1945,1986,2020
1944,1988,2022
1943,1989,2024
1942,1990,2026
1941,1992,2027
1940,1993,2029
1939,1995,2031
1938,1997,2033
1937,1998,2035
1936,2000,2037
1935,2001,2039
1934,2003,2040
1933,2004,2042
1932,2006,2044
1931,2007,2046
1930,2009,2048
1929,2011,2050
1928,2012,2052
1927,2014,2054
1926,2016,2056
1925,2017,2058
1924,2019,2060
1907,2050,2098
1906,2052,2101
1905,2054,2103
1904,2056,2105
1903,2058,2108
1902,2060,2110
1901,2062,2113
1900,2064,2116
1899,2066,2118
1898,2068,2121
1897,2070,2123
1896,2072,2126
1895,2074,2129
1908,2048,2096
1909,2046,2093
1910,2044,2091
1911,2042,2089
1912,2040,2086
1913,2038,2084
1914,2037,2082
1915,2035,2080
1916,2033,2077
1917,2031,2075
1918,2029,2073
1919,2028,2071
1920,2026,2069
1921,2024,2067
1922,2022,2064
1923,2021,2062
1954,1973,2005
1955,1972,2003
1956,1971,2001
1957,1969,2000
1958,1968,1998
1959,1967,1996
1960,1965,1995
1961,1964,1993
1962,1963,1992
1963,1961,1990
1964,1960,1988
1965,1959,1987
1966,1957,1985
1967,1956,1984
1968,1955,1982
1969,1954,1981
1970,1952,1979
1971,1951,1978
1972,1950,1976
1973,1949,1975
1974,1947,1973
1975,1946,1972
1976,1945,1970
1977,1944,1969
1978,1943,1967
1979,1941,1966
1980,1940,1964
1981,1939,1963
1982,1938,1961
1983,1937,1960
1984,1936,1958
1985,1934,1957
1986,1933,1956
1987,1932,1954
1988,1931,1953
1989,1930,1951
1990,1929,1950
1991,1928,1949
1992,1927,1947
1993,1926,1946
1994,1924,1944
1995,1923,1943
1996,1922,1942
1997,1921,1940
1998,1920,1939
1999,1919,1938
2000,1918,1936
2001,1917,1935
2002,1916,1934
2003,1915,1932
2004,1914,1931
2005,1913,1930
2520,3239,3240
2006,1912,1929
2521,3238,3241
2007,1911,1927
2522,3237,3242
2008,1910,1926
2523,3237,3242
2009,1909,1925
2524,3236,3242
2010,1908,1923
2525,3236,3242
2011,1907,1922
2526,3236,3242
2012,1906,1921
2527,3237,3242
2013,1905,1920
2528,3237,3241
2014,1904,1918
2529,3238,3240
2015,1903,1917
2016,1902,1916
2017,1901,1914
2018,1900,1913
2019,1899,1912
2020,1898,1911
2535,2892,2895
2021,1898,1909
