1842,2244,2278
1843,2233,2282
1844,2225,2283
1845,2218,2282
1846,2211,2281
1847,2205,2278
1848,2200,2275
1849,2194,2272
1850,2189,2268
1851,2185,2264
1852,2180,2260
1853,2176,2256
1854,2172,2251
1855,2168,2247
1856,2164,2243
1857,2160,2238
1858,2157,2234
1859,2153,2230
1860,2150,2225
1861,2146,2221
1862,2143,2217
1863,2140,2213
1864,2137,2209
1865,2133,2205
1866,2130,2201
1867,2127,2198
1868,2125,2194
1869,2122,2190
1870,2119,2187
1871,2116,2183
1872,2113,2180
1873,2111,2176
1874,2108,2173
1875,2105,2169
1876,2103,2166
1877,2100,2163
1878,2098,2160
1879,2095,2157
1880,2093,2153
1881,2091,2150
1882,2088,2147
1883,2086,2144
1884,2084,2141
1989,1931,1932
1988,1931,1935
1987,1932,1937
1986,1932,1938
1985,1933,1940
1984,1934,1942
1983,1935,1943
1982,1936,1945
1981,1937,1947
1980,1938,1948
1979,1938,1950
1978,1939,1952
1977,1940,1953
1976,1941,1955
1975,1942,1956
1974,1943,1958
1973,1945,1960
1972,1946,1961
1971,1947,1963
1970,1948,1964
1969,1949,1966
1968,1950,1968
1967,1951,1969
1966,1952,1971
1965,1953,1972
1964,1954,1974
1963,1956,1976
1962,1957,1977
1961,1958,1979
1960,1959,1981
1959,1960,1982
1958,1962,1984
1957,1963,1985
1888,2075,2130
2523,3238,3239
1887,2077,2133
1886,2079,2136
1885,2081,2139
2532,3237,3239
1897,2056,2106
2546,2892,2893
1911,2030,2073
2547,2890,2894
1912,2028,2071
2548,2890,2895
1913,2027,2069
2549,2889,2895
1914,2025,2066
2550,2889,2896
1915,2023,2064
2551,2888,2896
1916,2022,2062
2552,2888,2897
1917,2020,2060
2553,2888,2897
1918,2018,2058
2554,2887,2897
1919,2017,2056
2555,2887,2898
1920,2015,2054
2556,2887,2898
1921,2013,2052
2557,2887,2898
1922,2012,2050
2558,2887,2898
1923,2010,2048
2559,2887,2898
1924,2009,2045
2560,2886,2898
1925,2007,2043
2561,2886,2898
1926,2005,2042
2579,2887,2898
1944,1980,2008
2578,2887,2898
1943,1981,2010
2577,2887,2898
1942,1982,2011
2576,2887,2898
1941,1984,2013
2575,2887,2898
1940,1985,2015
2574,2886,2899
1939,1986,2017
2573,2886,2899
1938,1988,2019
2572,2886,2899
1937,1989,2020
2571,2886,2899
1936,1991,2022
2570,2886,2899
1935,1992,2024
2569,2886,2899
1934,1994,2026
2568,2886,2899
1933,1995,2028
2567,2886,2899
1932,1996,2030
2580,2887,2898
1945,1978,2006
2581,2888,2898
1946,1977,2004
2582,2888,2897
1947,1975,2003
2524,3237,3240
1889,2073,2127
2583,2888,2897
1948,1974,2001
2525,3236,3241
1890,2070,2125
2584,2888,2897
1949,1973,1999
2526,3236,3241
1891,2068,2122
2585,2889,2896
1950,1972,1997
2527,3235,3241
1892,2066,2119
2586,2889,2896
1951,1970,1996
2528,3235,3241
1893,2064,2116
2587,2890,2896
1952,1969,1994
2529,3235,3241
1894,2062,2114
2588,2890,2895
1953,1968,1992
2530,3236,3240
1895,2060,2111
2589,2891,2894
1954,1966,1991
2531,3236,3240
1896,2058,2109
2590,2892,2893
1955,1965,1989
2566,2886,2899
1931,1998,2032
2565,2886,2899
1930,1999,2034
2564,2886,2899
1929,2001,2036
2563,2886,2899
1928,2002,2038
2562,2886,2899
1927,2004,2040
1898,2054,2104
1899,2052,2101
1900,2050,2099
1901,2048,2096
1902,2046,2094
1903,2045,2091
1904,2043,2089
1905,2041,2087
1906,2039,2084
1907,2037,2082
1908,2035,2080
1909,2034,2077
1910,2032,2075
1956,1964,1987
