1875,2318,2384
1876,2302,2399
1877,2291,2411
1878,2281,2420
1879,2272,2429
1880,2265,2437
1881,2258,2444
1882,2251,2450
1883,2245,2456
1884,2239,2462
1885,2234,2467
1886,2228,2473
1887,2223,2477
1888,2219,2482
1889,2214,2487
1890,2209,2491
1891,2205,2496
1892,2201,2500
1893,2197,2504
1894,2193,2321
1894,2382,2508
1895,2189,2304
1895,2398,2511
1896,2185,2292
1896,2410,2515
1897,2181,2282
1897,2420,2519
1898,2178,2273
1898,2429,2522
1899,2174,2265
1899,2437,2526
1900,2171,2258
1900,2444,2529
1901,2167,2252
1901,2451,2532
1902,2164,2246
1902,2457,2536
1903,2161,2240
1903,2463,2539
1904,2158,2234
1904,2468,2542
1905,2155,2229
1905,2474,2545
1906,2151,2224
1906,2479,2548
1907,2148,2219
1907,2484,2551
1908,2145,2214
1908,2488,2554
1909,2143,2210
1909,2493,2557
1910,2140,2205
1910,2497,2559
1911,2137,2201
1911,2501,2562
1912,2134,2197
1912,2506,2565
1913,2131,2193
1913,2510,2568
1914,2129,2189
1914,2514,2570
1915,2126,2185
1915,2517,2573
1916,2123,2182
1916,2521,2575
1917,2121,2178
1917,2525,2578
1918,2118,2175
1918,2528,2580
1919,2115,2171
1919,2532,2583
1920,2113,2168
1920,2535,2585
1921,2110,2164
1921,2539,2588
1922,2108,2161
1922,2542,2590
1923,2106,2158
1923,2545,2592
1924,2103,2155
1924,2548,2595
2172,1815,1815
2171,1815,1816
2170,1815,1817
2169,1816,1818
2168,1816,1819
2167,1817,1819
2166,1817,1820
2165,1818,1821
2164,1818,1822
2163,1819,1823
2162,1820,1824
2161,1820,1824
2160,1821,1825
2159,1821,1826
2158,1822,1827
2157,1823,1828
2156,1823,1828
2155,1824,1829
2154,1824,1830
2153,1825,1831
2152,1826,1832
2151,1826,1832
2150,1827,1833
2149,1828,1834
2148,1828,1835
2147,1829,1836
2146,1830,1837
2145,1830,1837
2144,1831,1838
2143,1832,1839
2142,1832,1840
2141,1833,1841
2140,1834,1841
2139,1834,1842
2138,1835,1843
2137,1836,1844
2136,1836,1845
2135,1837,1846
2134,1838,1846
2133,1838,1847
2132,1839,1848
2131,1840,1849
2130,1841,1850
2129,1841,1851
2128,1842,1852
2127,1843,1852
2126,1843,1853
2125,1844,1854
2124,1845,1855
2123,1846,1856
2122,1846,1857
2121,1847,1858
2120,1848,1859
2119,1849,1859
2118,1849,1860
2117,1850,1861
2116,1851,1862
2115,1852,1863
2114,1853,1864
2113,1853,1865
2112,1854,1866
2111,1855,1867
2110,1856,1868
2109,1856,1868
2108,1857,1869
2107,1858,1870
2106,1859,1871
2105,1860,1872
1942,2064,2106
1942,2599,2631
2483,2894,2906
1943,2062,2103
1943,2601,2633
2484,2894,2906
1944,2060,2101
1944,2604,2635
2485,2894,2906
1945,2058,2099
1945,2606,2637
2486,2894,2906
1972,2011,2043
1972,2667,2677
1946,2056,2096
1946,2608,2639
2487,2894,2906
1973,2009,2041
1973,2669,2678
1947,2054,2094
1947,2611,2640
2488,2894,2906
1974,2007,2039
1974,2671,2679
1948,2052,2092
1948,2613,2642
2489,2894,2906
1975,2006,2037
1975,2674,2680
1949,2050,2089
1949,2616,2644
2490,2894,2906
1976,2004,2036
1976,2676,2681
1950,2048,2087
1950,2618,2646
2491,2894,2906
1977,2003,2034
1977,2680,2681
1951,2047,2085
1951,2620,2647
2492,2894,2906
1978,2001,2032
2076,1885,1901
3158,2165,2250
2077,1884,1900
3159,2169,2256
2078,1883,1899
3160,2172,2264
2079,1882,1898
3161,2175,2271
3161,2471,2486
2080,1881,1897
3162,2178,2280
3162,2457,2487
2081,1880,1896
3163,2182,2289
3163,2445,2487
2082,1879,1895
3164,2185,2300
3164,2431,2486
2083,1878,1894
3165,2189,2314
3165,2416,2484
2084,1878,1893
3166,2192,2333
3166,2396,2482
2085,1877,1892
3167,2196,2480
2086,1876,1891
3168,2200,2477
2087,1875,1890
3169,2204,2474
2088,1874,1889
3170,2208,2471
2089,1873,1888
3171,2212,2468
2090,1872,1887
3172,2216,2465
2091,1871,1886
3173,2221,2461
2092,1871,1885
3174,2225,2457
2093,1870,1884
3175,2230,2453
2094,1869,1883
3176,2235,2449
2095,1868,1882
3177,2240,2444
2096,1867,1881
3178,2246,2439
2097,1866,1880
3179,2252,2434
2098,1865,1879
3180,2258,2428
2099,1865,1878
3181,2265,2422
2100,1864,1877
3182,2272,2415
2101,1863,1876
3183,2281,2407
2102,1862,1875
3184,2290,2398
2103,1861,1874
3185,2302,2387
2104,1860,1873
3186,2317,2372
2075,1886,1902
3157,2162,2244
2074,1887,1903
3156,2159,2238
2073,1888,1904
3155,2156,2232
2072,1889,1905
3154,2153,2227
2071,1890,1906
3153,2151,2221
2070,1890,1907
3152,2148,2216
2069,1891,1908
3151,2145,2212
2068,1892,1909
3150,2142,2207
2067,1893,1910
3149,2140,2202
2066,1894,1911
3148,2137,2198
2065,1895,1913
3147,2134,2194
2064,1896,1914
3146,2132,2190
2063,1897,1915
3145,2129,2186
2062,1898,1916
3144,2127,2182
2061,1899,1917
3143,2124,2178
2060,1900,1918
3142,2122,2174
2059,1901,1919
3141,2119,2171
1991,1982,2010
2058,1902,1920
3140,2117,2167
1990,1983,2012
2057,1903,1921
3139,2115,2163
1989,1985,2013
2056,1904,1923
3138,2112,2160
1988,1986,2015
2055,1905,1924
3137,2110,2157
1987,1988,2017
1986,1989,2018
1985,1991,2020
1957,2036,2072
1957,2634,2657
2498,2895,2904
1984,1992,2022
1956,2038,2074
1956,2632,2655
2497,2895,2905
1983,1994,2023
1955,2039,2076
1955,2629,2654
2496,2895,2905
1982,1995,2025
1954,2041,2078
1954,2627,2652
2495,2894,2905
1981,1997,2027
1953,2043,2081
1953,2625,2651
2494,2894,2905
1980,1998,2029
1952,2045,2083
1952,2623,2649
2493,2894,2905
1979,2000,2030
1941,2066,2108
1941,2596,2630
2482,2894,2906
1940,2068,2111
1940,2594,2628
2481,2894,2906
1939,2070,2113
1939,2591,2626
2480,2894,2906
1938,2072,2116
1938,2588,2624
2479,2894,2906
1937,2074,2118
1937,2586,2622
2478,2894,2906
2505,2899,2900
2505,3240,3246
1964,2024,2058
1964,2649,2667
1936,2076,2121
1936,2583,2620
2477,2894,2905
2504,2898,2901
2504,3240,3245
1963,2025,2060
1963,2647,2666
1935,2078,2123
1935,2580,2618
2476,2895,2905
2503,2897,2902
2503,3241,3245
1962,2027,2062
1962,2645,2664
1934,2080,2126
1934,2578,2616
2475,2895,2905
2502,2897,2903
2502,3241,3244
1961,2029,2064
1961,2643,2663
1933,2083,2129
1933,2575,2614
2474,2895,2905
2501,2896,2903
1960,2030,2066
1960,2640,2661
1932,2085,2131
1932,2572,2612
2473,2895,2905
2500,2896,2904
1959,2032,2068
1959,2638,2660
1931,2087,2134
1931,2569,2610
2472,2895,2904
2499,2895,2904
1958,2034,2070
1958,2636,2658
1930,2089,2137
1930,2566,2608
2471,2896,2904
1929,2092,2140
1929,2564,2606
2470,2896,2904
1928,2094,2143
1928,2561,2603
2469,2897,2903
1927,2096,2146
1927,2558,2601
2468,2897,2903
1926,2098,2149
1926,2555,2599
2467,2898,2902
1925,2101,2152
1925,2551,2597
2466,2899,2902
1966,2020,2054
1966,2654,2670
2507,3240,3246
1993,1979,2007
1967,2019,2052
1967,2656,2671
2508,3240,3246
1994,1978,2005
1968,2017,2050
1968,2658,2673
2509,3240,3246
1995,1976,2004
1969,2015,2048
1969,2660,2674
2510,3241,3245
1996,1975,2002
1970,2014,2047
1970,2662,2675
2511,3242,3245
1997,1974,2001
1971,2012,2045
1971,2664,2676
2512,3243,3243
1998,1972,1999
1965,2022,2056
1965,2651,2669
2506,3240,3246
1992,1981,2009
1999,1971,1998
2000,1970,1996
3083,2018,2020
2001,1968,1995
3084,2019,2023
2002,1967,1993
3085,2020,2025
2003,1966,1992
3086,2021,2028
2004,1964,1990
3087,2022,2030
2005,1963,1989
3088,2023,2032
2006,1962,1987
3089,2025,2034
2007,1960,1986
3090,2026,2036
2008,1959,1984
3091,2027,2038
2009,1958,1983
3092,2029,2041
2010,1957,1981
3093,2030,2043
2011,1955,1980
3094,2031,2045
2012,1954,1979
3095,2033,2047
2013,1953,1977
3096,2034,2049
2014,1951,1976
3097,2036,2051
2015,1950,1974
3098,2037,2054
2016,1949,1973
3099,2039,2056
2017,1948,1972
3100,2040,2058
2018,1947,1970
3101,2042,2060
2019,1945,1969
3102,2044,2063
2020,1944,1967
3103,2045,2065
2021,1943,1966
3104,2047,2067
2022,1942,1965
3105,2048,2069
2023,1941,1963
3106,2050,2072
2024,1939,1962
3107,2052,2074
2025,1938,1961
3108,2053,2076
2026,1937,1959
3109,2055,2079
2027,1936,1958
3110,2057,2081
2028,1935,1957
3111,2059,2083
2029,1933,1955
3112,2060,2086
2030,1932,1954
3113,2062,2088
2031,1931,1953
3114,2064,2091
2032,1930,1952
3115,2066,2093
2033,1929,1950
3116,2067,2096
2034,1928,1949
3117,2069,2098
2035,1927,1948
3118,2071,2101
2036,1926,1947
3119,2073,2104
2037,1924,1945
3120,2075,2106
2038,1923,1944
3121,2077,2109
2039,1922,1943
3122,2079,2112
2040,1921,1942
3123,2081,2114
2041,1920,1940
3124,2083,2117
2042,1919,1939
3125,2085,2120
2043,1918,1938
3126,2087,2123
2044,1917,1937
3127,2089,2125
2045,1916,1935
3128,2091,2128
2046,1915,1934
3129,2093,2131
2047,1914,1933
3130,2095,2134
2048,1912,1932
3131,2097,2137
2049,1911,1931
3132,2099,2140
2050,1910,1930
3133,2101,2144
2051,1909,1928
3134,2103,2147
2052,1908,1927
3135,2106,2150
2053,1907,1926
3136,2108,2153
2054,1906,1925
