2265,2899,2899
2266,2898,2901
2267,2898,2902
2268,2898,2902
2269,2898,2903
2270,2898,2904
2271,2898,2904
2272,2898,2905
2273,2898,2905
2274,2898,2906
2275,2898,2906
2276,2898,2907
2277,2898,2907
2278,2898,2908
2279,2898,2908
2280,2898,2909
2281,2898,2909
2282,2899,2909
2283,2899,2910
2284,2899,2910
2285,2899,2910
2286,2899,2911
2287,2899,2911
2288,2899,2911
2289,2899,2912
2290,2900,2912
2291,2900,2912
2292,2900,2913
2293,2900,2913
2294,2900,2913
2295,2900,2913
2296,2900,2914
2297,2900,2914
2298,2901,2914
2299,2901,2914
2300,2901,2915
2301,2901,2915
2302,2901,2915
2303,2901,2915
2304,2901,2916
2305,2902,2916
2306,2902,2916
2307,2902,2916
2308,2902,2916
2309,2902,2916
2310,2902,2917
2311,2902,2917
2312,2902,2917
2313,2903,2917
2314,2903,2917
2315,2903,2917
2316,2903,2917
2317,2903,2918
2318,2903,2918
2375,2913,2913
2374,2912,2915
2373,2912,2915
2372,2911,2916
2371,2911,2916
2370,2911,2916
2369,2910,2917
2368,2910,2917
2367,2910,2917
2366,2910,2917
2365,2909,2917
2364,2909,2918
2363,2909,2918
2362,2909,2918
2361,2909,2918
2360,2908,2918
2359,2908,2918
2358,2908,2918
2357,2908,2918
2356,2908,2919
2355,2908,2919
2354,2908,2919
2353,2907,2919
2352,2907,2919
3207,2512,2523
3208,2499,2528
2319,2903,2918
3209,2489,2530
2320,2903,2918
3210,2480,2530
2321,2904,2918
3211,2472,2530
2322,2904,2918
1927,2304,2315
3212,2464,2529
2323,2904,2918
1928,2283,2331
3213,2456,2528
2324,2904,2918
1929,2272,2337
3214,2448,2527
2325,2904,2918
2349,2907,2919
1930,2264,2340
3215,2440,2526
2326,2904,2919
1976,2131,2134
1975,2129,2140
1958,2157,2212
1943,2200,2289
3228,2365,2493
2339,2906,2919
1957,2159,2217
1942,2203,2295
3227,2367,2497
2338,2906,2919
1956,2162,2221
1941,2207,2301
3226,2370,2500
2337,2905,2919
1955,2164,2226
1940,2211,2307
3225,2373,2503
2336,2905,2919
1954,2167,2230
1939,2215,2313
3224,2377,2506
2335,2905,2919
3238,2392,2434
1953,2170,2235
1938,2219,2319
3223,2382,2509
2334,2905,2919
1937,2224,2324
3222,2388,2512
2333,2905,2919
1968,2137,2171
2482,3237,3242
1974,2129,2145
1936,2228,2330
3221,2395,2514
2332,2905,2919
1973,2130,2150
1935,2233,2334
3220,2402,2516
2331,2905,2919
1972,2131,2154
1934,2238,2338
3219,2409,2519
2330,2905,2919
1971,2133,2158
1933,2244,2340
3218,2416,2521
2329,2905,2919
2484,3240,3240
1970,2134,2162
2351,2907,2919
1932,2250,2342
3217,2424,2523
2328,2904,2919
2483,3238,3241
1969,2135,2167
2350,2907,2919
1931,2256,2342
3216,2432,2524
2327,2904,2919
1944,2196,2283
3229,2364,2490
2340,2906,2919
1945,2193,2277
3230,2364,2486
2341,2906,2919
1946,2190,2272
3231,2364,2482
2342,2906,2919
2476,3235,3241
1962,2148,2195
1947,2187,2266
3232,2365,2477
2343,2906,2919
2477,3235,3242
1963,2146,2191
1948,2184,2261
3233,2367,2472
2344,2906,2919
2478,3235,3242
1964,2144,2187
1949,2181,2255
3234,2369,2467
2345,2906,2919
2479,3236,3242
1965,2142,2183
1959,2155,2208
2473,3237,3238
1950,2178,2250
3235,2373,2461
2346,2907,2919
2480,3236,3242
1966,2141,2179
1960,2153,2204
2474,3236,3240
1951,2175,2245
3236,2377,2454
2347,2907,2919
2481,3236,3242
1967,2139,2175
1961,2150,2199
2475,3236,3241
1952,2172,2240
3237,2383,2445
2348,2907,2919
