1839,2242,2267
1840,2230,2272
1841,2221,2273
1842,2214,2273
1843,2207,2272
1844,2201,2270
1845,2196,2267
1846,2191,2264
1847,2186,2261
1848,2181,2257
1849,2177,2254
1850,2173,2250
1851,2168,2246
1852,2165,2242
1853,2161,2238
1854,2157,2234
1855,2153,2229
1856,2150,2225
1857,2146,2221
1858,2143,2217
1859,2140,2214
1860,2137,2210
1861,2134,2206
1862,2131,2202
1863,2128,2198
1864,2125,2195
1865,2122,2191
1866,2119,2187
1867,2116,2184
1868,2113,2180
1869,2111,2177
1870,2108,2174
1871,2106,2170
1872,2103,2167
1873,2100,2164
1874,2098,2160
1875,2096,2157
1876,2093,2154
1877,2091,2151
1878,2088,2148
1969,1951,1952
1968,1951,1955
1967,1952,1957
1966,1952,1959
1965,1953,1961
1964,1954,1963
1963,1955,1965
1962,1956,1967
1961,1957,1969
1960,1958,1971
1959,1959,1972
1958,1960,1974
1957,1961,1976
1956,1962,1978
1955,1963,1979
1954,1964,1981
1953,1965,1983
1952,1966,1985
1951,1968,1986
2553,2891,2893
1918,2013,2049
2554,2890,2894
1919,2011,2047
2555,2889,2894
1920,2009,2045
2556,2889,2895
1921,2008,2043
2557,2888,2895
1922,2006,2041
2558,2888,2896
1923,2005,2039
2559,2887,2896
1924,2003,2037
2560,2887,2896
1925,2002,2035
2561,2887,2897
1926,2000,2033
2562,2887,2897
1927,1999,2031
2563,2886,2897
1928,1998,2029
2564,2886,2897
1929,1996,2027
2565,2886,2898
1930,1995,2025
2566,2886,2898
1931,1993,2023
2567,2886,2898
1932,1992,2021
2568,2886,2898
1933,1990,2019
2569,2886,2898
1934,1989,2017
1879,2086,2145
2528,3235,3240
1893,2056,2106
2587,2887,2897
2527,3235,3240
1892,2058,2109
2586,2886,2898
2526,3236,3240
1891,2060,2112
2585,2886,2898
1950,1969,1988
2525,3236,3239
1890,2062,2114
2584,2886,2898
1949,1970,1990
2583,2886,2898
1948,1971,1992
2582,2886,2898
1947,1972,1994
2581,2886,2898
1946,1974,1995
2580,2886,2898
1945,1975,1997
2579,2886,2898
1944,1976,1999
2578,2886,2898
1943,1977,2001
2577,2885,2898
1942,1979,2003
2576,2885,2898
1941,1980,2004
2575,2885,2898
1940,1981,2006
1880,2084,2142
2529,3235,3240
1894,2054,2104
2588,2887,2897
1881,2082,2139
2530,3235,3240
1895,2052,2101
2589,2887,2897
1882,2079,2136
2531,3235,3240
1896,2051,2099
2590,2887,2897
2532,3235,3239
1897,2049,2096
2591,2887,2897
2533,3236,3239
1898,2047,2094
2592,2888,2896
2593,2888,2896
2594,2888,2896
2595,2889,2895
2596,2889,2895
2597,2890,2894
2598,2891,2893
2574,2885,2898
1939,1982,2008
2573,2885,2898
1938,1984,2010
2572,2885,2898
1937,1985,2012
2571,2886,2898
1936,1986,2014
2570,2886,2898
1935,1988,2015
1883,2077,2133
1884,2075,2131
1885,2073,2128
1886,2071,2125
1887,2069,2122
1888,2066,2120
1889,2064,2117
1899,2045,2092
1900,2043,2089
1901,2041,2087
1902,2039,2084
1903,2038,2082
1904,2036,2080
1905,2034,2077
1906,2032,2075
1907,2031,2073
1908,2029,2071
1909,2027,2068
1910,2026,2066
1911,2024,2064
1912,2022,2062
1913,2021,2060
1914,2019,2057
1915,2017,2055
1916,2016,2053
1917,2014,2051
