3193,2497,2518
3194,2486,2521
3195,2476,2521
3196,2467,2521
3197,2458,2520
3198,2448,2519
3199,2439,2518
3200,2429,2516
3201,2418,2515
3202,2407,2513
3203,2396,2511
3204,2383,2508
1911,2316,2353
1912,2298,2370
1913,2286,2381
1914,2277,2389
1915,2269,2396
1916,2261,2402
1917,2255,2407
1918,2249,2410
1919,2243,2413
1920,2238,2415
1921,2232,2414
1922,2228,2410
1923,2223,2394
1924,2219,2368
1925,2214,2349
1926,2210,2334
1927,2206,2322
1928,2203,2312
1972,2102,2107
1971,2102,2112
1970,2103,2116
1969,2104,2120
1968,2105,2123
1967,2107,2127
1966,2108,2130
1965,2110,2134
1964,2111,2137
1963,2113,2141
1962,2115,2144
1961,2116,2148
1960,2118,2151
1959,2120,2155
1958,2122,2158
1957,2124,2162
1956,2126,2165
1955,2128,2169
1954,2130,2173
1953,2132,2176
1952,2134,2180
2492,3242,3242
1951,2137,2184
2491,3240,3244
1950,2139,2188
2490,3239,3244
1949,2141,2192
2489,3239,3244
1948,2143,2196
2488,3238,3244
1947,2146,2200
2487,3238,3244
1946,2148,2204
2486,3238,3244
1945,2151,2209
2485,3238,3244
1944,2153,2213
2484,3238,3244
1943,2156,2218
2483,3238,3243
1942,2159,2222
2482,3239,3242
1941,2161,2227
2481,3240,3240
1940,2164,2232
1939,2167,2237
1938,2170,2242
1937,2173,2248
1936,2176,2253
1935,2179,2259
1934,2182,2266
1933,2185,2272
1932,2188,2279
1931,2192,2286
1930,2195,2294
1929,2199,2302
3205,2371,2506
2123,2821,2822
3206,2358,2504
2124,2820,2824
3207,2347,2501
2125,2821,2825
3208,2338,2498
2126,2821,2826
3209,2331,2495
2127,2821,2828
3210,2327,2492
2128,2822,2829
3211,2324,2489
2129,2822,2830
3212,2323,2485
2130,2823,2831
3213,2322,2481
2131,2823,2832
3214,2323,2477
2132,2824,2834
3215,2324,2473
2133,2824,2835
3216,2326,2469
2134,2825,2836
3217,2329,2464
2135,2825,2837
3218,2332,2459
2136,2826,2838
3219,2336,2453
2137,2826,2839
3220,2341,2447
2138,2827,2840
3221,2347,2439
2139,2827,2841
3222,2354,2431
2140,2828,2842
3223,2364,2420
2141,2829,2843
3224,2382,2400
2142,2829,2844
2143,2830,2845
2144,2830,2845
2145,2831,2846
2146,2832,2847
2147,2832,2848
2148,2833,2849
2149,2833,2850
2150,2834,2851
2151,2835,2852
2152,2835,2852
2153,2836,2853
2154,2836,2854
2155,2837,2855
2156,2837,2856
2157,2838,2857
2158,2839,2857
2159,2839,2858
2160,2840,2859
2161,2840,2860
2162,2841,2861
2163,2842,2861
2164,2842,2862
2165,2843,2863
2166,2843,2864
2167,2844,2864
2168,2844,2865
2169,2845,2866
2170,2846,2866
2171,2846,2867
2172,2847,2868
2303,2900,2913
2304,2900,2913
2305,2900,2913
2306,2900,2913
2307,2901,2913
2308,2901,2913
2309,2901,2913
2310,2901,2913
2311,2901,2913
2312,2901,2913
2313,2902,2913
2314,2902,2913
2315,2902,2914
2316,2902,2914
2317,2902,2914
2318,2902,2914
2319,2902,2914
2320,2902,2914
2321,2903,2914
2322,2903,2914
2323,2903,2914
2324,2903,2914
2325,2903,2914
2326,2903,2914
2327,2903,2914
2328,2903,2914
2329,2903,2914
2330,2903,2914
2331,2903,2914
2332,2903,2915
2333,2904,2915
2334,2904,2915
2335,2904,2915
2336,2904,2915
2337,2904,2915
2338,2904,2915
2339,2904,2915
2340,2904,2915
2341,2904,2915
2342,2904,2915
2343,2904,2915
2344,2904,2915
2345,2904,2915
2346,2904,2916
2347,2904,2916
2348,2904,2916
2349,2904,2916
2350,2904,2916
2351,2904,2916
2352,2904,2916
2353,2904,2916
2354,2904,2916
2355,2903,2916
2356,2903,2916
2357,2903,2916
2358,2903,2916
2359,2903,2916
2360,2903,2917
2361,2903,2917
2362,2903,2917
2363,2903,2917
2364,2903,2917
2365,2903,2917
2366,2903,2917
2367,2903,2917
2368,2903,2917
2369,2903,2917
2370,2903,2917
2425,2905,2912
2424,2905,2913
2423,2905,2913
2422,2904,2914
2421,2904,2914
2420,2904,2914
2419,2904,2914
2418,2903,2915
2417,2903,2915
2416,2903,2915
2415,2903,2915
2414,2903,2915
2413,2903,2916
2412,2903,2916
2411,2903,2916
2410,2902,2916
2397,2902,2917
2398,2902,2917
2399,2902,2917
2400,2902,2917
2401,2902,2917
2402,2902,2917
2403,2902,2917
2404,2902,2917
2405,2902,2917
2406,2902,2917
2407,2902,2916
2408,2902,2916
2409,2902,2916
2426,2906,2912
2427,2906,2911
2428,2907,2911
2429,2908,2910
2396,2902,2917
2395,2902,2917
2394,2902,2917
2393,2902,2917
2392,2902,2917
2391,2902,2917
2390,2902,2917
2389,2902,2917
2388,2902,2917
2387,2902,2917
2386,2902,2917
2385,2902,2917
2384,2902,2917
2383,2902,2917
2382,2902,2917
2381,2902,2917
2380,2902,2917
2379,2902,2917
2378,2902,2917
2377,2903,2917
2376,2903,2917
2375,2903,2917
2374,2903,2917
2373,2903,2917
2372,2903,2917
2371,2903,2917
2302,2900,2913
2301,2899,2913
2300,2899,2913
2299,2899,2913
2298,2899,2912
2297,2899,2912
2296,2898,2912
2295,2898,2912
2294,2898,2912
2293,2898,2912
2292,2897,2912
2291,2897,2912
2290,2897,2912
2289,2897,2912
2288,2896,2912
2287,2896,2911
2286,2896,2911
2285,2895,2911
2284,2895,2911
2283,2895,2911
2282,2895,2911
2281,2894,2911
2280,2894,2911
2279,2894,2911
2278,2893,2910
2277,2893,2910
2276,2893,2910
2275,2893,2910
2274,2892,2910
2273,2892,2910
2272,2892,2910
2271,2891,2909
2270,2891,2909
2269,2891,2909
2268,2890,2909
2267,2890,2909
2266,2890,2909
2265,2889,2908
2264,2889,2908
2263,2889,2908
2262,2888,2908
2261,2888,2908
2260,2888,2907
2259,2887,2907
2258,2887,2907
2257,2887,2907
2256,2886,2906
2255,2886,2906
2254,2885,2906
2253,2885,2906
2252,2885,2905
2251,2884,2905
2250,2884,2905
2249,2884,2905
2248,2883,2904
2247,2883,2904
2246,2882,2904
2245,2882,2904
2244,2882,2903
2243,2881,2903
2242,2881,2903
2241,2880,2902
2240,2880,2902
2239,2880,2902
2238,2879,2901
2237,2879,2901
2236,2878,2901
2235,2878,2900
2234,2878,2900
2233,2877,2900
2232,2877,2899
2231,2876,2899
2230,2876,2899
2229,2875,2898
2228,2875,2898
2227,2875,2898
2226,2874,2897
2225,2874,2897
2224,2873,2896
2223,2873,2896
2222,2872,2896
2221,2872,2895
2220,2871,2895
2219,2871,2894
2218,2870,2894
2217,2870,2893
2216,2870,2893
2215,2869,2893
2214,2869,2892
2213,2868,2892
2212,2868,2891
2211,2867,2891
2210,2867,2890
2209,2866,2890
2208,2866,2889
2207,2865,2889
2206,2865,2888
2205,2864,2888
2204,2864,2887
2203,2863,2887
2202,2863,2886
2201,2862,2886
2200,2862,2885
2199,2861,2885
2198,2861,2884
2197,2860,2884
2196,2860,2883
2195,2859,2882
2194,2859,2882
2193,2858,2881
2192,2858,2881
2191,2857,2880
2190,2857,2880
2189,2856,2879
2188,2856,2878
2187,2855,2878
2186,2854,2877
2185,2854,2876
2184,2853,2876
2183,2853,2875
2182,2852,2875
2181,2852,2874
2180,2851,2873
2179,2851,2873
2178,2850,2872
2177,2850,2871
2176,2849,2871
2175,2848,2870
2174,2848,2869
2173,2847,2869
