2571,2889,2891
2572,2888,2892
2573,2888,2893
2574,2887,2894
2575,2887,2894
2576,2886,2894
2577,2886,2895
2578,2886,2895
2579,2885,2895
2580,2885,2896
2581,2885,2896
2582,2885,2896
2583,2885,2896
2584,2884,2896
2585,2884,2896
2586,2884,2897
2587,2884,2897
2588,2884,2897
2589,2884,2897
2590,2884,2897
2591,2884,2897
2592,2884,2897
2593,2884,2897
2594,2884,2897
1925,1993,2010
1924,1994,2012
1923,1995,2015
1922,1997,2017
1921,1998,2019
1920,1999,2021
1919,2000,2023
1918,2001,2025
1917,2003,2027
1916,2004,2030
1915,2005,2032
1914,2007,2034
1913,2008,2036
1912,2009,2038
1911,2011,2040
1910,2012,2043
1909,2014,2045
1908,2015,2047
1907,2017,2049
1906,2018,2051
1905,2020,2054
1904,2021,2056
1903,2023,2058
1902,2024,2060
2537,3235,3236
1901,2026,2063
2536,3234,3237
1900,2027,2065
2535,3233,3238
1899,2029,2067
2534,3233,3238
1898,2031,2070
2533,3233,3239
1897,2032,2072
2532,3233,3239
1896,2034,2074
2531,3233,3239
1879,2065,2118
1878,2067,2120
1877,2069,2123
1876,2071,2126
1875,2073,2129
1874,2075,2132
1873,2077,2135
1872,2080,2138
1871,2082,2140
1870,2084,2143
1869,2086,2146
1868,2089,2150
1867,2091,2153
1880,2063,2115
1881,2061,2112
1882,2059,2110
1883,2057,2107
1884,2055,2104
1885,2053,2102
1886,2051,2099
1887,2050,2097
1888,2048,2094
1889,2046,2092
1890,2044,2089
1891,2042,2087
1892,2041,2084
1893,2039,2082
2528,3236,3237
1894,2037,2079
2529,3235,3238
1895,2036,2077
2530,3234,3238
1926,1992,2008
1927,1991,2006
1928,1990,2004
1929,1989,2001
1930,1988,1999
1931,1988,1997
1932,1987,1994
1933,1987,1991
1866,2093,2156
1865,2096,2159
1864,2098,2162
1863,2101,2165
1862,2103,2168
1861,2106,2172
1860,2108,2175
1859,2111,2178
1858,2114,2182
1857,2116,2185
1856,2119,2189
1855,2122,2192
1854,2125,2196
1853,2128,2199
2623,2889,2892
1852,2131,2203
2622,2888,2892
1851,2134,2206
2621,2888,2893
1850,2137,2210
2620,2887,2893
1849,2140,2214
2619,2887,2894
1848,2144,2217
2618,2887,2894
1847,2147,2221
2617,2886,2895
1846,2151,2224
2616,2886,2895
1845,2154,2228
2615,2886,2895
1844,2158,2232
2614,2885,2895
1843,2162,2235
2613,2885,2896
1842,2166,2238
2612,2885,2896
1841,2170,2242
2611,2885,2896
1840,2174,2245
2602,2884,2897
2610,2885,2896
1839,2179,2247
2601,2884,2897
2609,2885,2896
1838,2184,2250
2600,2884,2897
2608,2884,2896
1837,2189,2252
2599,2884,2897
2607,2884,2896
1836,2194,2254
2598,2884,2897
2606,2884,2897
1835,2200,2255
2597,2884,2897
2605,2884,2897
1834,2207,2255
2596,2884,2897
2604,2884,2897
1833,2215,2254
2595,2884,2897
2603,2884,2897
1832,2226,2250
