1861,2304,2359
1862,2288,2374
1863,2276,2385
1864,2267,2394
1865,2258,2402
1866,2251,2408
1867,2244,2414
1868,2237,2419
1869,2231,2424
1870,2226,2429
1871,2220,2432
1872,2215,2436
1873,2210,2438
1874,2206,2440
1875,2201,2339
1875,2405,2440
1876,2197,2320
1877,2192,2306
1878,2188,2295
1879,2184,2286
1880,2180,2278
1881,2176,2270
1882,2173,2263
1883,2169,2256
1884,2166,2250
1885,2162,2244
1886,2159,2239
1887,2155,2233
1888,2152,2228
1889,2149,2223
1890,2146,2219
1891,2143,2214
1892,2140,2210
1893,2137,2205
1894,2134,2201
1895,2131,2197
1896,2128,2193
1897,2125,2190
1898,2122,2186
1899,2120,2182
1900,2117,2179
1901,2114,2175
1902,2112,2172
1903,2109,2168
1904,2107,2165
1905,2104,2162
1906,2102,2159
1907,2099,2155
1908,2097,2152
1909,2094,2149
1910,2092,2146
1911,2090,2143
1912,2087,2141
1913,2085,2138
1914,2083,2135
1915,2080,2132
1916,2078,2129
1917,2076,2127
1918,2074,2124
1919,2072,2121
1920,2069,2119
1921,2067,2116
1922,2065,2114
1923,2063,2111
1924,2061,2109
1925,2059,2106
1926,2057,2104
1927,2055,2102
1928,2053,2099
1929,2051,2097
1930,2049,2095
1931,2047,2092
1932,2045,2090
1933,2043,2088
1934,2041,2086
1935,2039,2084
1936,2038,2081
1937,2036,2079
1938,2034,2077
1939,2032,2075
1940,2030,2073
1941,2029,2071
1942,2027,2069
1943,2025,2067
1944,2023,2065
1945,2021,2063
1946,2020,2061
1947,2018,2059
1948,2016,2057
1949,2015,2055
1950,2013,2053
1951,2011,2051
1952,2010,2049
1953,2008,2047
1954,2006,2046
1955,2005,2044
1956,2003,2042
1957,2001,2040
1958,2000,2038
1959,1998,2036
1960,1997,2035
1961,1995,2033
1962,1994,2031
1963,1992,2029
1964,1990,2028
1965,1989,2026
1966,1987,2024
1967,1986,2023
1968,1984,2021
1969,1983,2019
1970,1981,2018
1971,1980,2016
1972,1978,2014
1973,1977,2013
1974,1976,2011
1975,1974,2010
1976,1973,2008
1977,1971,2006
1978,1970,2005
1979,1968,2003
1980,1967,2002
1981,1966,2000
1982,1964,1999
1983,1963,1997
1984,1962,1996
1985,1960,1994
1986,1959,1993
1987,1957,1991
1988,1956,1990
1989,1955,1988
1990,1953,1987
1991,1952,1985
1992,1951,1984
1993,1950,1983
1994,1948,1981
1995,1947,1980
1996,1946,1978
1997,1944,1977
1998,1943,1976
1999,1942,1974
2000,1941,1973
2001,1939,1971
2002,1938,1970
2003,1937,1969
2004,1936,1967
2005,1934,1966
2006,1933,1965
2007,1932,1963
2008,1931,1962
2009,1930,1961
2010,1928,1960
2011,1927,1958
2012,1926,1957
2013,1925,1956
2014,1924,1954
2015,1922,1953
2016,1921,1952
2017,1920,1951
3167,2311,2354
3166,2293,2372
3165,2280,2384
3164,2270,2393
3163,2261,2401
3162,2254,2408
3161,2246,2415
3160,2240,2420
3159,2234,2425
3158,2228,2430
3157,2222,2434
3156,2217,2438
3155,2212,2442
3154,2207,2444
3153,2203,2345
3153,2391,2446
3152,2198,2322
3152,2418,2447
3151,2194,2308
3150,2190,2296
3149,2186,2287
3148,2182,2278
3147,2178,2270
3146,2174,2263
3145,2171,2257
3144,2167,2250
3143,2163,2244
3142,2160,2239
3141,2157,2234
3140,2153,2228
3139,2150,2224
3138,2147,2219
3137,2144,2214
3136,2141,2210
3135,2138,2206
3134,2135,2201
3133,2132,2197
3132,2129,2193
3131,2126,2190
3130,2123,2186
3129,2121,2182
3128,2118,2179
3127,2115,2175
2558,1694,1713
2557,1694,1713
2556,1694,1713
2555,1694,1713
2554,1694,1713
2553,1694,1713
2552,1694,1713
2551,1694,1713
2550,1694,1713
2549,1694,1713
2548,1694,1713
2547,1694,1713
2546,1694,1713
2545,1694,1713
2544,1694,1713
2543,1694,1713
2542,1694,1713
2541,1694,1712
2540,1694,1712
2539,1693,1712
2538,1693,1712
2537,1693,1712
2536,1693,1712
2497,1693,1712
2496,1693,1712
2495,1693,1712
2494,1693,1712
2493,1693,1712
2492,1693,1712
2491,1693,1712
2490,1693,1712
2489,1693,1712
2488,1694,1712
2487,1694,1712
2486,1694,1712
2485,1694,1713
2484,1694,1713
2483,1694,1713
2482,1694,1713
2481,1694,1713
2480,1694,1713
2479,1694,1713
2478,1694,1713
2477,1694,1713
2476,1694,1713
2475,1694,1713
2474,1694,1713
2473,1694,1713
2472,1694,1713
2471,1694,1713
2470,1694,1713
2469,1695,1713
2468,1695,1714
2467,1695,1714
2466,1695,1714
2465,1695,1714
2464,1695,1714
2463,1695,1714
2462,1695,1714
2461,1695,1714
2460,1695,1714
2459,1695,1714
2458,1695,1714
2457,1695,1714
2456,1696,1715
2455,1696,1715
2454,1696,1715
2453,1696,1715
2452,1696,1715
2451,1696,1715
2450,1696,1715
2449,1696,1715
2448,1696,1715
2447,1696,1715
2446,1697,1716
2445,1697,1716
2444,1697,1716
2443,1697,1716
2442,1697,1716
2441,1697,1716
2440,1697,1716
2439,1697,1716
2438,1697,1716
2437,1698,1717
2436,1698,1717
2435,1698,1717
2434,1698,1717
2433,1698,1717
2432,1698,1717
2431,1698,1717
2430,1698,1717
2429,1699,1718
2428,1699,1718
2427,1699,1718
2426,1699,1718
2425,1699,1718
2424,1699,1718
2423,1699,1718
2422,1699,1719
2421,1700,1719
2420,1700,1719
2419,1700,1719
2418,1700,1719
2417,1700,1719
2416,1700,1719
2415,1700,1720
2414,1701,1720
2413,1701,1720
2412,1701,1720
2411,1701,1720
2410,1701,1720
2409,1701,1721
2408,1702,1721
2407,1702,1721
2406,1702,1721
2405,1702,1721
2404,1702,1721
2403,1702,1722
2402,1703,1722
2401,1703,1722
2400,1703,1722
2399,1703,1722
2398,1703,1723
2397,1703,1723
2396,1704,1723
2395,1704,1723
2394,1704,1723
2393,1704,1723
2392,1704,1724
2391,1705,1724
2390,1705,1724
2389,1705,1724
2388,1705,1724
2387,1705,1725
2386,1706,1725
2385,1706,1725
2384,1706,1725
2383,1706,1725
2382,1706,1726
2381,1707,1726
2380,1707,1726
2379,1707,1726
2378,1707,1727
2377,1707,1727
2376,1708,1727
2375,1708,1727
2374,1708,1727
2373,1708,1728
2372,1709,1728
2371,1709,1728
2370,1709,1728
2369,1709,1729
2368,1709,1729
2367,1710,1729
2366,1710,1729
2365,1710,1730
2364,1710,1730
2363,1711,1730
2362,1711,1730
2361,1711,1730
2360,1711,1731
2359,1712,1731
2358,1712,1731
2357,1712,1732
2356,1712,1732
2355,1713,1732
2354,1713,1732
2353,1713,1733
2352,1713,1733
2351,1714,1733
2350,1714,1733
2349,1714,1734
2348,1714,1734
2347,1715,1734
2346,1715,1734
2345,1715,1735
2344,1715,1735
2343,1716,1735
2342,1716,1736
2341,1716,1736
2340,1716,1736
2339,1717,1736
2338,1717,1737
2337,1717,1737
2336,1718,1737
2335,1718,1738
2334,1718,1738
2333,1718,1738
2332,1719,1738
2331,1719,1739
2330,1719,1739
2329,1720,1739
2328,1720,1740
2327,1720,1740
2326,1720,1740
2325,1721,1741
2324,1721,1741
2323,1721,1741
2322,1722,1741
2321,1722,1742
2320,1722,1742
2319,1723,1742
2318,1723,1743
2317,1723,1743
2316,1724,1743
2315,1724,1744
2314,1724,1744
2313,1724,1744
2312,1725,1745
2311,1725,1745
2310,1725,1745
2309,1726,1746
2308,1726,1746
2307,1726,1746
2306,1727,1747
2305,1727,1747
2304,1727,1747
2303,1728,1748
2302,1728,1748
2301,1728,1749
2300,1729,1749
2299,1729,1749
2298,1730,1750
2297,1730,1750
2296,1730,1750
2295,1731,1751
2294,1731,1751
2293,1731,1751
2292,1732,1752
2291,1732,1752
2290,1732,1753
2289,1733,1753
2288,1733,1753
2287,1733,1754
2286,1734,1754
2285,1734,1754
2284,1735,1755
2283,1735,1755
2282,1735,1756
2281,1736,1756
2280,1736,1756
2279,1736,1757
2278,1737,1757
2277,1737,1758
2276,1738,1758
2275,1738,1758
2274,1738,1759
2273,1739,1759
2272,1739,1760
2271,1740,1760
2270,1740,1760
2269,1740,1761
2268,1741,1761
2267,1741,1762
2266,1742,1762
2265,1742,1763
2264,1742,1763
2263,1743,1763
2262,1743,1764
2261,1744,1764
2260,1744,1765
2259,1744,1765
2258,1745,1766
2257,1745,1766
2256,1746,1766
2255,1746,1767
2254,1747,1767
2253,1747,1768
2252,1747,1768
2251,1748,1769
2250,1748,1769
2249,1749,1770
2248,1749,1770
2247,1750,1771
2246,1750,1771
2245,1751,1771
2244,1751,1772
2243,1751,1772
2242,1752,1773
2241,1752,1773
2240,1753,1774
2239,1753,1774
2238,1754,1775
2237,1754,1775
2106,1835,1860
2105,1836,1861
2104,1837,1861
2103,1837,1862
2102,1838,1863
2101,1839,1864
2100,1840,1865
2099,1841,1866
2098,1841,1867
2097,1842,1867
2096,1843,1868
2095,1844,1869
2094,1845,1870
2093,1845,1871
2092,1846,1872
2091,1847,1873
2090,1848,1874
2089,1849,1874
2088,1850,1875
2087,1851,1876
2086,1851,1877
2085,1852,1878
2084,1853,1879
2083,1854,1880
2082,1855,1881
2081,1856,1882
2080,1857,1883
2079,1857,1884
2078,1858,1885
2077,1859,1885
2076,1860,1886
2075,1861,1887
2074,1862,1888
2073,1863,1889
2072,1864,1890
2071,1865,1891
2070,1866,1892
2069,1867,1893
2068,1867,1894
2067,1868,1895
2066,1869,1896
2065,1870,1897
2064,1871,1898
2063,1872,1899
2062,1873,1900
2061,1874,1901
2060,1875,1902
2059,1876,1903
2058,1877,1904
2057,1878,1905
2056,1879,1906
2055,1880,1907
2054,1881,1908
2053,1882,1909
2052,1883,1910
2051,1884,1912
2050,1885,1913
2049,1886,1914
2048,1887,1915
2047,1888,1916
2046,1889,1917
2045,1890,1918
2044,1891,1919
2043,1892,1920
2042,1893,1921
2041,1894,1922
2040,1895,1923
2039,1896,1925
2507,2891,2902
2507,1693,1712
2035,1900,1929
2508,2891,2902
2508,1693,1712
2036,1899,1928
2509,2891,2902
2509,1693,1712
2037,1898,1927
2510,2891,2902
2510,3242,3242
2510,1693,1712
2038,1897,1926
2511,2891,2902
2511,3240,3243
2511,1693,1712
2512,2891,2903
2512,3240,3244
2512,1693,1712
2513,2891,2903
2513,3239,3244
2513,1693,1712
2514,2891,2903
2514,3239,3245
2514,1693,1712
2515,2891,2903
2515,3239,3245
2515,1693,1712
2516,2891,2903
2516,3239,3245
2516,1693,1712
2517,2891,2903
2517,3239,3245
2517,1693,1712
2518,2891,2903
2518,3239,3244
2518,1693,1712
2519,2891,2903
2519,3240,3244
2519,1693,1712
2520,2891,2903
2520,3241,3243
2520,1693,1712
2521,2891,2903
2521,1693,1712
2522,2891,2902
2522,1693,1712
2523,2891,2902
2523,1693,1712
2524,2891,2902
2524,1693,1712
2525,2891,2902
2525,1693,1712
2506,2892,2902
2506,1693,1712
2034,1901,1930
2505,2892,2901
2505,1693,1712
2033,1902,1931
2504,2892,2901
2504,1693,1712
2032,1903,1933
2503,2892,2901
2503,1693,1712
2031,1904,1934
2502,2893,2901
2502,1693,1712
2030,1906,1935
2501,2893,2900
2501,1693,1712
2029,1907,1936
2500,2894,2900
2500,1693,1712
2028,1908,1937
2499,2894,2899
2499,1693,1712
2535,2895,2898
2535,1693,1712
2021,1916,1946
2027,1909,1938
2498,2895,2898
2498,1693,1712
2534,2895,2899
2534,1693,1712
2020,1917,1947
2026,1910,1940
2526,2891,2902
2526,1693,1712
2018,1919,1949
2532,2893,2900
2532,1693,1712
2527,2892,2902
2527,1693,1712
2019,1918,1948
2533,2894,2900
2533,1693,1712
2528,2892,2901
2528,1693,1712
2529,2892,2901
2529,1693,1712
2530,2893,2901
2530,1693,1712
2022,1914,1944
2531,2893,2900
2531,1693,1712
2023,1913,1943
2024,1912,1942
2025,1911,1941
2107,1834,1859
2108,1833,1858
2109,1833,1857
2110,1832,1856
2111,1831,1856
2112,1830,1855
2113,1829,1854
2114,1829,1853
2115,1828,1852
2116,1827,1852
2117,1826,1851
2118,1826,1850
2119,1825,1849
2120,1824,1848
2121,1823,1848
2122,1823,1847
2123,1822,1846
2124,1821,1845
2125,1820,1844
2126,1820,1844
2127,1819,1843
2128,1818,1842
2129,1818,1841
2130,1817,1841
2131,1816,1840
2132,1815,1839
2133,1815,1838
2134,1814,1838
2135,1813,1837
2136,1813,1836
2137,1812,1835
2138,1811,1835
2139,1810,1834
2140,1810,1833
2141,1809,1833
2142,1808,1832
2143,1808,1831
2144,1807,1830
2145,1806,1830
2146,1806,1829
2147,1805,1828
2148,1804,1828
2149,1804,1827
2150,1803,1826
2151,1802,1825
2152,1802,1825
2153,1801,1824
2154,1800,1823
2155,1800,1823
2156,1799,1822
2157,1798,1821
2158,1798,1821
2159,1797,1820
2160,1796,1819
2161,1796,1819
2162,1795,1818
2163,1795,1817
2164,1794,1817
2165,1793,1816
2166,1793,1815
2167,1792,1815
2168,1791,1814
2169,1791,1813
2170,1790,1813
2171,1790,1812
2172,1789,1811
2173,1788,1811
2174,1788,1810
2175,1787,1810
2176,1787,1809
2177,1786,1808
2178,1785,1808
2179,1785,1807
2180,1784,1806
2181,1784,1806
2182,1783,1805
2183,1782,1805
2184,1782,1804
2185,1781,1803
2186,1781,1803
2187,1780,1802
2188,1780,1802
2189,1779,1801
2190,1778,1800
2191,1778,1800
2192,1777,1799
2193,1777,1799
2194,1776,1798
2195,1776,1797
2196,1775,1797
2197,1774,1796
2198,1774,1796
2199,1773,1795
2200,1773,1795
2201,1772,1794
2202,1772,1793
2203,1771,1793
2204,1771,1792
2205,1770,1792
2206,1770,1791
2207,1769,1791
2208,1769,1790
2209,1768,1790
2210,1768,1789
2211,1767,1789
2212,1766,1788
2213,1766,1787
2214,1765,1787
2215,1765,1786
2216,1764,1786
2217,1764,1785
2218,1763,1785
2219,1763,1784
2220,1762,1784
2221,1762,1783
2222,1761,1783
2223,1761,1782
2224,1760,1782
2225,1760,1781
2226,1759,1781
2227,1759,1780
2228,1758,1780
2229,1758,1779
2230,1758,1779
2231,1757,1778
2232,1757,1778
2233,1756,1777
2234,1756,1777
2235,1755,1776
2236,1755,1776
2559,1695,1713
2560,1695,1714
2561,1695,1714
2562,1695,1714
2563,1695,1714
2564,1695,1714
2565,1695,1714
2566,1695,1714
2567,1695,1714
2568,1695,1714
2569,1695,1714
2570,1695,1714
2571,1695,1714
2572,1696,1715
2573,1696,1715
2574,1696,1715
2575,1696,1715
2576,1696,1715
2577,1696,1715
2578,1696,1715
2579,1696,1715
2580,1696,1715
2581,1696,1715
2582,1697,1716
2583,1697,1716
2584,1697,1716
2585,1697,1716
2586,1697,1716
2587,1697,1716
2588,1697,1716
2589,1697,1716
2590,1697,1716
2591,1698,1717
2592,1698,1717
2593,1698,1717
2594,1698,1717
2595,1698,1717
2596,1698,1717
2597,1698,1717
2598,1698,1717
2599,1699,1718
2600,1699,1718
2601,1699,1718
2602,1699,1718
2603,1699,1718
2604,1699,1718
2605,1699,1718
2606,1699,1719
2607,1700,1719
2608,1700,1719
2609,1700,1719
2610,1700,1719
2611,1700,1719
2612,1700,1719
2613,1700,1720
2614,1701,1720
2615,1701,1720
2616,1701,1720
2617,1701,1720
2618,1701,1720
2619,1701,1721
2620,1702,1721
2621,1702,1721
2622,1702,1721
2623,1702,1721
2624,1702,1721
2625,1702,1722
2626,1703,1722
2627,1703,1722
2628,1703,1722
2629,1703,1722
2630,1703,1723
2631,1703,1723
2632,1704,1723
2633,1704,1723
2634,1704,1723
2635,1704,1724
2636,1704,1724
2637,1705,1724
2638,1705,1724
2639,1705,1724
2640,1705,1725
2641,1705,1725
2642,1706,1725
2643,1706,1725
2644,1706,1725
2645,1706,1726
2646,1706,1726
2647,1707,1726
2648,1707,1726
2649,1707,1726
2650,1707,1727
2651,1707,1727
2652,1708,1727
2653,1708,1727
2654,1708,1728
2655,1708,1728
2656,1709,1728
2657,1709,1728
2658,1709,1728
2659,1709,1729
2660,1709,1729
2661,1710,1729
2662,1710,1729
2663,1710,1730
2664,1710,1730
2665,1711,1730
2666,1711,1730
2667,1711,1731
2668,1711,1731
2669,1712,1731
2670,1712,1731
2671,1712,1732
2672,1712,1732
2673,1713,1732
2674,1713,1732
2675,1713,1733
2676,1713,1733
2677,1714,1733
2678,1714,1733
2679,1714,1734
2680,1714,1734
2681,1715,1734
2682,1715,1734
2683,1715,1735
2684,1715,1735
2685,1716,1735
2686,1716,1736
2687,1716,1736
2688,1716,1736
2689,1717,1736
2690,1717,1737
2691,1717,1737
2692,1718,1737
2693,1718,1738
2694,1718,1738
2695,1718,1738
2696,1719,1738
2697,1719,1739
2698,1719,1739
2699,1720,1739
2700,1720,1740
2701,1720,1740
2702,1720,1740
2703,1721,1741
2704,1721,1741
2705,1721,1741
2706,1722,1742
2707,1722,1742
2708,1722,1742
2709,1723,1743
2710,1723,1743
2711,1723,1743
2712,1724,1743
2713,1724,1744
2714,1724,1744
2715,1725,1744
2716,1725,1745
2717,1725,1745
2718,1725,1745
2719,1726,1746
2720,1726,1746
2721,1726,1747
2722,1727,1747
2723,1727,1747
2724,1727,1748
2725,1728,1748
2726,1728,1748
2727,1728,1749
2728,1729,1749
2729,1729,1749
2730,1730,1750
2731,1730,1750
2732,1730,1750
2733,1731,1751
2734,1731,1751
2735,1731,1752
2736,1732,1752
2737,1732,1752
2738,1732,1753
2739,1733,1753
2740,1733,1753
2741,1733,1754
2742,1734,1754
2743,1734,1755
2744,1735,1755
2745,1735,1755
2746,1735,1756
2747,1736,1756
2748,1736,1756
2749,1736,1757
2750,1737,1757
2751,1737,1758
2752,1738,1758
2753,1738,1758
2754,1738,1759
2755,1739,1759
2756,1739,1760
2757,1740,1760
2758,1740,1761
2759,1740,1761
2760,1741,1761
2761,1741,1762
2762,1742,1762
2763,1742,1763
2764,1742,1763
2765,1743,1764
2766,1743,1764
2767,1744,1764
2768,1744,1765
2769,1745,1765
2770,1745,1766
2771,1745,1766
2772,1746,1767
2773,1746,1767
2774,1747,1767
2775,1747,1768
2776,1748,1768
2777,1748,1769
2778,1748,1769
2779,1749,1770
2780,1749,1770
2781,1750,1771
2782,1750,1771
2783,1751,1772
2784,1751,1772
2785,1751,1772
2786,1752,1773
2787,1752,1773
2788,1753,1774
2789,1753,1774
2790,1754,1775
2791,1754,1775
2792,1755,1776
2793,1755,1776
2794,1756,1777
2795,1756,1777
2796,1757,1778
2797,1757,1778
2798,1758,1779
2799,1758,1779
2800,1759,1780
2801,1759,1780
2802,1759,1781
2803,1760,1781
2804,1760,1782
2805,1761,1782
2806,1761,1783
2807,1762,1783
2808,1762,1784
2809,1763,1784
2810,1763,1785
2811,1764,1785
2812,1764,1786
2813,1765,1787
2814,1765,1787
2815,1766,1788
2816,1767,1788
2817,1767,1789
2818,1768,1789
2819,1768,1790
2820,1769,1790
2821,1769,1791
2822,1770,1791
2823,1770,1792
2824,1771,1793
2825,1771,1793
2826,1772,1794
2827,1772,1794
2828,1773,1795
2829,1773,1795
2830,1774,1796
2831,1775,1796
2832,1775,1797
2833,1776,1798
2834,1776,1798
2835,1777,1799
2836,1777,1799
2837,1778,1800
2838,1778,1801
2839,1779,1801
2840,1780,1802
2841,1780,1802
2842,1781,1803
2843,1781,1804
2844,1782,1804
2845,1782,1805
2846,1783,1805
2847,1784,1806
2848,1784,1807
2849,1785,1807
2850,1785,1808
2851,1786,1808
2852,1787,1809
2853,1787,1810
2854,1788,1810
2855,1788,1811
2856,1789,1812
2857,1790,1812
2858,1790,1813
2859,1791,1814
2860,1792,1814
2861,1792,1815
2862,1793,1815
2863,1793,1816
2864,1794,1817
2865,1795,1817
2866,1795,1818
2867,1796,1819
2868,1797,1819
2869,1797,1820
2870,1798,1821
2871,1798,1821
2872,1799,1822
2873,1800,1823
2874,1800,1824
2875,1801,1824
2876,1802,1825
2877,1802,1826
2878,1803,1826
2879,1804,1827
2880,1804,1828
2881,1805,1828
2882,1806,1829
2883,1806,1830
2884,1807,1831
2885,1808,1831
2886,1808,1832
2887,1809,1833
2888,1810,1833
2889,1811,1834
2890,1811,1835
2891,1812,1836
2892,1813,1836
2893,1813,1837
2894,1814,1838
2895,1815,1839
2896,1815,1839
2897,1816,1840
2898,1817,1841
2899,1818,1842
2900,1818,1842
2901,1819,1843
2902,1820,1844
2903,1821,1845
2904,1821,1845
2905,1822,1846
2906,1823,1847
2907,1824,1848
2908,1824,1849
2909,1825,1849
2910,1826,1850
2911,1827,1851
2912,1827,1852
2913,1828,1852
2914,1829,1853
2915,1830,1854
2916,1830,1855
2917,1831,1856
2918,1832,1857
2919,1833,1857
2920,1833,1858
2921,1834,1859
2922,1835,1860
2923,1836,1861
2924,1837,1862
2925,1837,1862
2926,1838,1863
2927,1839,1864
2928,1840,1865
2929,1841,1866
2930,1842,1867
2931,1842,1868
2932,1843,1868
2933,1844,1869
2934,1845,1870
2935,1846,1871
2936,1846,1872
2937,1847,1873
2938,1848,1874
2939,1849,1875
2940,1850,1875
2941,1851,1876
2942,1852,1877
2943,1852,1878
2944,1853,1879
2945,1854,1880
2946,1855,1881
2947,1856,1882
2948,1857,1883
2949,1858,1884
2950,1859,1885
2951,1859,1886
2952,1860,1887
2953,1861,1888
2954,1862,1888
2955,1863,1889
2956,1864,1890
2957,1865,1891
2958,1866,1892
2959,1867,1893
2960,1868,1894
2961,1869,1895
2962,1869,1896
2963,1870,1897
2964,1871,1898
2965,1872,1899
2966,1873,1900
2967,1874,1901
2968,1875,1902
2969,1876,1903
2970,1877,1904
2971,1878,1905
2972,1879,1906
2973,1880,1907
2974,1881,1908
2975,1882,1910
2976,1883,1911
2977,1884,1912
2978,1885,1913
2979,1886,1914
2980,1887,1915
2981,1888,1916
2982,1889,1917
2983,1890,1918
2984,1891,1919
2985,1892,1920
2986,1893,1921
2987,1894,1922
2988,1895,1924
2989,1896,1925
2990,1897,1926
2991,1898,1927
2992,1899,1928
2993,1900,1929
2994,1901,1930
2995,1903,1932
2996,1904,1933
2997,1905,1934
2998,1906,1935
2999,1907,1936
3000,1908,1937
3001,1909,1939
3002,1910,1940
3003,1911,1941
3004,1912,1942
3005,1914,1943
3006,1915,1945
3007,1916,1946
3008,1917,1947
3009,1918,1948
3010,1919,1949
3011,1920,1951
3012,1922,1952
3013,1923,1953
3014,1924,1954
3015,1925,1956
3016,1926,1957
3017,1927,1958
3018,1929,1960
3019,1930,1961
3020,1931,1962
3021,1932,1964
3022,1934,1965
3023,1935,1966
3024,1936,1968
3025,1937,1969
3026,1938,1970
3027,1940,1972
3028,1941,1973
3029,1942,1974
3030,1944,1976
3031,1945,1977
3032,1946,1978
3033,1947,1980
3034,1949,1981
3035,1950,1983
3036,1951,1984
3037,1953,1986
3038,1954,1987
3039,1955,1988
3040,1957,1990
3041,1958,1991
3042,1959,1993
3043,1961,1994
3044,1962,1996
3045,1963,1997
3046,1965,1999
3047,1966,2000
3048,1968,2002
3049,1969,2003
3050,1970,2005
3051,1972,2007
3052,1973,2008
3053,1975,2010
3054,1976,2011
3055,1978,2013
3056,1979,2015
3057,1980,2016
3058,1982,2018
3059,1983,2019
3060,1985,2021
3061,1986,2023
3062,1988,2024
3063,1989,2026
3064,1991,2028
3065,1993,2030
3066,1994,2031
3067,1996,2033
3068,1997,2035
3069,1999,2037
3070,2000,2038
3071,2002,2040
3072,2004,2042
3073,2005,2044
3074,2007,2046
3075,2009,2047
3076,2010,2049
3077,2012,2051
3078,2014,2053
3079,2015,2055
3080,2017,2057
3081,2019,2059
3082,2020,2061
3083,2022,2063
3084,2024,2065
3085,2026,2067
3086,2027,2069
3087,2029,2071
3088,2031,2073
3089,2033,2075
3090,2035,2077
3091,2036,2079
3092,2038,2081
3093,2040,2084
3094,2042,2086
3095,2044,2088
3096,2046,2090
3097,2048,2092
3098,2050,2095
3099,2052,2097
3100,2054,2099
3101,2056,2102
3102,2058,2104
3103,2060,2106
3104,2062,2109
3105,2064,2111
3106,2066,2114
3107,2068,2116
3108,2070,2119
3109,2072,2121
3110,2075,2124
3111,2077,2127
3112,2079,2129
3113,2081,2132
3114,2083,2135
3115,2086,2138
3116,2088,2141
3117,2090,2143
3118,2093,2146
3119,2095,2149
3120,2098,2152
3121,2100,2155
3122,2103,2159
3123,2105,2162
3124,2108,2165
3125,2110,2168
3126,2113,2172
