1840,2198,2261
1841,2192,2259
1842,2187,2257
1843,2182,2254
1844,2178,2251
1845,2173,2247
1846,2169,2244
1847,2165,2240
1848,2161,2236
1849,2157,2233
1850,2154,2229
1851,2150,2225
1852,2147,2221
1853,2143,2217
1854,2140,2214
1855,2137,2210
1856,2134,2206
1857,2131,2203
1858,2128,2199
1859,2125,2195
1860,2122,2192
1861,2119,2188
1862,2116,2185
1863,2114,2181
1864,2111,2178
1865,2108,2174
1866,2106,2171
1867,2103,2168
1868,2101,2165
1869,2098,2161
1870,2096,2158
1871,2093,2155
1872,2091,2152
1949,1971,1974
1948,1971,1977
1947,1972,1979
1946,1972,1981
1945,1973,1984
1944,1974,1986
1943,1975,1988
1942,1976,1990
1941,1977,1992
2562,2890,2892
1927,1994,2019
2563,2889,2893
1928,1993,2017
2564,2888,2894
1929,1991,2015
2565,2888,2894
1930,1990,2013
2566,2887,2895
1931,1989,2011
2567,2887,2895
1932,1987,2009
2568,2887,2896
1933,1986,2007
2569,2886,2896
1934,1985,2005
2570,2886,2896
1935,1984,2004
2571,2886,2896
1936,1983,2002
2572,2886,2897
1937,1981,2000
2573,2885,2897
1938,1980,1998
2574,2885,2897
1939,1979,1996
2575,2885,2897
1940,1978,1994
2576,2885,2897
2577,2885,2897
2578,2885,2897
2579,2885,2898
2580,2885,2898
2581,2885,2898
2597,2886,2897
2596,2885,2897
2595,2885,2897
2535,3235,3237
1900,2035,2077
2594,2885,2897
2534,3235,3238
1899,2037,2080
2593,2885,2897
2533,3234,3239
1898,2038,2082
2592,2885,2898
2532,3234,3239
1897,2040,2084
2591,2885,2898
2531,3234,3240
1896,2042,2087
2590,2885,2898
2530,3234,3240
1895,2044,2089
2589,2885,2898
2529,3234,3239
1894,2045,2092
2588,2885,2898
2528,3235,3239
1893,2047,2094
2587,2885,2898
2527,3236,3239
1892,2049,2097
2586,2885,2898
2526,3237,3237
1891,2051,2099
2585,2885,2898
2598,2886,2897
2599,2886,2897
2600,2886,2896
2601,2886,2896
2602,2887,2896
2603,2887,2896
2604,2887,2895
2605,2887,2895
1835,2245,2250
2606,2888,2895
1836,2228,2260
2607,2888,2894
1837,2218,2263
2608,2889,2894
1838,2211,2264
2609,2889,2893
1839,2204,2263
2610,2890,2892
2584,2885,2898
2583,2885,2898
2582,2885,2898
1873,2089,2149
1874,2086,2146
1875,2084,2143
1876,2082,2140
1877,2079,2137
1878,2077,2134
1879,2075,2131
1880,2073,2128
1881,2071,2126
1882,2069,2123
1883,2067,2120
1884,2065,2117
1885,2063,2115
1886,2061,2112
1887,2059,2109
1888,2057,2107
1889,2055,2104
1890,2053,2102
1901,2033,2075
1902,2031,2073
1903,2030,2070
1904,2028,2068
1905,2026,2066
1906,2025,2063
1907,2023,2061
1908,2022,2059
1909,2020,2057
1910,2018,2055
1911,2017,2052
1912,2015,2050
1913,2014,2048
1914,2012,2046
1915,2011,2044
1916,2009,2042
1917,2008,2040
1918,2006,2038
1919,2005,2036
1920,2003,2033
1921,2002,2031
1922,2001,2029
1923,1999,2027
1924,1998,2025
1925,1997,2023
1926,1995,2021
