1837,2236,2262
1838,2225,2266
1839,2216,2267
1840,2209,2267
1841,2203,2266
1842,2197,2264
1843,2192,2261
1844,2187,2259
1845,2182,2255
1846,2177,2252
1847,2173,2248
1848,2169,2245
1849,2165,2241
1850,2161,2237
1851,2157,2233
1852,2154,2229
1853,2150,2225
1854,2147,2221
1855,2143,2218
1856,2140,2214
1857,2137,2210
1858,2134,2206
1859,2131,2202
1860,2128,2199
1861,2125,2195
1862,2122,2191
1863,2119,2188
1864,2116,2184
1865,2114,2181
1866,2111,2177
1867,2108,2174
1868,2106,2171
1869,2103,2167
1870,2101,2164
1871,2098,2161
1872,2096,2158
1873,2093,2155
1874,2091,2152
1956,1964,1967
1955,1964,1970
1954,1965,1972
1953,1965,1974
1952,1966,1976
1951,1967,1978
1950,1968,1980
1949,1969,1982
1948,1970,1984
1947,1971,1986
1946,1972,1988
1945,1973,1990
2558,2891,2892
1923,2001,2032
2559,2890,2893
1924,2000,2030
2560,2889,2894
1925,1999,2028
2561,2888,2894
1926,1997,2026
2562,2888,2895
1927,1996,2024
2563,2887,2895
1928,1994,2022
2564,2887,2896
1929,1993,2020
2565,2887,2896
1930,1992,2018
2566,2886,2896
1931,1990,2016
2567,2886,2897
1932,1989,2014
2568,2886,2897
1933,1988,2012
2569,2886,2897
1934,1986,2010
2570,2886,2897
1935,1985,2009
2571,2886,2897
1936,1984,2007
2572,2885,2897
1937,1983,2005
2573,2885,2898
1938,1981,2003
2574,2885,2898
1939,1980,2001
2575,2885,2898
1940,1979,1999
2576,2885,2898
1941,1978,1997
2534,3235,3238
1899,2040,2084
2593,2886,2897
2533,3235,3239
1898,2042,2087
2592,2886,2897
2532,3234,3239
1897,2043,2089
2591,2886,2897
2531,3234,3240
1896,2045,2092
2590,2886,2898
2530,3234,3240
1895,2047,2094
2589,2885,2898
2529,3234,3240
1894,2049,2096
2588,2885,2898
2528,3235,3240
1893,2051,2099
2587,2885,2898
2527,3235,3239
1892,2053,2102
2586,2885,2898
2526,3236,3239
1891,2055,2104
2585,2885,2898
1876,2086,2146
2584,2885,2898
1875,2088,2149
2583,2885,2898
2582,2885,2898
2581,2885,2898
2594,2886,2897
2595,2886,2897
2596,2887,2897
2597,2887,2896
2598,2887,2896
2599,2887,2896
2600,2888,2896
2601,2888,2895
2602,2888,2895
2603,2889,2894
2604,2890,2894
2605,2890,2893
2580,2885,2898
2579,2885,2898
1944,1974,1992
2578,2885,2898
1943,1975,1993
2577,2885,2898
1942,1977,1995
1877,2084,2143
1878,2082,2140
1879,2079,2137
1880,2077,2134
1881,2075,2131
1882,2073,2128
1883,2071,2125
1884,2069,2123
1885,2067,2120
1886,2065,2117
1887,2063,2114
1888,2061,2112
1889,2059,2109
1890,2057,2107
1900,2038,2082
1901,2036,2080
1902,2034,2077
1903,2033,2075
1904,2031,2073
1905,2029,2070
1906,2028,2068
1907,2026,2066
1908,2024,2064
1909,2023,2061
1910,2021,2059
1911,2020,2057
1912,2018,2055
1913,2016,2053
1914,2015,2051
1915,2013,2049
1916,2012,2046
1917,2010,2044
1918,2009,2042
1919,2007,2040
1920,2006,2038
1921,2004,2036
1922,2003,2034
