1863,2309,2363
1864,2292,2379
1865,2280,2391
1866,2271,2400
1867,2262,2408
1868,2254,2415
1869,2247,2422
1870,2241,2428
1871,2235,2433
1872,2229,2438
1873,2224,2443
1874,2218,2448
1875,2213,2452
1876,2209,2456
1877,2204,2459
1878,2200,2344
1878,2381,2463
1879,2195,2320
1879,2406,2466
1880,2191,2306
1880,2422,2468
1881,2187,2295
1881,2435,2471
1882,2183,2285
1882,2447,2472
1883,2179,2276
1883,2459,2472
1884,2176,2269
1885,2172,2262
1886,2168,2255
1887,2165,2249
1888,2161,2243
1889,2158,2237
1890,2155,2232
1891,2152,2227
1892,2148,2222
1893,2145,2217
1894,2142,2213
1895,2139,2209
1896,2136,2204
1897,2133,2200
1898,2130,2196
1899,2128,2192
1900,2125,2188
1901,2122,2185
1902,2119,2181
1903,2117,2177
1904,2114,2174
1905,2111,2171
1906,2109,2167
1907,2106,2164
1908,2104,2161
1909,2101,2158
1910,2099,2154
1911,2097,2151
1912,2094,2148
1913,2092,2145
1914,2089,2143
1915,2087,2140
1916,2085,2137
1917,2083,2134
1918,2080,2131
1919,2078,2129
1920,2076,2126
1921,2074,2123
1922,2072,2121
1923,2069,2118
1924,2067,2116
1925,2065,2113
1926,2063,2111
1927,2061,2108
1928,2059,2106
1929,2057,2103
1930,2055,2101
1931,2053,2099
1932,2051,2096
1933,2049,2094
1934,2047,2092
1935,2045,2090
1936,2043,2087
1937,2041,2085
1938,2040,2083
1939,2038,2081
1940,2036,2079
1941,2034,2077
1942,2032,2074
1943,2030,2072
1944,2029,2070
1945,2027,2068
1946,2025,2066
1947,2023,2064
1948,2022,2062
1949,2020,2060
1950,2018,2058
1951,2016,2056
1952,2015,2054
1953,2013,2053
1954,2011,2051
1955,2010,2049
1956,2008,2047
1957,2006,2045
1958,2005,2043
1959,2003,2041
1960,2002,2040
1961,2000,2038
1962,1998,2036
1963,1997,2034
1964,1995,2033
1965,1994,2031
1966,1992,2029
1967,1991,2027
1968,1989,2026
1969,1988,2024
1970,1986,2022
1971,1985,2021
1972,1983,2019
1973,1982,2017
1974,1980,2016
1975,1979,2014
1976,1977,2013
1977,1976,2011
1978,1974,2009
1979,1973,2008
1980,1972,2006
1981,1970,2005
1982,1969,2003
1983,1967,2002
1984,1966,2000
1985,1965,1999
1986,1963,1997
1987,1962,1996
1988,1960,1994
1989,1959,1993
1990,1958,1991
1991,1956,1990
1992,1955,1988
1993,1954,1987
1994,1952,1985
1995,1951,1984
1996,1950,1982
1997,1948,1981
1998,1947,1980
1999,1946,1978
2000,1945,1977
2001,1943,1975
2002,1942,1974
2003,1941,1973
2004,1940,1971
2005,1938,1970
2006,1937,1969
2007,1936,1967
2008,1935,1966
2009,1933,1965
2010,1932,1963
2011,1931,1962
2012,1930,1961
2013,1929,1959
2014,1927,1958
2015,1926,1957
2016,1925,1956
2017,1924,1954
2018,1923,1953
2019,1922,1952
2020,1920,1951
2021,1919,1949
2022,1918,1948
2023,1917,1947
2024,1916,1946
2025,1915,1944
2026,1914,1943
2027,1912,1942
2028,1911,1941
2029,1910,1940
2030,1909,1938
2031,1908,1937
2032,1907,1936
2033,1906,1935
2034,1905,1934
2035,1904,1933
2036,1903,1931
2037,1902,1930
2038,1900,1929
2039,1899,1928
2040,1898,1927
2041,1897,1926
2042,1896,1925
2043,1895,1923
2044,1894,1922
2045,1893,1921
2046,1892,1920
2047,1891,1919
2048,1890,1918
2049,1889,1917
2050,1888,1916
2051,1887,1915
2052,1886,1914
2053,1885,1913
2054,1884,1912
2055,1883,1911
2056,1882,1909
2057,1881,1908
2058,1880,1907
2059,1879,1906
2060,1878,1905
2061,1877,1904
2630,1704,1723
2631,1704,1723
2632,1704,1723
2633,1704,1723
2634,1704,1723
2635,1705,1724
2636,1705,1724
2637,1705,1724
2638,1705,1724
2639,1705,1724
2640,1706,1725
2641,1706,1725
2642,1706,1725
2643,1706,1725
2644,1706,1725
2645,1707,1726
2646,1707,1726
2647,1707,1726
2648,1707,1726
2649,1707,1726
2650,1708,1727
2651,1708,1727
2652,1708,1727
2653,1708,1727
2654,1708,1727
2655,1709,1728
2656,1709,1728
2657,1709,1728
2658,1709,1728
2659,1710,1729
2660,1710,1729
2661,1710,1729
2662,1710,1729
2663,1710,1730
2664,1711,1730
2665,1711,1730
2666,1711,1730
2667,1711,1730
2668,1712,1731
2669,1712,1731
2670,1712,1731
2671,1712,1731
2672,1713,1732
2673,1713,1732
2674,1713,1732
2675,1713,1732
2676,1714,1733
2677,1714,1733
2678,1714,1733
2679,1714,1734
2680,1715,1734
2681,1715,1734
2682,1715,1734
2683,1715,1735
2684,1716,1735
2685,1716,1735
2686,1716,1735
2687,1716,1736
2688,1717,1736
2689,1717,1736
2690,1717,1737
2691,1718,1737
2692,1718,1737
2693,1718,1737
2694,1718,1738
2695,1719,1738
2696,1719,1738
2697,1719,1739
2698,1719,1739
2699,1720,1739
2700,1720,1739
2701,1720,1740
2702,1721,1740
2703,1721,1740
2704,1721,1741
2705,1722,1741
2706,1722,1741
2707,1722,1742
2708,1722,1742
2709,1723,1742
2710,1723,1743
2711,1723,1743
2712,1724,1743
2713,1724,1743
2714,1724,1744
2715,1725,1744
2716,1725,1744
2717,1725,1745
2718,1726,1745
2719,1726,1745
2720,1726,1746
2721,1727,1746
2722,1727,1746
2723,1727,1747
2724,1728,1747
2725,1728,1748
2726,1728,1748
2727,1729,1748
2728,1729,1749
2729,1729,1749
2730,1730,1749
2731,1730,1750
2732,1730,1750
2733,1731,1750
2734,1731,1751
2735,1731,1751
2736,1732,1751
2737,1732,1752
2738,1732,1752
2739,1733,1753
2740,1733,1753
2741,1733,1753
2742,1734,1754
2743,1734,1754
2744,1735,1754
2745,1735,1755
2746,1735,1755
2747,1736,1756
2748,1736,1756
2749,1736,1756
2750,1737,1757
2751,1737,1757
2752,1738,1758
2753,1738,1758
2754,1738,1758
2755,1739,1759
2756,1739,1759
2757,1740,1760
2758,1740,1760
2759,1740,1760
2760,1741,1761
2761,1741,1761
2762,1742,1762
2763,1742,1762
2764,1742,1762
2765,1743,1763
2766,1743,1763
2767,1744,1764
2768,1744,1764
2769,1744,1765
2770,1745,1765
2771,1745,1765
2772,1746,1766
2773,1746,1766
2774,1747,1767
2775,1747,1767
2776,1747,1768
2777,1748,1768
2778,1748,1769
2779,1749,1769
2780,1749,1769
2781,1750,1770
2782,1750,1770
2783,1750,1771
2784,1751,1771
2785,1751,1772
2786,1752,1772
2787,1752,1773
2788,1753,1773
2789,1753,1774
2790,1754,1774
2791,1754,1775
2792,1754,1775
2793,1755,1776
2794,1755,1776
2795,1756,1777
2796,1756,1777
2797,1757,1778
2798,1757,1778
2799,1758,1779
2800,1758,1779
2801,1759,1780
2802,1759,1780
2803,1760,1781
2804,1760,1781
2805,1761,1782
2806,1761,1782
2807,1762,1783
2808,1762,1783
2809,1763,1784
2810,1763,1784
2811,1764,1785
2812,1764,1785
2813,1765,1786
2814,1765,1786
2815,1766,1787
2816,1766,1787
2817,1767,1788
2818,1767,1788
2819,1768,1789
2820,1768,1789
2821,1769,1790
2822,1769,1790
2823,1770,1791
2824,1770,1792
2825,1771,1792
2826,1771,1793
2827,1772,1793
2828,1772,1794
2829,1773,1794
2830,1774,1795
2831,1774,1796
2832,1775,1796
2833,1775,1797
2834,1776,1797
2835,1776,1798
2836,1777,1798
2837,1777,1799
2838,1778,1800
2839,1779,1800
2840,1779,1801
2841,1780,1801
2842,1780,1802
2843,1781,1803
2844,1781,1803
2845,1782,1804
2846,1783,1804
2847,1783,1805
2848,1784,1806
2849,1784,1806
2850,1785,1807
2851,1785,1807
2852,1786,1808
2853,1787,1809
2854,1787,1809
2855,1788,1810
2856,1788,1810
2857,1789,1811
2858,1790,1812
2859,1790,1812
2860,1791,1813
2861,1792,1814
2862,1792,1814
2863,1793,1815
2864,1793,1816
2865,1794,1816
2866,1795,1817
2867,1795,1818
2868,1796,1818
2869,1797,1819
2870,1797,1820
2871,1798,1820
2872,1798,1821
2873,1799,1822
2874,1800,1822
2875,1800,1823
2876,1801,1824
2877,1802,1824
2878,1802,1825
2879,1803,1826
2880,1804,1826
2881,1804,1827
2882,1805,1828
2883,1806,1829
2884,1806,1829
2885,1807,1830
2886,1808,1831
2887,1808,1831
2888,1809,1832
2889,1810,1833
2890,1810,1834
2891,1811,1834
2892,1812,1835
2893,1813,1836
2894,1813,1836
2895,1814,1837
2896,1815,1838
2897,1815,1839
2898,1816,1839
2899,1817,1840
2900,1817,1841
2901,1818,1842
2902,1819,1842
2903,1820,1843
2904,1820,1844
2905,1821,1845
2906,1822,1846
2907,1823,1846
2908,1823,1847
2909,1824,1848
2910,1825,1849
2911,1826,1849
2912,1826,1850
2913,1827,1851
3044,1959,1993
3045,1960,1994
3046,1962,1996
3047,1963,1997
3048,1965,1999
3049,1966,2001
3050,1967,2002
3051,1969,2004
3052,1970,2005
3053,1972,2007
3054,1973,2008
3055,1974,2010
3056,1976,2011
3057,1977,2013
3058,1979,2015
3059,1980,2016
3060,1982,2018
3061,1983,2020
3062,1985,2021
3063,1986,2023
3064,1988,2025
3065,1989,2026
3066,1991,2028
3067,1992,2030
3068,1994,2031
3069,1995,2033
3070,1997,2035
3071,1998,2037
3072,2000,2039
3073,2002,2040
3074,2003,2042
3075,2005,2044
3170,2307,2362
3169,2290,2377
3168,2279,2388
3167,2269,2397
3166,2261,2405
3165,2253,2412
3164,2246,2418
3163,2240,2424
3162,2234,2429
3161,2228,2434
3160,2223,2438
3159,2217,2442
3158,2212,2446
3157,2208,2449
3156,2203,2452
3155,2199,2352
3155,2382,2455
3154,2194,2325
3154,2412,2456
3153,2190,2310
3153,2431,2457
3152,2186,2298
3151,2182,2288
3150,2178,2279
3149,2175,2272
3148,2171,2264
3147,2168,2258
3146,2164,2251
3145,2161,2245
3144,2157,2240
3143,2154,2234
3142,2151,2229
3141,2148,2224
3140,2145,2220
3139,2142,2215
3138,2139,2211
3137,2136,2206
3136,2133,2202
3135,2130,2198
3104,2057,2104
3103,2055,2102
3102,2053,2100
3101,2051,2097
3100,2049,2095
3099,2047,2093
3098,2045,2090
3097,2043,2088
3096,2041,2086
3095,2039,2084
3094,2038,2082
3093,2036,2080
3092,2034,2077
3091,2032,2075
3090,2030,2073
3089,2028,2071
3076,2006,2046
3077,2008,2048
3078,2010,2050
3079,2011,2051
3080,2013,2053
3081,2015,2055
3082,2016,2057
3083,2018,2059
3084,2020,2061
3085,2021,2063
3086,2023,2065
3087,2025,2067
3088,2027,2069
3105,2059,2107
3106,2061,2109
3107,2063,2112
3108,2065,2114
3109,2067,2117
3110,2069,2119
3111,2071,2122
3112,2073,2124
3113,2076,2127
3114,2078,2130
3115,2080,2133
3116,2082,2135
3117,2084,2138
3118,2087,2141
3119,2089,2144
3120,2091,2147
3121,2094,2150
3122,2096,2153
3123,2099,2156
3124,2101,2159
3125,2103,2162
3126,2106,2165
3127,2108,2169
3128,2111,2172
3129,2114,2176
3130,2116,2179
3131,2119,2183
3132,2122,2186
3133,2124,2190
3134,2127,2194
3043,1958,1992
3042,1956,1990
3041,1955,1989
3040,1954,1987
3039,1952,1986
3038,1951,1984
3037,1950,1983
3036,1949,1981
3035,1947,1980
3034,1946,1979
3033,1945,1977
3032,1943,1976
3031,1942,1974
3030,1941,1973
3029,1940,1972
3028,1938,1970
3027,1937,1969
3026,1936,1968
3025,1935,1966
3024,1934,1965
3023,1932,1964
3022,1931,1962
3021,1930,1961
3020,1929,1960
3019,1928,1958
3018,1926,1957
3017,1925,1956
3016,1924,1955
3015,1923,1953
3014,1922,1952
3013,1921,1951
3012,1919,1950
3011,1918,1948
3010,1917,1947
3009,1916,1946
3008,1915,1945
3007,1914,1943
3006,1913,1942
3005,1911,1941
3004,1910,1940
3003,1909,1939
3002,1908,1937
3001,1907,1936
3000,1906,1935
2999,1905,1934
2998,1904,1933
2997,1903,1932
2996,1902,1930
2995,1901,1929
2994,1900,1928
2993,1899,1927
2992,1897,1926
2991,1896,1925
2990,1895,1924
2989,1894,1923
2988,1893,1921
2987,1892,1920
2986,1891,1919
2985,1890,1918
2984,1889,1917
2983,1888,1916
2982,1887,1915
2981,1886,1914
2980,1885,1913
2979,1884,1912
2978,1883,1911
2977,1882,1910
2976,1881,1909
2975,1880,1908
2974,1879,1906
2973,1878,1905
2972,1877,1904
2971,1876,1903
2970,1875,1902
2969,1875,1901
2968,1874,1900
2967,1873,1899
2966,1872,1898
2965,1871,1897
2964,1870,1896
2963,1869,1895
2962,1868,1894
2961,1867,1893
2960,1866,1892
2959,1865,1891
2958,1864,1891
2957,1863,1890
2956,1863,1889
2955,1862,1888
2954,1861,1887
2953,1860,1886
2952,1859,1885
2951,1858,1884
2950,1857,1883
2949,1856,1882
2948,1855,1881
2947,1855,1880
2946,1854,1879
2945,1853,1878
2944,1852,1877
2943,1851,1876
2942,1850,1876
2941,1849,1875
2940,1849,1874
2939,1848,1873
2938,1847,1872
2937,1846,1871
2936,1845,1870
2935,1844,1869
2934,1844,1869
2933,1843,1868
2932,1842,1867
2931,1841,1866
2930,1840,1865
2929,1840,1864
2928,1839,1863
2927,1838,1863
2926,1837,1862
2925,1836,1861
2924,1836,1860
2923,1835,1859
2922,1834,1858
2921,1833,1858
2920,1832,1857
2919,1832,1856
2918,1831,1855
2917,1830,1854
2916,1829,1853
2915,1829,1853
2914,1828,1852
2629,1704,1722
2628,1703,1722
2627,1703,1722
2626,1703,1722
2625,1703,1722
2624,1703,1722
2623,1703,1721
2622,1702,1721
2621,1702,1721
2620,1702,1721
2619,1702,1721
2618,1702,1721
2617,1702,1720
2616,1701,1720
2615,1701,1720
2614,1701,1720
2613,1701,1720
2612,1701,1720
2611,1701,1719
2610,1701,1719
2609,1700,1719
2608,1700,1719
2607,1700,1719
2606,1700,1719
2605,1700,1719
2604,1700,1718
2603,1700,1718
2602,1699,1718
2601,1699,1718
2600,1699,1718
2599,1699,1718
2598,1699,1718
2597,1699,1718
2596,1699,1717
2595,1699,1717
2594,1698,1717
2593,1698,1717
2592,1698,1717
2591,1698,1717
2590,1698,1717
2589,1698,1717
2588,1698,1716
2587,1698,1716
2586,1698,1716
2585,1697,1716
2584,1697,1716
2583,1697,1716
2582,1697,1716
2581,1697,1716
2580,1697,1716
2579,1697,1716
2578,1697,1715
2577,1697,1715
2576,1697,1715
2575,1696,1715
2574,1696,1715
2573,1696,1715
2572,1696,1715
2571,1696,1715
2570,1696,1715
2569,1696,1715
2568,1696,1715
2567,1696,1714
2566,1696,1714
2565,1696,1714
2564,1696,1714
2563,1695,1714
2562,1695,1714
2561,1695,1714
2560,1695,1714
2559,1695,1714
2558,1695,1714
2557,1695,1714
2556,1695,1714
2555,1695,1714
2554,1695,1714
2553,1695,1714
2552,1695,1713
2551,1695,1713
2550,1695,1713
2549,1695,1713
2548,1695,1713
2547,1695,1713
2546,1694,1713
2545,1694,1713
2544,1694,1713
2543,1694,1713
2542,1694,1713
2541,1694,1713
2540,1694,1713
2539,1694,1713
2538,1694,1713
2537,1694,1713
2536,1694,1713
2535,1694,1713
2534,1694,1713
2533,1694,1713
2532,1694,1713
2531,1694,1713
2530,1694,1713
2530,2896,2899
2529,1694,1713
2529,2895,2899
2528,1694,1713
2528,2894,2900
2527,1694,1713
2527,2894,2901
2526,1694,1713
2526,2893,2901
2525,1694,1713
2525,2893,2901
2524,1694,1713
2524,2893,2902
2523,1694,1712
2523,2892,2902
2522,1694,1712
2522,2892,2902
2521,1694,1712
2521,2892,2902
2520,1694,1712
2520,2892,2903
2519,1694,1712
2519,3242,3242
2519,2892,2903
2518,1694,1712
2518,3240,3244
2518,2891,2903
2517,1694,1712
2517,3240,3244
2517,2891,2903
2516,1694,1712
2516,3239,3245
2516,2891,2903
2515,1694,1712
2515,3239,3245
2515,2891,2903
2514,1694,1712
2514,3239,3245
2514,2891,2903
2513,1694,1712
2513,3239,3245
2513,2891,2903
2512,1694,1712
2512,3239,3245
2512,2891,2903
2511,1694,1712
2511,3240,3244
2511,2891,2903
2510,1694,1713
2510,3240,3244
2510,2891,2903
2509,1694,1713
2509,3241,3243
2509,2891,2903
2508,1694,1713
2508,2891,2903
2507,1694,1713
2507,2891,2903
2506,1694,1713
2506,2891,2903
2505,1694,1713
2505,2891,2903
2504,1694,1713
2504,2892,2903
2503,1694,1713
2503,2892,2903
2502,1694,1713
2502,2892,2902
2501,1694,1713
2501,2892,2902
2500,1694,1713
2500,2892,2902
2499,1694,1713
2499,2893,2902
2498,1694,1713
2498,2893,2901
2497,1694,1713
2497,2893,2901
2496,1694,1713
2496,2894,2901
2495,1694,1713
2495,2894,2900
2494,1694,1713
2494,2895,2899
2493,1694,1713
2493,2896,2899
2492,1694,1713
2491,1694,1713
2490,1694,1713
2489,1694,1713
2488,1694,1713
2487,1694,1713
2486,1695,1713
2485,1695,1713
2484,1695,1713
2483,1695,1713
2482,1695,1713
2481,1695,1713
2480,1695,1714
2479,1695,1714
2478,1695,1714
2477,1695,1714
2476,1695,1714
2475,1695,1714
2474,1695,1714
2473,1695,1714
2472,1695,1714
2471,1695,1714
2470,1695,1714
2469,1696,1714
2468,1696,1714
2467,1696,1714
2466,1696,1714
2465,1696,1715
2464,1696,1715
2463,1696,1715
2462,1696,1715
2461,1696,1715
2460,1696,1715
2459,1696,1715
2458,1696,1715
2457,1696,1715
2456,1697,1715
2455,1697,1715
2454,1697,1716
2453,1697,1716
2452,1697,1716
2451,1697,1716
2450,1697,1716
2449,1697,1716
2448,1697,1716
2447,1697,1716
2446,1698,1716
2445,1698,1717
2444,1698,1717
2443,1698,1717
2442,1698,1717
2441,1698,1717
2440,1698,1717
2439,1698,1717
2438,1698,1717
2437,1699,1717
2436,1699,1718
2435,1699,1718
2434,1699,1718
2433,1699,1718
2432,1699,1718
2431,1699,1718
2430,1699,1718
2429,1700,1719
2428,1700,1719
2427,1700,1719
2426,1700,1719
2425,1700,1719
2424,1700,1719
2423,1700,1719
2422,1701,1720
2421,1701,1720
2420,1701,1720
2419,1701,1720
2418,1701,1720
2417,1701,1720
2416,1701,1720
2415,1702,1721
2414,1702,1721
2413,1702,1721
2412,1702,1721
2411,1702,1721
2410,1702,1721
2409,1703,1722
2408,1703,1722
2407,1703,1722
2406,1703,1722
2405,1703,1722
2404,1703,1723
2403,1704,1723
2402,1704,1723
2401,1704,1723
2400,1704,1723
2399,1704,1723
2398,1705,1724
2397,1705,1724
2396,1705,1724
2395,1705,1724
2394,1705,1724
2393,1705,1725
2392,1706,1725
2391,1706,1725
2390,1706,1725
2389,1706,1725
2388,1706,1726
2387,1707,1726
2386,1707,1726
2385,1707,1726
2384,1707,1726
2383,1707,1727
2382,1708,1727
2381,1708,1727
2380,1708,1727
2379,1708,1728
2378,1708,1728
2377,1709,1728
2376,1709,1728
2375,1709,1728
2374,1709,1729
2373,1710,1729
2372,1710,1729
2371,1710,1729
2370,1710,1730
2369,1710,1730
2368,1711,1730
2367,1711,1730
2366,1711,1731
2365,1711,1731
2364,1712,1731
2363,1712,1731
2362,1712,1732
2361,1712,1732
2360,1713,1732
2359,1713,1732
2358,1713,1733
2357,1713,1733
2356,1714,1733
2355,1714,1733
2354,1714,1734
2353,1714,1734
2352,1715,1734
2351,1715,1734
2350,1715,1735
2349,1715,1735
2348,1716,1735
2347,1716,1735
2346,1716,1736
2345,1716,1736
2344,1717,1736
2343,1717,1737
2342,1717,1737
2341,1718,1737
2340,1718,1737
2339,1718,1738
2338,1718,1738
2337,1719,1738
2336,1719,1739
2335,1719,1739
2334,1720,1739
2333,1720,1740
2332,1720,1740
2331,1720,1740
2330,1721,1740
2329,1721,1741
2328,1721,1741
2327,1722,1741
2326,1722,1742
2325,1722,1742
2324,1723,1742
2323,1723,1743
2322,1723,1743
2321,1723,1743
2320,1724,1744
2319,1724,1744
2318,1724,1744
2317,1725,1745
2316,1725,1745
2315,1725,1745
2314,1726,1746
2313,1726,1746
2312,1726,1746
2311,1727,1747
2310,1727,1747
2309,1727,1747
2308,1728,1748
2307,1728,1748
2306,1728,1748
2305,1729,1749
2304,1729,1749
2303,1729,1749
2302,1730,1750
2301,1730,1750
2300,1730,1750
2299,1731,1751
2298,1731,1751
2297,1731,1752
2296,1732,1752
2295,1732,1752
2294,1733,1753
2293,1733,1753
2292,1733,1753
2291,1734,1754
2290,1734,1754
2289,1734,1755
2288,1735,1755
2287,1735,1755
2286,1735,1756
2285,1736,1756
2284,1736,1756
2283,1737,1757
2282,1737,1757
2281,1737,1758
2280,1738,1758
2279,1738,1758
2278,1739,1759
2277,1739,1759
2276,1739,1760
2275,1740,1760
2274,1740,1760
2273,1740,1761
2272,1741,1761
2271,1741,1762
2270,1742,1762
2269,1742,1763
2268,1742,1763
2267,1743,1763
2266,1743,1764
2265,1744,1764
2264,1744,1765
2263,1745,1765
2262,1745,1766
2261,1745,1766
2260,1746,1766
2259,1746,1767
2258,1747,1767
2257,1747,1768
2256,1748,1768
2255,1748,1769
2254,1748,1769
2253,1749,1770
2252,1749,1770
2251,1750,1771
2250,1750,1771
2249,1751,1771
2248,1751,1772
2247,1751,1772
2246,1752,1773
2245,1752,1773
2244,1753,1774
2243,1753,1774
2242,1754,1775
2241,1754,1775
2240,1755,1776
2239,1755,1776
2238,1756,1777
2237,1756,1777
2236,1757,1778
2235,1757,1778
2234,1758,1779
2233,1758,1779
2232,1758,1780
2231,1759,1780
2230,1759,1781
2229,1760,1781
2228,1760,1782
2227,1761,1782
2226,1761,1783
2225,1762,1783
2224,1762,1784
2223,1763,1784
2222,1763,1785
2221,1764,1785
2220,1764,1786
2219,1765,1786
2218,1765,1787
2217,1766,1787
2216,1766,1788
2215,1767,1788
2214,1767,1789
2213,1768,1789
2212,1768,1790
2211,1769,1791
2210,1770,1791
2209,1770,1792
2208,1771,1792
2207,1771,1793
2206,1772,1793
2205,1772,1794
2204,1773,1794
2203,1773,1795
2202,1774,1796
2201,1774,1796
2200,1775,1797
2199,1775,1797
2198,1776,1798
2197,1777,1798
2196,1777,1799
2195,1778,1800
2194,1778,1800
2193,1779,1801
2192,1779,1801
2191,1780,1802
2190,1781,1803
2189,1781,1803
2188,1782,1804
2187,1782,1804
2186,1783,1805
2185,1783,1806
2184,1784,1806
2183,1785,1807
2182,1785,1807
2181,1786,1808
2180,1786,1809
2179,1787,1809
2178,1788,1810
2177,1788,1811
2176,1789,1811
2175,1789,1812
2174,1790,1812
2173,1791,1813
2172,1791,1814
2171,1792,1814
2170,1792,1815
2169,1793,1816
2168,1794,1816
2167,1794,1817
2166,1795,1818
2165,1796,1818
2164,1796,1819
2163,1797,1820
2162,1797,1820
2161,1798,1821
2160,1799,1822
2159,1799,1822
2158,1800,1823
2157,1801,1824
2156,1801,1824
2155,1802,1825
2154,1803,1826
2153,1803,1826
2152,1804,1827
2151,1805,1828
2150,1805,1829
2149,1806,1829
2148,1807,1830
2147,1807,1831
2146,1808,1831
2145,1809,1832
2144,1809,1833
2143,1810,1834
2142,1811,1834
2141,1812,1835
2140,1812,1836
2139,1813,1836
2138,1814,1837
2137,1814,1838
2136,1815,1839
2135,1816,1839
2134,1816,1840
2133,1817,1841
2132,1818,1842
2131,1819,1842
2130,1819,1843
2129,1820,1844
2128,1821,1845
2127,1822,1846
2126,1822,1846
2125,1823,1847
2124,1824,1848
2123,1825,1849
2122,1825,1849
2121,1826,1850
2120,1827,1851
2119,1828,1852
2118,1828,1853
2117,1829,1853
2116,1830,1854
2115,1831,1855
2114,1831,1856
2113,1832,1857
2112,1833,1857
2111,1834,1858
2110,1834,1859
2109,1835,1860
2108,1836,1861
2107,1837,1862
2106,1838,1862
2105,1838,1863
2104,1839,1864
2103,1840,1865
2102,1841,1866
2101,1842,1867
2100,1843,1868
2099,1843,1868
2098,1844,1869
2097,1845,1870
2096,1846,1871
2095,1847,1872
2094,1848,1873
2093,1848,1874
2092,1849,1875
2091,1850,1876
2090,1851,1876
2089,1852,1877
2088,1853,1878
2087,1853,1879
2086,1854,1880
2085,1855,1881
2084,1856,1882
2083,1857,1883
2082,1858,1884
2081,1859,1885
2080,1860,1886
2079,1860,1887
2078,1861,1888
2077,1862,1888
2076,1863,1889
2075,1864,1890
2074,1865,1891
2073,1866,1892
2072,1867,1893
2071,1868,1894
2070,1869,1895
2069,1870,1896
2068,1871,1897
2067,1871,1898
2066,1872,1899
2065,1873,1900
2064,1874,1901
2063,1875,1902
2062,1876,1903
