2126,2832,2834
2125,2830,2834
2124,2829,2834
2123,2827,2834
2122,2826,2834
3203,2349,2375
2121,2825,2834
3202,2328,2396
2120,2824,2833
3201,2316,2408
2119,2823,2833
3200,2306,2417
2118,2822,2832
3199,2298,2425
2117,2821,2832
3198,2291,2432
2116,2820,2831
3197,2285,2438
2115,2818,2831
3196,2279,2444
2114,2817,2830
3195,2273,2449
2113,2816,2830
3194,2268,2454
2112,2815,2829
1981,2033,2049
1981,2646,2686
1980,2035,2051
1980,2645,2685
1979,2036,2054
1979,2643,2683
1978,2038,2056
1978,2641,2681
1977,2039,2058
1977,2639,2679
1976,2041,2060
1976,2637,2678
1975,2042,2062
1975,2635,2676
1974,2044,2065
1974,2633,2674
1973,2045,2067
1973,2631,2673
1972,2047,2069
1972,2629,2671
1971,2048,2071
1971,2627,2669
1970,2050,2074
1970,2625,2667
1969,2052,2076
1969,2623,2665
1968,2053,2078
1968,2621,2664
1894,2273,2434
2435,2900,2908
1893,2282,2426
2434,2900,2908
1892,2291,2416
2433,2901,2907
1891,2302,2405
2432,2901,2907
1890,2316,2391
2431,2902,2906
1889,2340,2366
2430,2903,2905
1939,2110,2156
1939,2549,2603
1940,2108,2153
1940,2552,2605
1941,2105,2150
1941,2555,2608
1914,2178,2269
1914,2441,2531
2455,2897,2910
1935,2119,2169
1935,2537,2593
1942,2103,2147
1942,2558,2610
1915,2175,2262
1915,2448,2535
2456,2897,2910
1936,2117,2166
1936,2540,2596
1943,2101,2144
1943,2561,2612
1916,2172,2255
1916,2454,2538
2457,2897,2910
1937,2114,2163
1937,2543,2598
1944,2099,2141
1944,2564,2615
1917,2169,2249
1917,2460,2542
2458,2897,2910
1938,2112,2159
1938,2546,2601
1945,2097,2138
1945,2567,2617
1918,2165,2243
1918,2466,2545
2459,2897,2910
1946,2095,2135
1946,2569,2619
1919,2162,2237
1919,2472,2548
2460,2897,2909
1967,2055,2081
1967,2619,2662
1934,2122,2173
1934,2533,2591
2475,2902,2904
2502,3241,3245
1961,2065,2095
1961,2606,2650
1966,2057,2083
1966,2617,2660
1933,2124,2176
1933,2530,2588
2474,2901,2905
2501,3241,3246
1960,2067,2097
1960,2604,2648
1965,2058,2085
1965,2615,2658
2500,3240,3246
1959,2069,2100
1959,2601,2646
1964,2060,2088
1964,2613,2656
2499,3240,3246
1958,2071,2102
1958,2599,2644
1963,2062,2090
1963,2610,2654
2498,3240,3246
1957,2073,2105
1957,2597,2642
2503,3242,3244
1962,2064,2092
1962,2608,2652
2497,3240,3246
1956,2075,2107
1956,2594,2640
2496,3240,3246
1955,2077,2110
1955,2592,2638
2495,3240,3245
1954,2078,2113
1954,2590,2636
1947,2092,2132
1947,2572,2621
1920,2159,2232
1920,2477,2551
2461,2897,2909
1948,2090,2129
1948,2575,2624
1921,2156,2227
1921,2482,2554
2462,2897,2909
1949,2088,2126
1949,2577,2626
1950,2086,2123
1950,2580,2628
1951,2084,2121
1951,2582,2630
2493,3242,3243
1952,2082,2118
1952,2585,2632
2494,3241,3244
1953,2080,2115
1953,2587,2634
2473,2900,2906
1932,2127,2180
1932,2527,2585
2472,2900,2906
1931,2129,2184
1931,2523,2583
2471,2899,2907
1930,2132,2188
1930,2519,2580
2454,2897,2910
1913,2182,2277
1913,2433,2528
2470,2899,2907
1929,2134,2192
1929,2516,2577
2453,2897,2910
1912,2185,2286
1912,2424,2524
2469,2899,2908
1928,2137,2196
1928,2512,2575
2452,2897,2910
1911,2189,2296
1911,2415,2520
1900,2236,2472
2441,2898,2909
2468,2898,2908
1927,2139,2200
1927,2508,2572
2451,2897,2910
1910,2193,2308
1910,2403,2517
1899,2241,2467
2440,2899,2909
2467,2898,2908
1926,2142,2204
1926,2504,2569
2450,2897,2910
1909,2196,2325
1909,2386,2513
1898,2247,2461
2439,2899,2909
2466,2898,2908
1925,2145,2208
1925,2500,2566
2449,2897,2910
1908,2200,2509
1897,2253,2455
2438,2899,2909
2465,2898,2909
1924,2148,2213
1924,2496,2563
2448,2897,2910
1907,2204,2505
1896,2259,2448
2437,2899,2908
2464,2898,2909
1923,2151,2217
1923,2491,2560
2447,2897,2910
1906,2208,2500
1895,2266,2441
2436,2900,2908
2463,2897,2909
1922,2153,2222
1922,2487,2557
2446,2898,2910
1905,2212,2496
2445,2898,2910
1904,2217,2492
2444,2898,2910
1903,2221,2487
2443,2898,2909
1902,2226,2482
2442,2898,2909
1901,2231,2477
1982,2032,2047
1982,2648,2688
1983,2030,2045
1983,2650,2689
1984,2029,2043
1984,2652,2691
1985,2028,2041
1985,2654,2693
1986,2026,2038
1986,2655,2694
1987,2025,2036
1987,2657,2696
1988,2024,2034
1988,2659,2697
1989,2023,2032
1989,2661,2699
1990,2022,2030
1990,2662,2701
1991,2021,2027
1991,2664,2702
1992,2020,2025
1992,2666,2704
1993,2019,2022
1993,2668,2705
1994,2669,2707
1995,2671,2708
1996,2673,2710
1997,2674,2711
1998,2676,2713
1999,2677,2714
2000,2679,2716
2001,2681,2717
2002,2682,2719
2003,2684,2720
2004,2685,2721
2005,2687,2723
2006,2688,2724
2007,2690,2726
2008,2691,2727
2009,2693,2728
2010,2695,2730
2011,2696,2731
2012,2697,2732
2013,2699,2734
2014,2700,2735
2015,2702,2736
2016,2703,2738
2017,2705,2739
2018,2706,2740
2019,2708,2742
2020,2709,2743
2021,2710,2744
2022,2712,2745
2023,2713,2747
2024,2715,2748
2025,2716,2749
2026,2717,2750
2027,2719,2752
2028,2720,2753
2029,2721,2754
2030,2723,2755
2031,2724,2756
2032,2725,2758
2033,2727,2759
2034,2728,2760
2035,2729,2761
2036,2731,2762
2037,2732,2763
2038,2733,2764
2039,2734,2766
2040,2736,2767
2041,2737,2768
2042,2738,2769
2043,2740,2770
2044,2741,2771
2045,2742,2772
2046,2743,2773
2047,2744,2774
2048,2746,2775
2049,2747,2777
2050,2748,2778
2051,2749,2779
2052,2750,2780
2053,2752,2781
2054,2753,2782
2055,2754,2783
2056,2755,2784
2057,2756,2785
2058,2758,2786
2059,2759,2787
2060,2760,2788
2061,2761,2789
2062,2762,2790
2063,2763,2791
2064,2764,2792
2065,2766,2793
2066,2767,2794
2067,2768,2794
2068,2769,2795
2069,2770,2796
2070,2771,2797
2071,2772,2798
2072,2773,2799
2073,2775,2800
2074,2776,2801
2075,2777,2802
2076,2778,2803
2077,2779,2803
2078,2780,2804
2079,2781,2805
2080,2782,2806
2081,2783,2807
2082,2784,2808
2083,2785,2809
2084,2786,2809
2085,2787,2810
2086,2788,2811
2087,2789,2812
2088,2791,2813
2089,2792,2813
2090,2793,2814
2091,2794,2815
3174,2482,2504
2092,2795,2816
3175,2470,2505
2093,2796,2816
3176,2221,2234
3176,2460,2505
2094,2797,2817
3177,2219,2248
3177,2449,2504
2095,2798,2818
3178,2219,2261
3178,2437,2503
2096,2799,2819
3179,2220,2274
3179,2424,2502
2097,2800,2819
3180,2222,2289
3180,2410,2500
2098,2801,2820
3181,2224,2309
3181,2390,2498
2099,2802,2821
3182,2226,2495
2100,2803,2821
3183,2228,2493
2101,2804,2822
3184,2231,2490
2102,2805,2823
3185,2234,2488
2103,2806,2824
3186,2237,2485
2104,2807,2824
3187,2240,2481
2105,2808,2825
3188,2244,2478
2106,2809,2826
3189,2247,2475
2107,2810,2826
3190,2251,2471
2108,2811,2827
3191,2255,2467
2109,2812,2827
3192,2259,2463
2110,2813,2828
3193,2264,2459
2111,2814,2829
