2542,3226,3229
2543,3225,3229
2544,3225,3229
2545,3224,3229
2549,3225,3227
2548,3225,3228
2547,3224,3229
2546,3224,3229
2708,2871,2872
2709,2870,2872
2710,2870,2872
2711,2869,2873
2712,2869,2873
2713,2868,2873
2714,2868,2873
2715,2867,2873
2716,2867,2873
2717,2866,2873
2718,2866,2873
2719,2866,2872
2720,2865,2872
2721,2865,2872
2722,2864,2872
2723,2864,2872
2724,2864,2872
2725,2863,2872
2726,2863,2872
2727,2863,2871
2728,2862,2871
2729,2862,2871
2730,2862,2871
2731,2861,2871
2732,2861,2871
2733,2860,2870
2734,2860,2870
2735,2860,2870
2736,2859,2870
2737,2859,2870
2738,2859,2869
2739,2858,2869
2740,2858,2869
2741,2858,2869
2742,2857,2868
2743,2857,2868
2744,2857,2868
2745,2856,2868
2746,2856,2867
2747,2855,2867
2748,2855,2867
2749,2855,2867
2750,2854,2866
2751,2854,2866
2752,2854,2866
2753,2853,2865
2754,2853,2865
2755,2852,2865
2756,2852,2865
2757,2852,2864
2758,2851,2864
2759,2851,2864
2760,2850,2863
2761,2850,2863
2762,2850,2863
2763,2849,2862
2764,2849,2862
2765,2848,2862
2766,2848,2861
2767,2848,2861
2768,2847,2860
2769,2847,2860
2770,2846,2860
2771,2846,2859
2772,2845,2859
2773,2845,2859
2774,2845,2858
2775,2844,2858
2776,2844,2857
2777,2843,2857
2778,2843,2857
2779,2842,2856
2780,2842,2856
2781,2841,2855
2782,2841,2855
2783,2841,2855
2784,2840,2854
2785,2840,2854
2786,2839,2853
2787,2839,2853
2788,2838,2852
2789,2838,2852
2790,2837,2852
2791,2837,2851
2792,2836,2851
2793,2836,2850
2794,2835,2850
2795,2835,2849
1844,2056,2093
2926,2733,2756
1845,2054,2089
2927,2731,2755
1846,2053,2086
2928,2730,2754
1847,2052,2083
2929,2729,2753
1848,2051,2080
2930,2728,2752
1849,2050,2076
2931,2727,2751
1850,2050,2073
2932,2726,2750
1851,2049,2069
2933,2725,2749
1852,2049,2065
2934,2723,2748
1853,2049,2061
2935,2722,2747
1854,2051,2055
2936,2721,2746
2937,2720,2745
2938,2719,2744
2939,2718,2743
2940,2716,2742
2941,2715,2741
2942,2714,2739
2943,2713,2738
2944,2711,2737
2945,2710,2736
2946,2709,2735
2947,2708,2734
2948,2706,2733
2949,2705,2732
2950,2704,2731
2951,2703,2730
2952,2701,2729
2953,2700,2727
2954,2699,2726
2955,2697,2725
2956,2696,2724
2957,2695,2723
2958,2694,2722
2959,2692,2720
2960,2691,2719
2961,2690,2718
2962,2688,2717
2963,2687,2716
2964,2685,2715
2965,2684,2713
2966,2683,2712
2967,2681,2711
2968,2680,2710
2969,2678,2708
2970,2677,2707
2971,2676,2706
2972,2674,2705
2973,2673,2703
2974,2671,2702
2975,2670,2701
2976,2668,2699
2977,2667,2698
2978,2665,2697
2979,2664,2695
2980,2662,2694
2981,2661,2693
2982,2659,2691
2983,2658,2690
2984,2656,2689
2985,2655,2687
2986,2653,2686
2987,2652,2685
2988,2650,2683
2989,2649,2682
2990,2647,2680
3052,2541,2551
3051,2541,2555
3050,2542,2559
3019,2597,2633
3018,2599,2635
3017,2601,2637
3016,2603,2639
3015,2605,2640
3014,2606,2642
3013,2608,2644
3012,2610,2646
3011,2612,2647
3010,2614,2649
3009,2615,2651
3008,2617,2653
3007,2619,2654
3006,2621,2656
3005,2622,2657
3004,2624,2659
2991,2645,2679
2992,2644,2677
2993,2642,2676
2994,2641,2674
2995,2639,2673
2996,2637,2671
2997,2636,2670
2998,2634,2668
2999,2632,2667
3000,2631,2665
3001,2629,2664
3002,2627,2662
3003,2626,2661
3020,2595,2631
3021,2594,2629
3022,2592,2628
3023,2590,2626
3024,2588,2624
3025,2586,2622
3026,2584,2620
3027,2582,2618
3028,2581,2616
3029,2579,2614
3030,2577,2611
3031,2575,2609
3032,2573,2607
3033,2571,2605
3034,2569,2603
3035,2567,2600
3036,2565,2598
3037,2563,2596
3038,2562,2593
3039,2560,2591
3040,2558,2588
3041,2556,2586
3042,2554,2583
3043,2552,2581
3044,2551,2578
3045,2549,2575
3046,2547,2572
3047,2546,2569
3048,2544,2566
3049,2543,2563
1843,2057,2096
2925,2734,2757
1842,2058,2099
2924,2735,2758
1841,2060,2102
2923,2736,2759
1840,2061,2105
2922,2737,2760
1839,2063,2108
2921,2738,2761
1838,2064,2111
2920,2739,2762
1837,2066,2114
2919,2740,2763
1836,2067,2117
2918,2741,2764
1835,2069,2121
2917,2742,2764
1834,2071,2124
2916,2743,2765
1833,2072,2127
2915,2744,2766
1832,2074,2130
2914,2746,2767
1831,2076,2133
2913,2747,2768
1830,2078,2136
2912,2748,2769
1829,2080,2139
2911,2749,2770
1828,2082,2142
2910,2750,2771
1827,2084,2145
2909,2751,2772
1826,2086,2148
2908,2752,2773
1825,2088,2151
2907,2753,2774
1824,2090,2154
2906,2754,2774
1823,2092,2157
2905,2755,2775
1822,2094,2160
2904,2756,2776
1821,2096,2163
2903,2757,2777
1820,2099,2166
2902,2758,2778
1819,2101,2169
2901,2759,2779
1818,2103,2172
2900,2760,2780
1817,2106,2175
2899,2761,2781
1816,2109,2178
2898,2762,2781
1815,2111,2181
2897,2762,2782
1814,2114,2184
2896,2763,2783
1813,2117,2187
2895,2764,2784
1812,2119,2189
2894,2765,2785
1811,2122,2192
2893,2766,2786
1810,2125,2194
2892,2767,2786
1809,2128,2197
2891,2768,2787
1808,2132,2199
2890,2769,2788
1807,2135,2201
2889,2770,2789
1806,2138,2203
2888,2771,2790
1805,2142,2205
2887,2772,2791
1804,2146,2207
2886,2773,2791
1803,2150,2208
2885,2773,2792
1802,2154,2209
2884,2774,2793
1801,2159,2210
2883,2775,2794
1800,2163,2210
2882,2776,2795
1799,2169,2210
2881,2777,2795
1798,2175,2209
2880,2778,2796
1797,2184,2206
2879,2779,2797
2878,2780,2798
2877,2780,2798
2876,2781,2799
2875,2782,2800
2874,2783,2801
2873,2784,2801
2872,2785,2802
2871,2785,2803
2870,2786,2804
2869,2787,2804
2868,2788,2805
2867,2789,2806
2866,2789,2807
2865,2790,2807
2864,2791,2808
2863,2792,2809
2862,2793,2810
2861,2793,2810
2860,2794,2811
2859,2795,2812
2858,2796,2812
2857,2796,2813
2856,2797,2814
2855,2798,2814
2854,2799,2815
2853,2799,2816
2852,2800,2816
2851,2801,2817
2850,2801,2818
2849,2802,2818
2848,2803,2819
2847,2804,2820
2846,2804,2820
2845,2805,2821
2844,2806,2822
2843,2806,2822
2842,2807,2823
2841,2808,2824
2840,2808,2824
2839,2809,2825
2838,2810,2826
2837,2810,2826
2836,2811,2827
2835,2812,2827
2834,2812,2828
2833,2813,2829
2832,2814,2829
2831,2814,2830
2830,2815,2831
2829,2816,2831
2828,2816,2832
2827,2817,2832
2826,2817,2833
2825,2818,2833
2824,2819,2834
2823,2819,2835
2822,2820,2835
2821,2820,2836
2820,2821,2836
2819,2822,2837
2818,2822,2837
2817,2823,2838
2816,2823,2839
2815,2824,2839
2814,2825,2840
2813,2825,2840
2812,2826,2841
2811,2826,2841
2810,2827,2842
2809,2827,2842
2808,2828,2843
2807,2828,2843
2806,2829,2844
2805,2830,2844
2804,2830,2845
2803,2831,2845
2802,2831,2846
2801,2832,2846
2800,2832,2847
2799,2833,2847
2798,2833,2848
2797,2834,2848
2796,2834,2849
