2539,3229,3231
2540,3228,3231
2541,3227,3232
2542,3227,3232
2547,3228,3229
2546,3227,3230
2545,3227,3231
2544,3226,3231
2543,3226,3232
2653,2881,2883
2654,2880,2884
2655,2880,2884
2656,2879,2885
2657,2879,2885
2658,2878,2885
2659,2878,2885
2660,2878,2886
2661,2877,2886
2662,2877,2886
2663,2877,2886
2664,2876,2886
2665,2876,2886
2666,2876,2886
2667,2875,2886
2668,2875,2886
2669,2875,2887
2670,2875,2887
2671,2874,2887
2672,2874,2887
2673,2874,2887
2674,2874,2887
2675,2873,2887
2676,2873,2887
2677,2873,2887
2678,2873,2887
2679,2873,2887
2680,2872,2887
2681,2872,2887
2682,2872,2887
2683,2872,2886
2684,2872,2886
2685,2871,2886
2686,2871,2886
2687,2871,2886
2688,2871,2886
2689,2871,2886
2690,2870,2886
2691,2870,2886
2692,2870,2886
2693,2870,2886
2694,2870,2886
2695,2869,2886
2696,2869,2886
2697,2869,2885
2698,2869,2885
2699,2868,2885
2700,2868,2885
2701,2868,2885
2702,2868,2885
2703,2868,2885
2704,2867,2885
2705,2867,2884
2706,2867,2884
2707,2867,2884
2708,2867,2884
2709,2866,2884
2710,2866,2884
2711,2866,2884
2712,2866,2883
2713,2865,2883
2714,2865,2883
2715,2865,2883
2716,2865,2883
2717,2865,2883
2718,2864,2882
2719,2864,2882
2720,2864,2882
2721,2864,2882
2722,2863,2882
2723,2863,2881
2724,2863,2881
2725,2863,2881
2726,2862,2881
2727,2862,2881
2728,2862,2880
2729,2862,2880
2730,2861,2880
2731,2861,2880
2732,2861,2880
2733,2860,2879
2734,2860,2879
2735,2860,2879
2736,2860,2879
2737,2859,2878
2738,2859,2878
2739,2859,2878
2740,2859,2878
2741,2858,2877
2742,2858,2877
2743,2858,2877
2744,2857,2877
2745,2857,2876
2746,2857,2876
2747,2856,2876
2748,2856,2876
2749,2856,2875
2750,2855,2875
2751,2855,2875
2752,2855,2874
2753,2854,2874
2754,2854,2874
2755,2854,2874
2756,2853,2873
2757,2853,2873
2758,2853,2873
2759,2852,2872
2760,2852,2872
2761,2852,2872
2762,2851,2871
2763,2851,2871
2764,2851,2871
2765,2850,2870
2766,2850,2870
2767,2850,2870
2768,2849,2869
2769,2849,2869
2770,2848,2869
2771,2848,2868
2772,2848,2868
2773,2847,2868
2774,2847,2867
2775,2846,2867
2776,2846,2867
2777,2846,2866
2778,2845,2866
2779,2845,2865
2780,2844,2865
2781,2844,2865
2782,2843,2864
2783,2843,2864
2784,2843,2863
2785,2842,2863
2786,2842,2863
2787,2841,2862
2788,2841,2862
2789,2840,2861
2790,2840,2861
2791,2840,2861
2792,2839,2860
2793,2839,2860
2794,2838,2859
2795,2838,2859
2796,2837,2858
2797,2837,2858
2798,2836,2858
2799,2836,2857
2800,2835,2857
1849,2062,2109
2931,2736,2763
1850,2060,2106
2932,2735,2762
1851,2059,2103
2933,2734,2761
1852,2057,2100
2934,2733,2760
1853,2055,2097
2935,2732,2759
1854,2054,2094
2936,2731,2758
1855,2053,2091
2937,2730,2757
1856,2051,2088
2938,2729,2756
1857,2050,2085
2939,2728,2755
1858,2049,2082
2940,2726,2754
1859,2047,2079
2941,2725,2753
1860,2046,2076
2942,2724,2752
1861,2045,2073
2943,2723,2751
1862,2044,2070
2944,2722,2750
1863,2043,2067
2945,2721,2749
1864,2042,2064
2946,2720,2748
1865,2041,2060
2947,2718,2747
1866,2041,2057
2948,2717,2746
1867,2041,2053
2949,2716,2745
1868,2042,2048
2950,2715,2744
2951,2714,2742
2952,2713,2741
2953,2711,2740
2954,2710,2739
2955,2709,2738
3057,2551,2557
3056,2551,2562
3055,2552,2566
3054,2553,2569
3053,2554,2573
3052,2556,2576
3051,2558,2579
3050,2559,2582
3049,2561,2584
3048,2563,2587
3047,2564,2590
3046,2566,2592
3045,2568,2595
3044,2570,2597
3043,2572,2600
3042,2573,2602
3041,2575,2604
3040,2577,2607
3039,2579,2609
3038,2581,2611
3037,2583,2613
3036,2585,2616
3035,2586,2618
3034,2588,2620
3033,2590,2622
3032,2592,2624
3031,2594,2626
3030,2596,2628
3029,2597,2630
3028,2599,2632
3027,2601,2634
3026,2603,2636
3025,2605,2638
3024,2606,2639
3023,2608,2641
3022,2610,2643
3021,2612,2645
3020,2614,2647
3019,2615,2648
3018,2617,2650
3017,2619,2652
3016,2620,2654
3015,2622,2655
2984,2671,2702
2983,2672,2704
2982,2673,2705
2981,2675,2706
2980,2676,2707
2979,2678,2709
2978,2679,2710
2977,2680,2711
2976,2682,2713
2975,2683,2714
2974,2685,2715
2973,2686,2716
2972,2687,2718
2971,2689,2719
2970,2690,2720
2969,2691,2721
2956,2708,2737
2957,2706,2736
2958,2705,2735
2959,2704,2733
2960,2703,2732
2961,2702,2731
2962,2700,2730
2963,2699,2729
2964,2698,2727
2965,2696,2726
2966,2695,2725
2967,2694,2724
2968,2693,2723
2985,2669,2701
2986,2668,2699
2987,2666,2698
2988,2665,2697
2989,2663,2695
2990,2662,2694
2991,2660,2693
2992,2659,2691
2993,2657,2690
2994,2656,2688
2995,2654,2687
2996,2653,2685
2997,2651,2684
2998,2650,2682
2999,2648,2681
3000,2647,2679
3001,2645,2678
3002,2644,2676
3003,2642,2675
3004,2640,2673
3005,2639,2672
3006,2637,2670
3007,2635,2669
3008,2634,2667
3009,2632,2665
3010,2631,2664
3011,2629,2662
3012,2627,2660
3013,2626,2659
3014,2624,2657
1848,2063,2112
2930,2737,2764
1847,2065,2115
2929,2738,2765
1846,2067,2118
2928,2740,2766
1845,2069,2121
2927,2741,2767
1844,2070,2124
2926,2742,2768
1843,2072,2127
2925,2743,2769
1842,2074,2130
2924,2744,2770
1841,2076,2133
2923,2745,2771
1840,2078,2136
2922,2746,2772
1839,2080,2139
2921,2747,2773
1838,2082,2142
2920,2748,2774
1837,2084,2145
2919,2749,2775
1836,2086,2148
2918,2750,2776
1835,2088,2152
2917,2751,2777
1834,2090,2155
2916,2752,2778
1833,2093,2158
2915,2753,2779
1832,2095,2161
2914,2754,2780
1831,2097,2164
2913,2755,2781
1830,2100,2167
2912,2756,2781
1829,2102,2170
2911,2757,2782
1828,2104,2173
2910,2758,2783
1827,2107,2176
2909,2758,2784
1826,2110,2179
2908,2759,2785
1825,2112,2182
2907,2760,2786
1824,2115,2185
2906,2761,2787
1823,2118,2188
2905,2762,2788
1822,2120,2191
2904,2763,2789
1821,2123,2194
2903,2764,2789
1820,2126,2197
2902,2765,2790
1819,2129,2199
2901,2766,2791
1818,2133,2202
2900,2767,2792
1817,2136,2205
2899,2768,2793
1816,2139,2207
2898,2769,2794
1815,2143,2209
2897,2770,2794
1814,2147,2211
2896,2770,2795
1813,2150,2213
2895,2771,2796
1812,2155,2215
2894,2772,2797
1811,2159,2216
2893,2773,2798
1810,2164,2217
2892,2774,2799
1809,2169,2218
2891,2775,2799
1808,2174,2218
2890,2776,2800
1807,2180,2217
2889,2776,2801
1806,2188,2215
2888,2777,2802
1805,2202,2206
2887,2778,2803
2886,2779,2803
2885,2780,2804
2884,2781,2805
2883,2781,2806
2882,2782,2807
2881,2783,2807
2880,2784,2808
2879,2785,2809
2878,2786,2810
2877,2786,2810
2876,2787,2811
2875,2788,2812
2874,2789,2813
2873,2789,2813
2872,2790,2814
2871,2791,2815
2870,2792,2815
2869,2793,2816
2868,2793,2817
2867,2794,2818
2866,2795,2818
2865,2796,2819
2864,2796,2820
2863,2797,2820
2862,2798,2821
2861,2798,2822
2860,2799,2823
2859,2800,2823
2858,2801,2824
2857,2801,2825
2856,2802,2825
2855,2803,2826
2854,2803,2827
2853,2804,2827
2852,2805,2828
2851,2805,2828
2850,2806,2829
2849,2807,2830
2848,2808,2830
2847,2808,2831
2846,2809,2832
2845,2810,2832
2844,2810,2833
2843,2811,2834
2842,2811,2834
2841,2812,2835
2840,2813,2835
2839,2813,2836
2838,2814,2837
2837,2815,2837
2836,2815,2838
2835,2816,2838
2834,2817,2839
2833,2817,2840
2832,2818,2840
2831,2818,2841
2830,2819,2841
2829,2820,2842
2828,2820,2842
2827,2821,2843
2826,2821,2843
2825,2822,2844
2824,2822,2845
2823,2823,2845
2822,2824,2846
2821,2824,2846
2820,2825,2847
2819,2825,2847
2818,2826,2848
2817,2826,2848
2816,2827,2849
2815,2828,2849
2814,2828,2850
2813,2829,2850
2812,2829,2851
2811,2830,2851
2810,2830,2852
2809,2831,2852
2808,2831,2853
2807,2832,2853
2806,2832,2854
2805,2833,2854
2804,2833,2855
2803,2834,2855
2802,2834,2856
2801,2835,2856
