2551,2892,2892
2552,2890,2894
2553,2889,2894
2554,2889,2895
2555,2888,2895
2556,2888,2896
2557,2888,2896
2558,2887,2897
2559,2887,2897
2560,2887,2897
2561,2887,2897
2562,2886,2897
2563,2886,2898
2564,2886,2898
2565,2886,2898
2566,2886,2898
2567,2886,2898
2568,2886,2898
2569,2886,2898
2570,2886,2898
2571,2886,2898
2572,2886,2898
2596,2891,2893
2595,2890,2894
2594,2890,2895
2593,2889,2895
2592,2889,2896
2591,2888,2896
2590,2888,2896
2589,2888,2897
2588,2887,2897
2587,2887,2897
2586,2887,2897
2585,2887,2898
2584,2887,2898
2583,2886,2898
2582,2886,2898
2581,2886,2898
2580,2886,2898
2579,2886,2898
2578,2886,2898
2577,2886,2898
2576,2886,2898
2575,2886,2898
2574,2886,2898
2573,2886,2898
2524,3237,3239
2525,3236,3240
2526,3236,3240
2527,3235,3240
2528,3235,3241
2533,3236,3238
2532,3236,3239
2531,3235,3240
2530,3235,3240
2529,3235,3241
1840,2239,2271
1841,2228,2275
1842,2220,2276
1843,2213,2275
1844,2207,2274
1845,2201,2271
1846,2196,2269
1939,1983,2010
1938,1985,2012
1937,1986,2014
1936,1987,2016
1935,1989,2018
1934,1990,2020
1933,1992,2021
1932,1993,2023
1931,1994,2025
1930,1996,2027
1929,1997,2029
1928,1999,2031
1927,2000,2033
1926,2002,2035
1925,2003,2037
1924,2005,2039
1923,2006,2041
1922,2008,2043
1921,2009,2045
1920,2011,2047
1919,2012,2049
1918,2014,2051
1917,2016,2053
1916,2017,2055
1915,2019,2058
1914,2020,2060
1913,2022,2062
1912,2024,2064
1911,2025,2066
1910,2027,2068
1893,2058,2109
1892,2060,2112
1891,2062,2114
1890,2064,2117
1889,2066,2119
1888,2068,2122
1887,2071,2125
1886,2073,2128
1885,2075,2130
1884,2077,2133
1883,2079,2136
1882,2081,2139
1881,2084,2142
1894,2056,2106
1895,2054,2104
1896,2052,2101
1897,2050,2099
1898,2049,2096
1899,2047,2094
1900,2045,2091
1901,2043,2089
1902,2041,2087
1903,2039,2084
1904,2037,2082
1905,2036,2080
1906,2034,2077
1907,2032,2075
1908,2030,2073
1909,2029,2071
1940,1982,2008
1941,1981,2007
1942,1979,2005
1943,1978,2003
1944,1977,2001
1945,1975,1999
1946,1974,1998
1947,1973,1996
1948,1972,1994
1949,1970,1992
1950,1969,1991
1951,1968,1989
1952,1967,1987
1953,1966,1985
1954,1965,1984
1955,1963,1982
1956,1962,1980
1957,1961,1978
1958,1960,1977
1959,1959,1975
1960,1958,1973
1961,1957,1972
1962,1956,1970
1963,1955,1968
1964,1954,1966
1965,1953,1965
1966,1952,1963
1967,1951,1961
1968,1950,1959
1969,1949,1958
1970,1948,1956
1971,1948,1954
1972,1947,1952
1973,1947,1949
1880,2086,2145
1879,2088,2148
1878,2091,2151
1877,2093,2154
1876,2096,2157
1875,2098,2160
1874,2100,2164
1873,2103,2167
1872,2106,2170
1871,2108,2173
1870,2111,2177
1869,2113,2180
1868,2116,2184
1867,2119,2187
1866,2122,2191
1865,2125,2194
1864,2128,2198
1863,2131,2202
1862,2134,2206
1861,2137,2210
1860,2140,2213
1859,2143,2217
1858,2146,2221
1857,2150,2225
1856,2153,2230
1855,2157,2234
1854,2161,2238
1853,2164,2242
1852,2168,2246
1851,2172,2250
1850,2177,2254
1849,2181,2258
1848,2186,2262
1847,2190,2265
