2649,2882,2883
2650,2881,2884
2651,2880,2885
2652,2880,2885
2653,2879,2885
2654,2879,2886
2655,2878,2886
2656,2878,2886
2657,2878,2886
2658,2877,2886
2659,2877,2887
2660,2877,2887
2661,2877,2887
2662,2876,2887
2663,2876,2887
2664,2876,2887
2665,2876,2887
2666,2875,2887
2667,2875,2887
2668,2875,2887
2669,2875,2887
2670,2874,2887
2671,2874,2887
2672,2874,2887
2673,2874,2887
2674,2874,2887
2675,2873,2887
2676,2873,2887
2677,2873,2887
2678,2873,2887
2679,2873,2887
2680,2872,2887
2681,2872,2887
2682,2872,2887
2683,2872,2887
2684,2872,2887
2685,2871,2887
2686,2871,2887
2687,2871,2887
2688,2871,2887
2689,2871,2887
2690,2870,2887
2691,2870,2887
2692,2870,2886
2693,2870,2886
2694,2870,2886
2695,2869,2886
2696,2869,2886
2697,2869,2886
2698,2869,2886
2699,2869,2886
2700,2868,2886
2701,2868,2886
2702,2868,2885
2703,2868,2885
2704,2868,2885
2705,2867,2885
2706,2867,2885
2707,2867,2885
2708,2867,2885
2709,2867,2884
2710,2866,2884
2711,2866,2884
2712,2866,2884
2713,2866,2884
2714,2866,2884
2715,2865,2883
2716,2865,2883
2717,2865,2883
2718,2865,2883
2719,2864,2883
2720,2864,2883
2721,2864,2882
2722,2864,2882
2723,2863,2882
2724,2863,2882
2725,2863,2882
2726,2863,2881
2727,2862,2881
2728,2862,2881
2729,2862,2881
2730,2862,2881
2731,2861,2880
2732,2861,2880
2733,2861,2880
2734,2861,2880
2735,2860,2879
2736,2860,2879
2737,2860,2879
2738,2860,2879
3057,2552,2560
3056,2553,2565
3055,2554,2568
3054,2555,2572
3053,2556,2575
3052,2558,2578
3051,2559,2581
3050,2561,2584
3049,2563,2586
3048,2565,2589
3047,2566,2592
3046,2568,2594
3045,2570,2597
3044,2572,2599
3043,2574,2602
3042,2575,2604
3041,2577,2606
3040,2579,2609
3039,2581,2611
3038,2583,2613
3037,2585,2615
3036,2587,2617
3035,2588,2619
3034,2590,2621
3033,2592,2624
3032,2594,2626
3031,2596,2628
3030,2598,2630
3029,2599,2631
3028,2601,2633
3027,2603,2635
3026,2605,2637
3025,2607,2639
3024,2608,2641
3023,2610,2643
3022,2612,2645
3021,2614,2646
3020,2615,2648
3019,2617,2650
3018,2619,2652
3017,2620,2653
3016,2622,2655
3015,2624,2657
3014,2626,2659
3013,2627,2660
3012,2629,2662
3011,2631,2664
3010,2632,2665
3009,2634,2667
3008,2636,2668
3007,2637,2670
3006,2639,2672
3005,2640,2673
3004,2642,2675
3003,2644,2676
3002,2645,2678
3001,2647,2679
3000,2648,2681
2999,2650,2682
2998,2651,2684
2997,2653,2685
2996,2654,2687
2995,2656,2688
2994,2657,2690
2993,2659,2691
2992,2660,2692
2991,2662,2694
2990,2663,2695
2989,2665,2697
2988,2666,2698
2987,2668,2699
2986,2669,2701
2985,2671,2702
2984,2672,2703
2983,2673,2705
2982,2675,2706
2981,2676,2707
2980,2678,2709
2979,2679,2710
2978,2680,2711
2977,2682,2713
2976,2683,2714
2975,2685,2715
2974,2686,2716
2973,2687,2718
2972,2689,2719
2971,2690,2720
2970,2691,2721
2969,2693,2723
2968,2694,2724
2967,2695,2725
2966,2696,2726
2965,2698,2728
2964,2699,2729
2963,2700,2730
2962,2702,2731
2961,2703,2732
2960,2704,2733
2959,2705,2735
2958,2706,2736
2957,2708,2737
2956,2709,2738
2955,2710,2739
2954,2711,2740
2953,2713,2741
2792,2840,2861
2791,2840,2861
2790,2841,2862
2789,2841,2862
2788,2841,2862
2787,2842,2863
2786,2842,2863
2785,2843,2864
2784,2843,2864
2783,2844,2864
2782,2844,2865
2781,2844,2865
2780,2845,2866
2779,2845,2866
2778,2846,2866
2777,2846,2867
2776,2847,2867
2775,2847,2867
2774,2847,2868
2773,2848,2868
2772,2848,2869
2771,2849,2869
2770,2849,2869
2769,2849,2870
2768,2850,2870
2767,2850,2870
2766,2850,2871
2765,2851,2871
2764,2851,2871
2763,2852,2872
2762,2852,2872
2761,2852,2872
2760,2853,2873
2834,2817,2840
2835,2817,2839
2836,2816,2839
2837,2815,2838
2838,2815,2837
2839,2814,2837
2840,2813,2836
2841,2813,2836
2842,2812,2835
2843,2812,2834
2844,2811,2834
2845,2810,2833
2846,2810,2833
2847,2809,2832
2741,2859,2878
2934,2734,2762
1852,2058,2103
2880,2785,2809
2740,2859,2878
2933,2735,2763
1851,2060,2106
2879,2786,2810
2924,2745,2771
1842,2076,2133
2870,2793,2816
2923,2746,2772
1841,2078,2136
2869,2793,2817
2868,2794,2818
2867,2795,2819
2866,2796,2819
2546,3228,3230
2803,2834,2856
2865,2796,2820
2545,3227,3231
2802,2835,2856
2929,2740,2767
1847,2067,2118
2875,2789,2813
2543,3227,3232
2800,2836,2857
2863,2798,2821
2930,2738,2766
1848,2065,2115
2876,2788,2812
2544,3227,3232
2801,2835,2857
2864,2797,2821
2931,2737,2765
1849,2063,2112
2877,2787,2811
2739,2859,2878
2932,2736,2764
1850,2062,2109
2878,2786,2811
2928,2741,2768
1846,2069,2121
2874,2789,2813
2542,3227,3232
2799,2836,2858
2862,2798,2822
2927,2742,2768
1845,2070,2124
2873,2790,2814
2541,3227,3232
2798,2837,2858
2861,2799,2823
2926,2743,2769
1844,2072,2127
2872,2791,2815
2540,3228,3232
2797,2837,2859
2860,2800,2823
2925,2744,2770
1843,2074,2130
2871,2792,2816
2539,3229,3231
2796,2838,2859
2859,2801,2824
2742,2858,2878
2935,2733,2761
1853,2057,2100
2881,2784,2808
2743,2858,2877
2936,2732,2760
1854,2055,2097
2882,2783,2807
2744,2858,2877
2937,2731,2758
1855,2054,2094
2883,2782,2807
2745,2857,2877
2938,2730,2757
1856,2052,2091
2884,2781,2806
2746,2857,2877
2939,2729,2756
1857,2051,2088
2885,2781,2805
2747,2857,2876
2940,2728,2755
1858,2050,2086
2886,2780,2804
2748,2857,2876
2941,2726,2754
1859,2048,2083
2887,2779,2804
2749,2856,2876
2942,2725,2753
1860,2047,2080
1806,2199,2210
2888,2778,2803
2750,2856,2876
2943,2724,2752
1861,2046,2077
1807,2188,2216
2889,2777,2802
2751,2856,2875
2944,2723,2751
1862,2045,2074
1808,2180,2218
2890,2776,2801
2752,2855,2875
2945,2722,2750
1863,2044,2070
1809,2174,2219
2891,2776,2800
2753,2855,2875
2946,2721,2749
1864,2043,2067
1810,2168,2219
2892,2775,2800
2754,2855,2874
2947,2720,2748
1865,2042,2064
1811,2163,2218
2893,2774,2799
2755,2854,2874
2948,2718,2747
1866,2041,2061
1812,2159,2217
2894,2773,2798
2756,2854,2874
2949,2717,2746
1867,2040,2057
1813,2155,2215
2895,2772,2797
2757,2854,2873
2950,2716,2745
1868,2040,2054
1814,2151,2214
2896,2771,2796
2758,2853,2873
2951,2715,2744
1869,2040,2050
1815,2147,2212
2897,2770,2795
2759,2853,2873
2952,2714,2742
1870,2042,2044
1816,2143,2210
2898,2769,2795
2858,2801,2825
2857,2802,2825
2856,2803,2826
2855,2803,2827
2854,2804,2827
2853,2805,2828
2852,2806,2829
2851,2806,2829
2850,2807,2830
2849,2808,2831
2848,2808,2831
2793,2839,2860
2794,2839,2860
2795,2838,2859
2804,2834,2855
2805,2833,2855
2806,2833,2854
2807,2832,2854
2808,2832,2854
2809,2831,2853
2810,2831,2853
2811,2830,2852
2812,2830,2852
2813,2829,2851
2814,2829,2851
2815,2828,2850
2816,2828,2850
2817,2827,2849
2818,2827,2849
2819,2826,2848
2820,2825,2847
2821,2825,2847
2822,2824,2846
2823,2824,2846
2824,2823,2845
2825,2823,2845
2826,2822,2844
2827,2821,2844
2828,2821,2843
2829,2820,2843
2830,2820,2842
2831,2819,2841
2832,2818,2841
2833,2818,2840
1817,2139,2207
2899,2769,2794
1818,2136,2205
2900,2768,2793
1819,2133,2202
2901,2767,2792
1820,2130,2200
2902,2766,2791
1821,2126,2197
2903,2765,2790
1822,2123,2194
2904,2764,2790
1823,2121,2191
2905,2763,2789
1824,2118,2188
2906,2762,2788
1825,2115,2185
2907,2761,2787
1826,2112,2182
2908,2760,2786
1827,2110,2179
2909,2759,2785
1828,2107,2176
2910,2758,2784
1829,2105,2173
2911,2758,2783
1830,2102,2170
2912,2757,2783
1831,2100,2167
2913,2756,2782
1832,2097,2164
2914,2755,2781
1833,2095,2161
2915,2754,2780
1834,2093,2158
2916,2753,2779
1835,2090,2155
2917,2752,2778
1836,2088,2152
2918,2751,2777
1837,2086,2148
2919,2750,2776
1838,2084,2145
2920,2749,2775
1839,2082,2142
2921,2748,2774
1840,2080,2139
2922,2747,2773
