2538,3229,3232
2539,3228,3232
2540,3228,3233
2541,3228,3233
2546,3229,3229
2545,3228,3231
2544,3228,3232
2543,3227,3232
2542,3227,3233
2639,2883,2885
2640,2882,2886
2641,2881,2886
2642,2881,2887
2643,2880,2887
2644,2880,2887
2645,2880,2888
2646,2879,2888
2647,2879,2888
2648,2879,2888
2649,2878,2888
2650,2878,2888
2651,2878,2889
2652,2878,2889
2653,2877,2889
2654,2877,2889
2655,2877,2889
2656,2877,2889
2657,2876,2889
2658,2876,2889
2659,2876,2889
2660,2876,2889
2661,2876,2889
2662,2875,2889
2663,2875,2889
2664,2875,2889
2665,2875,2889
2666,2875,2889
2667,2875,2889
2668,2874,2889
2669,2874,2889
2670,2874,2889
2671,2874,2889
2672,2874,2889
2673,2874,2889
2674,2873,2889
2675,2873,2889
2676,2873,2889
2677,2873,2889
2678,2873,2889
2679,2873,2889
2680,2872,2889
2681,2872,2889
2682,2872,2889
2683,2872,2889
2684,2872,2889
2685,2872,2889
2686,2872,2888
2687,2871,2888
2688,2871,2888
2689,2871,2888
2690,2871,2888
2691,2871,2888
2692,2871,2888
2693,2870,2888
2694,2870,2888
2695,2870,2888
2696,2870,2887
2697,2870,2887
3058,2556,2564
3057,2557,2568
3056,2558,2572
3055,2559,2575
3054,2560,2578
3053,2562,2581
3052,2564,2584
3051,2565,2587
3050,2567,2589
3049,2569,2592
3048,2571,2595
3047,2572,2597
3046,2574,2600
3045,2576,2602
3044,2578,2604
3043,2580,2607
3042,2581,2609
3041,2583,2611
3040,2585,2614
3039,2587,2616
3038,2589,2618
3037,2591,2620
3036,2592,2622
3035,2594,2624
3034,2596,2626
3033,2598,2628
3032,2600,2630
3031,2601,2632
3030,2603,2634
3029,2605,2636
3028,2607,2638
3027,2609,2640
3026,2610,2642
3025,2612,2644
3024,2614,2645
3023,2616,2647
3022,2617,2649
3021,2619,2651
3020,2621,2653
3019,2622,2654
3018,2624,2656
3017,2626,2658
3016,2628,2659
3015,2629,2661
3014,2631,2663
3013,2632,2664
3012,2634,2666
3011,2636,2668
3010,2637,2669
3009,2639,2671
3008,2641,2672
3007,2642,2674
3006,2644,2676
3005,2645,2677
3004,2647,2679
3003,2648,2680
3002,2650,2682
3001,2652,2683
3000,2653,2685
2999,2655,2686
2998,2656,2688
2997,2658,2689
2996,2659,2691
2995,2661,2692
2994,2662,2693
2993,2664,2695
2992,2665,2696
2991,2667,2698
2990,2668,2699
2989,2669,2700
2988,2671,2702
2987,2672,2703
2986,2674,2704
2985,2675,2706
2984,2676,2707
2983,2678,2708
2982,2679,2710
2981,2681,2711
2980,2682,2712
2979,2683,2714
2978,2685,2715
2977,2686,2716
2976,2687,2718
2975,2689,2719
2974,2690,2720
2973,2691,2721
2972,2693,2723
2971,2694,2724
2970,2695,2725
2969,2697,2726
2968,2698,2727
2967,2699,2729
2966,2700,2730
2965,2702,2731
2964,2703,2732
2963,2704,2733
2962,2705,2735
2961,2707,2736
2960,2708,2737
2959,2709,2738
2958,2710,2739
2957,2711,2740
1874,2037,2045
2956,2713,2741
1873,2037,2049
2955,2714,2743
2824,2825,2847
2823,2826,2848
2822,2826,2848
2821,2827,2849
2820,2828,2849
2819,2828,2850
2818,2829,2850
2817,2829,2851
2816,2830,2851
2815,2830,2852
2814,2831,2852
2813,2831,2853
2812,2832,2853
2811,2832,2854
2810,2833,2854
2809,2833,2855
2808,2834,2855
2807,2834,2856
2806,2835,2856
2805,2836,2857
2804,2836,2857
2803,2837,2858
2802,2837,2858
2801,2837,2858
2800,2838,2859
2799,2838,2859
2798,2839,2860
2797,2839,2860
2796,2840,2861
2795,2840,2861
2794,2841,2861
2793,2841,2862
2792,2842,2862
2791,2842,2863
2790,2843,2863
2789,2843,2864
2788,2843,2864
2787,2844,2864
2786,2844,2865
2785,2845,2865
2784,2845,2865
2783,2846,2866
2782,2846,2866
2781,2846,2867
2780,2847,2867
2779,2847,2867
2778,2848,2868
2777,2848,2868
2776,2849,2868
2775,2849,2869
2774,2849,2869
2773,2850,2869
2772,2850,2870
2771,2850,2870
2770,2851,2871
2769,2851,2871
2768,2852,2871
2767,2852,2872
2766,2852,2872
2765,2853,2872
2764,2853,2872
2763,2853,2873
2762,2854,2873
2761,2854,2873
2760,2854,2874
2759,2855,2874
2758,2855,2874
2757,2855,2875
2726,2864,2882
2725,2864,2883
2724,2865,2883
2723,2865,2883
2722,2865,2883
2721,2865,2883
2720,2865,2884
2719,2866,2884
2718,2866,2884
2717,2866,2884
2716,2866,2884
2715,2866,2885
2714,2867,2885
2713,2867,2885
2712,2867,2885
2711,2867,2885
2698,2870,2887
2699,2869,2887
2700,2869,2887
2701,2869,2887
2702,2869,2887
2703,2869,2886
2704,2869,2886
2705,2868,2886
2706,2868,2886
2707,2868,2886
2708,2868,2886
2709,2868,2886
2710,2867,2885
2727,2864,2882
2728,2864,2882
2729,2863,2882
2730,2863,2882
2731,2863,2881
2732,2863,2881
2733,2862,2881
2734,2862,2881
2735,2862,2880
2736,2862,2880
2737,2861,2880
2738,2861,2880
2739,2861,2879
2740,2861,2879
2741,2860,2879
2742,2860,2879
2743,2860,2878
2744,2859,2878
2745,2859,2878
2746,2859,2878
2747,2859,2877
2748,2858,2877
2749,2858,2877
2750,2858,2877
2751,2857,2876
2752,2857,2876
2753,2857,2876
2754,2856,2876
2755,2856,2875
2756,2856,2875
2825,2825,2847
2826,2824,2846
2827,2824,2846
2828,2823,2845
2829,2822,2845
2830,2822,2844
2831,2821,2844
2832,2821,2843
2833,2820,2842
2834,2819,2842
2835,2819,2841
2836,2818,2841
2837,2818,2840
2838,2817,2840
2839,2816,2839
2840,2816,2838
2841,2815,2838
2842,2814,2837
2843,2814,2837
2844,2813,2836
2845,2813,2835
2846,2812,2835
2847,2811,2834
2848,2811,2834
2849,2810,2833
2850,2809,2832
2851,2809,2832
2852,2808,2831
2853,2807,2830
2854,2807,2830
2855,2806,2829
2856,2805,2828
2857,2804,2828
2858,2804,2827
2859,2803,2827
2860,2802,2826
2861,2802,2825
2862,2801,2825
2863,2800,2824
2864,2799,2823
2865,2799,2822
2866,2798,2822
2867,2797,2821
2868,2797,2820
2869,2796,2820
2870,2795,2819
2871,2794,2818
2872,2794,2818
2873,2793,2817
2874,2792,2816
2875,2791,2815
2876,2790,2815
2877,2790,2814
2878,2789,2813
2879,2788,2812
2880,2787,2812
2881,2787,2811
2882,2786,2810
2883,2785,2809
2884,2784,2809
2885,2783,2808
2886,2782,2807
2887,2782,2806
2888,2781,2806
2889,2780,2805
2890,2779,2804
1809,2195,2216
2891,2778,2803
1810,2186,2220
2892,2777,2802
1811,2179,2221
2893,2777,2802
1812,2174,2221
2894,2776,2801
1813,2168,2221
2895,2775,2800
1814,2163,2220
2896,2774,2799
1815,2159,2219
2897,2773,2798
1816,2155,2217
2898,2772,2798
1817,2151,2215
2899,2771,2797
1818,2147,2213
2900,2771,2796
1819,2143,2211
2901,2770,2795
1820,2140,2208
2902,2769,2794
1821,2136,2206
2903,2768,2793
1822,2133,2203
2904,2767,2792
1823,2130,2200
2905,2766,2792
1824,2127,2197
2906,2765,2791
1825,2124,2195
2907,2764,2790
1826,2121,2192
2908,2763,2789
1827,2118,2189
2909,2762,2788
1828,2115,2186
2910,2761,2787
1829,2113,2183
2911,2761,2786
1830,2110,2179
2912,2760,2786
1831,2107,2176
2913,2759,2785
1832,2105,2173
2914,2758,2784
1833,2102,2170
2915,2757,2783
1834,2100,2167
2916,2756,2782
1835,2097,2164
2917,2755,2781
1836,2095,2161
2918,2754,2780
1837,2093,2158
2919,2753,2779
1838,2091,2155
2920,2752,2778
1839,2088,2152
2921,2751,2777
1840,2086,2148
2922,2750,2776
1841,2084,2145
2923,2749,2775
1842,2082,2142
2924,2748,2774
1843,2080,2139
2925,2747,2774
1844,2078,2136
2926,2746,2773
1845,2076,2133
2927,2745,2772
1846,2074,2130
2928,2744,2771
1847,2072,2127
2929,2743,2770
1848,2070,2124
2930,2742,2769
1849,2068,2121
2931,2741,2768
1850,2067,2118
2932,2740,2767
1851,2065,2115
2933,2739,2766
1852,2063,2112
2934,2738,2765
1853,2061,2109
2935,2736,2764
1854,2060,2106
2936,2735,2763
1855,2058,2104
2937,2734,2762
1856,2056,2101
2938,2733,2761
1857,2055,2098
2939,2732,2760
1858,2053,2095
2940,2731,2759
1859,2052,2092
2941,2730,2758
1860,2050,2089
2942,2729,2757
1861,2049,2086
2943,2728,2756
1862,2048,2083
2944,2727,2754
1863,2046,2080
2945,2725,2753
1864,2045,2077
2946,2724,2752
1865,2044,2074
2947,2723,2751
1866,2043,2071
2948,2722,2750
1867,2041,2068
2949,2721,2749
1868,2040,2065
2950,2720,2748
1869,2039,2062
2951,2719,2747
1870,2038,2059
2952,2717,2746
1871,2038,2056
2953,2716,2745
1872,2037,2053
2954,2715,2744
