1847,2262,2297
1848,2249,2304
1849,2240,2306
1850,2232,2306
1851,2224,2305
1852,2218,2302
1853,2212,2298
1854,2206,2294
1855,2201,2289
1856,2196,2284
1857,2191,2279
1858,2187,2274
1859,2183,2269
1860,2178,2263
1861,2174,2258
1862,2170,2253
1863,2166,2248
1864,2163,2243
1865,2159,2239
1866,2156,2234
1867,2152,2229
1868,2149,2225
1869,2145,2220
1870,2142,2216
1871,2139,2212
1872,2136,2208
1873,2133,2204
1874,2130,2200
1875,2127,2196
1876,2124,2192
1877,2121,2189
1878,2118,2185
1879,2116,2181
1880,2113,2178
1881,2110,2174
1882,2108,2171
1883,2105,2168
1884,2103,2165
1885,2100,2161
1886,2098,2158
1887,2095,2155
1888,2093,2152
1889,2090,2149
1890,2088,2146
1891,2086,2143
1892,2083,2140
1893,2081,2137
1894,2079,2134
1895,2077,2132
1896,2074,2129
2018,1900,1915
2017,1901,1917
2016,1902,1918
2005,1913,1932
2004,1914,1933
2003,1915,1934
2002,1916,1936
2001,1917,1937
2000,1919,1938
1999,1920,1940
1998,1921,1941
1997,1922,1942
1996,1923,1944
1995,1924,1945
1994,1925,1946
1993,1926,1948
1992,1927,1949
1991,1928,1951
1990,1929,1952
1989,1931,1953
1988,1932,1955
1987,1933,1956
1986,1934,1958
1985,1935,1959
1984,1936,1960
1983,1938,1962
1982,1939,1963
1981,1940,1965
1980,1941,1966
1979,1942,1968
1978,1943,1969
1977,1945,1970
1976,1946,1972
1975,1947,1973
1974,1948,1975
1973,1950,1976
1972,1951,1978
2006,1912,1931
2520,3238,3241
2007,1911,1929
2521,3238,3242
2008,1910,1928
2522,3237,3242
2009,1909,1927
2523,3237,3242
2010,1908,1925
2524,3237,3242
2015,1903,1919
2529,3238,3240
2014,1904,1920
2528,3237,3241
2013,1905,1922
2527,3237,3242
2012,1906,1923
2526,3237,3242
2011,1907,1924
2525,3237,3242
2019,1899,1914
2533,2892,2894
1898,2070,2123
2020,1898,1913
2534,2891,2895
1899,2068,2121
2021,1898,1912
2535,2891,2896
1900,2066,2118
2022,1897,1911
2536,2890,2897
1901,2064,2115
2023,1896,1909
2537,2890,2897
1902,2062,2113
2024,1895,1908
2538,2889,2898
1903,2060,2110
2025,1894,1907
2539,2889,2898
1904,2058,2108
2026,1893,1906
2540,2889,2898
1905,2056,2105
2027,1892,1905
2541,2888,2898
1906,2054,2103
2028,1891,1903
2542,2888,2899
1907,2052,2100
2029,1890,1902
2543,2888,2899
1908,2050,2098
2030,1889,1901
2544,2888,2899
1909,2048,2096
2031,1888,1900
2545,2888,2899
1910,2046,2093
2051,1874,1875
2565,2889,2899
1930,2011,2050
2050,1874,1876
2564,2888,2899
1929,2012,2052
2049,1875,1878
2563,2888,2899
1928,2014,2054
2048,1875,1879
2562,2888,2899
1927,2015,2056
2047,1876,1880
2561,2888,2899
1926,2017,2058
2046,1876,1882
2560,2888,2899
1925,2019,2060
2045,1877,1883
2559,2888,2900
1924,2021,2062
2044,1878,1884
2558,2888,2900
1923,2022,2064
2043,1879,1885
2557,2887,2900
1922,2024,2067
2042,1879,1887
2556,2887,2900
1921,2026,2069
2041,1880,1888
2555,2887,2900
1920,2027,2071
2040,1881,1889
2554,2887,2900
1919,2029,2073
2039,1882,1890
2553,2887,2900
1918,2031,2075
2566,2889,2898
1931,2009,2048
2567,2889,2898
1932,2007,2046
2568,2889,2898
1933,2006,2044
2569,2890,2898
1934,2004,2042
2570,2890,2897
1935,2003,2040
2571,2891,2897
1936,2001,2039
2572,2891,2896
1937,1999,2037
2573,2892,2895
1938,1998,2035
2574,2893,2894
1939,1996,2033
2038,1883,1891
2552,2887,2900
1917,2033,2077
2037,1883,1893
2551,2887,2900
1916,2035,2080
2036,1884,1894
2550,2887,2900
1915,2036,2082
2035,1885,1895
2549,2887,2900
1914,2038,2084
2034,1886,1896
2548,2887,2900
1913,2040,2086
2033,1887,1897
2547,2888,2899
1912,2042,2089
1897,2072,2126
2032,1888,1899
2546,2888,2899
1911,2044,2091
1940,1995,2031
1941,1993,2029
1942,1992,2027
1943,1990,2026
1944,1989,2024
1945,1987,2022
1946,1986,2020
1947,1984,2019
1948,1983,2017
1949,1982,2015
1950,1980,2013
1951,1979,2012
1952,1977,2010
1953,1976,2008
1954,1974,2007
1955,1973,2005
1956,1972,2003
1957,1970,2002
1958,1969,2000
1959,1968,1998
1960,1966,1997
1961,1965,1995
1962,1964,1993
1963,1962,1992
1964,1961,1990
1965,1960,1989
1966,1958,1987
1967,1957,1986
1968,1956,1984
1969,1955,1983
1970,1953,1981
1971,1952,1979
