1875,2341,2362
1876,2314,2388
1877,2300,2403
1878,2289,2414
1879,2279,2423
1880,2271,2431
1881,2264,2439
1882,2257,2446
1883,2250,2452
1884,2244,2458
1885,2238,2464
1886,2233,2469
1887,2228,2474
1888,2223,2479
1889,2218,2484
1890,2213,2489
1891,2209,2493
1892,2205,2497
1893,2200,2501
2146,1834,1834
2145,1834,1835
2144,1834,1836
2143,1835,1837
2142,1836,1838
2141,1836,1839
2140,1837,1840
2139,1837,1841
2138,1838,1842
2137,1839,1843
2136,1839,1844
2135,1840,1845
2134,1840,1845
2133,1841,1846
2132,1842,1847
2131,1842,1848
2130,1843,1849
2129,1844,1850
2128,1845,1851
2127,1845,1852
2126,1846,1853
2125,1847,1854
2124,1847,1854
2123,1848,1855
2122,1849,1856
2121,1850,1857
2120,1850,1858
2119,1851,1859
2118,1852,1860
2117,1852,1861
2116,1853,1862
2115,1854,1863
2114,1855,1864
2113,1856,1864
2112,1856,1865
2111,1857,1866
2110,1858,1867
2109,1859,1868
2108,1859,1869
2107,1860,1870
2106,1861,1871
2012,1956,1979
2011,1957,1981
2010,1958,1982
2013,1954,1978
3095,2037,2040
2014,1953,1977
3096,2038,2043
2015,1952,1975
3097,2039,2046
2016,1951,1974
3098,2040,2048
2017,1950,1972
3099,2042,2051
2018,1948,1971
3100,2043,2053
2019,1947,1970
3101,2044,2055
2020,1946,1968
3102,2046,2058
2021,1945,1967
3103,2047,2060
2022,1943,1966
3104,2049,2063
2023,1942,1964
3105,2050,2065
2024,1941,1963
3106,2052,2067
2025,1940,1962
3107,2053,2070
2026,1939,1960
3108,2055,2072
2027,1938,1959
3109,2056,2075
2028,1936,1958
3110,2058,2077
2029,1935,1956
3111,2060,2079
2030,1934,1955
3112,2061,2082
2031,1933,1954
3113,2063,2084
2032,1932,1952
3114,2065,2087
2033,1931,1951
3115,2066,2089
2034,1930,1950
3116,2068,2092
2035,1928,1948
3117,2070,2095
2036,1927,1947
3118,2072,2097
2037,1926,1946
3119,2074,2100
1971,2660,2678
1971,2014,2046
2038,1925,1945
3120,2075,2102
1972,2662,2680
1972,2012,2044
2039,1924,1943
3121,2077,2105
1973,2664,2681
1973,2011,2042
2040,1923,1942
3122,2079,2108
1974,2666,2682
1974,2009,2041
2041,1922,1941
3123,2081,2111
1975,2668,2683
1975,2008,2039
2042,1921,1940
3124,2083,2113
1976,2670,2685
1976,2006,2037
2043,1920,1939
3125,2085,2116
1977,2672,2686
1977,2005,2035
2044,1919,1937
3126,2087,2119
1978,2674,2687
1978,2003,2033
2045,1917,1936
3127,2089,2122
1979,2677,2688
1979,2001,2032
2046,1916,1935
3128,2091,2125
2077,1886,1900
3159,2167,2251
2078,1885,1899
3160,2170,2257
2079,1884,1898
3161,2173,2265
2080,1883,1897
3162,2176,2272
3162,2467,2488
2081,1882,1896
3163,2180,2281
3163,2454,2489
2082,1881,1895
3164,2183,2291
3164,2442,2488
2083,1880,1894
3165,2187,2302
3165,2428,2487
2084,1879,1893
3166,2190,2317
3166,2412,2485
2085,1879,1892
3167,2194,2338
3167,2389,2483
2086,1878,1891
3168,2197,2480
2087,1877,1890
3169,2201,2478
2088,1876,1889
3170,2205,2475
2089,1875,1888
3171,2209,2472
2090,1874,1887
3172,2213,2469
2091,1873,1886
3173,2218,2465
2092,1873,1885
3174,2222,2461
2094,1871,1883
3176,2232,2453
2095,1870,1882
3177,2237,2449
2096,1869,1881
3178,2242,2444
2097,1868,1880
3179,2247,2439
1894,2196,2505
2098,1867,1879
3180,2253,2434
1895,2384,2509
1895,2192,2318
2099,1867,1878
3181,2260,2428
1896,2400,2513
1896,2189,2302
2100,1866,1877
3182,2266,2422
1897,2411,2517
1897,2185,2291
2101,1865,1876
3183,2274,2415
1898,2421,2520
1898,2181,2281
2102,1864,1875
3184,2282,2407
1899,2430,2524
1899,2177,2272
2103,1863,1874
3185,2292,2398
1900,2438,2527
1900,2174,2265
2104,1863,1873
3186,2303,2387
1901,2445,2531
1901,2171,2257
2105,1862,1872
3187,2319,2371
1902,2451,2534
1902,2167,2251
2093,1872,1884
3175,2227,2458
2076,1887,1901
3158,2164,2244
2075,1888,1902
3157,2161,2238
2074,1889,1903
3156,2158,2232
2073,1889,1904
3155,2155,2227
2072,1890,1905
3154,2152,2222
2071,1891,1906
3153,2149,2217
2070,1892,1907
3152,2147,2212
2069,1893,1909
3151,2144,2207
2068,1894,1910
3150,2141,2203
2067,1895,1911
3149,2139,2198
2066,1896,1912
3148,2136,2194
2065,1897,1913
3147,2133,2190
1970,2658,2677
1970,2016,2048
2511,3242,3244
1997,1975,2002
2064,1898,1914
3146,2131,2186
1969,2656,2675
1969,2017,2050
2510,3241,3245
1996,1977,2003
2063,1899,1915
3145,2128,2182
1968,2654,2674
1968,2019,2052
2509,3241,3246
1995,1978,2005
2062,1900,1916
3144,2126,2178
1967,2652,2673
1967,2021,2054
2508,3240,3246
1994,1980,2007
2061,1901,1917
3143,2124,2174
1966,2650,2671
1966,2022,2056
2507,3240,3246
1993,1981,2008
2060,1902,1919
3142,2121,2170
1965,2648,2670
1965,2024,2058
2506,3240,3246
1992,1982,2010
2059,1903,1920
3141,2119,2167
1964,2646,2668
1964,2026,2060
2505,3240,3246
1991,1984,2011
2058,1904,1921
3140,2117,2163
1990,1985,2013
2057,1905,1922
3139,2114,2160
1989,1987,2015
2056,1906,1923
3138,2112,2156
1988,1988,2016
2055,1907,1924
3137,2110,2153
1987,1990,2018
2054,1908,1925
3136,2108,2149
1986,1991,2020
2053,1909,1927
3135,2105,2146
1985,2691,2693
1985,1992,2021
2052,1910,1928
3134,2103,2143
1984,2688,2693
1984,1994,2023
2051,1911,1929
3133,2101,2140
1983,2685,2692
1983,1995,2025
2050,1912,1930
3132,2099,2137
1982,2683,2691
1982,1997,2026
2049,1913,1931
3131,2097,2134
1981,2681,2690
1981,1998,2028
2048,1914,1932
3130,2095,2131
1980,2679,2689
1980,2000,2030
2047,1915,1934
3129,2093,2128
2504,3240,3246
1963,2643,2667
1963,2027,2062
2503,3240,3245
2503,2899,2901
1962,2641,2665
1962,2029,2064
2502,3241,3245
2502,2898,2902
1961,2639,2664
1961,2031,2066
2501,3242,3243
2501,2897,2903
1960,2637,2662
1960,2032,2068
2500,2897,2903
1959,2635,2661
1959,2034,2070
2499,2896,2904
1958,2633,2659
1958,2036,2072
2498,2896,2904
1957,2631,2658
1957,2038,2074
2497,2895,2904
1956,2628,2656
1956,2039,2076
2496,2895,2905
1955,2626,2654
1955,2041,2078
2495,2895,2905
1954,2624,2653
1954,2043,2080
2494,2895,2905
1953,2622,2651
1953,2045,2082
2493,2895,2905
1952,2619,2649
1952,2047,2085
2492,2894,2905
1951,2617,2648
1951,2049,2087
2491,2894,2906
1950,2615,2646
1950,2050,2089
1909,2488,2555
1909,2145,2214
1910,2493,2558
1910,2142,2209
1911,2497,2561
1911,2139,2205
1912,2502,2564
1912,2137,2201
1913,2506,2566
1913,2134,2197
1914,2510,2569
1914,2131,2193
1915,2514,2572
1915,2128,2189
1916,2517,2574
1916,2126,2185
1917,2521,2577
1917,2123,2181
1918,2525,2579
1918,2120,2178
1919,2528,2582
1919,2118,2174
1920,2532,2584
1920,2115,2171
1921,2535,2587
1921,2113,2167
1922,2538,2589
1922,2110,2164
2464,2899,2902
1923,2542,2592
1923,2108,2161
2465,2898,2902
1924,2545,2594
1924,2105,2158
2466,2897,2903
1925,2548,2596
1925,2103,2154
2467,2897,2904
1926,2551,2598
1926,2101,2151
2468,2896,2904
1927,2554,2601
1927,2098,2148
2469,2896,2904
1928,2557,2603
1928,2096,2145
2470,2896,2905
1929,2560,2605
1929,2094,2142
2471,2895,2905
1930,2563,2607
1930,2092,2140
2472,2895,2905
1931,2566,2609
1931,2089,2137
2473,2895,2905
1932,2569,2612
1932,2087,2134
2474,2895,2905
1933,2572,2614
1933,2085,2131
2475,2895,2906
1934,2575,2616
1934,2083,2128
2476,2894,2906
1935,2577,2618
1935,2081,2126
2477,2894,2906
1936,2580,2620
1936,2078,2123
2478,2894,2906
1937,2583,2622
1937,2076,2120
2479,2894,2906
1938,2585,2624
1938,2074,2118
2480,2894,2906
1939,2588,2626
1939,2072,2115
2481,2894,2906
1940,2590,2628
1940,2070,2113
2482,2894,2906
1941,2593,2630
1941,2068,2110
2483,2894,2906
1942,2595,2631
1942,2066,2108
2484,2894,2906
1943,2598,2633
1943,2064,2105
2485,2894,2906
1944,2600,2635
1944,2062,2103
2486,2894,2906
1945,2603,2637
1945,2060,2101
2487,2894,2906
1946,2605,2639
1946,2058,2098
2488,2894,2906
1947,2608,2641
1947,2056,2096
2489,2894,2906
1948,2610,2642
1948,2054,2094
2490,2894,2906
1949,2612,2644
1949,2052,2091
1908,2484,2552
1908,2148,2218
1907,2479,2550
1907,2151,2223
1906,2474,2547
1906,2154,2228
1905,2469,2543
1905,2157,2234
1904,2463,2540
1904,2161,2239
1903,2457,2537
1903,2164,2245
1998,1974,2000
1999,1973,1999
2000,1971,1997
2001,1970,1996
2002,1969,1994
2003,1967,1993
2004,1966,1991
2005,1965,1990
2006,1963,1988
2007,1962,1987
2008,1961,1985
2009,1960,1984
