2541,3227,3230
2542,3226,3230
2543,3226,3230
2544,3225,3230
2548,3226,3228
2547,3225,3229
2546,3225,3230
2545,3225,3230
2680,2878,2878
2681,2876,2879
2682,2876,2879
2683,2875,2879
2684,2875,2880
2685,2874,2880
2686,2874,2880
2687,2873,2880
2688,2873,2880
2689,2873,2880
2690,2872,2880
2691,2872,2880
2692,2871,2880
2693,2871,2880
2694,2871,2880
2695,2871,2880
2696,2870,2880
2697,2870,2880
2698,2870,2880
2699,2869,2880
2700,2869,2880
2701,2869,2880
2702,2868,2880
2703,2868,2880
2704,2868,2880
2705,2868,2880
2706,2867,2880
2707,2867,2880
2708,2867,2879
2709,2866,2879
2710,2866,2879
2711,2866,2879
2712,2866,2879
2713,2865,2879
2714,2865,2879
2715,2865,2879
2716,2864,2878
2717,2864,2878
2718,2864,2878
2719,2864,2878
2720,2863,2878
2721,2863,2878
2722,2863,2877
2723,2862,2877
2724,2862,2877
2725,2862,2877
2726,2861,2877
2727,2861,2876
2728,2861,2876
2729,2861,2876
2730,2860,2876
2731,2860,2876
2732,2860,2875
2733,2859,2875
2734,2859,2875
2735,2859,2875
2736,2858,2874
2737,2858,2874
2738,2858,2874
2739,2857,2874
2740,2857,2874
2741,2857,2873
2742,2856,2873
2743,2856,2873
2744,2856,2872
2745,2855,2872
2746,2855,2872
2747,2855,2872
2748,2854,2871
2749,2854,2871
2750,2854,2871
2751,2853,2871
2752,2853,2870
2753,2853,2870
2754,2852,2870
2755,2852,2869
2756,2852,2869
2757,2851,2869
2758,2851,2868
2759,2851,2868
2760,2850,2868
2761,2850,2867
2762,2849,2867
2763,2849,2867
2764,2849,2866
2765,2848,2866
2766,2848,2866
2767,2847,2865
2768,2847,2865
2769,2847,2865
2770,2846,2864
2771,2846,2864
2772,2845,2863
2773,2845,2863
2774,2845,2863
2775,2844,2862
2776,2844,2862
2777,2843,2862
2778,2843,2861
2779,2842,2861
2780,2842,2860
2781,2842,2860
2782,2841,2860
2783,2841,2859
2784,2840,2859
2785,2840,2858
2786,2839,2858
2787,2839,2857
2788,2838,2857
2789,2838,2857
2790,2838,2856
2791,2837,2856
2792,2837,2855
2793,2836,2855
2794,2836,2854
2795,2835,2854
2796,2835,2853
2797,2834,2853
1846,2058,2099
2928,2734,2759
1847,2056,2096
2929,2733,2758
1848,2055,2093
2930,2732,2757
1849,2054,2090
2931,2730,2756
1850,2052,2087
2932,2729,2755
1851,2051,2084
2933,2728,2754
1852,2050,2081
2934,2727,2753
1853,2049,2078
2935,2726,2752
1854,2048,2074
2936,2725,2751
1855,2047,2071
2937,2724,2750
1856,2047,2067
2938,2722,2749
1857,2046,2064
2939,2721,2748
1858,2046,2060
2940,2720,2747
1859,2046,2055
2941,2719,2746
2942,2718,2745
2943,2717,2744
2944,2715,2743
2945,2714,2742
2946,2713,2741
2947,2712,2739
2948,2711,2738
2949,2709,2737
2950,2708,2736
2951,2707,2735
2952,2706,2734
2953,2704,2733
2954,2703,2732
2955,2702,2730
2956,2701,2729
2957,2699,2728
2958,2698,2727
2959,2697,2726
2960,2695,2725
2961,2694,2723
2962,2693,2722
2963,2692,2721
2964,2690,2720
2965,2689,2719
2966,2688,2717
2967,2686,2716
2968,2685,2715
2969,2683,2714
2970,2682,2713
2971,2681,2711
2972,2679,2710
2973,2678,2709
2974,2677,2707
2975,2675,2706
2976,2674,2705
2977,2672,2704
2978,2671,2702
2979,2669,2701
2980,2668,2700
2981,2666,2698
2982,2665,2697
3054,2544,2554
3053,2545,2558
3052,2546,2562
3051,2547,2565
3050,2548,2569
3049,2550,2572
3048,2551,2575
3047,2553,2578
3046,2555,2581
3045,2556,2583
3044,2558,2586
3043,2560,2589
3042,2562,2591
3011,2619,2653
3010,2620,2655
3009,2622,2657
3008,2624,2658
3007,2625,2660
3006,2627,2662
3005,2629,2663
3004,2630,2665
3003,2632,2666
3002,2634,2668
3001,2635,2670
3000,2637,2671
2999,2639,2673
2998,2640,2674
2997,2642,2676
2996,2644,2677
2983,2664,2696
2984,2662,2694
2985,2661,2693
2986,2659,2692
2987,2658,2690
2988,2656,2689
2989,2654,2687
2990,2653,2686
2991,2651,2684
2992,2650,2683
2993,2648,2682
2994,2647,2680
2995,2645,2679
3012,2617,2652
3013,2615,2650
3014,2613,2648
3015,2612,2647
3016,2610,2645
3017,2608,2643
3018,2606,2641
3019,2605,2639
3020,2603,2638
3021,2601,2636
3022,2599,2634
3023,2597,2632
3024,2595,2630
3025,2594,2628
3026,2592,2626
3027,2590,2624
3028,2588,2622
3029,2586,2620
3030,2584,2618
3031,2582,2616
3032,2581,2614
3033,2579,2612
3034,2577,2610
3035,2575,2608
3036,2573,2605
3037,2571,2603
3038,2569,2601
3039,2567,2598
3040,2565,2596
3041,2564,2594
1845,2059,2102
2927,2735,2760
1844,2061,2106
2926,2736,2761
1843,2062,2109
2925,2737,2762
1842,2064,2112
2924,2738,2763
1841,2065,2115
2923,2739,2764
1840,2067,2118
2922,2740,2765
1839,2069,2121
2921,2741,2766
1838,2071,2124
2920,2742,2767
1837,2072,2127
2919,2743,2768
1836,2074,2130
2918,2744,2769
1835,2076,2133
2917,2745,2770
1834,2078,2136
2916,2746,2771
1833,2080,2139
2915,2747,2772
1832,2082,2142
2914,2748,2773
1831,2084,2145
2913,2749,2774
1830,2086,2148
2912,2750,2774
1829,2088,2151
2911,2751,2775
1828,2090,2155
2910,2752,2776
1827,2092,2158
2909,2753,2777
1826,2094,2161
2908,2754,2778
1825,2097,2164
2907,2755,2779
1824,2099,2167
2906,2756,2780
1823,2101,2170
2905,2757,2781
1822,2104,2173
2904,2758,2782
1821,2106,2176
2903,2759,2782
1820,2109,2179
2902,2760,2783
1819,2112,2182
2901,2761,2784
1818,2114,2184
2900,2762,2785
1817,2117,2187
2899,2763,2786
1816,2120,2190
2898,2764,2787
1815,2123,2193
2897,2765,2788
1814,2126,2195
2896,2766,2788
1813,2129,2198
2895,2767,2789
1812,2132,2200
2894,2768,2790
1811,2135,2203
2893,2768,2791
1810,2139,2205
2892,2769,2792
1809,2142,2207
2891,2770,2793
1808,2146,2209
2890,2771,2793
1807,2150,2210
2889,2772,2794
1806,2154,2212
2888,2773,2795
1805,2159,2213
2887,2774,2796
1804,2164,2213
2886,2775,2797
1803,2169,2213
2885,2776,2797
1802,2175,2213
2884,2776,2798
1801,2182,2211
2883,2777,2799
1800,2193,2205
2882,2778,2800
2881,2779,2801
2880,2780,2801
2879,2781,2802
2878,2781,2803
2877,2782,2804
2876,2783,2805
2875,2784,2805
2874,2785,2806
2873,2785,2807
2872,2786,2808
2871,2787,2808
2870,2788,2809
2869,2789,2810
2868,2789,2810
2867,2790,2811
2866,2791,2812
2865,2792,2813
2864,2793,2813
2863,2793,2814
2862,2794,2815
2861,2795,2816
2860,2796,2816
2859,2796,2817
2858,2797,2818
2857,2798,2818
2856,2798,2819
2855,2799,2820
2854,2800,2820
2853,2801,2821
2852,2801,2822
2851,2802,2822
2850,2803,2823
2849,2803,2824
2848,2804,2824
2847,2805,2825
2846,2805,2826
2845,2806,2826
2844,2807,2827
2843,2808,2828
2842,2808,2828
2841,2809,2829
2840,2809,2829
2839,2810,2830
2838,2811,2831
2837,2811,2831
2836,2812,2832
2835,2813,2833
2834,2813,2833
2833,2814,2834
2832,2815,2834
2831,2815,2835
2830,2816,2836
2829,2816,2836
2828,2817,2837
2827,2818,2837
2826,2818,2838
2825,2819,2838
2824,2819,2839
2823,2820,2840
2822,2821,2840
2821,2821,2841
2820,2822,2841
2819,2822,2842
2818,2823,2842
2817,2824,2843
2816,2824,2843
2815,2825,2844
2814,2825,2845
2813,2826,2845
2812,2826,2846
2811,2827,2846
2810,2827,2847
2809,2828,2847
2808,2828,2848
2807,2829,2848
2806,2830,2849
2805,2830,2849
2804,2831,2850
2803,2831,2850
2802,2832,2851
2801,2832,2851
2800,2833,2852
2799,2833,2852
2798,2834,2853
