2475,1706,1709
2474,1706,1709
2473,1706,1709
2472,1706,1710
2471,1706,1710
2470,1706,1710
2469,1706,1710
2468,1706,1710
2467,1706,1710
2466,1706,1710
2465,1706,1710
2464,1706,1710
2463,1706,1711
2462,1706,1711
2461,1706,1711
2460,1706,1711
2459,1707,1711
2458,1707,1711
2457,1707,1711
2456,1707,1712
2455,1707,1712
2454,1707,1712
2453,1707,1712
2452,1707,1712
2451,1707,1712
2450,1707,1712
2449,1707,1712
2448,1707,1713
2447,1708,1713
2446,1708,1713
2445,1708,1713
2444,1708,1713
2443,1708,1713
2442,1708,1714
2441,1708,1714
2440,1708,1714
2439,1708,1714
2438,1708,1714
2437,1709,1714
2436,1709,1714
2435,1709,1715
2434,1709,1715
2433,1709,1715
2432,1709,1715
2431,1709,1715
2430,1709,1715
2429,1710,1716
2428,1710,1716
2427,1710,1716
2426,1710,1716
2425,1710,1716
2424,1710,1717
2423,1710,1717
2422,1710,1717
2421,1711,1717
2420,1711,1717
2419,1711,1717
2418,1711,1718
2417,1711,1718
2416,1711,1718
2415,1711,1718
2414,1712,1718
2413,1712,1719
2412,1712,1719
2411,1712,1719
2410,1712,1719
2409,1712,1719
2408,1713,1720
2407,1713,1720
2406,1713,1720
2405,1713,1720
2404,1713,1720
2403,1713,1721
2402,1714,1721
2401,1714,1721
2400,1714,1721
2399,1714,1722
2398,1714,1722
2397,1714,1722
2396,1715,1722
2395,1715,1722
2394,1715,1723
2393,1715,1723
2392,1715,1723
2391,1716,1723
2390,1716,1724
2389,1716,1724
2388,1716,1724
2387,1716,1724
2386,1717,1725
2385,1717,1725
2384,1717,1725
2383,1717,1725
2382,1717,1725
2381,1718,1726
2380,1718,1726
2379,1718,1726
2378,1718,1726
2377,1718,1727
2376,1719,1727
2375,1719,1727
2374,1719,1728
2373,1719,1728
2372,1719,1728
2371,1720,1728
2370,1720,1729
2369,1720,1729
2368,1720,1729
2367,1721,1729
2366,1721,1730
2365,1721,1730
2364,1721,1730
2363,1722,1730
2362,1722,1731
2361,1722,1731
2360,1722,1731
2359,1723,1732
2358,1723,1732
2357,1723,1732
2356,1723,1732
2355,1724,1733
2354,1724,1733
2353,1724,1733
2352,1724,1734
2351,1725,1734
2350,1725,1734
2349,1725,1735
2348,1725,1735
2347,1726,1735
2346,1726,1735
2345,1726,1736
2344,1726,1736
2343,1727,1736
2342,1727,1737
2341,1727,1737
2340,1727,1737
2339,1728,1738
2338,1728,1738
2337,1728,1738
2336,1729,1739
2335,1729,1739
2334,1729,1739
2333,1729,1740
2332,1730,1740
2331,1730,1740
2330,1730,1741
2329,1731,1741
2328,1731,1741
2327,1731,1742
2326,1732,1742
2325,1732,1742
2324,1732,1743
2323,1732,1743
2322,1733,1743
2321,1733,1744
2320,1733,1744
2319,1734,1744
2318,1734,1745
2317,1734,1745
2316,1735,1745
2315,1735,1746
2314,1735,1746
2313,1736,1747
2312,1736,1747
2311,1736,1747
2310,1737,1748
2309,1737,1748
2308,1737,1748
2307,1738,1749
2306,1738,1749
2305,1738,1750
2304,1739,1750
2303,1739,1750
2302,1739,1751
2301,1740,1751
2300,1740,1751
2299,1740,1752
2298,1741,1752
2297,1741,1753
2296,1741,1753
2295,1742,1753
2294,1742,1754
2293,1743,1754
2292,1743,1755
2291,1743,1755
2290,1744,1755
2289,1744,1756
2288,1744,1756
2287,1745,1757
2286,1745,1757
2285,1746,1758
2284,1746,1758
2283,1746,1758
2282,1747,1759
2281,1747,1759
2280,1747,1760
2279,1748,1760
2278,1748,1761
2277,1749,1761
2276,1749,1761
2275,1749,1762
2274,1750,1762
2273,1750,1763
2272,1751,1763
2271,1751,1764
2270,1751,1764
2269,1752,1764
2268,1752,1765
2267,1753,1765
2266,1753,1766
2265,1754,1766
2264,1754,1767
2263,1754,1767
2262,1755,1768
2261,1755,1768
2260,1756,1769
2259,1756,1769
2258,1756,1770
2257,1757,1770
2256,1757,1771
2255,1758,1771
2254,1758,1771
2253,1759,1772
2252,1759,1772
2251,1760,1773
2250,1760,1773
2249,1760,1774
2248,1761,1774
2247,1761,1775
2246,1762,1775
2245,1762,1776
2244,1763,1776
2243,1763,1777
2242,1764,1777
2241,1764,1778
2240,1765,1778
2239,1765,1779
2238,1766,1779
2237,1766,1780
2236,1767,1780
2235,1767,1781
2234,1767,1782
2233,1768,1782
2232,1768,1783
2231,1769,1783
2230,1769,1784
2229,1770,1784
2228,1770,1785
2227,1771,1785
2226,1771,1786
2225,1772,1786
2224,1772,1787
2223,1773,1787
2222,1773,1788
2221,1774,1789
2220,1774,1789
2219,1775,1790
2218,1775,1790
2217,1776,1791
2216,1777,1791
2215,1777,1792
2214,1778,1792
2213,1778,1793
2212,1779,1794
2211,1779,1794
2210,1780,1795
2209,1780,1795
2208,1781,1796
2207,1781,1797
2206,1782,1797
2205,1782,1798
2204,1783,1798
2203,1783,1799
2202,1784,1799
2201,1785,1800
2200,1785,1801
2199,1786,1801
2198,1786,1802
2197,1787,1802
2196,1787,1803
2195,1788,1804
2194,1789,1804
2193,1789,1805
2192,1790,1806
2191,1790,1806
2190,1791,1807
2189,1791,1807
2188,1792,1808
2187,1793,1809
2186,1793,1809
2185,1794,1810
2184,1794,1811
2183,1795,1811
2182,1796,1812
2181,1796,1813
2180,1797,1813
2179,1797,1814
2178,1798,1815
2177,1799,1815
2176,1799,1816
2175,1800,1817
2174,1800,1817
2173,1801,1818
2172,1802,1819
2171,1802,1819
2170,1803,1820
2169,1804,1821
2168,1804,1821
2167,1805,1822
2166,1806,1823
2165,1806,1823
2164,1807,1824
2163,1807,1825
2162,1808,1825
2161,1809,1826
2160,1809,1827
2159,1810,1828
2158,1811,1828
2157,1811,1829
2156,1812,1830
2155,1813,1830
2154,1813,1831
2153,1814,1832
2152,1815,1833
2151,1815,1833
2150,1816,1834
2149,1817,1835
2148,1818,1836
2147,1818,1836
2146,1819,1837
2145,1820,1838
2144,1820,1839
2143,1821,1839
2142,1822,1840
2141,1822,1841
2140,1823,1842
2139,1824,1842
2138,1825,1843
2137,1825,1844
2136,1826,1845
2135,1827,1845
2134,1828,1846
2133,1828,1847
2132,1829,1848
2131,1830,1849
2130,1830,1849
2129,1831,1850
2128,1832,1851
2127,1833,1852
2126,1833,1853
2125,1834,1853
2124,1835,1854
2123,1836,1855
2122,1836,1856
2121,1837,1857
2120,1838,1858
2119,1839,1858
2118,1840,1859
2117,1840,1860
2116,1841,1861
2115,1842,1862
2114,1843,1863
2113,1844,1863
2112,1844,1864
2111,1845,1865
2110,1846,1866
2924,1841,1846
2925,1842,1847
2926,1843,1848
2927,1843,1848
2928,1844,1849
2929,1845,1850
2930,1845,1851
2931,1846,1852
2932,1847,1853
2933,1848,1854
2934,1848,1854
2935,1849,1855
2936,1850,1856
2937,1851,1857
2938,1851,1858
2939,1852,1859
2940,1853,1860
2941,1854,1861
2942,1855,1862
2943,1855,1863
2944,1856,1863
2945,1857,1864
2946,1858,1865
2947,1859,1866
2948,1859,1867
2949,1860,1868
2950,1861,1869
2951,1862,1870
2952,1863,1871
2953,1863,1872
2954,1864,1873
2955,1865,1874
2956,1866,1875
2957,1867,1876
2958,1868,1877
2959,1868,1878
2960,1869,1879
2961,1870,1880
2962,1871,1881
2963,1872,1881
2964,1873,1882
2965,1874,1883
2966,1874,1884
2967,1875,1885
2968,1876,1886
2969,1877,1887
2970,1878,1888
2971,1879,1889
2972,1880,1891
2973,1881,1892
2974,1882,1893
2975,1882,1894
2976,1883,1895
2977,1884,1896
2978,1885,1897
1870,2324,2370
2979,1886,1898
1871,2305,2389
2980,1887,1899
1872,2292,2402
2981,1888,1900
1873,2281,2412
2982,1889,1901
1874,2273,2421
2983,1890,1902
1875,2265,2429
2984,1891,1903
1876,2257,2436
2985,1892,1904
1877,2251,2442
2986,1893,1905
1878,2244,2449
2987,1894,1906
1879,2238,2454
2988,1895,1907
1880,2233,2460
2989,1896,1909
1881,2227,2465
2990,1897,1910
1882,2222,2470
2991,1897,1911
1883,2217,2475
2992,1898,1912
1884,2213,2479
2993,1899,1913
1885,2208,2484
2994,1900,1914
1886,2204,2488
2995,1901,1915
1887,2199,2492
2996,1902,1916
1888,2370,2496
1888,2195,2336
2997,1903,1917
1889,2393,2500
1889,2191,2313
2998,1904,1919
1890,2407,2504
1890,2187,2299
2999,1905,1920
1891,2418,2507
1891,2184,2288
3000,1906,1921
1892,2428,2511
1892,2180,2278
3001,1907,1922
1893,2436,2514
1893,2176,2270
3002,1908,1923
1894,2444,2518
1894,2173,2263
3003,1910,1924
1895,2451,2521
1895,2169,2256
3004,1911,1926
1896,2457,2524
1896,2166,2249
3005,1912,1927
1897,2463,2527
1897,2162,2243
3006,1913,1928
1898,2469,2530
1898,2159,2238
3007,1914,1929
1899,2475,2534
1899,2156,2232
3008,1915,1930
1900,2480,2536
1900,2153,2227
3009,1916,1932
1901,2485,2539
1901,2150,2222
3010,1917,1933
1902,2490,2542
1902,2147,2217
3011,1918,1934
1903,2495,2545
1903,2144,2213
3012,1919,1935
1904,2499,2548
1904,2141,2208
3013,1920,1936
1905,2504,2550
1905,2138,2204
3014,1921,1938
1906,2508,2553
1906,2135,2200
3015,1922,1939
1907,2512,2556
1907,2132,2196
3016,1923,1940
1908,2516,2558
1908,2129,2192
3017,1924,1941
2476,2898,2900
2476,1705,1709
1909,2520,2561
1909,2126,2188
3018,1925,1943
2477,2897,2901
2477,1705,1709
1910,2524,2563
1910,2124,2184
3019,1927,1944
2478,2896,2902
2478,1705,1709
1911,2528,2566
1911,2121,2181
3020,1928,1945
2479,2896,2902
2479,1705,1709
1912,2532,2568
1912,2118,2177
3021,1929,1946
2480,2895,2903
2480,1705,1709
1913,2536,2570
1913,2116,2174
3022,1930,1948
2481,2895,2903
2481,1705,1709
1914,2539,2573
1914,2113,2170
3023,1931,1949
2482,2894,2903
2482,1705,1708
1915,2543,2575
1915,2111,2167
3024,1932,1950
2483,2894,2904
2483,1705,1708
1916,2547,2577
1916,2108,2164
3025,1933,1952
2484,2894,2904
2484,1705,1708
1917,2550,2579
1917,2106,2160
3026,1934,1953
2485,2894,2904
2485,1705,1708
1918,2553,2581
1918,2103,2157
3027,1936,1954
2486,2894,2904
2486,1705,1708
1919,2557,2583
1919,2101,2154
3028,1937,1956
2487,2893,2904
2487,1705,1708
1920,2560,2585
1920,2099,2151
3029,1938,1957
2488,2893,2904
2488,1705,1708
1921,2564,2587
1921,2096,2148
3030,1939,1958
2489,2893,2905
2489,1705,1708
1922,2567,2589
1922,2094,2145
3031,1940,1960
2490,2893,2905
2490,1705,1708
1923,2570,2591
1923,2092,2142
3032,1941,1961
2491,2893,2905
2491,1705,1708
1924,2573,2593
1924,2089,2139
3033,1943,1962
2492,2893,2905
2492,1705,1708
1925,2577,2595
1925,2087,2136
3034,1944,1964
2493,2893,2905
2493,1705,1707
1926,2580,2596
1926,2085,2134
3035,1945,1965
2494,2893,2905
2494,1705,1707
1927,2583,2598
1927,2083,2131
3036,1946,1966
2495,2893,2905
2495,1705,1707
1928,2587,2599
1928,2080,2128
3037,1947,1968
2496,2893,2905
2496,1705,1707
1929,2590,2601
1929,2078,2126
3038,1949,1969
2497,2893,2905
2497,1705,1707
1930,2594,2602
1930,2076,2123
3039,1950,1971
2498,2893,2905
2498,1705,1707
1931,2597,2603
1931,2074,2120
3040,1951,1972
2499,2893,2905
2499,1705,1707
1932,2072,2118
3041,1952,1973
2500,2893,2905
2500,1705,1707
1933,2070,2115
3042,1954,1975
2501,2893,2905
2501,1705,1707
1934,2068,2113
3043,1955,1976
2502,2893,2904
2502,1705,1707
1935,2065,2110
3044,1956,1978
2503,2893,2904
2503,1705,1707
1936,2063,2108
3045,1957,1979
2504,2893,2904
2504,1705,1706
1937,2061,2105
3046,1959,1981
2505,3241,3244
2505,2893,2904
2505,1705,1706
1938,2059,2103
3047,1960,1982
2506,3240,3245
2506,2894,2904
2506,1705,1706
1939,2057,2101
3048,1961,1984
2507,3240,3245
2507,2894,2903
2507,1705,1706
1940,2055,2098
3049,1962,1985
2508,3240,3246
2508,2894,2903
2508,1705,1706
1941,2054,2096
3050,1964,1987
2509,3240,3246
2509,2894,2903
2509,1705,1706
1942,2052,2094
3051,1965,1988
2510,3240,3246
2510,2895,2903
2510,1705,1706
1943,2050,2091
3052,1966,1990
2511,3240,3246
2511,2895,2902
2511,1705,1706
1944,2048,2089
3053,1968,1991
2512,3240,3245
2512,2896,2902
2512,1705,1706
2040,1912,1937
3149,2149,2228
2041,1910,1936
3150,2152,2233
2042,1909,1934
3151,2155,2238
2065,1886,1909
3174,2251,2425
2092,1861,1882
2064,1887,1910
3173,2245,2431
2091,1862,1883
2063,1888,1911
3172,2239,2436
2090,1863,1884
2062,1889,1912
3171,2234,2441
2089,1864,1885
2061,1890,1913
3170,2228,2446
2088,1865,1886
2060,1891,1914
3169,2223,2450
2087,1865,1887
2059,1892,1915
3168,2218,2454
2086,1866,1888
2058,1893,1916
3167,2214,2458
2085,1867,1889
2057,1894,1918
3166,2209,2461
2084,1868,1890
2056,1895,1919
3165,2205,2465
2083,1869,1891
2055,1896,1920
3164,2201,2468
2082,1870,1892
2054,1897,1921
3163,2197,2471
2081,1871,1893
2053,1898,1922
3162,2193,2358
3162,2373,2473
2080,1872,1894
2066,1885,1908
3175,2258,2419
2093,1860,1881
2067,1884,1907
3176,2266,2412
2094,1859,1880
2068,1883,1906
3177,2274,2405
2095,1858,1879
2069,1882,1905
3178,2283,2396
2096,1858,1879
2097,1857,1878
2098,1856,1877
2052,1899,1923
3161,2407,2475
3161,2189,2325
2079,1873,1895
2051,1900,1924
3160,2425,2477
3160,2185,2310
2078,1874,1896
2050,1901,1925
3159,2439,2478
3159,2181,2298
2077,1874,1897
2049,1902,1926
3158,2453,2478
3158,2178,2287
2076,1875,1898
2048,1903,1928
3157,2471,2473
3157,2174,2279
2075,1876,1899
2047,1904,1929
3156,2171,2271
2074,1877,1900
2046,1905,1930
3155,2168,2263
2073,1878,1901
2045,1906,1931
3154,2164,2256
2072,1879,1902
2044,1907,1932
3153,2161,2250
3180,2309,2371
2071,1880,1903
2043,1908,1933
3152,2158,2244
3179,2294,2386
2070,1881,1904
3148,2146,2223
2039,1913,1938
3147,2143,2218
2038,1914,1939
3146,2140,2213
2037,1915,1940
3145,2137,2209
2036,1916,1942
3144,2134,2204
2035,1917,1943
3143,2132,2200
2034,1918,1944
3142,2129,2196
2033,1919,1945
3141,2126,2192
2032,1920,1946
3140,2124,2188
2031,1922,1948
3139,2121,2184
2030,1923,1949
3138,2119,2180
2029,1924,1950
3137,2116,2177
2028,1925,1951
3136,2114,2173
2027,1926,1953
3135,2111,2170
2026,1927,1954
3134,2109,2166
2025,1928,1955
3133,2106,2163
2024,1930,1956
3132,2104,2160
2023,1931,1958
3131,2102,2156
2022,1932,1959
3130,2099,2153
2021,1933,1960
3129,2097,2150
2020,1934,1962
3128,2095,2147
2019,1936,1963
3127,2092,2144
2018,1937,1964
3126,2090,2141
2017,1938,1966
3125,2088,2138
2016,1939,1967
3124,2086,2135
2015,1940,1968
3123,2084,2132
2014,1942,1970
3122,2081,2130
2013,1943,1971
3121,2079,2127
2012,1944,1972
3120,2077,2124
2011,1945,1974
3119,2075,2121
2010,1947,1975
3118,2073,2119
2009,1948,1976
3117,2071,2116
2008,1949,1978
3116,2069,2114
2007,1950,1979
3115,2067,2111
2006,1952,1981
3114,2065,2109
2005,1953,1982
3113,2063,2106
2004,1954,1984
3112,2061,2104
2003,1956,1985
3111,2059,2101
2002,1957,1986
3110,2057,2099
2001,1958,1988
3109,2055,2096
2000,1960,1989
3108,2054,2094
1999,1961,1991
1971,2001,2036
3080,2006,2036
3107,2052,2092
1998,1962,1992
1970,2003,2038
3079,2004,2034
3106,2050,2089
1997,1964,1994
1969,2004,2039
3078,2003,2033
3105,2048,2087
1996,1965,1995
1968,2006,2041
3077,2001,2031
3104,2046,2085
1995,1966,1997
1967,2008,2043
3076,2000,2029
3103,2044,2083
1994,1968,1998
1966,2009,2045
3075,1998,2027
3102,2043,2080
1993,1969,2000
1965,2011,2047
3074,1997,2025
3101,2041,2078
1992,1970,2001
1964,2013,2048
3073,1995,2024
3100,2039,2076
1991,1972,2003
1963,2014,2050
3072,1994,2022
3099,2037,2074
1990,1973,2004
1962,2016,2052
3071,1993,2020
3098,2035,2072
1989,1975,2006
1961,2017,2054
3070,1991,2019
3097,2034,2070
1988,1976,2007
1960,2019,2056
3069,1990,2017
3096,2032,2067
1987,1977,2009
1959,2021,2058
3068,1988,2015
3095,2030,2065
1986,1979,2011
1958,2023,2060
3067,1987,2013
3094,2029,2063
1985,1980,2012
1957,2024,2062
3066,1985,2012
3093,2027,2061
1984,1982,2014
1956,2026,2064
3065,1984,2010
3092,2025,2059
1983,1983,2015
1955,2028,2066
3064,1983,2009
3091,2024,2057
1982,1985,2017
1954,2029,2068
3063,1981,2007
3090,2022,2055
1981,1986,2019
1953,2031,2070
3062,1980,2005
3089,2020,2053
1980,1988,2020
1952,2033,2072
3061,1978,2004
3088,2019,2051
1979,1989,2022
1951,2035,2074
3060,1977,2002
3087,2017,2049
1978,1991,2024
1950,2037,2076
3059,1976,2000
3086,2015,2047
1977,1992,2025
1949,2038,2078
3058,1974,1999
3085,2014,2046
1976,1994,2027
1948,2040,2080
3057,1973,1997
3084,2012,2044
1975,1995,2029
1947,2042,2083
3056,1972,1996
3083,2011,2042
1974,1997,2031
1946,2044,2085
3055,1970,1994
2514,3242,3244
2514,2897,2900
3082,2009,2040
1973,1998,2032
1945,2046,2087
3054,1969,1993
2513,3241,3245
2513,2896,2901
2513,1706,1706
3081,2008,2038
1972,2000,2034
2923,1840,1845
2922,1840,1844
2921,1839,1843
2920,1838,1842
2919,1838,1842
2918,1837,1841
2917,1836,1840
2916,1836,1839
2915,1835,1838
2914,1834,1837
2913,1834,1836
2912,1833,1836
2911,1832,1835
2910,1832,1834
2909,1831,1833
2908,1830,1832
2907,1830,1831
2906,1829,1831
2905,1828,1830
2904,1828,1829
2903,1827,1828
2902,1827,1827
2099,1855,1876
2100,1854,1875
2101,1853,1874
2102,1852,1873
2103,1852,1872
2104,1851,1871
2105,1850,1870
2106,1849,1870
2107,1848,1869
2108,1848,1868
2109,1847,1867
