1913,2311,2352
1914,2295,2367
1915,2283,2377
1916,2274,2385
1917,2266,2391
1918,2259,2395
1919,2253,2399
1920,2247,2401
1921,2241,2402
1922,2236,2400
1923,2231,2395
1924,2226,2383
1925,2222,2367
1926,2217,2351
1927,2213,2338
1928,2209,2326
1929,2205,2316
1930,2201,2306
1972,2106,2112
1971,2106,2117
1970,2107,2121
1969,2108,2124
1968,2109,2128
1967,2111,2132
1966,2112,2135
1965,2114,2139
1964,2115,2142
1963,2117,2146
1962,2119,2149
1961,2120,2153
1960,2122,2157
1959,2124,2160
1958,2126,2164
1957,2128,2167
1956,2130,2171
1955,2132,2175
1954,2134,2179
1953,2136,2183
1952,2139,2187
1951,2141,2190
1938,2175,2251
1937,2178,2257
1936,2181,2263
1935,2184,2269
1934,2187,2276
1933,2191,2283
1932,2194,2290
1931,2198,2298
1939,2172,2246
2480,3240,3240
1940,2169,2240
2481,3239,3242
1941,2166,2235
2482,3238,3243
1942,2163,2230
2483,3238,3243
1943,2161,2225
2484,3238,3244
1944,2158,2221
2485,3238,3244
1950,2143,2195
2491,3241,3242
1949,2146,2199
2490,3240,3243
1948,2148,2203
2489,3239,3244
1947,2150,2207
2488,3238,3244
1946,2153,2212
2487,3238,3244
1945,2155,2216
2486,3238,3244
2144,2834,2840
2145,2835,2841
2146,2835,2842
2147,2835,2843
2148,2836,2845
2149,2836,2846
2150,2837,2847
2151,2837,2848
2152,2838,2849
2153,2838,2850
2154,2839,2851
2155,2839,2851
2156,2840,2852
2157,2840,2853
2158,2841,2854
2159,2841,2855
2160,2842,2856
2161,2842,2857
2162,2843,2858
2163,2843,2858
2164,2844,2859
2165,2844,2860
2166,2845,2861
2167,2845,2862
2168,2846,2863
2169,2846,2863
2170,2847,2864
2171,2847,2865
2172,2848,2866
2173,2848,2866
2174,2849,2867
2175,2849,2868
2176,2850,2869
2177,2851,2869
2178,2851,2870
2179,2852,2871
2180,2852,2871
2181,2853,2872
2182,2853,2873
2183,2854,2874
2184,2854,2874
2185,2855,2875
2186,2855,2876
2187,2856,2876
2188,2856,2877
2189,2857,2878
2190,2857,2878
2191,2858,2879
2192,2858,2879
2193,2859,2880
2194,2859,2881
2195,2860,2881
2196,2860,2882
2197,2861,2882
2198,2861,2883
2199,2862,2884
2200,2862,2884
2337,2902,2917
2338,2902,2917
2339,2903,2917
2340,2903,2917
2341,2903,2917
2342,2903,2917
2343,2903,2917
2344,2903,2917
2345,2903,2917
2346,2903,2917
2347,2903,2917
2348,2903,2917
2349,2903,2917
2350,2903,2917
2351,2903,2918
2352,2903,2918
2353,2903,2918
2354,2903,2918
2355,2903,2918
2356,2903,2918
2357,2903,2918
2358,2903,2918
2359,2903,2918
2360,2903,2918
2361,2903,2918
2362,2903,2918
2363,2903,2918
2364,2903,2918
2365,2903,2918
2366,2903,2918
2367,2903,2918
2368,2903,2918
2369,2903,2918
2370,2903,2918
2371,2903,2918
2372,2903,2918
2373,2903,2918
2374,2903,2918
2375,2902,2918
2376,2902,2918
2377,2902,2918
2378,2902,2918
2379,2902,2918
2380,2902,2918
2381,2902,2918
2382,2902,2918
2383,2902,2918
2384,2902,2918
2385,2902,2918
2386,2902,2918
2387,2902,2918
2388,2902,2918
2425,2909,2909
3196,2484,2522
2424,2908,2911
3195,2494,2521
2423,2907,2912
3194,2510,2513
2422,2906,2912
2421,2906,2913
2420,2906,2913
2419,2905,2914
2418,2905,2914
2417,2905,2914
2416,2905,2914
3197,2474,2522
3198,2465,2522
3199,2456,2521
3200,2447,2520
3201,2437,2519
3202,2427,2517
3203,2417,2515
3204,2407,2513
3205,2395,2511
3206,2384,2509
3207,2372,2507
3208,2361,2504
3209,2351,2501
3210,2343,2499
3211,2337,2496
3212,2333,2492
3213,2330,2489
3214,2328,2486
3215,2328,2482
2389,2902,2918
3216,2328,2478
2390,2902,2918
3217,2329,2474
2391,2902,2918
3218,2331,2469
2392,2902,2918
3219,2334,2464
2393,2902,2918
2331,2902,2916
3220,2337,2459
2394,2902,2918
2332,2902,2917
3221,2341,2453
2395,2902,2918
2333,2902,2917
3222,2346,2447
2396,2903,2918
2334,2902,2917
2141,2835,2835
3223,2352,2439
2397,2903,2917
2335,2902,2917
2142,2834,2837
3224,2360,2430
2398,2903,2917
2336,2902,2917
2143,2834,2839
3225,2370,2418
2399,2903,2917
2400,2903,2917
2401,2903,2917
2402,2903,2917
2403,2903,2917
2404,2903,2917
2405,2903,2917
2406,2903,2916
2407,2903,2916
2408,2903,2916
2409,2903,2916
2410,2904,2916
2411,2904,2916
2412,2904,2915
2413,2904,2915
2414,2904,2915
2415,2904,2915
2330,2902,2916
2329,2902,2916
2328,2902,2916
2327,2902,2916
2326,2902,2916
2325,2902,2916
2324,2901,2916
2323,2901,2916
2322,2901,2916
2321,2901,2916
2320,2901,2916
2319,2901,2916
2318,2901,2916
2317,2901,2916
2316,2901,2916
2315,2900,2916
2314,2900,2915
2313,2900,2915
2312,2900,2915
2311,2900,2915
2310,2900,2915
2309,2899,2915
2308,2899,2915
2307,2899,2915
2306,2899,2915
2305,2899,2915
2304,2899,2915
2303,2898,2915
2302,2898,2915
2301,2898,2914
2300,2898,2914
2299,2898,2914
2298,2897,2914
2297,2897,2914
2296,2897,2914
2295,2897,2914
2294,2897,2914
2293,2896,2914
2292,2896,2914
2291,2896,2913
2290,2896,2913
2289,2895,2913
2288,2895,2913
2287,2895,2913
2286,2895,2913
2285,2894,2913
2284,2894,2913
2283,2894,2912
2282,2894,2912
2281,2893,2912
2280,2893,2912
2279,2893,2912
2278,2892,2912
2277,2892,2912
2276,2892,2911
2275,2892,2911
2274,2891,2911
2273,2891,2911
2272,2891,2911
2271,2890,2910
2270,2890,2910
2269,2890,2910
2268,2890,2910
2267,2889,2910
2266,2889,2909
2265,2889,2909
2264,2888,2909
2263,2888,2909
2262,2888,2909
2261,2887,2908
2260,2887,2908
2259,2887,2908
2258,2886,2908
2257,2886,2907
2256,2886,2907
2255,2885,2907
2254,2885,2907
2253,2885,2906
2252,2884,2906
2251,2884,2906
2250,2883,2905
2249,2883,2905
2248,2883,2905
2247,2882,2905
2246,2882,2904
2245,2882,2904
2244,2881,2904
2243,2881,2903
2242,2880,2903
2241,2880,2903
2240,2880,2902
2239,2879,2902
2238,2879,2902
2237,2878,2901
2236,2878,2901
2235,2878,2901
2234,2877,2900
2233,2877,2900
2232,2876,2899
2231,2876,2899
2230,2876,2899
2229,2875,2898
2228,2875,2898
2227,2874,2897
2226,2874,2897
2225,2874,2897
2224,2873,2896
2223,2873,2896
2222,2872,2895
2221,2872,2895
2220,2871,2894
2219,2871,2894
2218,2870,2893
2217,2870,2893
2216,2870,2893
2215,2869,2892
2214,2869,2892
2213,2868,2891
2212,2868,2891
2211,2867,2890
2210,2867,2890
2209,2866,2889
2208,2866,2889
2207,2865,2888
2206,2865,2887
2205,2864,2887
2204,2864,2886
2203,2864,2886
2202,2863,2885
2201,2863,2885
