2611,2886,2888
2612,2885,2889
2613,2884,2889
2614,2884,2890
2615,2883,2890
2616,2883,2891
2617,2883,2891
2618,2882,2891
2619,2882,2892
2620,2882,2892
2621,2881,2892
2622,2881,2892
2623,2881,2892
2624,2881,2892
2625,2881,2893
2626,2880,2893
2627,2880,2893
2628,2880,2893
2629,2880,2893
2630,2880,2893
2631,2880,2893
2632,2880,2893
2633,2879,2893
2634,2879,2893
2635,2879,2893
2636,2879,2894
2637,2879,2894
2638,2879,2894
2639,2879,2894
2640,2879,2894
2641,2879,2894
2642,2879,2894
2643,2878,2894
2644,2878,2894
2645,2878,2894
3060,2574,2577
3059,2574,2582
3058,2575,2585
3057,2577,2588
3056,2578,2591
3055,2580,2594
3054,2581,2597
3053,2583,2599
3052,2585,2602
3051,2586,2604
3050,2588,2607
3049,2590,2609
3048,2591,2611
3047,2593,2614
3046,2595,2616
3045,2597,2618
3044,2599,2620
3043,2600,2623
3042,2602,2625
3041,2604,2627
3040,2606,2629
3039,2607,2631
3038,2609,2633
3037,2611,2635
3036,2613,2637
3035,2614,2639
3034,2616,2641
3033,2618,2643
3032,2619,2645
3031,2621,2646
3030,2623,2648
3029,2625,2650
3028,2626,2652
3027,2628,2654
3026,2630,2655
3025,2631,2657
3024,2633,2659
3023,2634,2661
3022,2636,2662
3021,2638,2664
3020,2639,2666
3019,2641,2667
3018,2643,2669
3017,2644,2671
3016,2646,2672
3015,2647,2674
3014,2649,2675
3013,2650,2677
3012,2652,2679
3011,2653,2680
3010,2655,2682
3009,2657,2683
3008,2658,2685
3007,2660,2686
3006,2661,2688
3005,2663,2689
3004,2664,2691
3003,2665,2692
3002,2667,2694
3001,2668,2695
3000,2670,2696
2999,2671,2698
2998,2673,2699
2997,2674,2701
2996,2676,2702
2995,2677,2703
2994,2678,2705
2993,2680,2706
2992,2681,2708
2991,2683,2709
2990,2684,2710
2989,2685,2712
2988,2687,2713
2987,2688,2714
2986,2689,2716
2985,2691,2717
2984,2692,2718
2983,2693,2719
2982,2695,2721
2981,2696,2722
2980,2697,2723
2979,2698,2724
2978,2700,2726
2977,2701,2727
2976,2702,2728
2975,2704,2729
2974,2705,2731
2898,2784,2805
2897,2785,2805
2896,2785,2806
2895,2786,2807
2894,2787,2808
2893,2788,2809
2892,2789,2809
2891,2790,2810
2890,2790,2811
2889,2791,2812
2888,2792,2812
2887,2793,2813
2886,2794,2814
2885,2794,2814
2884,2795,2815
2883,2796,2816
2882,2797,2817
2881,2798,2817
2880,2798,2818
2879,2799,2819
2878,2800,2819
2877,2801,2820
2876,2801,2821
2875,2802,2821
2874,2803,2822
2873,2804,2823
2872,2804,2823
2871,2805,2824
2870,2806,2825
2869,2807,2825
2868,2807,2826
2867,2808,2827
2866,2809,2827
2865,2810,2828
2864,2810,2828
2863,2811,2829
2862,2812,2830
2861,2813,2830
2860,2813,2831
2859,2814,2832
2858,2815,2832
2857,2815,2833
2856,2816,2833
2855,2817,2834
2854,2817,2834
2853,2818,2835
2852,2819,2836
2851,2819,2836
2850,2820,2837
2849,2821,2837
2848,2821,2838
2847,2822,2838
2846,2823,2839
2845,2823,2840
2844,2824,2840
2843,2825,2841
2842,2825,2841
2841,2826,2842
2840,2827,2842
2839,2827,2843
2838,2828,2843
2837,2829,2844
2836,2829,2844
2835,2830,2845
2834,2830,2845
2833,2831,2846
2832,2832,2846
2831,2832,2847
2830,2833,2847
2829,2833,2848
2828,2834,2848
2827,2835,2849
2826,2835,2849
2825,2836,2850
2824,2836,2850
2823,2837,2850
2822,2838,2851
2821,2838,2851
2820,2839,2852
2819,2839,2852
2688,2877,2889
2687,2877,2889
2686,2877,2889
2685,2877,2889
2684,2877,2890
2683,2877,2890
2682,2877,2890
2681,2877,2890
2680,2877,2890
2679,2877,2890
2678,2877,2891
2677,2877,2891
2676,2877,2891
2675,2877,2891
2674,2877,2891
2673,2877,2891
2672,2877,2891
2671,2877,2892
2661,2878,2893
2972,2707,2733
1890,2025,2034
2660,2878,2893
2971,2709,2734
1889,2025,2038
2659,2878,2893
2970,2710,2735
1888,2026,2041
2658,2878,2893
2969,2711,2737
1887,2026,2044
2657,2878,2893
2968,2712,2738
1886,2027,2047
2656,2878,2893
2967,2713,2739
1885,2028,2050
2655,2878,2893
2966,2715,2740
1884,2029,2052
2654,2878,2893
2965,2716,2741
1883,2030,2055
2662,2877,2893
2973,2706,2732
1891,2025,2030
2535,3231,3234
2792,2853,2862
2663,2877,2892
2536,3230,3234
2793,2853,2862
2664,2877,2892
2537,3230,3235
2794,2852,2862
2665,2877,2892
2538,3230,3235
2795,2852,2861
2670,2877,2892
2543,3231,3232
2800,2849,2860
2669,2877,2892
2542,3230,3233
2799,2850,2860
2668,2877,2892
2541,3230,3234
2798,2850,2860
2667,2877,2892
2540,3229,3235
2797,2851,2861
2666,2877,2892
2539,3229,3235
2796,2851,2861
2899,2783,2804
1817,2208,2224
2900,2782,2803
1818,2197,2229
2901,2781,2802
1819,2190,2230
2902,2780,2802
1820,2183,2231
2903,2779,2801
1821,2178,2230
2904,2778,2800
1822,2172,2229
2905,2778,2799
1823,2168,2228
2906,2777,2798
1824,2163,2226
2907,2776,2798
1825,2159,2224
2908,2775,2797
1826,2155,2222
2909,2774,2796
1827,2151,2219
2910,2773,2795
1828,2147,2217
2911,2772,2794
1829,2144,2214
2912,2771,2793
1830,2140,2211
2913,2770,2793
1831,2137,2208
2914,2769,2792
1832,2134,2205
2956,2726,2751
1874,2042,2079
2955,2727,2752
1873,2044,2082
2954,2729,2753
1872,2046,2085
2953,2730,2754
1871,2047,2088
2952,2731,2755
1870,2049,2090
2951,2732,2757
1869,2050,2093
2950,2733,2758
1868,2052,2096
2949,2734,2759
1867,2054,2099
2948,2735,2760
1866,2055,2101
2947,2736,2761
1865,2057,2104
2946,2737,2762
1864,2059,2107
2945,2739,2763
1863,2061,2110
2944,2740,2764
1862,2062,2113
2943,2741,2765
1861,2064,2115
2942,2742,2766
1860,2066,2118
2941,2743,2767
1859,2068,2121
2928,2756,2779
1846,2096,2161
2929,2755,2778
1847,2093,2157
2930,2754,2777
1848,2091,2154
2931,2753,2776
1849,2089,2151
2932,2752,2775
1850,2086,2148
2933,2751,2775
1851,2084,2145
2934,2750,2774
1852,2082,2142
2935,2749,2773
1853,2080,2139
2936,2748,2772
1854,2078,2136
2937,2747,2771
1855,2076,2133
2938,2746,2770
1856,2074,2130
2939,2745,2769
1857,2072,2127
2940,2744,2768
1858,2070,2124
2957,2725,2750
1875,2041,2077
2646,2878,2894
2958,2724,2749
1876,2040,2074
2647,2878,2894
2959,2723,2748
1877,2038,2071
2648,2878,2893
2960,2722,2747
1878,2037,2069
2649,2878,2893
2961,2721,2746
1879,2035,2066
2650,2878,2893
2962,2719,2745
1880,2034,2063
2651,2878,2893
2963,2718,2743
1881,2033,2061
2652,2878,2893
2964,2717,2742
1882,2032,2058
2653,2878,2893
2927,2757,2780
1845,2098,2164
2926,2758,2781
1844,2100,2167
2925,2759,2782
1843,2103,2170
2924,2760,2783
1842,2105,2173
2923,2761,2784
1841,2108,2176
2922,2762,2785
1840,2110,2180
2921,2763,2786
1839,2113,2183
2920,2764,2786
1838,2116,2186
2919,2765,2787
1837,2119,2189
2918,2766,2788
1836,2122,2192
2917,2767,2789
1835,2124,2196
2916,2768,2790
1834,2127,2199
2915,2769,2791
1833,2130,2202
2689,2877,2889
2690,2877,2888
2691,2877,2888
2692,2877,2888
2693,2877,2888
2694,2877,2888
2695,2877,2887
2696,2877,2887
2697,2877,2887
2698,2876,2887
2699,2876,2887
2700,2876,2886
2701,2876,2886
2702,2876,2886
2703,2876,2886
2704,2876,2885
2705,2876,2885
2706,2876,2885
2707,2876,2885
2708,2876,2885
2709,2876,2884
2710,2876,2884
2711,2876,2884
2712,2876,2884
2713,2876,2883
2714,2876,2883
2715,2876,2883
2716,2875,2883
2717,2875,2882
2718,2875,2882
2719,2875,2882
2720,2875,2882
2721,2875,2881
2722,2875,2881
2723,2875,2881
2724,2875,2880
2725,2875,2880
2726,2874,2880
2727,2874,2880
2728,2874,2879
2729,2874,2879
2730,2874,2879
2731,2874,2879
2732,2874,2878
2733,2874,2878
2734,2873,2878
2735,2873,2877
2736,2873,2877
2737,2873,2877
2738,2873,2877
2739,2873,2876
2740,2872,2876
2741,2872,2876
2742,2872,2876
2743,2872,2875
2744,2872,2875
2745,2871,2875
2746,2871,2874
2747,2871,2874
2748,2871,2874
2749,2870,2874
2750,2870,2873
2751,2870,2873
2752,2869,2873
2753,2869,2873
2754,2869,2873
2755,2869,2872
2756,2868,2872
2757,2868,2872
2758,2868,2872
2759,2867,2871
2760,2867,2871
2761,2866,2871
2762,2866,2871
2763,2866,2870
2764,2865,2870
2765,2865,2870
2766,2865,2870
2767,2864,2869
2768,2864,2869
2769,2863,2869
2770,2863,2869
2771,2863,2868
2772,2862,2868
2773,2862,2868
2774,2861,2868
2775,2861,2867
2776,2861,2867
2777,2860,2867
2778,2860,2866
2779,2859,2866
2780,2859,2866
2781,2858,2866
2782,2858,2865
2783,2858,2865
2784,2857,2865
2785,2857,2864
2786,2856,2864
2787,2856,2864
2788,2855,2864
2789,2855,2863
2790,2854,2863
2791,2854,2863
2801,2849,2859
2802,2848,2859
2803,2848,2859
2804,2847,2858
2805,2847,2858
2806,2846,2857
2807,2846,2857
2808,2845,2857
2809,2845,2856
2810,2844,2856
2811,2844,2855
2812,2843,2855
2813,2843,2855
2814,2842,2854
2815,2841,2854
2816,2841,2853
2817,2840,2853
2818,2840,2853
