1858,2305,2343
1859,2287,2361
1860,2274,2372
1861,2264,2380
1862,2256,2387
1863,2248,2392
1864,2241,2397
1865,2235,2401
1866,2229,2403
1867,2223,2403
1868,2218,2401
1869,2212,2386
1870,2207,2353
1871,2203,2332
1872,2198,2318
1873,2194,2306
1874,2190,2296
1875,2185,2287
1876,2181,2279
1877,2178,2271
1878,2174,2264
1879,2170,2258
1880,2166,2252
1881,2163,2246
1882,2159,2240
1883,2156,2235
1884,2153,2230
1885,2150,2225
1886,2146,2220
1887,2143,2216
1888,2140,2211
1889,2137,2207
1890,2134,2203
1891,2131,2199
1892,2128,2195
1893,2126,2191
1894,2123,2187
1895,2120,2183
1896,2117,2180
1897,2115,2176
1898,2112,2173
1899,2109,2170
1900,2107,2166
1901,2104,2163
1902,2102,2160
1903,2099,2157
1904,2097,2154
1905,2094,2150
1906,2092,2147
1907,2090,2145
1908,2087,2142
1909,2085,2139
1910,2083,2136
1911,2080,2133
1912,2078,2130
1913,2076,2128
1914,2074,2125
1915,2072,2122
1916,2069,2120
1917,2067,2117
1918,2065,2115
1919,2063,2112
1920,2061,2110
1921,2059,2107
1922,2057,2105
1923,2055,2102
1924,2053,2100
1925,2051,2098
1926,2049,2095
1927,2047,2093
1928,2045,2091
1929,2043,2089
1930,2041,2086
1931,2039,2084
1932,2038,2082
1933,2036,2080
1934,2034,2078
1935,2032,2076
1936,2030,2074
1937,2028,2071
1938,2027,2069
1939,2025,2067
1940,2023,2065
1941,2021,2063
1942,2020,2061
1943,2018,2059
1944,2016,2057
1945,2015,2055
1946,2013,2054
1947,2011,2052
1948,2009,2050
1949,2008,2048
1950,2006,2046
1951,2005,2044
1952,2003,2042
1953,2001,2040
1954,2000,2039
1955,1998,2037
1956,1997,2035
3162,2301,2361
3161,2285,2375
3160,2274,2385
3159,2265,2394
3158,2256,2401
3157,2249,2407
3156,2242,2413
3155,2236,2418
3154,2230,2422
3153,2224,2426
3152,2219,2428
3151,2214,2352
3151,2387,2428
3150,2209,2325
3149,2204,2310
3148,2199,2298
3147,2195,2288
3146,2191,2279
3145,2187,2271
3144,2183,2264
3143,2179,2257
3142,2175,2251
3141,2171,2245
3140,2168,2240
3139,2164,2234
3138,2161,2229
3137,2157,2224
3136,2154,2219
3135,2151,2215
3134,2147,2210
3133,2144,2206
3132,2141,2202
3131,2138,2198
3130,2135,2194
3129,2132,2190
3128,2129,2186
3127,2126,2182
3126,2124,2179
3125,2121,2175
3124,2118,2172
3123,2115,2168
3122,2113,2165
3121,2110,2162
3120,2108,2159
3119,2105,2155
3118,2103,2152
3117,2100,2149
3116,2098,2146
3115,2095,2143
3114,2093,2141
3113,2090,2138
3112,2088,2135
3111,2086,2132
3110,2083,2129
3109,2081,2127
3108,2079,2124
3107,2077,2121
3106,2074,2119
3105,2072,2116
3104,2070,2114
3103,2068,2111
3102,2066,2109
3101,2064,2106
3100,2062,2104
3099,2060,2102
3098,2058,2099
3097,2055,2097
3096,2053,2095
3095,2051,2092
3094,2050,2090
3093,2048,2088
3092,2046,2086
3091,2044,2083
3090,2042,2081
3089,2040,2079
3088,2038,2077
3087,2036,2075
3086,2034,2073
3085,2032,2071
3084,2031,2069
3083,2029,2067
3082,2027,2065
3081,2025,2063
3080,2023,2061
3079,2022,2059
3078,2020,2057
3077,2018,2055
3076,2017,2053
3075,2015,2051
3074,2013,2049
3073,2011,2047
3072,2010,2045
3071,2008,2043
3070,2006,2042
3069,2005,2040
3068,2003,2038
3067,2002,2036
3066,2000,2034
2497,1693,1710
2496,1693,1710
2495,1693,1710
2494,1693,1710
2493,1693,1710
2492,1693,1710
2491,1693,1710
2490,1693,1710
2489,1693,1710
2488,1693,1710
2487,1693,1711
2486,1693,1711
2485,1693,1711
2484,1693,1711
2483,1694,1711
2482,1694,1711
2481,1694,1711
2480,1694,1711
2479,1694,1711
2478,1694,1711
2477,1694,1711
2476,1694,1711
2475,1694,1711
2474,1694,1711
2473,1694,1711
2472,1694,1711
2471,1694,1711
2470,1694,1711
2469,1694,1711
2468,1694,1712
2467,1694,1712
2466,1694,1712
2465,1695,1712
2464,1695,1712
2463,1695,1712
2462,1695,1712
2461,1695,1712
2460,1695,1712
2459,1695,1712
2458,1695,1712
2457,1695,1712
2456,1695,1712
2455,1695,1713
2454,1695,1713
2453,1695,1713
2452,1696,1713
2451,1696,1713
2450,1696,1713
2449,1696,1713
2448,1696,1713
2447,1696,1713
2446,1696,1713
2445,1696,1713
2444,1696,1714
2443,1696,1714
2442,1697,1714
2441,1697,1714
2440,1697,1714
2439,1697,1714
2438,1697,1714
2437,1697,1714
2436,1697,1714
2435,1697,1715
2434,1697,1715
2433,1698,1715
2432,1698,1715
2431,1698,1715
2430,1698,1715
2429,1698,1715
2428,1698,1715
2427,1698,1716
2426,1698,1716
2425,1699,1716
2424,1699,1716
2423,1699,1716
2422,1699,1716
2421,1699,1716
2420,1699,1717
2419,1699,1717
2418,1699,1717
2417,1700,1717
2416,1700,1717
2415,1700,1717
2414,1700,1717
2413,1700,1718
2412,1700,1718
2411,1701,1718
2410,1701,1718
2409,1701,1718
2408,1701,1718
2407,1701,1719
2406,1701,1719
2405,1701,1719
2404,1702,1719
2403,1702,1719
2402,1702,1719
2401,1702,1720
2400,1702,1720
2399,1702,1720
2398,1703,1720
2397,1703,1720
2396,1703,1720
2395,1703,1721
2394,1703,1721
2393,1704,1721
2392,1704,1721
2391,1704,1721
2390,1704,1722
2389,1704,1722
2388,1704,1722
2387,1705,1722
2386,1705,1722
2385,1705,1723
2384,1705,1723
2383,1705,1723
2382,1706,1723
2381,1706,1723
2380,1706,1724
2379,1706,1724
2378,1706,1724
2377,1707,1724
2376,1707,1724
2375,1707,1725
2374,1707,1725
2373,1707,1725
2372,1708,1725
2371,1708,1726
2370,1708,1726
2369,1708,1726
2368,1709,1726
2367,1709,1727
2366,1709,1727
2365,1709,1727
2364,1709,1727
2363,1710,1727
2362,1710,1728
2361,1710,1728
2360,1710,1728
2359,1711,1728
2358,1711,1729
2357,1711,1729
2356,1711,1729
2355,1712,1729
2354,1712,1730
2353,1712,1730
2352,1712,1730
2351,1713,1730
2350,1713,1731
2349,1713,1731
2348,1713,1731
2347,1714,1732
2346,1714,1732
2345,1714,1732
2344,1714,1732
2343,1715,1733
2342,1715,1733
2341,1715,1733
2340,1715,1733
2339,1716,1734
2338,1716,1734
2337,1716,1734
2336,1716,1735
2335,1717,1735
2334,1717,1735
2333,1717,1735
2332,1718,1736
2331,1718,1736
2330,1718,1736
2329,1718,1737
2328,1719,1737
2327,1719,1737
2326,1719,1737
2325,1720,1738
2324,1720,1738
2323,1720,1738
2322,1721,1739
2321,1721,1739
2320,1721,1739
2319,1721,1740
2318,1722,1740
2317,1722,1740
2316,1722,1741
2315,1723,1741
2314,1723,1741
2313,1723,1742
2312,1724,1742
2311,1724,1742
2310,1724,1743
2309,1725,1743
2308,1725,1743
2307,1725,1744
2306,1726,1744
2305,1726,1744
2304,1726,1745
2303,1726,1745
2302,1727,1745
2301,1727,1746
2300,1727,1746
2299,1728,1746
2298,1728,1747
2297,1729,1747
2296,1729,1747
2295,1729,1748
2294,1730,1748
2293,1730,1749
2292,1730,1749
2291,1731,1749
2290,1731,1750
2289,1731,1750
2288,1732,1750
2287,1732,1751
2286,1732,1751
2285,1733,1751
2284,1733,1752
2283,1733,1752
2282,1734,1753
2281,1734,1753
2280,1735,1753
2279,1735,1754
2278,1735,1754
2277,1736,1755
2276,1736,1755
2275,1736,1755
2274,1737,1756
2273,1737,1756
2272,1738,1757
2271,1738,1757
2270,1738,1757
2269,1739,1758
2268,1739,1758
2267,1740,1759
2266,1740,1759
2265,1740,1759
2264,1741,1760
2263,1741,1760
2262,1742,1761
2261,1742,1761
2260,1742,1762
2259,1743,1762
2258,1743,1762
2257,1744,1763
2256,1744,1763
2255,1745,1764
2254,1745,1764
2253,1745,1765
2252,1746,1765
2251,1746,1766
2250,1747,1766
2249,1747,1766
2248,1748,1767
2247,1748,1767
2246,1748,1768
2245,1749,1768
2244,1749,1769
2243,1750,1769
2242,1750,1770
2241,1751,1770
2240,1751,1771
2239,1752,1771
2238,1752,1772
2237,1752,1772
2236,1753,1772
2235,1753,1773
2234,1754,1773
2233,1754,1774
2232,1755,1774
2231,1755,1775
2230,1756,1775
2229,1756,1776
2228,1757,1776
2227,1757,1777
2226,1758,1777
2225,1758,1778
2224,1759,1778
2223,1759,1779
2222,1759,1779
2221,1760,1780
2220,1760,1780
2219,1761,1781
2218,1761,1781
2217,1762,1782
2216,1762,1783
2215,1763,1783
2214,1763,1784
2083,1851,1876
2082,1851,1876
2081,1852,1877
2080,1853,1878
2079,1854,1879
2078,1855,1880
2077,1856,1881
2076,1857,1882
2075,1857,1883
2074,1858,1884
2073,1859,1885
2072,1860,1886
2071,1861,1887
2070,1862,1888
2069,1863,1889
2068,1864,1890
2067,1865,1891
2066,1866,1892
2065,1866,1893
2064,1867,1894
2063,1868,1895
2062,1869,1896
2061,1870,1897
2060,1871,1898
2059,1872,1899
2058,1873,1900
2057,1874,1901
2056,1875,1902
2055,1876,1903
2054,1877,1904
2053,1878,1905
2052,1879,1906
2051,1880,1907
2050,1881,1908
2049,1882,1909
2048,1883,1910
2047,1884,1911
2046,1885,1912
2045,1886,1913
2044,1887,1914
2043,1888,1915
2042,1889,1916
2041,1890,1918
2040,1891,1919
2039,1892,1920
2038,1893,1921
2037,1894,1922
2036,1895,1923
2035,1896,1924
2034,1897,1925
2033,1898,1926
2032,1899,1928
2031,1900,1929
2030,1901,1930
2029,1902,1931
2028,1903,1932
2027,1904,1933
2026,1905,1935
2025,1907,1936
2024,1908,1937
2023,1909,1938
2022,1910,1939
2021,1911,1941
2020,1912,1942
2019,1913,1943
2018,1914,1944
2017,1915,1945
2016,1917,1947
1985,1955,1988
1984,1956,1990
1983,1957,1991
1982,1959,1993
1981,1960,1994
1980,1961,1996
1979,1963,1997
1978,1964,1999
1977,1966,2000
1976,1967,2002
1975,1968,2004
1974,1970,2005
1973,1971,2007
1972,1973,2008
1971,1974,2010
1970,1975,2011
1957,1995,2033
1958,1993,2032
1959,1992,2030
1960,1990,2028
1961,1989,2026
1962,1987,2025
1963,1986,2023
1964,1984,2021
1965,1983,2020
1966,1981,2018
1967,1980,2016
1968,1978,2015
1969,1977,2013
1986,1953,1987
1987,1952,1985
1988,1951,1984
1989,1949,1983
1990,1948,1981
1991,1947,1980
1992,1946,1978
1993,1944,1977
1994,1943,1976
1995,1942,1974
1996,1940,1973
1997,1939,1971
1998,1938,1970
1999,1937,1969
2000,1936,1967
2001,1934,1966
2002,1933,1965
2003,1932,1963
2004,1931,1962
2005,1929,1961
2006,1928,1959
2007,1927,1958
2008,1926,1957
2009,1925,1955
2010,1924,1954
2011,1922,1953
2012,1921,1952
2013,1920,1950
2014,1919,1949
2015,1918,1948
2084,1850,1875
2085,1849,1874
2086,1848,1873
2087,1847,1872
2088,1846,1871
2089,1845,1870
2090,1845,1869
2091,1844,1868
2092,1843,1868
2093,1842,1867
2094,1841,1866
2095,1841,1865
2096,1840,1864
2097,1839,1863
2098,1838,1862
2099,1837,1862
2100,1836,1861
2101,1836,1860
2102,1835,1859
2103,1834,1858
2104,1833,1857
2105,1833,1856
2106,1832,1856
2107,1831,1855
2108,1830,1854
2109,1829,1853
2110,1829,1852
2111,1828,1852
2112,1827,1851
2113,1826,1850
2114,1826,1849
2115,1825,1848
2116,1824,1848
2117,1823,1847
2118,1823,1846
2119,1822,1845
2120,1821,1844
2121,1820,1844
2122,1820,1843
2123,1819,1842
2124,1818,1841
2125,1818,1841
2126,1817,1840
2127,1816,1839
2128,1815,1838
2129,1815,1838
2130,1814,1837
2131,1813,1836
2132,1813,1835
2133,1812,1835
2134,1811,1834
2135,1810,1833
2136,1810,1832
2137,1809,1832
2138,1808,1831
2139,1808,1830
2140,1807,1829
2141,1806,1829
2142,1806,1828
2143,1805,1827
2144,1804,1827
2145,1804,1826
2146,1803,1825
2147,1802,1824
2148,1802,1824
2149,1801,1823
2150,1800,1822
2151,1800,1822
2152,1799,1821
2153,1798,1820
2154,1798,1820
2155,1797,1819
2156,1796,1818
2157,1796,1818
2158,1795,1817
2159,1795,1816
2160,1794,1816
2161,1793,1815
2162,1793,1814
2163,1792,1814
2164,1791,1813
2165,1791,1812
2166,1790,1812
2167,1790,1811
2168,1789,1810
2169,1788,1810
2170,1788,1809
2171,1787,1808
2172,1787,1808
2173,1786,1807
2174,1785,1807
2175,1785,1806
2176,1784,1805
2177,1784,1805
2178,1783,1804
2179,1782,1804
2180,1782,1803
2181,1781,1802
2182,1781,1802
2183,1780,1801
2184,1780,1800
2185,1779,1800
2186,1778,1799
2187,1778,1799
2188,1777,1798
2189,1777,1798
2190,1776,1797
2191,1776,1796
2192,1775,1796
2193,1775,1795
2194,1774,1795
2195,1773,1794
2196,1773,1793
2197,1772,1793
2198,1772,1792
2199,1771,1792
2200,1771,1791
2201,1770,1791
2202,1770,1790
2203,1769,1790
2204,1769,1789
2205,1768,1788
2206,1768,1788
2207,1767,1787
2208,1767,1787
2209,1766,1786
2210,1765,1786
2211,1765,1785
2212,1764,1785
2213,1764,1784
2498,1693,1710
2499,1693,1710
2500,1693,1710
2501,1693,1710
2502,1693,1710
2503,1693,1710
2504,1693,1710
2504,2895,2897
2505,1693,1710
2505,2894,2898
2506,1693,1710
2506,2893,2899
2507,1693,1710
2507,2893,2899
2508,1693,1710
2508,2892,2900
2509,1693,1710
2509,2892,2900
2510,1693,1710
2510,2892,2900
2511,1693,1710
2511,2891,2901
2512,1693,1710
2512,2891,2901
2512,3241,3242
2513,1693,1710
2513,2891,2901
2513,3240,3243
2514,1693,1710
2514,2891,2901
2514,3239,3244
2515,1693,1710
2515,2891,2902
2515,3239,3244
2516,1693,1710
2516,2890,2902
2516,3239,3244
2517,1693,1710
2517,2890,2902
2517,3239,3244
2518,1693,1710
2518,2890,2902
2518,3239,3244
2519,1693,1710
2519,2890,2902
2519,3239,3244
2520,1693,1710
2520,2890,2902
2520,3239,3244
2521,1693,1710
2521,2890,2902
2521,3240,3243
2522,1693,1710
2522,2890,2902
2522,3241,3242
2523,1693,1710
2523,2890,2902
2524,1693,1710
2524,2890,2902
2525,1693,1710
2525,2890,2902
2526,1693,1710
2526,2890,2902
2527,1693,1710
2527,2890,2902
2528,1693,1710
2528,2890,2902
2529,1693,1710
2529,2890,2902
2530,1693,1710
2530,2890,2902
2531,1693,1710
2531,2891,2902
2532,1693,1710
2532,2891,2901
2533,1693,1710
2533,2891,2901
2534,1693,1711
2534,2891,2901
2535,1693,1711
2535,2891,2901
2536,1693,1711
2536,2892,2900
2537,1693,1711
2537,2892,2900
2538,1693,1711
2538,2893,2900
2539,1694,1711
2539,2893,2899
2540,1694,1711
2540,2894,2899
2541,1694,1711
2541,2894,2898
2542,1694,1711
2542,2895,2897
2543,1694,1711
2544,1694,1711
2545,1694,1711
2546,1694,1711
2547,1694,1711
2548,1694,1711
2549,1694,1711
2550,1694,1711
2551,1694,1711
2552,1694,1711
2553,1694,1712
2554,1694,1712
2555,1694,1712
2556,1694,1712
2557,1695,1712
2558,1695,1712
2559,1695,1712
2560,1695,1712
2561,1695,1712
2562,1695,1712
2563,1695,1712
2564,1695,1712
2565,1695,1712
2566,1695,1713
2567,1695,1713
2568,1695,1713
2569,1696,1713
2570,1696,1713
2571,1696,1713
2572,1696,1713
2573,1696,1713
2574,1696,1713
2575,1696,1713
2576,1696,1713
2577,1696,1714
2578,1696,1714
2579,1696,1714
2580,1697,1714
2581,1697,1714
2582,1697,1714
2583,1697,1714
2584,1697,1714
2585,1697,1714
2586,1697,1715
2587,1697,1715
2588,1697,1715
2589,1698,1715
2590,1698,1715
2591,1698,1715
2592,1698,1715
2593,1698,1715
2594,1698,1716
2595,1698,1716
2596,1698,1716
2597,1699,1716
2598,1699,1716
2599,1699,1716
2600,1699,1716
2601,1699,1717
2602,1699,1717
2603,1699,1717
2604,1700,1717
2605,1700,1717
2606,1700,1717
2607,1700,1717
2608,1700,1718
2609,1700,1718
2610,1700,1718
2611,1701,1718
2612,1701,1718
2613,1701,1718
2614,1701,1719
2615,1701,1719
2616,1701,1719
2617,1702,1719
2618,1702,1719
2619,1702,1719
2620,1702,1720
2621,1702,1720
2622,1702,1720
2623,1703,1720
2624,1703,1720
2625,1703,1720
2626,1703,1721
2627,1703,1721
2628,1703,1721
2629,1704,1721
2630,1704,1721
2631,1704,1722
2632,1704,1722
2633,1704,1722
2634,1705,1722
2635,1705,1722
2636,1705,1723
2637,1705,1723
2638,1705,1723
2639,1706,1723
2640,1706,1723
2641,1706,1724
2642,1706,1724
2643,1706,1724
2644,1707,1724
2645,1707,1724
2646,1707,1725
2647,1707,1725
2648,1707,1725
2649,1708,1725
2650,1708,1726
2651,1708,1726
2652,1708,1726
2653,1709,1726
2654,1709,1726
2655,1709,1727
2656,1709,1727
2657,1709,1727
2658,1710,1727
2659,1710,1728
2660,1710,1728
2661,1710,1728
2662,1711,1728
2663,1711,1729
2664,1711,1729
2665,1711,1729
2666,1712,1729
2667,1712,1730
2668,1712,1730
2669,1712,1730
2670,1713,1730
2671,1713,1731
2672,1713,1731
2673,1713,1731
2674,1714,1731
2675,1714,1732
2676,1714,1732
2677,1714,1732
2678,1715,1733
2679,1715,1733
2680,1715,1733
2681,1715,1733
2682,1716,1734
2683,1716,1734
2684,1716,1734
2685,1716,1734
2686,1717,1735
2687,1717,1735
2688,1717,1735
2689,1718,1736
2690,1718,1736
2691,1718,1736
2692,1718,1737
2693,1719,1737
2694,1719,1737
2695,1719,1737
2696,1720,1738
2697,1720,1738
2698,1720,1738
2699,1720,1739
2700,1721,1739
2701,1721,1739
2702,1721,1740
2703,1722,1740
2704,1722,1740
2705,1722,1741
2706,1723,1741
2707,1723,1741
2708,1723,1742
2709,1724,1742
2710,1724,1742
2711,1724,1742
2712,1725,1743
2713,1725,1743
2714,1725,1743
2715,1725,1744
2716,1726,1744
2717,1726,1745
2718,1726,1745
2719,1727,1745
2720,1727,1746
2721,1727,1746
2722,1728,1746
2723,1728,1747
2724,1729,1747
2725,1729,1747
2726,1729,1748
2727,1730,1748
2728,1730,1748
2729,1730,1749
2730,1731,1749
2731,1731,1749
2732,1731,1750
2733,1732,1750
2734,1732,1751
2735,1732,1751
2736,1733,1751
2737,1733,1752
2738,1733,1752
2739,1734,1753
2740,1734,1753
2741,1735,1753
2742,1735,1754
2743,1735,1754
2744,1736,1754
2745,1736,1755
2746,1737,1755
2747,1737,1756
2748,1737,1756
2749,1738,1756
2750,1738,1757
2751,1738,1757
2752,1739,1758
2753,1739,1758
2754,1740,1758
2755,1740,1759
2756,1740,1759
2757,1741,1760
2758,1741,1760
2759,1742,1761
2760,1742,1761
2761,1742,1761
2762,1743,1762
2763,1743,1762
2764,1744,1763
2765,1744,1763
2766,1745,1764
2767,1745,1764
2768,1745,1764
2769,1746,1765
2770,1746,1765
2771,1747,1766
2772,1747,1766
2773,1748,1767
2774,1748,1767
2775,1748,1768
2776,1749,1768
2777,1749,1769
2778,1750,1769
2779,1750,1769
2780,1751,1770
2781,1751,1770
2782,1752,1771
2783,1752,1771
2784,1752,1772
2785,1753,1772
2786,1753,1773
2787,1754,1773
2788,1754,1774
2789,1755,1774
2790,1755,1775
2791,1756,1775
2792,1756,1776
2793,1757,1776
2794,1757,1777
2795,1758,1777
2796,1758,1778
2797,1759,1778
2798,1759,1779
2799,1760,1779
2800,1760,1780
2801,1761,1780
2802,1761,1781
2803,1762,1781
2804,1762,1782
2805,1763,1782
2806,1763,1783
2807,1764,1783
2808,1764,1784
2809,1765,1784
2810,1765,1785
2811,1766,1785
2812,1766,1786
2813,1767,1787
2814,1767,1787
2815,1768,1788
2816,1768,1788
2817,1769,1789
2818,1769,1789
2819,1770,1790
2820,1770,1790
2821,1771,1791
2822,1771,1791
2823,1772,1792
2824,1772,1793
2825,1773,1793
2826,1774,1794
2827,1774,1794
2828,1775,1795
2829,1775,1795
2830,1776,1796
2831,1776,1797
2832,1777,1797
2833,1777,1798
2834,1778,1798
2835,1779,1799
2836,1779,1800
2837,1780,1800
2838,1780,1801
2839,1781,1801
2840,1781,1802
2841,1782,1803
2842,1783,1803
2843,1783,1804
2844,1784,1804
2845,1784,1805
2846,1785,1806
2847,1786,1806
2848,1786,1807
2849,1787,1807
2850,1787,1808
2851,1788,1809
2852,1789,1809
2853,1789,1810
2854,1790,1811
2855,1790,1811
2856,1791,1812
2857,1792,1813
2858,1792,1813
2859,1793,1814
2860,1794,1815
2861,1794,1815
2862,1795,1816
2863,1795,1817
2864,1796,1817
2865,1797,1818
2866,1797,1819
2867,1798,1819
2868,1799,1820
2869,1799,1821
2870,1800,1821
2871,1801,1822
2872,1801,1823
2873,1802,1823
2874,1803,1824
2875,1803,1825
2876,1804,1825
2877,1805,1826
2878,1805,1827
2879,1806,1827
2880,1807,1828
2881,1807,1829
2882,1808,1830
2883,1809,1830
2884,1809,1831
2885,1810,1832
2886,1811,1833
2887,1811,1833
2888,1812,1834
2889,1813,1835
2890,1814,1835
2891,1814,1836
2892,1815,1837
2893,1816,1838
2894,1816,1838
2895,1817,1839
2896,1818,1840
2897,1819,1841
2898,1819,1841
2899,1820,1842
2900,1821,1843
2901,1822,1844
2902,1822,1845
2903,1823,1845
2904,1824,1846
2905,1825,1847
2906,1825,1848
2907,1826,1848
2908,1827,1849
2909,1828,1850
2910,1828,1851
2911,1829,1852
2912,1830,1852
2913,1831,1853
2914,1831,1854
2915,1832,1855
2916,1833,1856
2917,1834,1857
2918,1835,1857
2919,1835,1858
2920,1836,1859
2921,1837,1860
2922,1838,1861
2923,1839,1862
2924,1839,1862
2925,1840,1863
2926,1841,1864
2927,1842,1865
2928,1843,1866
2929,1843,1867
2930,1844,1868
2931,1845,1869
2932,1846,1869
2933,1847,1870
2934,1848,1871
2935,1848,1872
2936,1849,1873
2937,1850,1874
2938,1851,1875
2939,1852,1876
2940,1853,1877
2941,1854,1877
2942,1855,1878
2943,1855,1879
2944,1856,1880
2945,1857,1881
2946,1858,1882
2947,1859,1883
2948,1860,1884
2949,1861,1885
2950,1862,1886
2951,1863,1887
2952,1863,1888
2953,1864,1889
2954,1865,1890
2955,1866,1891
2956,1867,1892
2957,1868,1893
2958,1869,1894
2959,1870,1895
2960,1871,1896
2961,1872,1897
2962,1873,1898
2963,1874,1899
2964,1875,1900
2965,1876,1901
2966,1877,1902
2967,1878,1903
2968,1878,1904
2969,1879,1905
2970,1880,1906
2971,1881,1907
2972,1882,1908
2973,1883,1909
2974,1884,1910
2975,1885,1911
2976,1886,1912
2977,1887,1913
2978,1888,1914
2979,1889,1915
2980,1890,1916
2981,1892,1917
2982,1893,1919
2983,1894,1920
2984,1895,1921
2985,1896,1922
2986,1897,1923
2987,1898,1924
2988,1899,1925
2989,1900,1926
2990,1901,1928
2991,1902,1929
2992,1903,1930
2993,1904,1931
2994,1905,1932
2995,1906,1933
2996,1907,1934
2997,1909,1936
2998,1910,1937
2999,1911,1938
3000,1912,1939
3001,1913,1940
3002,1914,1942
3003,1915,1943
3004,1916,1944
3005,1918,1945
3006,1919,1946
3007,1920,1948
3008,1921,1949
3009,1922,1950
3010,1923,1951
3011,1925,1953
3012,1926,1954
3013,1927,1955
3014,1928,1957
3015,1929,1958
3016,1931,1959
3017,1932,1960
3018,1933,1962
3019,1934,1963
3020,1935,1964
3021,1937,1966
3022,1938,1967
3023,1939,1968
3024,1940,1970
3025,1942,1971
3026,1943,1972
3027,1944,1974
3028,1946,1975
3029,1947,1977
3030,1948,1978
3031,1949,1979
3032,1951,1981
3033,1952,1982
3034,1953,1984
3035,1955,1985
3036,1956,1987
3037,1957,1988
3038,1959,1989
3039,1960,1991
3040,1962,1992
3041,1963,1994
3042,1964,1995
3043,1966,1997
3044,1967,1998
3045,1968,2000
3046,1970,2002
3047,1971,2003
3048,1973,2005
3049,1974,2006
3050,1976,2008
3051,1977,2009
3052,1979,2011
3053,1980,2013
3054,1981,2014
3055,1983,2016
3056,1984,2017
3057,1986,2019
3058,1987,2021
3059,1989,2022
3060,1991,2024
3061,1992,2026
3062,1994,2028
3063,1995,2029
3064,1997,2031
3065,1998,2033
