1878,2322,2383
1879,2306,2399
1880,2294,2411
1881,2284,2421
1882,2275,2430
1883,2267,2438
1884,2260,2445
1885,2254,2451
1886,2247,2457
1887,2242,2463
1888,2236,2469
1889,2231,2474
1890,2226,2479
1891,2221,2484
1892,2216,2489
1893,2212,2493
1894,2207,2497
1895,2203,2502
2039,1930,1945
2038,1931,1946
2037,1932,1948
2036,1933,1949
2035,1934,1950
2034,1935,1952
2033,1936,1953
2032,1937,1954
1921,2525,2584
1921,2120,2176
2462,2897,2904
1922,2529,2586
1922,2118,2173
2463,2897,2905
1923,2532,2588
1923,2115,2169
2464,2897,2905
1924,2535,2591
1924,2113,2166
2465,2896,2905
1925,2539,2593
1925,2110,2163
2466,2896,2906
1958,2624,2659
1958,2042,2077
1945,2595,2636
1945,2066,2107
2486,2895,2906
1972,2653,2682
1972,2018,2049
1944,2592,2634
1944,2068,2109
2485,2895,2906
1971,2651,2680
1971,2020,2051
1970,2649,2679
1970,2021,2053
1946,2597,2638
1946,2064,2104
2487,2895,2906
1973,2655,2683
1973,2017,2047
2040,1929,1944
3122,2086,2091
1947,2599,2640
1947,2062,2102
2488,2895,2906
1974,2657,2685
1974,2015,2045
2041,1927,1942
3123,2087,2095
1948,2602,2642
1948,2060,2099
2489,2895,2906
1975,2659,2686
1975,2013,2043
2042,1926,1941
3124,2088,2098
1949,2604,2643
1949,2059,2097
2490,2895,2905
1976,2661,2687
1976,2012,2041
2043,1925,1940
3125,2089,2101
1950,2607,2645
1950,2057,2095
2491,2896,2905
1977,2663,2689
1977,2010,2039
2044,1924,1939
3126,2091,2105
1951,2609,2647
1951,2055,2092
2492,2896,2905
1978,2664,2690
1978,2009,2038
2045,1923,1937
3127,2092,2108
1952,2611,2649
1952,2053,2090
2493,2896,2905
1979,2666,2692
1979,2007,2036
2046,1922,1936
3128,2094,2111
1953,2613,2651
1953,2051,2088
2494,2897,2904
1980,2668,2693
1980,2006,2034
2047,1921,1935
3129,2095,2114
1954,2616,2652
1954,2049,2086
2495,2897,2904
1981,2670,2695
1981,2004,2032
2048,1920,1934
3130,2097,2117
1955,2618,2654
1955,2047,2083
2496,2897,2903
1982,2672,2696
1982,2003,2030
2049,1919,1932
3131,2099,2120
2080,1890,1896
3162,2172,2252
2081,1889,1895
3163,2175,2259
2082,1889,1894
3164,2178,2267
3164,2470,2492
2083,1888,1892
3165,2181,2275
3165,2457,2492
2084,1887,1891
3166,2185,2285
3166,2445,2492
2085,1886,1890
3167,2188,2296
3167,2433,2490
2086,1886,1889
3168,2191,2309
3168,2418,2489
2087,1885,1888
3169,2195,2326
3169,2399,2487
2088,1884,1886
3170,2198,2484
2089,1884,1885
3171,2202,2482
3172,2206,2479
3173,2210,2476
3174,2214,2473
3175,2218,2470
3176,2222,2466
3177,2227,2463
3179,2236,2455
3180,2241,2450
3181,2246,2445
1896,2199,2506
3182,2252,2440
1897,2367,2510
1897,2195,2335
3183,2258,2435
1898,2390,2513
1898,2191,2312
3184,2264,2429
1899,2404,2517
1899,2187,2298
3185,2271,2423
1900,2415,2521
1900,2184,2287
3186,2278,2416
1901,2424,2524
1901,2180,2278
3187,2287,2408
1902,2432,2528
1902,2176,2269
3188,2297,2399
1903,2440,2531
1903,2173,2262
3189,2309,2387
1904,2447,2535
1904,2170,2255
2461,2898,2904
1920,2522,2581
1920,2123,2180
3190,2326,2370
1905,2453,2538
1905,2166,2249
3178,2231,2459
2079,1891,1897
3161,2169,2245
2078,1892,1898
3160,2166,2239
2077,1893,1899
3159,2163,2233
2076,1894,1901
3158,2160,2227
2075,1894,1902
3157,2158,2222
2074,1895,1903
3156,2155,2217
2073,1896,1904
3155,2152,2212
2072,1897,1905
3154,2149,2207
2071,1898,1906
3153,2147,2202
2070,1899,1907
3152,2144,2198
2069,1900,1909
3151,2142,2193
2068,1901,1910
3150,2139,2189
2067,1902,1911
3149,2137,2185
2066,1902,1912
3148,2134,2180
2065,1903,1913
3147,2132,2176
2064,1904,1914
3146,2130,2172
1969,2647,2677
1969,2023,2054
2510,3243,3244
1996,2697,2713
1996,1982,2007
2063,1905,1916
3145,2127,2169
1968,2645,2676
1968,2025,2056
2509,3241,3245
1995,2695,2712
1995,1984,2008
2062,1906,1917
3144,2125,2165
1967,2643,2674
1967,2026,2058
2508,3241,3245
1994,2693,2711
1994,1985,2010
2061,1907,1918
3143,2123,2161
1966,2641,2672
1966,2028,2060
2507,3240,3246
1993,2692,2710
1993,1987,2012
2060,1908,1919
3142,2121,2157
1965,2639,2671
1965,2030,2062
2506,3240,3246
1992,2690,2709
1992,1988,2013
2059,1909,1920
3141,2119,2154
1964,2637,2669
1964,2031,2064
2505,3240,3246
1991,2688,2707
1991,1989,2015
2058,1910,1922
3140,2117,2150
1963,2635,2668
1963,2033,2066
2504,3240,3246
1990,2686,2706
1990,1991,2017
2057,1911,1923
3139,2114,2147
1962,2633,2666
1962,2035,2068
2503,3240,3246
1989,2684,2705
1989,1992,2018
2056,1912,1924
3138,2112,2143
1961,2631,2664
1961,2037,2071
2502,3240,3245
1988,2683,2704
1988,1994,2020
2055,1913,1925
3137,2110,2140
1960,2629,2663
1960,2038,2073
2501,3241,3245
1987,2681,2702
1987,1995,2022
2054,1914,1926
3136,2108,2137
1959,2627,2661
1959,2040,2075
2500,3242,3244
1986,2679,2701
1986,1997,2023
2053,1915,1928
3135,2106,2133
2052,1916,1929
3134,2105,2130
1957,2622,2658
1957,2044,2079
2498,2899,2902
1984,2676,2699
1984,2000,2027
2051,1917,1930
3133,2103,2127
1956,2620,2656
1956,2045,2081
2497,2898,2903
1983,2674,2697
1983,2001,2029
2050,1918,1931
3132,2101,2124
2467,2896,2906
1926,2542,2596
1926,2108,2159
2468,2895,2906
1927,2545,2598
1927,2105,2156
2469,2895,2906
1928,2548,2600
1928,2103,2153
2470,2895,2906
1929,2551,2603
1929,2101,2150
2471,2895,2906
1930,2554,2605
1930,2098,2147
2472,2895,2907
1931,2557,2607
1931,2096,2144
2473,2895,2907
1932,2560,2609
1932,2094,2141
2474,2895,2907
1933,2563,2612
1933,2092,2138
2475,2895,2907
1934,2566,2614
1934,2089,2135
2476,2894,2907
1935,2569,2616
1935,2087,2133
2477,2894,2907
1936,2571,2618
1936,2085,2130
2478,2894,2907
1937,2574,2620
1937,2083,2127
2479,2894,2907
1938,2577,2622
1938,2081,2124
2480,2894,2907
1939,2579,2624
1939,2079,2122
2481,2894,2907
1940,2582,2626
1940,2076,2119
2482,2894,2907
1941,2585,2628
1941,2074,2117
2483,2894,2907
1942,2587,2630
1942,2072,2114
2484,2895,2906
1943,2590,2632
1943,2070,2112
1985,2677,2700
1985,1998,2025
1997,2699,2715
1997,1981,2005
1998,2700,2716
1998,1980,2004
1999,2702,2717
1999,1978,2002
2000,2704,2718
2000,1977,2000
2001,2706,2719
2001,1976,1999
2002,2707,2720
2002,1974,1997
2003,2709,2721
2003,1973,1996
2004,2711,2722
2004,1972,1994
2005,2713,2723
2005,1970,1993
2006,2715,2724
2006,1969,1991
2007,2717,2724
2007,1968,1990
2008,2719,2725
2008,1966,1988
2009,2721,2726
2009,1965,1987
2010,2723,2726
2010,1964,1985
2460,2898,2903
1919,2518,2578
1919,2125,2184
2459,2899,2903
1918,2514,2576
1918,2128,2187
2458,2900,2901
1917,2510,2573
1917,2131,2191
1916,2506,2570
1916,2133,2195
1915,2502,2568
1915,2136,2199
1914,2498,2565
1914,2139,2203
1913,2494,2562
1913,2142,2208
1912,2490,2559
1912,2145,2212
1911,2485,2556
1911,2148,2217
1910,2480,2554
1910,2151,2221
1909,2475,2551
1909,2154,2226
1908,2470,2547
1908,2157,2232
1907,2465,2544
1907,2160,2237
1906,2459,2541
1906,2163,2243
2011,1962,1984
2012,1961,1982
2013,1960,1981
2014,1959,1979
2015,1957,1978
2016,1956,1976
2017,1955,1975
2018,1954,1973
2019,1953,1972
2020,1951,1971
2021,1950,1969
2022,1949,1968
2023,1948,1966
2024,1947,1965
2025,1945,1964
2026,1944,1962
2027,1943,1961
2028,1942,1960
2029,1941,1958
2030,1940,1957
2031,1938,1956
