2914,2744,2745
2915,2742,2745
2916,2741,2745
2917,2739,2744
2918,2738,2743
2919,2736,2743
2920,2735,2742
2921,2733,2741
2922,2732,2741
2923,2731,2740
2924,2729,2739
2925,2728,2738
2926,2727,2737
2927,2725,2736
2928,2724,2736
2929,2723,2735
2930,2721,2734
2931,2720,2733
2932,2718,2732
2933,2717,2731
2934,2716,2730
2935,2714,2729
2936,2713,2728
2937,2712,2727
2938,2710,2726
2939,2709,2725
2940,2708,2724
2941,2706,2723
2942,2705,2722
2943,2703,2721
2944,2702,2720
2945,2701,2719
2946,2699,2718
2947,2698,2717
2948,2696,2716
2949,2695,2715
2950,2694,2714
2951,2692,2713
2952,2691,2712
2953,2689,2711
2954,2688,2710
2955,2686,2709
2956,2685,2708
2957,2683,2706
2958,2682,2705
2959,2680,2704
2960,2679,2703
2961,2677,2702
2962,2676,2701
2963,2674,2700
2964,2673,2698
2965,2671,2697
2966,2670,2696
2967,2668,2695
2968,2667,2694
2969,2665,2692
2970,2664,2691
2971,2662,2690
2972,2661,2689
2973,2659,2687
2974,2657,2686
2975,2656,2685
2976,2654,2683
2977,2653,2682
2978,2651,2681
2979,2649,2679
2980,2648,2678
1789,2163,2202
2551,3222,3225
1790,2158,2203
1791,2153,2203
1792,2148,2202
1793,2144,2202
1794,2140,2200
1795,2137,2199
1796,2133,2197
1797,2130,2196
1798,2127,2194
1799,2124,2191
1800,2121,2189
1801,2118,2187
1802,2115,2184
1803,2112,2182
1804,2110,2179
1805,2107,2177
1806,2105,2174
1807,2102,2171
1808,2100,2168
1809,2097,2165
1835,2056,2083
1834,2057,2087
1833,2058,2090
1832,2059,2093
1831,2060,2097
1814,2087,2151
1813,2089,2154
1812,2091,2157
1811,2093,2160
1836,2056,2079
2544,3225,3225
1819,2077,2135
1837,2055,2075
2545,3223,3226
1820,2076,2132
1838,2055,2071
2981,2646,2677
2546,3222,3227
1821,2074,2129
1839,2057,2065
2982,2644,2675
2547,3222,3227
1822,2072,2126
1810,2095,2162
1826,2066,2113
2550,3222,3226
1788,2169,2201
1825,2068,2116
2549,3222,3226
1787,2178,2197
1824,2069,2120
2548,3222,3227
1823,2071,2123
1815,2085,2148
1816,2083,2144
1817,2081,2141
1818,2079,2138
1827,2065,2110
1828,2063,2107
1829,2062,2103
1830,2061,2100
3003,2608,2644
3004,2606,2642
3005,2604,2641
3006,2602,2639
3007,2600,2637
3008,2598,2636
3009,2597,2634
3010,2595,2632
3011,2593,2630
3012,2591,2628
3013,2589,2627
3014,2587,2625
3015,2585,2623
3016,2583,2621
3017,2581,2619
3018,2579,2617
3019,2577,2615
3020,2576,2613
3021,2574,2611
3022,2572,2609
3023,2570,2607
3024,2568,2605
3025,2566,2603
3026,2564,2601
3027,2562,2599
3028,2560,2596
3029,2558,2594
3030,2556,2592
3031,2554,2589
3032,2552,2587
3033,2550,2585
3034,2549,2582
3035,2547,2579
3036,2545,2577
3037,2543,2574
3038,2542,2571
3039,2540,2568
3040,2538,2566
3041,2537,2562
3042,2535,2559
3043,2534,2556
3044,2533,2552
3045,2532,2548
3046,2532,2543
3002,2610,2646
3001,2611,2647
3000,2613,2649
2999,2615,2650
2998,2617,2652
2997,2619,2654
2996,2620,2655
2995,2622,2657
2994,2624,2658
2993,2626,2660
2992,2627,2661
2991,2629,2663
2990,2631,2664
2989,2633,2666
2988,2634,2667
2987,2636,2668
2986,2638,2670
2985,2639,2671
2984,2641,2673
2983,2643,2674
