1940,2274,2306
1941,2263,2311
1942,2255,2314
1943,2248,2314
1944,2242,2314
1945,2236,2312
1946,2231,2310
1947,2226,2307
1948,2222,2304
1981,2143,2155
1952,2206,2288
3222,2483,2536
1953,2202,2283
3223,2475,2536
1954,2199,2278
3224,2468,2535
1955,2196,2274
3225,2461,2535
1956,2192,2269
3226,2454,2533
1980,2143,2160
3250,2419,2437
1973,2152,2192
3243,2388,2489
1974,2150,2188
3244,2388,2485
1975,2148,2183
3245,2390,2480
1976,2147,2179
3246,2392,2475
1977,2146,2175
3247,2395,2469
1978,2145,2170
3248,2400,2461
1979,2144,2165
3249,2406,2452
1951,2210,2292
3221,2491,2536
1950,2213,2296
3220,2499,2535
1949,2218,2300
3219,2510,2532
3227,2447,2532
1957,2189,2264
3228,2440,2531
1958,2186,2259
3229,2434,2529
2467,3235,3235
1959,2184,2255
3230,2428,2527
2468,3233,3237
1960,2181,2250
3231,2422,2525
2469,3233,3238
1961,2178,2245
3232,2416,2523
2470,3233,3239
1962,2175,2241
3233,2411,2521
2471,3233,3239
1963,2173,2236
3234,2407,2519
2472,3233,3239
1964,2170,2231
3235,2402,2516
2473,3233,3240
1965,2168,2227
3236,2399,2513
2474,3233,3240
1966,2166,2223
3237,2395,2511
2475,3234,3240
1967,2164,2218
3238,2393,2508
2476,3235,3239
1968,2161,2214
3239,2390,2504
2477,3236,3239
1969,2159,2209
3240,2389,2501
1970,2157,2205
3241,2388,2497
1971,2155,2201
3242,2387,2494
1972,2153,2196
