2569,2890,2891
2570,2889,2892
2571,2888,2893
2572,2887,2894
2573,2887,2894
2574,2886,2895
2575,2886,2895
2576,2886,2895
2577,2886,2895
2578,2885,2896
2579,2885,2896
2580,2885,2896
2581,2885,2896
2582,2885,2896
2583,2884,2897
2584,2884,2897
2585,2884,2897
2586,2884,2897
2587,2884,2897
2588,2884,2897
2589,2884,2897
2590,2884,2897
2591,2884,2897
2592,2884,2897
1926,1992,2011
1925,1994,2013
1924,1995,2015
1923,1996,2017
1922,1997,2019
1921,1998,2022
1920,2000,2024
1919,2001,2026
1918,2002,2028
1917,2004,2030
1916,2005,2032
1915,2006,2034
1914,2008,2036
1913,2009,2039
1912,2010,2041
1911,2012,2043
1910,2013,2045
1909,2015,2047
1908,2016,2049
1907,2018,2052
1906,2019,2054
1905,2021,2056
1904,2022,2058
1903,2024,2061
1902,2026,2063
1901,2027,2065
2536,3234,3237
1900,2029,2068
2535,3234,3238
1899,2030,2070
2534,3233,3238
1898,2032,2072
2533,3233,3239
1897,2034,2075
2532,3233,3239
1880,2065,2118
1879,2067,2120
1878,2069,2123
1877,2071,2126
1876,2073,2129
1875,2075,2132
1874,2077,2134
1873,2080,2137
1872,2082,2140
1871,2084,2143
1870,2086,2146
1869,2089,2149
1868,2091,2152
1881,2063,2115
1882,2061,2112
1883,2059,2110
1884,2057,2107
1885,2055,2104
1886,2053,2102
1887,2051,2099
1888,2050,2097
1889,2048,2094
1890,2046,2092
1891,2044,2089
1892,2042,2087
1893,2041,2084
2528,3235,3237
1894,2039,2082
2529,3234,3238
1895,2037,2079
2530,3234,3239
1896,2035,2077
2531,3234,3239
1927,1991,2009
1928,1990,2007
1929,1989,2005
1930,1988,2002
1931,1987,2000
1932,1986,1998
1933,1985,1996
1934,1985,1993
1935,1984,1991
1936,1984,1988
1867,2093,2156
1866,2096,2159
1865,2098,2162
1864,2101,2165
1863,2103,2168
1862,2106,2172
1861,2108,2175
1860,2111,2178
1859,2114,2182
1858,2116,2185
1857,2119,2189
1856,2122,2192
1855,2125,2196
1854,2128,2199
1853,2131,2203
1852,2134,2206
1851,2137,2210
2621,2890,2891
1850,2140,2214
2620,2889,2892
1849,2144,2217
2619,2888,2893
1848,2147,2221
2618,2888,2893
1847,2151,2225
2617,2887,2894
1846,2154,2228
2616,2887,2894
1845,2158,2232
2615,2887,2894
1844,2162,2235
2614,2886,2895
1843,2166,2239
2613,2886,2895
1842,2170,2242
2612,2886,2895
1841,2174,2245
2603,2884,2897
2611,2886,2896
1840,2179,2248
2602,2884,2897
2610,2885,2896
1839,2183,2251
2601,2884,2897
2609,2885,2896
1838,2189,2253
2600,2884,2897
2608,2885,2896
1837,2194,2255
2599,2884,2897
2607,2885,2896
1836,2200,2256
2598,2884,2897
2606,2885,2896
1835,2207,2257
2597,2884,2897
2605,2885,2897
1834,2214,2256
2596,2884,2897
2604,2884,2897
1833,2224,2253
2595,2884,2897
2593,2884,2897
2594,2884,2897
