2537,3230,3232
2538,3229,3233
2539,3229,3233
2540,3228,3233
2545,3230,3231
2544,3229,3232
2543,3228,3233
2542,3228,3233
2541,3228,3233
2630,2884,2886
2631,2883,2887
2632,2882,2887
2633,2882,2888
2634,2881,2888
2635,2881,2889
2636,2881,2889
2637,2880,2889
2638,2880,2889
2639,2880,2890
2640,2879,2890
2641,2879,2890
2642,2879,2890
2643,2879,2890
2644,2878,2890
2645,2878,2890
2646,2878,2890
2647,2878,2891
2648,2878,2891
2649,2877,2891
2650,2877,2891
2651,2877,2891
2652,2877,2891
2653,2877,2891
2654,2877,2891
2655,2876,2891
2656,2876,2891
2657,2876,2891
2658,2876,2891
2659,2876,2891
2660,2876,2891
2661,2876,2891
2662,2875,2891
2663,2875,2891
2664,2875,2891
2665,2875,2891
2666,2875,2891
2667,2875,2891
2668,2875,2891
2669,2875,2891
2670,2874,2891
2671,2874,2891
2672,2874,2891
2673,2874,2891
2674,2874,2890
2675,2874,2890
2676,2874,2890
2677,2874,2890
3059,2560,2567
3058,2561,2571
3057,2562,2575
3056,2563,2578
3055,2565,2581
3054,2566,2584
3053,2568,2587
3052,2570,2590
3051,2571,2592
3050,2573,2595
3049,2575,2598
3048,2577,2600
3047,2578,2602
3046,2580,2605
3045,2582,2607
3044,2584,2610
3043,2586,2612
3042,2588,2614
3041,2589,2616
3040,2591,2618
3039,2593,2621
3038,2595,2623
3037,2597,2625
3036,2598,2627
3035,2600,2629
3034,2602,2631
3033,2604,2633
3032,2606,2635
3031,2607,2637
3030,2609,2639
3029,2611,2640
3028,2613,2642
3027,2614,2644
3026,2616,2646
3025,2618,2648
3024,2619,2650
3023,2621,2651
3022,2623,2653
3021,2625,2655
3020,2626,2657
3019,2628,2658
3018,2630,2660
3017,2631,2662
3016,2633,2663
3015,2635,2665
3014,2636,2667
3013,2638,2668
3012,2639,2670
3011,2641,2672
3010,2643,2673
3009,2644,2675
3008,2646,2676
3007,2647,2678
3006,2649,2679
3005,2650,2681
3004,2652,2682
3003,2653,2684
3002,2655,2685
3001,2657,2687
3000,2658,2688
2999,2660,2690
2998,2661,2691
2997,2662,2693
2996,2664,2694
2995,2665,2696
2994,2667,2697
2993,2668,2698
2992,2670,2700
2991,2671,2701
2990,2673,2703
2989,2674,2704
2988,2675,2705
2987,2677,2707
2986,2678,2708
2985,2680,2709
2984,2681,2711
2983,2682,2712
2982,2684,2713
2981,2685,2715
2980,2686,2716
2979,2688,2717
2978,2689,2718
2977,2690,2720
2976,2692,2721
2975,2693,2722
2974,2694,2723
2973,2696,2725
2972,2697,2726
2971,2698,2727
2970,2699,2728
2969,2701,2730
2968,2702,2731
2967,2703,2732
2966,2704,2733
2965,2706,2734
2964,2707,2735
2963,2708,2737
2962,2709,2738
1879,2034,2040
2961,2711,2739
1878,2034,2044
2960,2712,2740
1877,2034,2048
2959,2713,2741
1876,2034,2051
2958,2714,2742
1875,2035,2055
2957,2715,2743
1874,2036,2058
2956,2717,2745
1873,2037,2061
2955,2718,2746
1872,2038,2064
2954,2719,2747
1871,2039,2067
2953,2720,2748
1870,2040,2069
2952,2721,2749
1869,2042,2072
2951,2722,2750
1868,2043,2075
2950,2724,2751
1867,2044,2078
2949,2725,2752
1866,2046,2081
2948,2726,2753
1865,2047,2084
2947,2727,2754
1864,2048,2087
2946,2728,2755
1863,2050,2089
2945,2729,2757
1862,2051,2092
2944,2730,2758
1861,2053,2095
2943,2731,2759
1860,2055,2098
2942,2732,2760
1859,2056,2101
2941,2734,2761
1858,2058,2104
2940,2735,2762
1857,2059,2107
2939,2736,2763
1856,2061,2110
2938,2737,2764
1855,2063,2112
2937,2738,2765
1854,2065,2115
2936,2739,2766
1853,2066,2118
2935,2740,2767
2804,2839,2858
2803,2839,2859
2802,2840,2859
2801,2840,2860
2800,2841,2860
2799,2841,2860
2798,2841,2861
2797,2842,2861
2796,2842,2862
2795,2843,2862
2794,2843,2863
2793,2844,2863
2792,2844,2863
2791,2845,2864
2790,2845,2864
2789,2846,2865
2788,2846,2865
2787,2846,2865
2786,2847,2866
2785,2847,2866
2784,2848,2866
2783,2848,2867
2782,2849,2867
2781,2849,2867
2780,2849,2868
2779,2850,2868
2778,2850,2869
2777,2851,2869
2776,2851,2869
2775,2851,2870
2774,2852,2870
2773,2852,2870
2772,2853,2871
2771,2853,2871
2770,2853,2871
2769,2854,2872
2768,2854,2872
2767,2854,2872
2766,2855,2873
2765,2855,2873
2764,2855,2873
2763,2856,2873
2762,2856,2874
2761,2856,2874
2760,2857,2874
2759,2857,2875
2758,2857,2875
2757,2858,2875
2756,2858,2876
2755,2858,2876
2754,2859,2876
2753,2859,2876
2752,2859,2877
2751,2860,2877
2750,2860,2877
2749,2860,2877
2748,2860,2878
2747,2861,2878
2746,2861,2878
2745,2861,2878
2744,2862,2879
2743,2862,2879
2742,2862,2879
2741,2862,2879
2740,2863,2880
2739,2863,2880
2738,2863,2880
2737,2863,2880
2706,2870,2887
2705,2870,2887
2704,2870,2887
2703,2870,2887
2702,2870,2887
2701,2870,2887
2700,2871,2888
2699,2871,2888
2698,2871,2888
2697,2871,2888
2696,2871,2888
2695,2871,2888
2694,2871,2888
2693,2872,2889
2692,2872,2889
2691,2872,2889
2678,2873,2890
2679,2873,2890
2680,2873,2890
2681,2873,2890
2682,2873,2890
2683,2873,2890
2684,2873,2890
2685,2873,2889
2686,2872,2889
2687,2872,2889
2688,2872,2889
2689,2872,2889
2690,2872,2889
2707,2870,2886
2708,2869,2886
2709,2869,2886
2710,2869,2886
2711,2869,2886
2712,2869,2886
2713,2869,2885
2714,2868,2885
2715,2868,2885
2716,2868,2885
2717,2868,2885
2718,2868,2885
2719,2867,2884
2720,2867,2884
2721,2867,2884
2722,2867,2884
2723,2867,2884
2724,2866,2883
2725,2866,2883
2726,2866,2883
2727,2866,2883
2728,2866,2882
2729,2865,2882
2730,2865,2882
2731,2865,2882
2732,2865,2882
2733,2864,2881
2734,2864,2881
2735,2864,2881
2736,2864,2881
2805,2838,2858
2806,2838,2857
2807,2837,2857
2808,2837,2857
2809,2836,2856
2810,2836,2856
2811,2835,2855
2812,2835,2855
2813,2834,2854
2814,2833,2854
2815,2833,2853
2816,2832,2853
2817,2832,2852
2818,2831,2852
2819,2831,2851
2820,2830,2851
2821,2830,2850
2822,2829,2850
2823,2829,2849
2824,2828,2849
2825,2827,2848
2826,2827,2848
2827,2826,2847
2828,2826,2847
2829,2825,2846
2830,2824,2846
2831,2824,2845
2832,2823,2845
2833,2823,2844
2834,2822,2844
2835,2822,2843
2836,2821,2842
2837,2820,2842
2838,2820,2841
2839,2819,2841
2840,2818,2840
2841,2818,2840
2842,2817,2839
2843,2817,2838
2844,2816,2838
2845,2815,2837
2846,2815,2837
2847,2814,2836
2848,2813,2835
2849,2813,2835
2850,2812,2834
2851,2811,2834
2852,2811,2833
2853,2810,2832
2854,2809,2832
2855,2809,2831
2856,2808,2830
2857,2807,2830
2858,2807,2829
2859,2806,2829
2860,2805,2828
2861,2804,2827
2862,2804,2827
2863,2803,2826
2864,2802,2825
2865,2802,2825
2866,2801,2824
2867,2800,2823
2868,2799,2823
2869,2799,2822
2870,2798,2821
2871,2797,2820
2872,2796,2820
2873,2796,2819
2874,2795,2818
2875,2794,2818
2876,2793,2817
2877,2793,2816
2878,2792,2816
2879,2791,2815
2880,2790,2814
2881,2789,2813
2882,2789,2813
2883,2788,2812
2884,2787,2811
2885,2786,2810
2886,2785,2810
2887,2785,2809
2888,2784,2808
2889,2783,2807
2890,2782,2806
2891,2781,2806
2892,2780,2805
1811,2205,2214
2893,2780,2804
1812,2193,2221
2894,2779,2803
1813,2185,2223
2895,2778,2803
1814,2179,2224
2896,2777,2802
1815,2173,2224
2897,2776,2801
1816,2168,2223
2898,2775,2800
1817,2163,2222
2899,2774,2799
1818,2159,2220
2900,2774,2798
1819,2155,2218
2901,2773,2798
1820,2151,2216
2902,2772,2797
1821,2147,2214
2903,2771,2796
1822,2143,2212
2904,2770,2795
1823,2140,2209
2905,2769,2794
1824,2136,2206
2906,2768,2793
1825,2133,2204
2907,2767,2793
1826,2130,2201
2908,2766,2792
1827,2127,2198
2909,2766,2791
1828,2124,2195
2910,2765,2790
1829,2121,2192
2911,2764,2789
1830,2118,2189
2912,2763,2788
1831,2115,2186
2913,2762,2787
1832,2113,2183
2914,2761,2786
1833,2110,2180
2915,2760,2786
1834,2107,2176
2916,2759,2785
1835,2105,2173
2917,2758,2784
1836,2102,2170
2918,2757,2783
1837,2100,2167
2919,2756,2782
1838,2098,2164
2920,2755,2781
1839,2095,2161
2921,2754,2780
1840,2093,2158
2922,2753,2779
1841,2091,2155
2923,2752,2778
1842,2089,2151
2924,2751,2777
1843,2086,2148
2925,2750,2776
1844,2084,2145
2926,2749,2775
1845,2082,2142
2927,2748,2775
1846,2080,2139
2928,2747,2774
1847,2078,2136
2929,2746,2773
1848,2076,2133
2930,2745,2772
1849,2074,2130
2931,2744,2771
1850,2072,2127
2932,2743,2770
1851,2070,2124
2933,2742,2769
1852,2068,2121
2934,2741,2768
