2545,2891,2894
2546,2890,2895
2547,2889,2895
2548,2889,2896
2549,2889,2896
2550,2888,2897
2551,2888,2897
2552,2888,2897
2553,2887,2898
2554,2887,2898
2555,2887,2898
2556,2887,2898
2557,2887,2898
2558,2887,2898
2559,2887,2899
2560,2886,2899
2561,2886,2899
2562,2886,2899
2563,2886,2899
2564,2886,2899
2588,2893,2893
2587,2891,2894
2586,2890,2895
2585,2890,2896
2584,2889,2896
2583,2889,2897
2582,2889,2897
2581,2888,2897
2580,2888,2897
2579,2888,2898
2578,2888,2898
2577,2887,2898
2576,2887,2898
2575,2887,2898
2574,2887,2898
2573,2887,2899
2572,2887,2899
2571,2887,2899
2570,2886,2899
2569,2886,2899
2568,2886,2899
2567,2886,2899
2566,2886,2899
2565,2886,2899
2523,3237,3240
2524,3236,3241
2525,3236,3241
2526,3236,3241
2527,3236,3241
2532,3238,3238
2531,3237,3240
2530,3236,3240
2529,3236,3241
2528,3236,3241
1842,2257,2274
1843,2242,2282
1844,2232,2285
1845,2224,2285
1846,2217,2284
1847,2210,2282
1848,2205,2280
1849,2199,2277
1850,2194,2273
1851,2189,2269
1852,2184,2265
1853,2180,2260
1854,2176,2256
1855,2172,2252
1856,2168,2247
1857,2164,2243
1858,2160,2238
1859,2156,2234
1860,2153,2230
1861,2149,2225
1862,2146,2221
1863,2143,2217
1864,2140,2213
1865,2136,2209
1866,2133,2205
1867,2130,2201
1944,1981,2010
1943,1982,2012
1942,1983,2013
1941,1985,2015
1940,1986,2017
1939,1987,2019
1938,1989,2021
1937,1990,2023
1936,1992,2024
1935,1993,2026
1934,1995,2028
1933,1996,2030
1932,1998,2032
1931,1999,2034
1930,2001,2036
1929,2002,2038
1928,2004,2040
1927,2005,2042
1926,2007,2044
1925,2008,2046
1924,2010,2048
1923,2012,2050
1922,2013,2052
1921,2015,2054
1920,2016,2056
1919,2018,2058
1918,2020,2060
1917,2021,2062
1916,2023,2064
1915,2025,2066
1898,2056,2106
1897,2058,2109
1896,2060,2111
1895,2062,2114
1894,2064,2116
1893,2066,2119
1892,2068,2122
1891,2070,2124
1890,2073,2127
1889,2075,2130
1888,2077,2133
1887,2079,2136
1886,2081,2138
1899,2054,2104
1900,2052,2101
1901,2050,2099
1902,2048,2096
1903,2046,2094
1904,2044,2091
1905,2043,2089
1906,2041,2087
1907,2039,2084
1908,2037,2082
1909,2035,2080
1910,2033,2077
1911,2032,2075
1912,2030,2073
1913,2028,2071
1914,2026,2069
1945,1979,2008
1946,1978,2006
1947,1976,2005
1948,1975,2003
1949,1974,2001
1950,1972,1999
1951,1971,1998
1952,1970,1996
1953,1969,1994
1954,1967,1993
1955,1966,1991
1956,1965,1989
1957,1964,1988
1958,1962,1986
1959,1961,1984
1960,1960,1983
1961,1959,1981
1962,1957,1979
1963,1956,1978
1964,1955,1976
1965,1954,1975
1966,1953,1973
1967,1952,1971
1968,1950,1970
1969,1949,1968
1970,1948,1967
1971,1947,1965
1972,1946,1964
1973,1945,1962
1974,1944,1960
1975,1943,1959
1976,1942,1957
1977,1940,1956
1978,1939,1954
1979,1938,1953
1980,1937,1951
1981,1936,1950
1982,1935,1948
1983,1934,1946
1984,1933,1945
1985,1932,1943
1986,1932,1942
1987,1931,1940
1988,1930,1939
1989,1929,1937
1990,1928,1935
1991,1927,1934
1992,1927,1932
1993,1926,1930
1994,1926,1928
1885,2084,2141
1884,2086,2144
1883,2088,2147
1882,2091,2150
1881,2093,2153
1880,2095,2156
1879,2098,2160
1878,2100,2163
1877,2103,2166
1876,2105,2169
1875,2108,2173
1874,2111,2176
1873,2113,2179
1872,2116,2183
1871,2119,2187
1870,2122,2190
1869,2124,2194
1868,2127,2198
