1908,2324,2353
1909,2303,2373
1910,2290,2385
1911,2281,2395
1912,2272,2403
1913,2264,2409
1914,2258,2415
1915,2251,2421
1916,2246,2426
1917,2240,2430
1918,2235,2433
1919,2230,2436
1920,2225,2438
1921,2221,2438
1922,2216,2431
1923,2212,2353
1924,2208,2335
1925,2204,2321
1972,2096,2101
1971,2096,2106
1970,2097,2109
1969,2098,2113
1968,2099,2116
1967,2101,2120
1966,2102,2123
1965,2103,2126
1964,2105,2130
1963,2107,2133
1962,2108,2136
1961,2110,2140
1960,2112,2143
1959,2114,2146
1958,2116,2150
1957,2118,2153
1956,2120,2157
1955,2122,2160
1954,2124,2164
1953,2126,2167
1941,2154,2216
1940,2157,2220
1939,2159,2225
1938,2162,2230
1937,2165,2235
1936,2168,2240
1935,2171,2245
1934,2174,2251
1933,2177,2257
1932,2180,2263
1931,2183,2270
1930,2186,2277
1929,2190,2284
1928,2193,2292
1927,2197,2301
1926,2200,2310
2343,2909,2909
2344,2908,2910
2345,2908,2910
2346,2908,2910
2347,2907,2911
2348,2907,2911
2349,2907,2911
2350,2907,2911
2351,2907,2912
2352,2907,2912
2353,2906,2912
2354,2906,2912
2355,2906,2912
2356,2906,2913
2357,2906,2913
2358,2906,2913
2359,2905,2913
2360,2905,2913
2361,2905,2913
2362,2905,2914
2363,2905,2914
2364,2905,2914
2365,2905,2914
2366,2904,2914
2367,2904,2914
2368,2904,2914
2369,2904,2915
2370,2904,2915
2371,2904,2915
2372,2904,2915
2373,2904,2915
2374,2904,2915
2375,2903,2915
2376,2903,2915
2377,2903,2915
2378,2903,2915
2379,2903,2916
2380,2903,2916
2381,2903,2916
2382,2903,2916
2383,2903,2916
2384,2903,2916
2385,2902,2916
2386,2902,2916
2387,2902,2916
2388,2902,2916
2389,2902,2916
2390,2902,2916
2391,2902,2916
2392,2902,2916
2393,2902,2916
2394,2902,2916
2395,2902,2916
2396,2902,2916
2397,2902,2916
2398,2902,2916
2399,2902,2916
2400,2902,2916
2401,2901,2916
2402,2901,2916
2403,2901,2916
2404,2901,2916
2405,2901,2916
2436,2907,2909
2435,2906,2910
2434,2905,2910
2433,2905,2911
2432,2904,2912
2431,2904,2912
2430,2904,2912
2429,2904,2913
2428,2903,2913
2427,2903,2913
2426,2903,2914
2425,2903,2914
2424,2903,2914
2423,2902,2914
2422,2902,2914
2421,2902,2915
2420,2902,2915
2419,2902,2915
2418,2902,2915
2417,2902,2915
2416,2902,2915
2415,2902,2915
2414,2902,2916
2413,2902,2916
2412,2901,2916
2411,2901,2916
2410,2901,2916
2291,2901,2907
2290,2901,2907
2289,2900,2907
2288,2900,2907
2287,2900,2907
2286,2899,2907
2285,2899,2907
2284,2898,2907
2283,2898,2907
2282,2898,2907
2281,2897,2907
2280,2897,2907
2279,2897,2907
2278,2896,2907
2277,2896,2907
2276,2896,2907
2275,2895,2907
2274,2895,2907
2273,2895,2907
2272,2894,2907
2271,2894,2907
2270,2893,2906
2269,2893,2906
2268,2893,2906
2267,2892,2906
2266,2892,2906
2265,2892,2906
2264,2891,2906
2263,2891,2906
2262,2890,2906
2261,2890,2905
2260,2890,2905
2259,2889,2905
2258,2889,2905
2257,2888,2905
2256,2888,2905
2255,2888,2904
2254,2887,2904
2253,2887,2904
2252,2886,2904
2251,2886,2904
2250,2886,2903
2249,2885,2903
2248,2885,2903
2247,2884,2903
2246,2884,2902
2245,2883,2902
2244,2883,2902
2243,2883,2902
2242,2882,2902
2241,2882,2901
2240,2881,2901
2239,2881,2901
2238,2880,2900
2237,2880,2900
2236,2880,2900
1952,2128,2171
2493,3241,3243
2235,2879,2900
1951,2130,2175
2492,3240,3244
2234,2879,2899
1950,2132,2178
2491,3239,3245
2233,2878,2899
1949,2134,2182
2490,3239,3245
2232,2878,2899
1948,2137,2186
2489,3239,3245
2231,2877,2898
1947,2139,2190
2488,3238,3245
2230,2877,2898
1946,2141,2194
2487,3238,3244
2229,2876,2898
1945,2144,2198
2486,3238,3244
2228,2876,2897
1944,2146,2202
2485,3238,3244
2227,2875,2897
1943,2149,2207
2484,3239,3243
2226,2875,2897
1942,2151,2211
2483,3240,3242
2225,2875,2896
2224,2874,2896
2165,2842,2865
2166,2842,2866
2167,2843,2867
2168,2844,2867
2169,2844,2868
2170,2845,2869
2171,2845,2869
2172,2846,2870
2173,2847,2871
2174,2847,2871
2175,2848,2872
2176,2848,2873
2177,2849,2873
2178,2850,2874
2179,2850,2874
2180,2851,2875
2182,2852,2876
2207,2866,2889
2183,2853,2877
2208,2866,2890
2184,2853,2877
2209,2867,2890
2197,2860,2884
2185,2854,2878
2210,2867,2891
2198,2861,2885
2186,2854,2879
2211,2868,2891
2199,2861,2885
2187,2855,2879
2212,2868,2891
2200,2862,2886
2188,2855,2880
2213,2869,2892
2201,2863,2886
2189,2856,2880
2214,2869,2892
2202,2863,2887
2190,2857,2881
2215,2870,2893
2203,2864,2887
2191,2857,2881
2216,2870,2893
2204,2864,2888
2192,2858,2882
2217,2871,2893
2205,2865,2888
2193,2858,2882
2218,2871,2894
2181,2851,2876
2206,2865,2889
2164,2841,2865
2163,2841,2864
2162,2840,2863
2219,2872,2894
2220,2872,2895
2221,2873,2895
2222,2873,2895
2223,2874,2896
2292,2901,2907
2293,2902,2907
2294,2902,2907
2295,2902,2907
2296,2903,2907
2297,2903,2907
2298,2904,2907
2299,2904,2907
2300,2904,2907
2301,2905,2906
2302,2905,2906
2196,2860,2884
2195,2859,2883
2194,2859,2883
2161,2839,2863
2160,2839,2862
2159,2838,2861
2158,2837,2860
2157,2837,2860
2156,2836,2859
2155,2835,2858
2154,2835,2858
2153,2834,2857
2152,2834,2856
2409,2901,2916
2151,2833,2855
2408,2901,2916
2150,2832,2854
2407,2901,2916
2149,2832,2854
2406,2901,2916
2148,2831,2853
2147,2830,2852
2146,2830,2851
2145,2829,2851
2144,2828,2850
2143,2828,2849
2142,2827,2848
2141,2826,2847
2140,2826,2846
3221,2368,2407
2139,2825,2846
3220,2355,2421
2138,2824,2845
3219,2346,2431
2137,2824,2844
3218,2339,2439
2136,2823,2843
3217,2333,2446
2135,2822,2842
3216,2328,2453
2134,2821,2841
3215,2324,2458
2133,2821,2840
3214,2320,2463
2132,2820,2839
3213,2318,2468
2131,2819,2839
3212,2315,2472
2130,2819,2838
3211,2314,2477
2129,2818,2837
3210,2313,2480
2128,2817,2836
3209,2313,2484
2127,2817,2835
3208,2314,2488
2126,2816,2834
3207,2317,2491
2125,2815,2833
3206,2321,2494
2124,2814,2832
3205,2328,2497
2123,2814,2831
3204,2339,2500
2122,2813,2830
3203,2353,2503
2121,2812,2829
3202,2368,2505
2120,2812,2828
3201,2383,2507
2119,2811,2827
3200,2396,2510
2118,2810,2826
3199,2409,2512
2117,2809,2825
3198,2420,2514
2116,2809,2824
3197,2431,2515
2115,2808,2823
3196,2441,2517
2114,2807,2822
3195,2451,2518
2113,2807,2821
3194,2460,2519
2112,2806,2820
3193,2470,2519
2111,2805,2819
3192,2480,2519
2110,2805,2818
3191,2490,2518
2109,2804,2817
3190,2503,2514
2108,2803,2816
2107,2802,2815
2106,2802,2813
2105,2801,2812
2104,2800,2811
2103,2800,2810
2102,2799,2809
2101,2798,2807
2100,2798,2806
2099,2797,2805
2098,2797,2804
2097,2796,2802
2096,2795,2801
2095,2795,2799
2094,2795,2798
2093,2795,2795
