1838,2233,2266
1839,2223,2269
1840,2215,2269
1841,2209,2269
1842,2202,2267
1843,2197,2265
1844,2191,2262
1845,2186,2259
1846,2182,2256
1847,2177,2253
1848,2173,2249
1849,2169,2245
1850,2165,2241
1851,2161,2237
1852,2157,2233
1853,2154,2229
1854,2150,2225
1855,2147,2221
1856,2143,2217
1857,2140,2214
1858,2137,2210
1859,2134,2206
1860,2131,2202
1861,2128,2199
1862,2125,2195
1863,2122,2191
1864,2119,2188
1865,2116,2184
1866,2114,2181
1867,2111,2177
1868,2108,2174
1869,2106,2171
1870,2103,2167
1871,2101,2164
1872,2098,2161
1873,2096,2158
1874,2093,2155
1875,2091,2151
1876,2088,2148
1960,1960,1963
1959,1960,1965
1958,1961,1968
1957,1961,1970
1956,1962,1972
1955,1963,1974
1954,1964,1976
1953,1965,1977
1952,1966,1979
1951,1967,1981
1950,1968,1983
1949,1969,1985
1948,1970,1987
1947,1971,1989
2557,2890,2893
1922,2004,2036
2558,2889,2894
1923,2002,2034
2559,2889,2894
1924,2001,2032
2560,2888,2895
1925,2000,2030
2561,2888,2895
1926,1998,2028
2562,2887,2896
1927,1997,2026
2563,2887,2896
1928,1995,2024
2564,2887,2896
1929,1994,2022
2565,2886,2897
1930,1993,2020
2566,2886,2897
1931,1991,2019
2567,2886,2897
1932,1990,2017
2568,2886,2897
1933,1989,2015
2569,2886,2897
1934,1987,2013
2570,2886,2898
1935,1986,2011
2571,2885,2898
1936,1985,2009
2572,2885,2898
1937,1983,2007
2573,2885,2898
1938,1982,2005
2574,2885,2898
1939,1981,2003
2532,3235,3239
1897,2045,2092
2591,2886,2897
2531,3234,3240
1896,2047,2094
2590,2886,2897
2530,3234,3240
1895,2049,2096
2589,2886,2898
2529,3235,3240
1894,2051,2099
2588,2886,2898
2528,3235,3240
1893,2053,2101
2587,2886,2898
1878,2084,2142
2527,3235,3240
1892,2055,2104
2586,2885,2898
1877,2086,2145
2526,3236,3239
1891,2056,2107
2585,2885,2898
2525,3237,3238
1890,2058,2109
2584,2885,2898
2583,2885,2898
2582,2885,2898
2581,2885,2898
1946,1972,1990
2580,2885,2898
1945,1974,1992
2579,2885,2898
1944,1975,1994
2533,3235,3239
1898,2043,2089
2592,2886,2897
2534,3236,3238
1899,2041,2087
2593,2887,2897
2594,2887,2897
2595,2887,2896
2596,2887,2896
2597,2888,2896
2598,2888,2896
2599,2888,2895
2600,2889,2895
2601,2889,2894
2602,2890,2894
2603,2891,2893
2578,2885,2898
1943,1976,1996
2577,2885,2898
1942,1977,1998
2576,2885,2898
1941,1978,2000
2575,2885,2898
1940,1980,2002
1879,2082,2139
1880,2079,2137
1881,2077,2134
1882,2075,2131
1883,2073,2128
1884,2071,2125
1885,2069,2122
1886,2067,2120
1887,2064,2117
1888,2062,2114
1889,2060,2112
1900,2040,2084
1901,2038,2082
1902,2036,2080
1903,2034,2077
1904,2033,2075
1905,2031,2073
1906,2029,2070
1907,2028,2068
1908,2026,2066
1909,2024,2064
1910,2023,2062
1911,2021,2059
1912,2019,2057
1913,2018,2055
1914,2016,2053
1915,2015,2051
1916,2013,2049
1917,2011,2047
1918,2010,2045
1919,2008,2042
1920,2007,2040
1921,2005,2038
