5447,6460,6467
5448,6450,6471
5449,6444,6472
5450,6438,6472
5451,6433,6472
5452,6428,6471
5453,6424,6470
5454,6420,6468
5455,6416,6467
5456,6412,6465
5457,6408,6464
5458,6405,6462
5459,6401,6460
5460,6398,6458
5461,6395,6456
5462,6391,6454
5463,6388,6452
5464,6385,6449
5465,6382,6447
5506,6308,6312
5505,6305,6320
5504,6304,6325
5503,6304,6330
5502,6305,6334
5501,6306,6338
5500,6307,6342
5499,6308,6346
5498,6309,6350
5497,6311,6353
5496,6312,6357
5495,6314,6360
5494,6315,6364
5493,6317,6367
5492,6318,6370
5491,6320,6373
5490,6322,6377
5489,6324,6380
5488,6326,6383
5487,6328,6386
5486,6330,6389
5485,6332,6392
5484,6334,6395
5483,6336,6398
5482,6338,6401
5481,6341,6404
5480,6343,6407
5479,6345,6410
5478,6347,6413
5477,6350,6416
5476,6352,6419
5475,6355,6421
5466,6379,6445
7630,9685,9685
5467,6376,6442
7631,9683,9686
5468,6373,6440
7632,9683,9687
5469,6371,6437
7633,9682,9687
5470,6368,6435
7634,9682,9687
5474,6357,6424
7638,9683,9684
5473,6360,6427
7637,9682,9686
5472,6362,6429
7636,9682,9686
5471,6365,6432
7635,9682,9687
8784,8241,8242
8785,8239,8242
8786,8238,8241
8917,8071,8100
8918,8069,8099
8919,8068,8098
8920,8066,8096
8921,8065,8095
8922,8064,8094
8923,8062,8093
8924,8061,8091
8925,8059,8090
8926,8058,8089
8927,8057,8087
8928,8055,8086
8929,8054,8085
8930,8052,8083
8931,8051,8082
8932,8050,8081
8933,8048,8079
8934,8047,8078
8935,8045,8077
8936,8044,8075
8937,8043,8074
8938,8041,8073
8939,8040,8071
8940,8038,8070
8941,8037,8069
8942,8036,8067
8943,8034,8066
8944,8033,8065
8945,8031,8063
8946,8030,8062
8947,8028,8060
9043,7892,7897
9042,7893,7900
9041,7894,7902
9040,7895,7905
9039,7896,7907
9038,7897,7910
9037,7898,7912
9036,7899,7914
9035,7900,7916
9034,7902,7918
9033,7903,7920
9032,7904,7923
9031,7906,7925
9030,7907,7927
9029,7908,7929
9028,7910,7931
9027,7911,7932
9026,7913,7934
9025,7914,7936
9024,7915,7938
9023,7917,7940
9022,7918,7942
9021,7920,7944
9020,7921,7946
9019,7923,7948
9018,7924,7949
9017,7926,7951
9016,7927,7953
9015,7928,7955
9014,7930,7957
9013,7931,7958
9012,7933,7960
9011,7934,7962
9010,7936,7964
9009,7937,7965
9008,7939,7967
9007,7940,7969
8976,7986,8018
8975,7988,8020
8974,7989,8021
8973,7991,8023
8972,7992,8024
8971,7994,8026
8970,7995,8027
8969,7997,8029
8968,7998,8030
8967,8000,8032
8966,8001,8033
8965,8002,8035
8964,8004,8036
8963,8005,8038
8962,8007,8039
8961,8008,8041
8948,8027,8059
8949,8026,8058
8950,8024,8056
8951,8023,8055
8952,8021,8053
8953,8020,8052
8954,8018,8051
8955,8017,8049
8956,8016,8048
8957,8014,8046
8958,8013,8045
8959,8011,8044
8960,8010,8042
8977,7985,8017
8978,7983,8015
8979,7982,8014
8980,7980,8012
8981,7979,8011
8982,7977,8009
8983,7976,8008
8984,7974,8006
8985,7973,8005
8986,7972,8003
8987,7970,8001
8988,7969,8000
8989,7967,7998
8990,7966,7997
8991,7964,7995
8992,7963,7994
8993,7961,7992
8994,7960,7990
8995,7958,7989
8996,7957,7987
8997,7955,7985
8998,7954,7984
8999,7952,7982
9000,7951,7980
9001,7949,7979
9002,7948,7977
9003,7946,7975
9004,7945,7974
9005,7943,7972
9006,7942,7970
8916,8072,8102
8915,8073,8103
8914,8075,8104
8913,8076,8105
8912,8077,8107
8911,8079,8108
8910,8080,8109
8909,8081,8110
8908,8083,8112
8907,8084,8113
8906,8086,8114
8905,8087,8115
8904,8088,8117
8903,8090,8118
8902,8091,8119
8901,8092,8120
8900,8094,8122
8899,8095,8123
8898,8096,8124
8897,8098,8125
8896,8099,8126
8895,8100,8128
8894,8102,8129
8893,8103,8130
8892,8104,8131
8891,8106,8133
8890,8107,8134
8889,8108,8135
8888,8110,8136
8887,8111,8137
8886,8112,8138
8885,8114,8140
8884,8115,8141
8883,8116,8142
8882,8117,8143
8881,8119,8144
8880,8120,8145
8879,8121,8147
8878,8123,8148
8877,8124,8149
8876,8125,8150
8875,8127,8151
8874,8128,8152
8873,8129,8154
8872,8130,8155
8871,8132,8156
8870,8133,8157
8869,8134,8158
8868,8136,8159
8867,8137,8160
8866,8138,8162
8865,8140,8163
8864,8141,8164
8863,8142,8165
8862,8143,8166
8861,8145,8167
8860,8146,8168
8859,8147,8169
8858,8148,8170
8857,8150,8172
8856,8151,8173
8855,8152,8174
8854,8153,8175
8853,8155,8176
8852,8156,8177
8851,8157,8178
8850,8159,8179
8849,8160,8180
8848,8161,8181
8847,8162,8182
8846,8164,8183
8845,8165,8185
8844,8166,8186
8843,8167,8187
8842,8169,8188
8841,8170,8189
8840,8171,8190
8839,8172,8191
8838,8174,8192
8837,8175,8193
8836,8176,8194
8835,8177,8195
8834,8178,8196
8833,8180,8197
8832,8181,8198
8831,8182,8199
8830,8183,8200
8829,8185,8201
8828,8186,8202
8827,8187,8203
8826,8188,8204
8825,8190,8205
8824,8191,8206
8823,8192,8207
8822,8193,8208
8821,8194,8209
8820,8196,8210
8819,8197,8211
8818,8198,8212
8817,8199,8213
8816,8201,8214
8815,8202,8215
8814,8203,8216
8813,8204,8217
8812,8205,8218
8811,8207,8219
8810,8208,8220
8809,8209,8221
8808,8210,8222
8807,8212,8223
8806,8213,8224
8805,8214,8225
8804,8215,8226
8803,8216,8227
8802,8218,8228
8801,8219,8229
8800,8220,8229
8799,8221,8230
8798,8223,8231
8797,8224,8232
8796,8225,8233
8795,8226,8234
8794,8228,8235
8793,8229,8236
8792,8230,8236
8791,8231,8237
8790,8233,8238
8789,8234,8239
8788,8235,8240
8787,8237,8240
