5870,6723,6747
5871,6714,6749
5872,6707,6749
5873,6701,6749
5874,6695,6747
5875,6689,6746
5876,6684,6744
5877,6679,6742
5878,6674,6739
5879,6670,6737
7404,9703,9705
5880,6666,6734
7405,9702,9706
5881,6662,6731
7406,9701,9707
5882,6658,6728
7407,9701,9708
5883,6654,6724
9719,7394,7481
7408,9701,9708
5884,6650,6721
9720,7388,7480
7409,9702,9708
5885,6646,6718
9721,7383,7478
7410,9702,9709
5886,6643,6714
9722,7379,7477
7411,9702,9709
5887,6639,6710
9723,7374,7475
7412,9703,9708
5888,6636,6707
9724,7370,7473
7413,9704,9708
5889,6633,6703
9725,7366,7470
7414,9705,9707
5890,6630,6699
9726,7362,7468
5891,6627,6695
9727,7359,7465
5892,6624,6691
9742,7357,7386
9717,7405,7483
5907,6595,6618
9741,7350,7398
9716,7412,7483
5906,6595,6625
9728,7356,7462
5893,6621,6687
9729,7353,7459
5894,6618,6683
9730,7350,7456
5895,6616,6679
9731,7348,7453
5896,6613,6674
9732,7346,7449
5897,6611,6670
9733,7344,7445
5898,6608,6665
9734,7343,7441
5899,6606,6661
9735,7342,7436
5900,6604,6656
9736,7342,7432
5901,6602,6651
9737,7342,7426
9738,7342,7421
9739,7344,7414
9714,7427,7481
5904,6597,6636
9740,7346,7407
9715,7419,7482
5905,6596,6630
5903,6599,6641
9713,7436,7479
5902,6600,6646
9712,7448,7474
9718,7399,7482
5908,6597,6610
