5685,7032,7075
5686,6990,7117
5687,6966,7141
5688,6948,7159
5689,6932,7175
5690,6918,7189
5691,6906,7202
5692,6894,7214
5693,6883,7225
5694,6873,7235
5695,6864,7245
5696,6855,7254
5697,6846,7263
5698,6838,7272
5699,6830,7280
5700,6822,7288
5701,6815,7296
5702,6808,7303
5703,6801,7310
5704,7119,7317
5704,6794,7032
5705,7152,7324
5705,6787,6998
5706,7175,7331
5706,6781,6975
5707,7194,7337
5707,6775,6956
5708,7209,7344
5708,6769,6940
5709,7223,7350
5709,6763,6925
5710,7236,7356
5710,6757,6912
5711,7248,7362
5711,6751,6900
5712,7259,7368
5712,6746,6888
5713,7270,7374
5713,6740,6877
5714,7280,7380
5714,6735,6867
5715,7289,7385
5715,6730,6857
5716,7298,7391
5716,6724,6848
5717,7307,7396
5717,6719,6839
5718,7315,7401
5718,6714,6830
5719,7323,7407
5719,6709,6822
5720,7331,7412
5720,6705,6814
5721,7338,7417
5721,6700,6806
5722,7345,7422
5722,6695,6798
7346,8711,8711
5723,7352,7427
5723,6691,6790
7347,8710,8713
5724,7359,7432
5724,6686,6783
7348,8709,8714
5725,7366,7437
5725,6682,6776
7349,8708,8714
5726,7373,7442
5726,6677,6769
7350,8708,8715
5727,7379,7446
5727,6673,6762
7351,8707,8715
5728,7385,7451
5728,6669,6755
7352,8707,8715
5729,7391,7456
5729,6664,6749
7353,8707,8716
5730,7397,7460
5730,6660,6742
7354,8706,8716
5731,7403,7465
5731,6656,6736
7355,8706,8716
5732,7409,7469
5732,6652,6730
7356,8706,8716
5733,7415,7474
5733,6648,6724
7357,8706,8717
5734,7420,7478
5734,6644,6717
7358,8705,8717
5735,7426,7483
5735,6640,6712
7359,8705,8717
5736,7431,7487
5736,6637,6706
7360,8705,8717
5737,7436,7491
5737,6633,6700
7361,8705,8717
5738,7441,7495
5738,6629,6694
7362,8705,8717
5739,7446,7500
5739,6625,6688
7363,8705,8717
5740,7451,7504
5740,6622,6683
7364,8705,8717
5741,7456,7508
5741,6618,6677
7365,8705,8717
5742,7461,7512
5742,6615,6672
7366,8704,8717
5743,7466,7516
5743,6611,6666
7367,8704,8717
5744,7471,7520
5744,6608,6661
7368,8704,8717
5745,7475,7524
5745,6604,6656
7369,8704,8717
5746,7480,7528
5746,6601,6650
7370,8704,8717
5747,7485,7532
5747,6598,6645
7371,8704,8717
5748,7489,7536
5748,6595,6640
7372,8704,8717
5749,7494,7540
5749,6591,6635
7373,8704,8717
5750,7498,7543
5750,6588,6629
7374,8704,8717
5751,7502,7547
5751,6585,6624
7375,8705,8717
5752,7507,7551
5752,6582,6619
7376,8705,8717
5753,7511,7555
5753,6580,6614
7377,8705,8717
5754,7515,7558
5754,6577,6609
7378,8705,8716
5755,7519,7562
5755,6574,6604
7379,8705,8716
5756,7523,7566
5756,6571,6598
7380,8705,8716
5757,7527,7570
5757,6569,6593
7381,8705,8716
5758,7531,7573
5758,6567,6588
7382,8705,8716
5759,7535,7577
5759,6565,6582
7383,8706,8715
5760,7539,7580
5760,6563,6576
7384,8706,8715
5761,7543,7584
5761,6562,6570
7385,8706,8715
5762,7547,7587
7386,8706,8714
5763,7551,7591
7387,8707,8714
5764,7554,7594
7388,8707,8714
5765,7558,7598
7389,8708,8713
5766,7562,7601
7390,8709,8712
5767,7566,7605
7391,8710,8711
5768,7569,7608
5769,7573,7611
5770,7576,7615
5771,7580,7618
5772,7584,7621
5773,7587,7625
5774,7590,7628
5775,7594,7631
5776,7597,7635
5800,7672,7708
5801,7675,7710
5802,7678,7713
5803,7681,7716
5804,7684,7719
5805,7686,7722
5806,7689,7724
5807,7692,7727
5808,7695,7730
5809,7697,7733
5810,7700,7736
5811,7703,7738
5812,7706,7741
5813,7708,7744
5814,7711,7746
5815,7714,7749
5816,7716,7752
5817,7719,7754
5818,7722,7757
5819,7724,7760
5820,7727,7762
5821,7729,7765
5822,7732,7767
5823,7735,7770
5824,7737,7773
5825,7740,7775
5826,7742,7778
5827,7745,7780
5828,7747,7783
5829,7750,7785
5830,7752,7788
5831,7755,7790
5832,7757,7793
5833,7760,7795
5834,7762,7798
5835,7764,7800
5836,7767,7803
5837,7769,7805
5838,7772,7808
5839,7774,7810
5840,7776,7813
5841,7779,7815
5842,7781,7817
5843,7783,7820
5844,7786,7822
5845,7788,7825
5846,7790,7827
5847,7793,7829
5848,7795,7832
5849,7797,7834
5850,7800,7836
5851,7802,7839
5852,7804,7841
5853,7807,7843
5854,7809,7845
5855,7811,7848
5856,7813,7850
5857,7816,7852
5858,7818,7855
5859,7820,7857
5860,7822,7859
5861,7824,7861
5862,7827,7864
5863,7829,7866
5864,7831,7868
5865,7833,7870
5866,7835,7872
5867,7837,7875
5868,7840,7877
7492,9728,9731
5869,7842,7879
7493,9727,9732
5870,7844,7881
7494,9727,9732
5871,7846,7883
7495,9727,9733
5872,7848,7885
7496,9727,9733
5873,7850,7888
7497,9727,9733
5874,7852,7890
7498,9727,9733
5875,7854,7892
7499,9727,9733
5876,7856,7894
7500,9728,9733
5877,7859,7896
7501,9728,9732
5878,7861,7898
7502,9729,9731
5879,7863,7900
5880,7865,7902
5881,7867,7905
5882,7869,7907
5883,7871,7909
5884,7873,7911
5885,7875,7913
5886,7877,7915
5887,7879,7917
5888,7881,7919
5889,7883,7921
5890,7885,7923
5891,7887,7925
5892,7889,7927
5893,7891,7929
5894,7893,7931
5895,7895,7933
5896,7897,7935
5897,7899,7937
5898,7901,7939
5899,7903,7941
5900,7905,7943
5901,7907,7945
5902,7909,7947
5903,7911,7949
5904,7913,7951
6097,8216,8240
6096,8215,8239
6095,8214,8238
6094,8212,8237
6093,8211,8235
6092,8210,8234
6091,8208,8233
6090,8207,8232
6089,8205,8231
6088,8204,8230
6087,8203,8229
6086,8201,8227
6085,8200,8226
6084,8199,8225
6083,8197,8224
6082,8196,8223
6081,8195,8222
6080,8193,8220
6079,8192,8219
6078,8190,8218
6077,8189,8217
6076,8188,8216
6075,8186,8214
6074,8185,8213
6073,8183,8212
6072,8182,8211
6071,8181,8210
6070,8179,8208
6069,8178,8207
6068,8176,8206
6067,8175,8205
6066,8174,8203
6065,8172,8202
6064,8171,8201
6063,8169,8200
6062,8168,8198
6061,8167,8197
6060,8165,8196
6059,8164,8195
6058,8162,8193
6057,8161,8192
6056,8160,8191
6055,8158,8190
6054,8157,8188
6053,8155,8187
6052,8154,8186
6051,8153,8184
6050,8151,8183
6049,8150,8182
6048,8148,8180
6047,8147,8179
6046,8145,8178
6045,8144,8177
6044,8143,8175
6043,8141,8174
6042,8140,8173
6041,8138,8171
6040,8137,8170
6039,8135,8169
6038,8134,8167
6037,8132,8166
6036,8131,8165
6035,8130,8163
6034,8128,8162
6033,8127,8160
6032,8125,8159
6031,8124,8158
5996,8071,8108
5995,8069,8106
5994,8068,8105
5997,8072,8109
5998,8074,8111
5999,8076,8112
6024,8113,8148
5793,7652,7687
9580,6988,7201
5982,8049,8086
6025,8115,8150
5794,7655,7690
9581,6995,7192
5983,8050,8088
6026,8116,8151
5795,7657,7693
9582,7003,7183
5984,8052,8089
6027,8118,8152
5796,7660,7696
9583,7013,7172
5985,8054,8091
6028,8119,8154
5797,7663,7699
9584,7025,7160
5986,8055,8092
6029,8121,8155
5798,7666,7702
9585,7041,7144
5987,8057,8094
6030,8122,8156
5799,7669,7705
9586,7064,7120
5988,8058,8096
6000,8077,8114
6001,8079,8115
6002,8080,8117
6003,8082,8118
6004,8083,8120
6005,8085,8121
6006,8086,8122
6007,8088,8124
5777,7601,7638
9564,7149,7239
5966,8023,8061
6008,8089,8125
5778,7604,7641
9565,7099,7248
5967,8024,8062
6009,8091,8127
5779,7607,7644
9566,7048,7251
5968,8026,8064
6010,8092,8128
5780,7611,7647
9567,7009,7253
5969,8028,8066
6011,8094,8130
5781,7614,7651
9568,6986,7253
5970,8029,8067
6012,8095,8131
5782,7617,7654
9569,6974,7252
5971,8031,8069
6013,8097,8133
5783,7620,7657
9570,6967,7250
5972,8033,8070
6014,8098,8134
5784,7624,7660
9571,6963,7247
5973,8034,8072
6015,8100,8135
5785,7627,7663
9572,6961,7244
5974,8036,8074
6016,8101,8137
5786,7630,7666
9573,6961,7241
5975,8037,8075
6017,8103,8138
5787,7633,7669
9574,6962,7237
5976,8039,8077
6018,8104,8140
5788,7636,7672
9575,6964,7232
5977,8041,8078
6019,8106,8141
5789,7639,7675
9576,6967,7227
5978,8042,8080
6020,8107,8143
5790,7642,7678
9577,6971,7221
5979,8044,8082
6021,8109,8144
5791,7645,7681
9578,6976,7215
5980,8046,8083
6022,8110,8145
5792,7648,7684
9579,6981,7208
5981,8047,8085
6023,8112,8147
6098,8218,8241
6099,8219,8242
6100,8221,8243
6101,8222,8244
6102,8223,8245
6103,8225,8247
6104,8226,8248
6105,8227,8249
6106,8229,8250
6107,8230,8251
6108,8231,8252
6109,8233,8253
6110,8234,8254
6111,8236,8255
6112,8237,8256
6113,8238,8257
6114,8240,8258
6115,8241,8259
6116,8242,8260
6117,8244,8261
6118,8245,8262
6119,8247,8263
6120,8248,8264
6121,8249,8265
6122,8251,8266
6123,8252,8267
6124,8254,8268
6125,8255,8269
6126,8257,8270
6127,8258,8271
6128,8259,8272
6129,8261,8272
6130,8262,8273
6131,8264,8274
6132,8265,8275
6133,8267,8276
6134,8269,8276
6135,8270,8277
6136,8272,8278
6137,8274,8278
6138,8276,8279
5993,8066,8103
5992,8065,8102
5991,8063,8100
5990,8061,8099
5989,8060,8097
5965,8021,8059
5964,8019,8058
5963,8018,8056
5962,8016,8054
5961,8014,8053
5960,8013,8051
5959,8011,8049
5958,8009,8048
5957,8008,8046
5956,8006,8044
5955,8004,8043
5954,8003,8041
5953,8001,8039
5952,7999,8038
5951,7998,8036
5950,7996,8034
5949,7994,8033
5948,7992,8031
5947,7991,8029
5946,7989,8027
5945,7987,8026
5944,7985,8024
5943,7984,8022
5942,7982,8020
5941,7980,8019
5940,7979,8017
5939,7977,8015
5938,7975,8014
5937,7973,8012
5936,7971,8010
5935,7970,8008
5934,7968,8006
5933,7966,8005
5932,7964,8003
5931,7963,8001
5930,7961,7999
5929,7959,7998
5928,7957,7996
5927,7955,7994
5926,7954,7992
5925,7952,7990
5924,7950,7988
5923,7948,7987
5922,7946,7985
5921,7944,7983
5920,7943,7981
5919,7941,7979
5918,7939,7977
5917,7937,7976
5916,7935,7974
5915,7933,7972
5914,7931,7970
5913,7930,7968
5912,7928,7966
5911,7926,7964
5910,7924,7962
5909,7922,7960
5908,7920,7958
5907,7918,7957
5906,7916,7955
5905,7914,7953
