7736,8673,8675
7737,8672,8676
7738,8671,8677
7739,8671,8677
7740,8670,8678
7741,8670,8678
7742,8670,8679
7743,8669,8679
7744,8669,8679
7745,8669,8679
7746,8669,8680
7747,8669,8680
7748,8668,8680
7749,8668,8680
7750,8668,8680
7751,8668,8680
7752,8668,8680
7753,8668,8681
7754,8668,8681
7755,8668,8681
7756,8668,8681
7757,8668,8681
7758,8668,8681
7759,8668,8681
7784,8674,8675
7783,8672,8676
7782,8672,8677
7781,8671,8677
7780,8671,8678
7779,8670,8678
7778,8670,8678
7777,8670,8679
7776,8669,8679
7775,8669,8679
7774,8669,8680
7773,8669,8680
7772,8669,8680
7771,8668,8680
7770,8668,8680
5663,6226,6255
5662,6228,6258
5661,6230,6261
5660,6231,6264
5659,6233,6267
5658,6235,6269
5657,6237,6272
5656,6238,6275
5655,6240,6278
5654,6242,6281
5653,6244,6283
5642,6265,6313
5641,6268,6316
5640,6270,6319
5639,6272,6322
5638,6274,6324
5637,6276,6327
5636,6278,6330
5635,6280,6333
5634,6282,6335
5643,6263,6311
7590,9710,9712
5618,6320,6379
5615,6327,6388
5644,6261,6308
7591,9709,9713
5619,6317,6377
5616,6325,6385
5645,6259,6305
7592,9709,9713
5620,6315,6374
5617,6322,6382
5646,6257,6303
7593,9708,9714
5621,6312,6371
5647,6255,6300
7594,9708,9714
5622,6310,6368
5652,6246,6286
7599,9710,9711
5627,6298,6355
5651,6248,6289
7598,9709,9712
5626,6301,6357
5650,6249,6292
7597,9708,9713
5625,6303,6360
5649,6251,6294
7596,9708,9713
5624,6305,6363
5648,6253,6297
7595,9708,9713
5623,6308,6366
5628,6296,6352
5629,6294,6349
5630,6291,6346
5631,6289,6344
5632,6287,6341
5633,6285,6338
5664,6225,6253
5665,6223,6250
5666,6222,6247
5667,6220,6244
5668,6219,6241
5669,6217,6238
5670,6216,6235
5671,6215,6231
5672,6214,6228
5673,6213,6224
5674,6213,6220
5614,6330,6390
5613,6332,6393
5612,6335,6396
5611,6337,6399
5610,6340,6401
7769,8668,8680
5609,6343,6404
7768,8668,8680
5608,6345,6407
7767,8668,8680
5607,6348,6410
7766,8668,8681
5606,6351,6413
7765,8668,8681
5605,6353,6415
7764,8668,8681
5604,6356,6418
7763,8668,8681
5603,6359,6421
7762,8668,8681
5602,6362,6424
7761,8668,8681
5601,6365,6426
7760,8668,8681
5600,6367,6429
5599,6370,6432
5598,6373,6435
5597,6376,6437
5596,6379,6440
5595,6382,6443
5594,6385,6445
5593,6388,6448
5592,6391,6451
5591,6394,6454
5590,6398,6456
5589,6401,6459
5588,6404,6461
5587,6407,6464
5586,6411,6467
5585,6414,6469
5584,6417,6472
5583,6421,6474
5582,6425,6477
5581,6428,6479
5580,6432,6482
5579,6436,6484
5578,6439,6486
5577,6443,6489
5576,6447,6491
5575,6451,6493
5574,6456,6495
5573,6460,6497
5572,6465,6499
5571,6469,6500
5570,6475,6501
5569,6480,6502
5568,6487,6502
