7624,8681,8684
5705,6258,6310
5706,6256,6308
5831,6035,6038
7630,8678,8687
5830,6036,6041
7629,8679,8687
5829,6036,6043
7628,8679,8687
5828,6038,6046
7627,8679,8686
5827,6039,6048
7626,8680,8686
5826,6040,6050
7625,8681,8685
5825,6041,6052
5824,6042,6054
5823,6044,6056
5822,6045,6059
5821,6046,6061
5820,6048,6063
5819,6049,6065
5818,6050,6067
5817,6052,6069
5816,6053,6071
5815,6055,6073
5814,6056,6075
5813,6057,6077
5812,6059,6079
5811,6060,6081
5810,6062,6083
5809,6063,6085
5808,6065,6087
5807,6066,6089
5806,6068,6091
5805,6069,6093
5804,6071,6095
5803,6073,6097
5802,6074,6099
5801,6076,6101
5800,6077,6103
5799,6079,6105
5798,6080,6107
5797,6082,6109
5796,6084,6111
5795,6085,6113
5794,6087,6115
5793,6088,6117
5792,6090,6119
5791,6092,6121
5790,6093,6123
5789,6095,6125
5788,6097,6127
5787,6098,6129
5786,6100,6131
5785,6102,6133
5784,6103,6135
5783,6105,6137
5782,6107,6139
5781,6108,6141
5780,6110,6143
5779,6112,6145
5778,6113,6147
5777,6115,6150
5776,6117,6152
7575,9719,9721
5775,6119,6154
7574,9718,9722
5774,6120,6156
7573,9718,9723
5773,6122,6158
7572,9718,9723
5772,6124,6160
7571,9718,9723
5771,6126,6162
7570,9718,9723
5770,6127,6164
7569,9718,9723
5769,6129,6166
7568,9718,9723
5768,6131,6168
7567,9719,9723
5767,6133,6170
7566,9720,9722
5766,6135,6172
5735,6194,6240
5734,6196,6242
5733,6198,6245
5732,6200,6247
5731,6202,6249
5730,6204,6251
5729,6206,6254
5728,6208,6256
5727,6210,6258
5726,6212,6261
5725,6214,6263
5724,6216,6265
5723,6218,6268
5722,6221,6270
5721,6223,6272
5720,6225,6275
5707,6253,6306
5708,6251,6303
5709,6249,6301
5710,6247,6298
5711,6244,6296
5712,6242,6294
5713,6240,6291
5714,6238,6289
5715,6236,6286
5716,6233,6284
5717,6231,6282
5718,6229,6279
5719,6227,6277
5736,6192,6238
5737,6190,6236
5738,6188,6233
5739,6186,6231
5740,6184,6229
5741,6182,6227
5742,6180,6224
5743,6178,6222
5744,6176,6220
5745,6174,6218
5746,6172,6216
5747,6170,6213
5748,6168,6211
5749,6166,6209
5750,6164,6207
5751,6162,6205
5752,6160,6202
5753,6159,6200
5754,6157,6198
5755,6155,6196
5756,6153,6194
5757,6151,6192
5758,6149,6189
5759,6147,6187
5760,6146,6185
5761,6144,6183
5762,6142,6181
5763,6140,6179
5764,6138,6177
5765,6136,6175
5704,6260,6313
5703,6263,6315
5702,6265,6318
5701,6267,6320
5700,6269,6323
5699,6272,6325
5698,6274,6328
5697,6277,6330
5696,6279,6333
5695,6281,6335
5694,6284,6338
5693,6286,6340
5692,6288,6343
5691,6291,6345
5690,6293,6348
5689,6296,6350
5688,6298,6353
5687,6301,6355
5686,6303,6358
5685,6306,6361
5684,6308,6363
5683,6311,6366
5682,6313,6368
5681,6316,6371
5680,6319,6374
5679,6321,6376
5678,6324,6379
5677,6326,6381
5676,6329,6384
5675,6332,6387
5674,6334,6389
5673,6337,6392
5672,6340,6395
5671,6342,6397
5670,6345,6400
5669,6348,6403
5668,6351,6405
5667,6353,6408
5666,6356,6411
5665,6359,6413
5664,6362,6416
5663,6365,6419
5662,6368,6421
5661,6371,6424
5660,6373,6427
5659,6376,6430
5658,6379,6432
5657,6382,6435
5656,6385,6438
5655,6388,6441
5654,6392,6443
5653,6395,6446
5652,6398,6449
5651,6401,6452
5650,6404,6454
5649,6407,6457
5648,6411,6460
5647,6414,6462
5646,6417,6465
5645,6420,6468
5644,6424,6471
5643,6427,6473
5642,6431,6476
5641,6434,6479
5640,6438,6481
5639,6441,6484
5638,6445,6487
5637,6449,6489
5636,6452,6492
5635,6456,6495
5634,6460,6497
5633,6464,6500
5632,6468,6502
5631,6472,6504
5630,6477,6507
5629,6481,6509
5628,6486,6511
5627,6491,6513
5626,6496,6514
5625,6502,6515
5624,6509,6514
7644,8677,8689
7645,8677,8689
7646,8677,8689
7647,8677,8689
7648,8677,8689
7649,8677,8689
7650,8677,8689
7651,8677,8689
7652,8678,8689
7653,8678,8688
7654,8678,8688
7655,8678,8688
7656,8678,8688
7657,8679,8688
7658,8679,8687
7659,8679,8687
7660,8680,8686
7661,8680,8686
7662,8681,8685
7663,8682,8684
7643,8677,8689
7642,8677,8689
7641,8677,8689
7640,8677,8689
7639,8677,8689
7638,8677,8689
7637,8677,8689
7636,8677,8689
7635,8677,8689
7634,8677,8688
7633,8678,8688
7632,8678,8688
7631,8678,8688
