7654,8679,8681
7655,8678,8682
7656,8678,8683
7657,8677,8684
7658,8677,8684
7659,8676,8684
7660,8676,8685
7661,8676,8685
7662,8675,8685
7663,8675,8686
7573,9717,9719
7574,9716,9720
7575,9716,9720
7576,9715,9721
7577,9715,9721
7582,9717,9719
7581,9716,9720
7580,9715,9720
7579,9715,9721
7578,9715,9721
7664,8675,8686
5608,6504,6511
7665,8675,8686
5609,6496,6512
7666,8675,8686
5610,6490,6511
7667,8675,8686
5611,6485,6509
7668,8675,8686
5612,6480,6508
7669,8674,8687
5613,6476,6506
7670,8674,8687
5614,6471,6504
7671,8674,8687
5615,6467,6502
7672,8674,8687
5616,6463,6499
7673,8674,8687
5617,6459,6497
7674,8674,8687
5618,6455,6495
7675,8674,8687
5619,6451,6492
7676,8674,8687
5620,6447,6490
7677,8674,8687
5621,6443,6487
7678,8674,8687
5622,6439,6485
7679,8674,8687
5623,6436,6482
7680,8675,8687
5624,6432,6479
7681,8675,8687
5625,6429,6477
7682,8675,8686
5626,6425,6474
7683,8675,8686
5627,6422,6471
7684,8675,8686
5628,6418,6469
7685,8675,8686
5629,6415,6466
7686,8675,8686
5630,6412,6463
7687,8676,8686
5631,6408,6461
7688,8676,8685
5632,6405,6458
7689,8676,8685
5633,6402,6455
7690,8677,8685
5634,6399,6452
7691,8677,8684
5635,6396,6450
7692,8677,8684
5636,6392,6447
7693,8678,8683
5637,6389,6444
7694,8679,8683
5638,6386,6441
7695,8680,8682
5639,6383,6439
5640,6380,6436
5641,6377,6433
5642,6374,6431
5643,6371,6428
5734,6165,6200
5733,6167,6202
5732,6169,6205
5731,6170,6207
5730,6172,6209
5729,6174,6212
5728,6176,6214
5727,6178,6216
5726,6180,6219
5725,6181,6221
5724,6183,6223
5723,6185,6226
5722,6187,6228
5721,6189,6230
5720,6191,6233
5719,6193,6235
5718,6195,6237
5717,6197,6240
5716,6199,6242
5715,6201,6244
5714,6203,6247
5713,6205,6249
5712,6207,6251
5711,6209,6254
5710,6211,6256
5709,6213,6258
5708,6215,6261
5707,6217,6263
5706,6219,6266
5705,6221,6268
5688,6257,6310
5687,6260,6312
5686,6262,6315
5685,6264,6317
5684,6266,6320
5683,6269,6322
5682,6271,6325
5681,6273,6327
5680,6276,6330
5679,6278,6332
5678,6280,6335
5677,6283,6338
5676,6285,6340
5689,6255,6307
5690,6253,6305
5691,6251,6302
5692,6248,6300
5693,6246,6297
5694,6244,6295
5695,6242,6292
5696,6240,6290
5697,6238,6287
5698,6235,6285
5699,6233,6283
5700,6231,6280
5701,6229,6278
5702,6227,6275
5703,6225,6273
5704,6223,6270
5735,6163,6198
5736,6161,6196
5737,6160,6193
5738,6158,6191
5739,6156,6189
5740,6154,6186
5741,6153,6184
5742,6151,6182
5743,6149,6180
5744,6147,6177
5745,6146,6175
5746,6144,6173
5747,6142,6171
5748,6141,6168
5749,6139,6166
5750,6138,6164
5751,6136,6161
5752,6134,6159
5753,6133,6157
5754,6131,6155
5755,6130,6152
5756,6128,6150
5757,6127,6148
5758,6125,6145
5759,6124,6143
5760,6122,6141
5761,6121,6138
5762,6119,6136
5763,6118,6133
5764,6117,6131
5765,6115,6129
5766,6114,6126
5767,6113,6123
5768,6112,6121
5769,6111,6118
5770,6110,6115
5675,6287,6343
5674,6290,6345
5673,6292,6348
5672,6294,6350
5671,6297,6353
5670,6299,6356
5669,6302,6358
5668,6304,6361
5667,6307,6363
5666,6309,6366
5665,6312,6369
5664,6314,6371
5663,6317,6374
5662,6319,6377
5661,6322,6379
5660,6325,6382
5659,6327,6385
5658,6330,6387
5657,6332,6390
5656,6335,6393
5655,6338,6395
5654,6340,6398
5653,6343,6401
5652,6346,6403
5651,6349,6406
5650,6351,6409
5649,6354,6412
5648,6357,6414
5647,6360,6417
5646,6363,6420
5645,6366,6422
5644,6368,6425
