7579,9715,9717
7580,9714,9718
7581,9713,9718
7582,9713,9718
7583,9713,9719
7588,9715,9716
7587,9714,9717
7586,9713,9718
7585,9713,9718
7584,9713,9718
5595,6496,6508
5596,6489,6508
5597,6484,6507
5598,6479,6506
5599,6474,6504
5600,6469,6502
5601,6465,6500
5602,6460,6498
5603,6456,6496
5604,6452,6494
5605,6448,6491
5606,6444,6489
5712,6183,6213
5711,6184,6216
5710,6186,6218
5709,6188,6221
5708,6190,6223
5707,6191,6226
5706,6193,6228
5705,6195,6231
5704,6197,6233
5703,6199,6235
5702,6200,6238
5701,6202,6240
5700,6204,6243
5699,6206,6245
5698,6208,6248
5697,6210,6250
5696,6212,6253
5695,6214,6255
5694,6216,6258
5693,6218,6260
5692,6220,6263
5691,6222,6265
5690,6224,6268
5689,6226,6270
5688,6228,6273
5687,6230,6275
5686,6232,6278
5685,6234,6280
5684,6236,6283
5683,6238,6285
7722,8677,8681
5666,6275,6329
7721,8676,8681
5665,6277,6331
7720,8675,8682
5664,6279,6334
7719,8675,8682
5663,6282,6336
7718,8675,8683
5662,6284,6339
7717,8674,8683
5661,6286,6342
7716,8674,8683
5660,6289,6344
7715,8674,8684
5659,6291,6347
7714,8673,8684
5658,6293,6350
7713,8673,8684
5657,6296,6352
7712,8673,8684
5656,6298,6355
7711,8673,8684
5655,6300,6357
7710,8673,8684
5654,6303,6360
7723,8678,8680
5667,6272,6326
5668,6270,6323
5669,6268,6321
5670,6266,6318
5671,6263,6316
5672,6261,6313
5673,6259,6311
5674,6257,6308
5675,6255,6305
5676,6253,6303
5677,6250,6300
5678,6248,6298
5679,6246,6295
5680,6244,6293
5681,6242,6290
5682,6240,6288
5713,6181,6211
5714,6179,6208
5715,6177,6206
5716,6176,6203
5717,6174,6201
5718,6173,6198
5719,6171,6196
5720,6169,6193
5721,6168,6191
5722,6166,6188
5723,6165,6186
5724,6163,6183
5725,6162,6181
5726,6161,6178
5727,6159,6175
5728,6158,6172
5729,6157,6170
5730,6156,6167
5731,6155,6164
5732,6154,6160
5733,6155,6155
7709,8673,8685
5653,6305,6363
7708,8672,8685
5652,6308,6365
7707,8672,8685
5651,6310,6368
7706,8672,8685
5650,6313,6371
7705,8672,8685
5649,6315,6373
7704,8672,8685
5648,6318,6376
7703,8672,8685
5647,6320,6379
7702,8672,8685
5646,6323,6381
7701,8672,8685
5645,6325,6384
7700,8672,8685
5644,6328,6387
7699,8672,8685
5643,6331,6390
7698,8672,8685
5642,6333,6392
7697,8672,8685
5641,6336,6395
7696,8672,8685
5640,6339,6398
7695,8672,8685
5639,6341,6400
7694,8672,8684
5638,6344,6403
7693,8673,8684
5637,6347,6406
7692,8673,8684
5636,6349,6409
7691,8673,8684
5635,6352,6411
7690,8673,8684
5634,6355,6414
7689,8673,8684
5633,6358,6417
7688,8673,8683
5632,6361,6419
7687,8674,8683
5631,6363,6422
7686,8674,8683
5630,6366,6425
7685,8674,8682
5629,6369,6428
7684,8675,8682
5628,6372,6430
7683,8675,8681
5627,6375,6433
7682,8676,8681
5626,6378,6436
7681,8676,8680
5625,6381,6439
7680,8678,8679
5624,6384,6441
5623,6387,6444
5622,6390,6447
5621,6393,6450
5620,6396,6452
5619,6400,6455
5618,6403,6458
5617,6406,6460
5616,6409,6463
5615,6413,6466
5614,6416,6468
5613,6419,6471
5612,6423,6474
5611,6426,6476
5610,6430,6479
5609,6433,6481
5608,6437,6484
5607,6441,6486
