5603,6499,6510
5604,6492,6510
5605,6487,6509
5606,6481,6508
5607,6477,6506
5651,6333,6391
5652,6330,6388
5653,6328,6386
5654,6325,6383
5655,6322,6380
5656,6320,6378
5657,6317,6375
5658,6315,6372
5659,6312,6370
5660,6310,6367
5661,6307,6364
5662,6305,6362
5663,6302,6359
5664,6300,6356
5665,6297,6354
5666,6295,6351
5754,6129,6134
5753,6130,6137
5752,6131,6140
5751,6132,6143
5750,6133,6146
5749,6134,6148
5748,6135,6151
5747,6137,6153
5746,6138,6156
5745,6140,6158
5744,6141,6161
5743,6143,6163
5742,6144,6166
5741,6146,6168
5608,6472,6504
7664,8679,8680
5609,6468,6502
7665,8678,8681
5610,6463,6500
7666,8677,8682
5611,6459,6498
7667,8677,8683
5612,6455,6495
7668,8676,8683
5613,6451,6493
7669,8676,8684
5614,6447,6490
7670,8675,8684
5615,6444,6488
7671,8675,8684
5616,6440,6485
7672,8675,8684
5667,6293,6349
5643,6355,6413
7699,8675,8685
5617,6436,6483
7673,8675,8685
5668,6290,6346
5644,6352,6410
7700,8675,8684
5618,6433,6480
7674,8674,8685
5669,6288,6343
5645,6349,6407
7701,8676,8684
5619,6429,6478
7675,8674,8685
5670,6285,6341
7575,9717,9717
5646,6346,6404
7702,8676,8684
5620,6426,6475
7676,8674,8685
5671,6283,6338
7576,9716,9719
5647,6343,6402
7703,8677,8683
5621,6422,6472
7677,8674,8685
7579,9714,9720
5650,6335,6394
7706,8679,8681
5674,6276,6330
5641,6360,6418
7697,8675,8685
7578,9715,9720
5649,6338,6396
7705,8678,8682
5673,6278,6333
5640,6363,6421
7696,8674,8685
7577,9715,9719
5648,6341,6399
7704,8677,8683
5672,6281,6336
5639,6366,6423
7695,8674,8685
5638,6369,6426
7694,8674,8686
5637,6372,6429
7693,8674,8686
5636,6375,6432
7692,8674,8686
5635,6378,6434
7691,8674,8686
5634,6381,6437
7690,8674,8686
5633,6384,6440
7689,8674,8686
5632,6387,6443
7688,8674,8686
5631,6390,6445
7687,8673,8686
5630,6393,6448
7686,8673,8686
5629,6396,6451
7685,8673,8686
7580,9714,9720
5675,6274,6328
5642,6357,6415
7698,8675,8685
7581,9714,9720
5676,6271,6325
7582,9714,9719
5677,6269,6323
7583,9715,9719
5678,6267,6320
7584,9715,9718
5679,6265,6318
5628,6399,6453
7684,8673,8686
5627,6402,6456
7683,8673,8686
5626,6405,6459
7682,8673,8686
5625,6409,6462
7681,8674,8686
5624,6412,6464
7680,8674,8686
5623,6415,6467
7679,8674,8686
5622,6419,6470
7678,8674,8686
5680,6262,6315
5681,6260,6313
5682,6258,6310
5683,6256,6308
5684,6254,6305
5685,6251,6303
5686,6249,6300
5687,6247,6298
5688,6245,6295
5689,6243,6293
5690,6241,6290
5691,6238,6288
5692,6236,6285
5693,6234,6283
5694,6232,6280
5695,6230,6278
5696,6228,6275
5697,6226,6273
5698,6224,6270
5699,6222,6268
5700,6220,6266
5701,6218,6263
5702,6216,6261
5703,6214,6258
5704,6212,6256
5705,6210,6253
5706,6208,6251
5707,6206,6249
5708,6204,6246
5709,6202,6244
5710,6200,6241
5711,6198,6239
5712,6196,6237
5713,6194,6234
5714,6192,6232
5715,6191,6230
5716,6189,6227
5717,6187,6225
5718,6185,6222
5719,6183,6220
5720,6181,6218
5721,6179,6215
5722,6178,6213
5723,6176,6211
5724,6174,6208
5725,6172,6206
5726,6170,6204
5727,6169,6201
5728,6167,6199
5729,6165,6196
5730,6164,6194
5731,6162,6192
5732,6160,6189
5733,6158,6187
5734,6157,6185
5735,6155,6182
5736,6154,6180
5737,6152,6178
5738,6150,6175
5739,6149,6173
5740,6147,6170
