5632,6512,6516
5633,6504,6517
5634,6498,6516
5635,6493,6514
5636,6488,6512
5637,6484,6510
5638,6479,6508
5639,6475,6505
5640,6471,6503
5641,6467,6501
5642,6463,6498
5643,6459,6495
5644,6455,6493
5645,6451,6490
5646,6448,6488
5647,6444,6485
5648,6440,6482
5649,6437,6480
5650,6433,6477
5651,6430,6474
5652,6427,6471
5653,6423,6469
5654,6420,6466
5655,6416,6463
5656,6413,6460
5657,6410,6458
5658,6407,6455
5659,6404,6452
5660,6400,6449
5661,6397,6447
5662,6394,6444
5663,6391,6441
5664,6388,6438
5665,6385,6436
5666,6382,6433
5667,6379,6430
5802,6085,6119
5801,6087,6121
5800,6089,6123
5799,6090,6125
5798,6092,6127
5797,6094,6129
5796,6095,6131
5795,6097,6133
5794,6099,6135
5783,6118,6157
5782,6120,6159
5781,6122,6161
5780,6124,6163
5779,6125,6165
5778,6127,6167
5777,6129,6169
5776,6131,6171
5775,6133,6173
5774,6134,6176
5773,6136,6178
5772,6138,6180
7571,9720,9723
5771,6140,6182
7570,9719,9724
5770,6142,6184
7569,9719,9724
5769,6144,6186
7568,9719,9724
5768,6146,6188
7567,9719,9724
5767,6147,6190
7566,9719,9724
5766,6149,6192
7565,9719,9724
5765,6151,6194
7564,9719,9724
5764,6153,6196
7563,9720,9723
5763,6155,6199
7562,9721,9722
5762,6157,6201
5761,6159,6203
5760,6161,6205
5759,6163,6207
5758,6165,6209
5757,6167,6211
5756,6169,6213
5755,6171,6216
5754,6173,6218
5753,6174,6220
5752,6176,6222
5751,6178,6224
5750,6180,6227
5749,6182,6229
5748,6184,6231
5747,6186,6233
5746,6188,6235
5745,6190,6238
5744,6193,6240
7620,8679,8690
5821,6054,6083
7621,8678,8690
5822,6053,6081
5784,6116,6155
7622,8678,8690
5823,6051,6079
5785,6115,6153
7623,8678,8690
5824,6049,6077
5786,6113,6151
7624,8678,8690
5825,6048,6076
5787,6111,6149
7625,8678,8690
5826,6046,6074
5788,6109,6147
7626,8678,8690
5827,6045,6072
5789,6108,6145
7627,8678,8690
5828,6043,6070
5790,6106,6143
7628,8678,8690
5829,6042,6068
5791,6104,6141
5743,6195,6242
7648,8684,8685
5849,6012,6031
5742,6197,6244
7647,8683,8686
5848,6013,6033
5741,6199,6246
7646,8682,8687
5847,6015,6035
5740,6201,6249
7645,8681,8687
5846,6016,6037
5739,6203,6251
7644,8681,8688
5845,6018,6039
5738,6205,6253
7643,8680,8688
5844,6019,6040
5737,6207,6255
7642,8680,8689
5843,6021,6042
7629,8678,8690
5830,6040,6066
5792,6102,6139
7630,8678,8690
5831,6039,6064
5793,6101,6137
5732,6218,6267
7637,8679,8690
5838,6028,6051
5733,6215,6265
7638,8679,8690
5839,6027,6050
5734,6213,6262
7639,8679,8689
5840,6025,6048
5735,6211,6260
7640,8679,8689
5841,6024,6046
5736,6209,6258
7641,8680,8689
5842,6022,6044
7619,8679,8690
5820,6056,6085
7636,8679,8690
5837,6030,6053
5731,6220,6269
7618,8679,8689
5819,6057,6087
7635,8679,8690
5836,6031,6055
5730,6222,6271
7617,8679,8689
5818,6059,6089
7634,8678,8690
5835,6033,6057
5729,6224,6274
7616,8679,8689
5817,6061,6091
7633,8678,8690
5834,6034,6059
5728,6226,6276
7615,8680,8689
5816,6062,6093
7632,8678,8690
5833,6036,6061
5727,6228,6278
7614,8680,8688
5815,6064,6094
7631,8678,8690
5832,6037,6063
5726,6230,6281
7613,8680,8688
5814,6065,6096
7612,8681,8687
5813,6067,6098
7611,8681,8687
5812,6069,6100
7610,8682,8686
5811,6070,6102
7609,8683,8685
5810,6072,6104
5803,6084,6117
5804,6082,6116
5805,6080,6114
5806,6079,6112
5807,6077,6110
5808,6075,6108
5809,6074,6106
5850,6011,6029
5851,6009,6028
5852,6008,6026
5853,6006,6024
5854,6005,6022
5855,6004,6020
5856,6002,6018
5857,6001,6017
5858,6000,6015
5859,5998,6013
5860,5997,6011
5861,5996,6009
5862,5994,6007
5863,5993,6005
5864,5992,6003
5865,5991,6002
5866,5989,6000
5867,5988,5998
5868,5987,5996
5869,5986,5994
5870,5985,5992
5871,5984,5990
5872,5983,5988
5873,5982,5985
5874,5982,5982
5725,6233,6283
5724,6235,6285
5723,6237,6288
5722,6239,6290
5721,6242,6292
5720,6244,6295
5719,6246,6297
5718,6248,6300
5717,6250,6302
5716,6253,6304
5715,6255,6307
5714,6257,6309
5713,6260,6312
5712,6262,6314
5711,6264,6316
5710,6267,6319
5709,6269,6321
5708,6271,6324
5707,6274,6326
5706,6276,6329
5705,6278,6331
5704,6281,6334
5703,6283,6336
5702,6286,6339
5701,6288,6341
5700,6290,6344
5699,6293,6346
5698,6295,6349
5697,6298,6351
5696,6300,6354
5695,6303,6356
5694,6305,6359
5693,6308,6361
5692,6310,6364
5691,6313,6367
5690,6316,6369
5689,6318,6372
5688,6321,6374
5687,6323,6377
5686,6326,6380
5685,6329,6382
5684,6331,6385
5683,6334,6387
5682,6337,6390
5681,6339,6393
5680,6342,6395
5679,6345,6398
5678,6348,6401
5677,6350,6403
5676,6353,6406
5675,6356,6409
5674,6359,6411
5673,6362,6414
5672,6364,6417
5671,6367,6419
5670,6370,6422
5669,6373,6425
5668,6376,6428
