5455,6375,6441
5456,6372,6439
5457,6369,6436
5458,6367,6434
5459,6364,6431
5460,6361,6429
5461,6359,6426
5462,6356,6423
5492,6309,6320
5491,6307,6326
5490,6307,6331
5489,6308,6336
5488,6308,6340
5487,6309,6344
5486,6310,6348
5485,6311,6352
5484,6313,6355
5483,6314,6359
5482,6315,6362
5481,6317,6366
5480,6319,6369
5479,6320,6372
5478,6322,6376
5477,6324,6379
5476,6326,6382
5475,6328,6385
5474,6329,6388
5473,6331,6392
5472,6333,6395
5471,6336,6398
5470,6338,6401
5469,6340,6404
5468,6342,6406
5467,6344,6409
5466,6347,6412
5465,6349,6415
5464,6351,6418
5463,6354,6421
8862,8139,8141
8863,8137,8141
8864,8135,8140
8865,8134,8139
8866,8132,8138
8867,8130,8138
8868,8129,8137
8869,8127,8136
8870,8126,8135
8871,8124,8134
8872,8122,8133
8873,8121,8132
8874,8119,8131
8875,8118,8130
8876,8116,8129
8877,8115,8128
8878,8114,8127
8879,8112,8126
8880,8111,8125
8881,8109,8124
8882,8108,8123
8883,8106,8122
8884,8105,8121
8885,8103,8120
8886,8102,8119
8887,8100,8118
8888,8099,8116
8889,8097,8115
8890,8096,8114
8891,8095,8113
8892,8093,8112
8893,8092,8111
8894,8090,8110
8895,8089,8109
8896,8087,8107
8897,8086,8106
8898,8084,8105
8899,8083,8104
8900,8082,8103
8901,8080,8102
8902,8079,8100
8903,8077,8099
8904,8076,8098
8905,8074,8097
8906,8073,8096
8907,8071,8095
8908,8070,8093
8909,8069,8092
8910,8067,8091
8911,8066,8090
8912,8064,8088
8913,8063,8087
8914,8061,8086
8915,8060,8085
8916,8058,8084
8917,8057,8082
8927,8042,8070
8928,8041,8068
8929,8039,8067
8930,8038,8066
8931,8036,8065
8932,8035,8063
8933,8033,8062
8934,8032,8061
9023,7895,7924
9022,7897,7926
9021,7898,7928
9020,7900,7930
9019,7901,7931
9018,7903,7933
9017,7904,7935
9016,7906,7937
9015,7908,7939
9014,7909,7940
9013,7911,7942
9012,7912,7944
9011,7914,7945
9010,7915,7947
9009,7917,7949
9008,7918,7951
9007,7920,7952
9006,7922,7954
9005,7923,7956
9004,7925,7957
9003,7926,7959
9002,7928,7961
9001,7929,7962
9000,7931,7964
8999,7933,7966
8974,7971,8005
8997,7936,7969
8925,8045,8072
7640,9680,9683
5439,6432,6469
9037,7874,7897
8975,7970,8003
8998,7934,7967
8926,8044,8071
7641,9681,9681
5440,6428,6468
9038,7873,7895
8976,7968,8002
8994,7940,7974
8922,8050,8076
7637,9679,9684
5436,6451,6466
9034,7879,7903
8996,7937,7971
8924,8047,8074
7639,9679,9684
5438,6438,6469
9036,7876,7899
8977,7967,8000
8995,7939,7972
8923,8048,8075
7638,9679,9684
5437,6444,6468
9035,7877,7901
8978,7965,7999
8979,7964,7997
8980,7962,7996
8981,7961,7994
8982,7959,7993
8983,7957,7991
8984,7956,7990
8985,7954,7988
8986,7953,7986
8987,7951,7985
8988,7950,7983
8989,7948,7982
8918,8055,8081
7633,9682,9682
9030,7885,7911
8990,7947,7980
8919,8054,8080
7634,9681,9684
9031,7883,7909
8991,7945,7979
8920,8052,8079
7635,9680,9684
9032,7882,7907
8992,7943,7977
8921,8051,8077
7636,9679,9684
9033,7880,7905
8993,7942,7975
9024,7894,7922
9025,7892,7920
9026,7891,7919
9027,7889,7917
9028,7888,7915
9029,7886,7913
5441,6423,6468
9039,7871,7893
5442,6419,6466
9040,7870,7891
5443,6415,6465
9041,7869,7889
5444,6411,6464
9042,7867,7886
5445,6407,6462
9043,7866,7884
5446,6404,6460
9044,7865,7882
5447,6400,6458
9045,7863,7880
5448,6397,6457
9046,7862,7877
5449,6393,6455
9047,7861,7875
5450,6390,6452
9048,7860,7872
5451,6387,6450
9049,7859,7870
5452,6384,6448
9050,7858,7867
5453,6381,6446
9051,7857,7864
5454,6378,6444
9052,7858,7860
8973,7973,8006
8972,7974,8008
8971,7976,8009
8970,7978,8011
8969,7979,8012
8968,7981,8014
8967,7982,8015
8966,7984,8017
8965,7985,8018
8964,7987,8019
8963,7988,8021
8962,7990,8022
8961,7991,8024
8960,7993,8025
8959,7994,8027
8958,7996,8028
8957,7997,8029
8956,7999,8031
8955,8000,8032
8954,8002,8034
8953,8003,8035
8952,8005,8036
8951,8006,8038
8950,8008,8039
8949,8009,8041
8948,8011,8042
8947,8012,8043
8946,8014,8045
8945,8015,8046
8944,8017,8047
8943,8018,8049
8942,8020,8050
8941,8021,8051
8940,8023,8053
8939,8024,8054
8938,8026,8055
8937,8027,8057
8936,8029,8058
8935,8030,8059
