5479,6312,6320
5478,6310,6327
5477,6310,6332
5476,6310,6337
5475,6310,6342
5474,6311,6346
5473,6312,6350
5472,6313,6353
5471,6314,6357
5470,6316,6361
5469,6317,6364
5468,6319,6368
5467,6320,6371
5466,6322,6375
5465,6324,6378
5464,6325,6381
5463,6327,6384
5462,6329,6387
5461,6331,6391
5460,6333,6394
8903,8072,8074
8904,8069,8073
8905,8067,8073
8906,8065,8072
8907,8063,8071
8908,8061,8070
8909,8059,8070
8910,8058,8069
8911,8056,8068
8912,8054,8067
8913,8052,8066
8914,8051,8065
8915,8049,8064
8916,8047,8062
8917,8046,8061
8918,8044,8060
8919,8042,8059
8920,8041,8058
8930,8025,8046
8931,8023,8045
8932,8021,8044
8933,8020,8043
8934,8018,8041
8935,8017,8040
8936,8015,8039
8937,8013,8038
8938,8012,8036
8939,8010,8035
5442,6377,6442
9040,7848,7874
8928,8028,8049
7643,9677,9680
5441,6380,6445
9039,7849,7876
8927,8029,8050
7642,9676,9681
5440,6383,6447
9038,7851,7878
8926,8031,8051
7641,9676,9681
5439,6386,6449
9037,7852,7880
8925,8033,8052
7640,9676,9681
5438,6389,6451
9036,7854,7882
8924,8034,8053
7639,9677,9681
5437,6392,6453
9035,7855,7884
8923,8036,8055
7638,9677,9681
5436,6395,6455
9034,7857,7886
8922,8038,8056
7637,9678,9681
5435,6399,6457
9033,7858,7888
8921,8039,8057
7636,9679,9680
5434,6402,6459
9032,7860,7890
5433,6406,6460
9031,7862,7892
5432,6410,6462
9030,7863,7894
5431,6414,6463
9029,7865,7895
5430,6418,6464
9028,7866,7897
5429,6422,6465
9027,7868,7899
5428,6427,6466
9026,7870,7901
5427,6432,6466
9025,7871,7903
5426,6437,6466
9024,7873,7905
5425,6444,6465
9023,7874,7907
5424,6453,6460
9022,7876,7909
9021,7878,7910
9020,7879,7912
9019,7881,7914
9018,7882,7916
9017,7884,7918
9016,7886,7919
9015,7887,7921
9014,7889,7923
9013,7891,7925
9012,7892,7926
9011,7894,7928
8991,7926,7961
9002,7909,7943
9001,7910,7945
8929,8026,8047
7644,9678,9678
5443,6374,6440
9041,7846,7872
9007,7900,7935
9000,7912,7947
9006,7902,7937
8994,7922,7956
8999,7913,7948
9005,7904,7938
8993,7923,7958
9004,7905,7940
8992,7925,7959
9003,7907,7942
8995,7920,7955
8996,7918,7953
8997,7917,7951
8998,7915,7950
9008,7899,7933
9009,7897,7931
9010,7895,7930
5444,6371,6438
9042,7845,7869
5445,6368,6435
9043,7843,7867
5446,6365,6433
9044,7842,7865
5447,6363,6430
9045,7840,7863
5448,6360,6428
9046,7839,7861
5449,6358,6425
9047,7838,7858
5450,6355,6422
9048,7836,7856
5451,6353,6420
9049,7835,7854
5452,6350,6417
9050,7834,7851
5453,6348,6414
9051,7832,7849
5454,6346,6411
9052,7831,7846
5455,6343,6408
9053,7830,7844
5456,6341,6406
9054,7829,7841
5457,6339,6403
9055,7828,7838
5458,6337,6400
9056,7828,7835
5459,6335,6397
9057,7828,7831
8990,7928,7963
8989,7930,7964
8988,7931,7966
8987,7933,7967
8986,7935,7969
8985,7936,7970
8984,7938,7972
8983,7940,7973
8982,7941,7975
8981,7943,7976
8980,7944,7978
8979,7946,7979
8978,7948,7981
8977,7949,7982
8976,7951,7984
8975,7952,7985
8974,7954,7987
8973,7956,7988
8972,7957,7990
8971,7959,7991
8970,7961,7993
8969,7962,7994
8968,7964,7996
8967,7965,7997
8966,7967,7999
8965,7969,8000
8964,7970,8001
8963,7972,8003
8962,7973,8004
8961,7975,8006
8960,7977,8007
8959,7978,8008
8958,7980,8010
8957,7981,8011
8956,7983,8013
8955,7985,8014
8954,7986,8015
8953,7988,8017
8952,7989,8018
8951,7991,8019
8950,7993,8021
8949,7994,8022
8948,7996,8023
8947,7997,8025
8946,7999,8026
8945,8001,8027
8944,8002,8029
8943,8004,8030
8942,8005,8031
8941,8007,8032
8940,8009,8034
