8923,8033,8033
7639,9676,9679
8924,8030,8034
7640,9675,9679
8925,8027,8033
7641,9675,9679
8926,8025,8033
7642,9674,9679
8927,8023,8032
7643,9674,9679
8928,8021,8031
7644,9674,9679
8929,8019,8030
7645,9675,9678
8930,8017,8029
7646,9676,9676
8931,8015,8028
8932,8013,8027
8933,8012,8026
8934,8010,8025
8935,8008,8024
8936,8006,8023
8937,8004,8022
8938,8003,8020
8939,8001,8019
8940,7999,8018
8941,7997,8017
8942,7996,8016
8943,7994,8014
8944,7992,8013
8945,7990,8012
8946,7989,8011
8947,7987,8010
8948,7985,8008
8949,7984,8007
8950,7982,8006
8951,7980,8004
8952,7979,8003
8953,7977,8002
8954,7975,8001
8955,7973,7999
8956,7972,7998
8957,7970,7997
8958,7968,7995
8959,7967,7994
8960,7965,7993
8961,7963,7991
8962,7962,7990
8963,7960,7988
8964,7958,7987
8965,7957,7986
8966,7955,7984
8967,7953,7983
8968,7952,7982
8969,7950,7980
8970,7948,7979
8971,7947,7977
8972,7945,7976
8973,7943,7974
8974,7941,7973
8975,7940,7971
8976,7938,7970
8977,7936,7969
8978,7935,7967
8979,7933,7966
8980,7931,7964
8981,7930,7963
8982,7928,7961
8983,7926,7960
8984,7925,7958
8985,7923,7957
8986,7921,7955
8987,7920,7953
8988,7918,7952
8989,7916,7950
8990,7915,7949
8991,7913,7947
8992,7911,7946
8993,7909,7944
8994,7908,7943
8995,7906,7941
8996,7904,7939
9009,7882,7918
9008,7884,7920
9007,7886,7921
9006,7888,7923
9005,7889,7925
9004,7891,7926
9003,7893,7928
9002,7894,7930
9001,7896,7931
9000,7898,7933
8999,7899,7935
8998,7901,7936
8997,7903,7938
9010,7881,7916
9011,7879,7914
9012,7877,7913
9013,7876,7911
5416,6444,6461
9014,7874,7909
5417,6437,6463
9015,7872,7907
5418,6431,6464
9016,7871,7906
5419,6426,6464
9017,7869,7904
5462,6315,6356
5420,6421,6463
9018,7867,7902
5463,6314,6352
5421,6417,6462
9019,7866,7900
5464,6313,6348
5422,6413,6461
9020,7864,7899
5465,6312,6344
5423,6409,6460
9021,7862,7897
5466,6311,6340
5424,6405,6459
9022,7861,7895
5467,6311,6335
5425,6401,6457
9023,7859,7893
5468,6312,6330
5426,6398,6455
9024,7857,7891
5469,6314,6323
5427,6394,6454
9025,7856,7889
5428,6391,6452
9026,7854,7888
5429,6388,6450
9027,7852,7886
5430,6385,6448
9028,7851,7884
5431,6381,6446
9029,7849,7882
5432,6378,6444
9030,7848,7880
5433,6376,6441
9031,7846,7878
5434,6373,6439
9032,7844,7876
5435,6370,6437
9033,7843,7874
5436,6367,6434
9034,7841,7872
5437,6364,6432
9035,7839,7870
5438,6362,6429
9036,7838,7868
5439,6359,6427
9037,7836,7866
5440,6357,6424
9038,7835,7864
5441,6354,6421
9039,7833,7862
5442,6352,6419
9040,7832,7860
5443,6350,6416
9041,7830,7858
5444,6347,6413
9042,7828,7856
5445,6345,6410
9043,7827,7854
5446,6343,6408
9044,7825,7851
5447,6341,6405
9045,7824,7849
5448,6338,6402
9046,7822,7847
5449,6336,6399
9047,7821,7845
5450,6334,6396
9048,7820,7843
5451,6332,6393
9049,7818,7840
5452,6330,6390
9050,7817,7838
5453,6329,6387
9051,7815,7835
5454,6327,6383
9052,7814,7833
5455,6325,6380
9053,7813,7830
5456,6323,6377
9054,7812,7828
5457,6322,6374
9055,7811,7825
5458,6320,6370
9056,7810,7822
5459,6319,6367
9057,7809,7819
5460,6317,6363
9058,7808,7816
5461,6316,6360
9059,7809,7812
