5718,6466,6476
5719,6463,6473
5720,6460,6470
5721,6456,6467
5722,6453,6464
5723,6450,6461
5724,6447,6458
5725,6443,6455
5726,6440,6452
5727,6437,6449
5728,6434,6446
5729,6431,6443
5730,6428,6441
5731,6425,6438
5732,6422,6435
5733,6419,6432
5734,6416,6429
5735,6413,6426
5736,6410,6424
5737,6407,6421
5738,6404,6418
5739,6401,6415
5740,6398,6412
5741,6395,6410
5742,6392,6407
5743,6390,6404
5744,6387,6402
5745,6384,6399
5746,6381,6396
5747,6378,6393
5748,6376,6391
5749,6373,6388
5750,6370,6385
5751,6368,6383
5752,6365,6380
5753,6362,6377
5754,6360,6375
5755,6357,6372
5756,6354,6370
5757,6352,6367
5758,6349,6364
5759,6346,6362
5760,6344,6359
5761,6341,6357
5762,6339,6354
5763,6336,6352
5764,6334,6349
5765,6331,6347
5766,6328,6344
5767,6326,6342
5768,6323,6339
5769,6321,6337
5770,6318,6334
5771,6316,6332
5772,6314,6329
5773,6311,6327
5774,6309,6324
5775,6306,6322
5776,6304,6319
5777,6301,6317
5778,6299,6315
5779,6297,6312
5780,6294,6310
5781,6292,6308
5782,6290,6305
5783,6287,6303
5784,6285,6300
5785,6283,6298
5786,6280,6296
5787,6278,6293
5788,6276,6291
5789,6273,6289
5790,6271,6286
5791,6269,6284
5792,6266,6282
5793,6264,6280
5794,6262,6277
5795,6260,6275
5796,6257,6273
5797,6255,6271
5798,6253,6268
5799,6251,6266
5800,6249,6264
5801,6246,6262
5802,6244,6259
5803,6242,6257
5804,6240,6255
5805,6238,6253
5806,6236,6251
5807,6233,6248
5808,6231,6246
5809,6229,6244
5810,6227,6242
5811,6225,6240
5812,6223,6237
5813,6221,6235
5814,6219,6233
5815,6216,6231
5816,6214,6229
5817,6212,6227
5818,6210,6225
5819,6208,6223
5820,6206,6220
5821,6204,6218
5822,6202,6216
5823,6200,6214
5824,6198,6212
5825,6196,6210
5826,6194,6208
5827,6192,6206
5828,6190,6204
5829,6188,6202
5830,6186,6200
5831,6184,6198
5832,6182,6196
5833,6180,6194
5834,6178,6192
5835,6176,6190
5836,6174,6188
5837,6172,6186
5838,6170,6184
5839,6168,6182
5840,6166,6180
5841,6164,6178
5842,6162,6176
5843,6160,6174
5844,6158,6172
5845,6157,6170
5846,6155,6168
5847,6153,6166
5848,6151,6164
5849,6149,6162
5850,6147,6160
5851,6145,6158
5852,6143,6156
5853,6141,6154
5854,6140,6152
5855,6138,6150
5856,6136,6149
5857,6134,6147
5858,6132,6145
5859,6130,6143
5973,5950,5951
5972,5951,5952
5971,5952,5954
5970,5954,5956
5969,5955,5957
5968,5956,5959
5967,5958,5960
5966,5959,5962
5965,5960,5963
5964,5962,5965
5963,5963,5967
5962,5965,5968
5961,5966,5970
5960,5967,5971
5959,5969,5973
5958,5970,5974
5957,5972,5976
5956,5973,5978
5955,5974,5979
5954,5976,5981
5953,5977,5982
5952,5979,5984
5951,5980,5985
5950,5982,5987
5949,5983,5988
5948,5985,5990
5947,5986,5992
5946,5988,5993
5945,5989,5995
5944,5990,5996
5943,5992,5998
5942,5993,6000
5941,5995,6001
5940,5996,6003
5939,5998,6004
5938,5999,6006
5937,6001,6008
5936,6002,6009
5935,6004,6011
5934,6005,6012
5933,6007,6014
5932,6008,6016
5931,6010,6017
5930,6012,6019
5929,6013,6020
5928,6015,6022
5927,6016,6024
5926,6018,6025
5925,6019,6027
5924,6021,6029
5923,6022,6030
5922,6024,6032
5921,6025,6034
5920,6027,6035
5919,6029,6037
5918,6030,6039
5917,6032,6040
5916,6033,6042
5904,6053,6062
5903,6054,6064
5902,6056,6065
5901,6057,6067
5900,6059,6069
5899,6061,6071
9378,6337,6380
9379,6339,6382
9380,6342,6385
9381,6344,6388
9382,6346,6391
9383,6349,6394
9384,6351,6397
9385,6354,6400
9386,6356,6403
9387,6359,6406
9388,6361,6409
9389,6364,6411
9390,6366,6414
9391,6369,6417
9392,6371,6420
9393,6374,6423
9394,6376,6427
9395,6379,6430
9396,6381,6433
9397,6384,6436
9398,6386,6439
9399,6389,6442
9400,6392,6445
9401,6394,6448
9402,6397,6451
9403,6400,6455
9404,6402,6458
9405,6405,6461
9406,6408,6464
9407,6410,6467
9408,6413,6471
9409,6416,6474
9410,6419,6477
9411,6421,6481
9412,6424,6484
9413,6427,6487
9414,6430,6491
9415,6433,6494
9416,6436,6497
9417,6438,6501
9418,6441,6504
9419,6444,6508
9420,6447,6511
9421,6450,6515
9422,6453,6518
9423,6456,6522
9424,6459,6526
9425,6462,6529
9426,6465,6533
9427,6468,6536
9428,6471,6540
9429,6474,6544
9430,6477,6548
9431,6481,6551
9432,6484,6555
9433,6487,6559
9434,6490,6563
9435,6493,6567
9436,6497,6571
9437,6500,6574
9438,6503,6578
9439,6506,6582
9440,6510,6586
9441,6513,6590
9442,6517,6595
9443,6520,6599
9444,6523,6603
9445,6527,6607
9482,6684,6796
9481,6678,6790
9480,6673,6783
9479,6668,6777
9478,6663,6771
9477,6658,6765
9476,6653,6759
9475,6648,6754
9474,6643,6748
9473,6639,6742
9472,6634,6737
9471,6629,6731
9470,6625,6726
9469,6620,6720
9468,6616,6715
9467,6612,6710
9454,6559,6646
9455,6563,6651
9456,6567,6656
9457,6571,6660
9458,6575,6665
9459,6579,6670
9460,6583,6674
9461,6587,6679
9462,6591,6684
9463,6595,6689
9464,6599,6694
9465,6603,6699
9466,6607,6704
9483,6689,6802
9484,6695,6809
9485,6700,6815
9486,6706,6822
9487,6712,6828
9488,6718,6835
9489,6724,6842
9490,6731,6849
9491,6737,6855
9492,6744,6862
9493,6751,6869
9494,6758,6876
9495,6766,6883
9496,6774,6889
5710,6496,6498
9497,6782,6895
5711,6492,6496
9498,6790,6901
5712,6488,6493
9499,6800,6906
5713,6484,6490
9500,6809,6911
5714,6480,6487
9501,6820,6915
5715,6477,6484
9502,6832,6917
5716,6473,6481
9503,6845,6918
5717,6470,6479
9504,6862,6915
9453,6556,6642
9452,6552,6637
9451,6548,6633
9450,6545,6628
9449,6541,6624
9448,6537,6620
9447,6534,6615
9446,6530,6611
9377,6335,6377
9376,6332,6374
9375,6330,6371
9374,6327,6368
9373,6325,6365
9372,6323,6363
9371,6321,6360
9370,6318,6357
9369,6316,6354
9368,6314,6352
9367,6311,6349
9366,6309,6346
9365,6307,6344
9364,6305,6341
9363,6303,6338
9362,6300,6335
9361,6298,6333
9360,6296,6330
9359,6294,6327
9358,6292,6325
9357,6289,6322
9356,6287,6320
9355,6285,6317
9354,6283,6314
9353,6281,6312
9352,6279,6309
9351,6277,6307
9350,6275,6304
9349,6273,6301
9348,6271,6299
9347,6268,6296
9346,6266,6294
9345,6264,6291
9344,6262,6289
9343,6260,6286
9342,6258,6284
9341,6256,6281
9340,6254,6278
9339,6252,6276
9338,6250,6273
9337,6248,6271
5915,6035,6043
7538,9728,9730
9336,6246,6268
5914,6036,6045
7537,9727,9731
9335,6245,6266
5913,6038,6047
7536,9726,9731
9334,6243,6263
5912,6040,6049
7535,9726,9731
9333,6241,6261
5911,6041,6050
7534,9726,9732
9332,6239,6258
5910,6043,6052
7533,9726,9732
9331,6237,6256
5909,6044,6054
7532,9726,9732
9330,6235,6253
5908,6046,6055
7531,9726,9731
9329,6233,6251
5907,6048,6057
7530,9726,9731
9328,6231,6249
5906,6049,6059
7529,9727,9730
9327,6230,6246
5905,6051,6060
7528,9728,9729
9326,6228,6244
9325,6226,6241
9324,6224,6239
9323,6222,6236
9322,6221,6233
9321,6219,6231
9320,6217,6228
5898,6062,6072
7521,8695,8696
9319,6216,6226
5897,6064,6074
7520,8694,8698
9318,6214,6223
5896,6066,6076
7519,8693,8698
9317,6213,6221
5895,6067,6078
7518,8693,8699
9316,6211,6218
5894,6069,6079
7517,8692,8699
9315,6210,6215
5893,6071,6081
7516,8692,8700
9314,6209,6212
5892,6072,6083
7515,8692,8700
5879,6095,6106
7502,8690,8702
5880,6093,6104
7503,8690,8702
5881,6091,6102
7504,8690,8702
5882,6089,6101
7505,8690,8702
5883,6088,6099
7506,8690,8702
5884,6086,6097
7507,8690,8702
5885,6084,6095
7508,8690,8702
5886,6083,6093
7509,8690,8702
5887,6081,6092
7510,8690,8701
5888,6079,6090
7511,8691,8701
5889,6078,6088
7512,8691,8701
5890,6076,6086
7513,8691,8701
5891,6074,6085
7514,8691,8701
5878,6096,6108
7501,8690,8702
5877,6098,6110
7500,8690,8702
5876,6100,6111
7499,8690,8702
5875,6102,6113
7498,8690,8702
5874,6103,6115
7497,8690,8702
5873,6105,6117
7496,8690,8702
5872,6107,6119
7495,8690,8702
5871,6109,6120
7494,8690,8701
5870,6111,6122
7493,8691,8701
5869,6112,6124
7492,8691,8701
5868,6114,6126
7491,8691,8701
5867,6116,6128
7490,8691,8701
5866,6118,6130
7489,8692,8700
5865,6119,6132
7488,8692,8700
5864,6121,6133
7487,8692,8700
5863,6123,6135
7486,8693,8699
5862,6125,6137
7485,8693,8699
5861,6127,6139
7484,8694,8698
5860,6129,6141
7483,8695,8697
