6241,8361,8369
6242,8361,8371
6243,8362,8372
6244,8363,8373
6245,8364,8374
6246,8364,8376
6247,8365,8377
6248,8366,8378
6249,8367,8379
6250,8367,8381
6251,8368,8382
6252,8369,8383
6253,8370,8384
6254,8370,8385
6255,8371,8387
6256,8372,8388
6257,8373,8389
6258,8374,8390
6259,8374,8391
6378,8474,8500
6377,8473,8499
6376,8473,8498
6375,8472,8498
6374,8471,8497
6373,8470,8496
6372,8469,8495
6371,8468,8495
9616,7128,7193
6370,8468,8494
9615,7114,7210
6369,8467,8493
9614,7104,7223
6368,8466,8492
9613,7098,7234
6367,8465,8492
9612,7093,7243
6366,8464,8491
9611,7089,7252
6365,8464,8490
9610,7087,7259
6364,8463,8489
9609,7085,7266
6363,8462,8488
9608,7085,7273
6362,8461,8488
9607,7086,7279
6361,8460,8487
9606,7088,7284
6360,8459,8486
9605,7091,7289
6359,8459,8485
9604,7095,7294
6358,8458,8485
9603,7100,7298
6357,8457,8484
9602,7106,7303
6356,8456,8483
9601,7114,7306
6355,8455,8482
9600,7123,7310
6354,8454,8481
9599,7133,7313
6353,8454,8480
9598,7144,7316
6352,8453,8480
9597,7156,7318
6351,8452,8479
6447,8535,8541
6448,8536,8541
6449,8537,8541
6450,8539,8541
6405,8497,8519
7294,8713,8726
5725,6871,7020
6266,8380,8399
6406,8498,8519
7295,8713,8726
5726,6860,7017
6267,8381,8400
6240,8360,8368
7322,8718,8719
5753,6688,6794
6294,8404,8428
6239,8359,8366
7321,8717,8720
5752,6693,6801
6293,8403,8427
6238,8359,8365
7320,8716,8721
5751,6697,6808
6292,8402,8426
6237,8358,8363
7319,8716,8722
5750,6702,6815
6291,8401,8425
6236,8358,8362
7318,8715,8722
5749,6707,6822
6290,8400,8424
6235,8358,8360
7317,8715,8723
5748,6712,6829
6289,8400,8423
7316,8715,8723
5747,6717,6836
6288,8399,8422
7315,8714,8723
5746,6722,6844
6287,8398,8421
7314,8714,8724
5745,6727,6852
6286,8397,8420
7313,8714,8724
5744,6732,6860
6285,8396,8419
7312,8714,8724
5743,6738,6868
6284,8395,8418
7311,8713,8724
5742,6743,6876
6283,8395,8417
7310,8713,8725
5741,6749,6884
6282,8394,8416
7309,8713,8725
5740,6755,6893
6281,8393,8415
6407,8498,8520
7296,8713,8726
5727,6850,7011
6268,8382,8401
6408,8499,8521
7297,8712,8726
5728,6841,7004
6269,8383,8402
6409,8500,8521
7298,8712,8726
5729,6832,6996
6270,8384,8403
6410,8501,8522
7299,8712,8726
5730,6823,6987
6271,8384,8404
6411,8502,8523
7300,8713,8726
5731,6815,6977
6272,8385,8405
7301,8713,8726
5732,6807,6968
6273,8386,8406
7302,8713,8726
5733,6800,6958
6274,8387,8407
7303,8713,8726
5734,6793,6948
6275,8388,8409
7304,8713,8726
5735,6786,6938
6276,8389,8410
7305,8713,8725
5736,6779,6929
6277,8389,8411
7306,8713,8725
5737,6773,6920
6278,8390,8412
7307,8713,8725
5738,6767,6910
6279,8391,8413
7308,8713,8725
5739,6761,6901
6280,8392,8414
6404,8496,8518
7293,8713,8726
5724,6884,7021
6265,8379,8398
7485,9728,9729
6403,8495,8517
7292,8713,8726
5723,6897,7020
6264,8379,8397
7484,9727,9730
6402,8494,8517
7291,8713,8726
5722,6914,7014
6263,8378,8396
7483,9726,9731
6401,8493,8516
7290,8713,8726
5721,6936,7001
6262,8377,8394
7482,9726,9731
6400,8493,8515
7289,8713,8726
6261,8376,8393
7481,9725,9731
6399,8492,8515
7288,8713,8726
6260,8375,8392
7480,9725,9731
6398,8491,8514
7287,8713,8726
7479,9725,9731
6397,8490,8513
7286,8713,8726
7478,9725,9731
6396,8489,8513
7285,8713,8726
7477,9725,9731
6395,8488,8512
7284,8713,8726
7476,9725,9730
6394,8488,8511
7283,8714,8726
7475,9726,9729
6393,8487,8511
7282,8714,8726
6392,8486,8510
7281,8714,8725
6391,8485,8509
7280,8714,8725
6390,8484,8509
7279,8714,8725
6389,8483,8508
7278,8715,8725
6388,8483,8507
7277,8715,8725
6387,8482,8506
7276,8715,8725
6386,8481,8506
7275,8715,8724
6385,8480,8505
7274,8716,8724
6384,8479,8504
7273,8716,8724
6383,8478,8504
7272,8716,8723
6382,8478,8503
7271,8717,8723
6381,8477,8502
7270,8717,8723
6380,8476,8501
7269,8718,8722
6379,8475,8501
7268,8719,8721
6412,8503,8523
6413,8503,8524
6414,8504,8524
6415,8505,8525
6416,8506,8526
6417,8507,8526
6418,8508,8527
6419,8509,8528
6420,8509,8528
6421,8510,8529
6422,8511,8529
6423,8512,8530
6424,8513,8530
6425,8514,8531
6426,8515,8532
6427,8515,8532
6428,8516,8533
6429,8517,8533
6430,8518,8534
6431,8519,8534
6432,8520,8535
6433,8521,8535
6434,8522,8536
6435,8523,8536
6436,8523,8537
6437,8524,8537
6438,8525,8538
6439,8526,8538
6440,8527,8539
6441,8528,8539
6442,8529,8539
6443,8530,8540
6444,8531,8540
6445,8532,8540
6446,8533,8541
9596,7169,7320
6350,8451,8478
9595,7183,7321
6349,8450,8477
9594,7198,7322
6348,8449,8476
9593,7214,7322
6347,8449,8476
9592,7230,7321
6346,8448,8475
9591,7249,7318
6345,8447,8474
9590,7273,7310
6344,8446,8473
6343,8445,8472
6342,8444,8471
6341,8444,8471
6340,8443,8470
6339,8442,8469
6338,8441,8468
6337,8440,8467
6336,8439,8466
6335,8439,8465
6334,8438,8465
6333,8437,8464
5791,6568,6575
6332,8436,8463
5790,6568,6583
6331,8435,8462
5789,6569,6589
6330,8434,8461
5788,6570,6595
6329,8433,8460
5787,6572,6601
6328,8433,8459
5786,6575,6606
6327,8432,8458
5785,6577,6612
6326,8431,8458
5784,6579,6617
6325,8430,8457
5783,6582,6622
6324,8429,8456
5782,6584,6628
6323,8428,8455
5781,6587,6633
6322,8428,8454
5780,6590,6638
6321,8427,8453
5779,6593,6643
6320,8426,8452
5778,6596,6649
6319,8425,8451
5777,6599,6654
6318,8424,8450
5776,6602,6659
6317,8423,8450
5775,6605,6665
6316,8423,8449
5774,6608,6670
6315,8422,8448
5773,6611,6675
6314,8421,8447
5772,6615,6681
6313,8420,8446
5771,6618,6686
6312,8419,8445
5770,6621,6692
6311,8418,8444
5769,6625,6697
6310,8417,8443
5768,6628,6703
6309,8417,8442
5767,6632,6708
6308,8416,8441
5766,6636,6714
6307,8415,8440
5765,6639,6720
6306,8414,8439
5764,6643,6726
6305,8413,8438
5763,6647,6731
6304,8412,8437
5762,6651,6737
6303,8412,8437
5761,6655,6743
6302,8411,8436
5760,6659,6749
6301,8410,8435
5759,6663,6755
6300,8409,8434
5758,6667,6762
6299,8408,8433
5757,6671,6768
6298,8407,8432
5756,6675,6774
6297,8406,8431
5755,6680,6781
6296,8406,8430
5754,6684,6787
6295,8405,8429
