5727,6935,6966
5728,6908,6982
5729,6890,6988
5730,6876,6989
5731,6864,6988
5732,6853,6985
5733,6843,6980
5734,6833,6974
5735,6825,6968
5736,6816,6960
5737,6808,6953
5738,6801,6945
5739,6793,6937
5740,6786,6928
5741,6780,6920
5742,6773,6912
5743,6767,6903
5744,6761,6895
5745,6755,6887
5746,6749,6879
5747,6743,6872
5748,6737,6864
5749,6732,6856
5750,6727,6849
5751,6722,6842
5752,6717,6834
6293,8411,8413
5753,6712,6827
6294,8411,8415
5754,6707,6820
6295,8411,8416
5755,6702,6813
6296,8412,8418
5756,6697,6807
6297,8412,8419
5757,6693,6800
6298,8413,8420
5758,6688,6793
6299,8413,8422
5759,6684,6787
6300,8414,8423
5760,6679,6780
6301,8414,8424
5761,6675,6774
6302,8415,8425
5762,6671,6768
6303,8416,8427
5763,6667,6762
6304,8416,8428
5764,6662,6756
6305,8417,8429
5765,6658,6749
6306,8418,8430
5766,6654,6744
6307,8418,8431
5767,6651,6738
6308,8419,8432
6455,8531,8552
6454,8530,8551
6453,8529,8551
6452,8528,8550
6451,8528,8550
6450,8527,8549
6449,8526,8548
6448,8525,8548
6447,8525,8547
6446,8524,8547
6445,8523,8546
6444,8522,8545
6443,8521,8545
6442,8521,8544
6441,8520,8543
6440,8519,8543
6439,8518,8542
6438,8518,8542
6437,8517,8541
6436,8516,8540
6435,8515,8540
6434,8515,8539
6433,8514,8538
6432,8513,8538
6431,8512,8537
6430,8512,8536
6429,8511,8536
6428,8510,8535
6427,8509,8534
6426,8508,8534
6425,8508,8533
6424,8507,8532
6423,8506,8532
6422,8505,8531
6421,8505,8530
6456,8532,8553
6457,8532,8553
6458,8533,8554
6459,8534,8554
6460,8535,8555
7281,8714,8728
7282,8714,8728
6420,8504,8529
7309,8719,8721
6419,8503,8529
7308,8718,8722
6418,8502,8528
7307,8718,8723
6417,8502,8527
7306,8717,8723
6416,8501,8527
7305,8717,8724
6415,8500,8526
7304,8716,8724
6414,8499,8525
7303,8716,8725
6413,8499,8525
7302,8716,8725
6412,8498,8524
7301,8716,8725
6411,8497,8523
7300,8715,8725
6410,8496,8522
7299,8715,8726
6409,8496,8522
7298,8715,8726
6408,8495,8521
7297,8715,8726
6407,8494,8520
7296,8715,8726
7283,8714,8728
7284,8714,8728
7285,8714,8728
7286,8714,8728
7287,8714,8728
7288,8714,8727
7289,8714,8727
7290,8714,8727
6402,8490,8516
7291,8714,8727
6403,8491,8517
7292,8714,8727
6404,8492,8518
7293,8714,8727
6405,8492,8519
7294,8714,8727
6406,8493,8519
7295,8715,8727
7280,8714,8728
7279,8714,8728
7278,8714,8728
7277,8714,8728
7276,8714,8728
7275,8714,8728
7274,8714,8728
7273,8715,8728
7272,8715,8728
7271,8715,8728
7270,8715,8727
7269,8715,8727
7268,8715,8727
6497,8568,8570
7267,8715,8727
6496,8566,8570
7266,8716,8727
6495,8565,8570
7265,8716,8727
6494,8564,8570
7264,8716,8727
6493,8563,8570
7263,8716,8727
6492,8562,8570
7262,8716,8726
6491,8561,8569
7261,8717,8726
6490,8560,8569
7260,8717,8726
6489,8559,8569
7259,8717,8726
6488,8558,8568
7258,8718,8725
6487,8557,8568
7257,8718,8725
6486,8556,8568
7256,8718,8725
6485,8555,8567
7255,8719,8724
6484,8554,8567
7254,8720,8724
6483,8553,8566
7253,8720,8723
6482,8552,8566
6461,8535,8555
6462,8536,8556
6463,8537,8557
6464,8538,8557
6465,8539,8558
6466,8539,8558
6467,8540,8559
6468,8541,8559
6469,8542,8560
6470,8543,8560
6471,8543,8561
6472,8544,8561
6473,8545,8562
6474,8546,8562
6475,8547,8563
6476,8547,8563
6477,8548,8564
6478,8549,8564
6479,8550,8565
6480,8551,8565
6481,8552,8566
6401,8489,8516
7482,9728,9729
6400,8489,8515
7481,9726,9730
6399,8488,8514
7480,9726,9730
6398,8487,8513
7479,9725,9731
6397,8486,8513
7478,9725,9731
6396,8486,8512
7477,9725,9731
6395,8485,8511
7476,9724,9731
6394,8484,8510
7475,9724,9730
6393,8483,8510
7474,9725,9730
6392,8483,8509
7473,9725,9729
6391,8482,8508
7472,9726,9729
6390,8481,8507
6389,8480,8506
6388,8479,8506
6387,8479,8505
6386,8478,8504
6385,8477,8503
6384,8476,8503
6383,8476,8502
6382,8475,8501
6381,8474,8500
6380,8473,8499
6379,8473,8498
6378,8472,8498
6377,8471,8497
6376,8470,8496
9621,7141,7202
6375,8469,8495
9620,7127,7219
6374,8469,8494
9619,7118,7232
6373,8468,8494
9618,7112,7243
6372,8467,8493
9617,7108,7252
6371,8466,8492
9616,7104,7260
6370,8466,8491
9615,7103,7268
6369,8465,8490
9614,7102,7275
6368,8464,8489
9613,7102,7281
6367,8463,8489
9612,7103,7287
6366,8463,8488
9611,7105,7292
6365,8462,8487
9610,7108,7297
6364,8461,8486
9609,7112,7302
6363,8460,8485
9608,7117,7307
6362,8459,8484
9607,7124,7311
6361,8459,8483
9606,7131,7315
6360,8458,8483
9605,7139,7318
6359,8457,8482
9604,7148,7321
6358,8456,8481
9603,7158,7324
6357,8456,8480
9602,7169,7327
6356,8455,8479
9601,7181,7329
6355,8454,8478
9600,7194,7330
6354,8453,8477
9599,7207,7331
6353,8453,8476
9598,7221,7332
6352,8452,8475
9597,7236,7331
6351,8451,8475
9596,7253,7329
6350,8450,8474
9595,7272,7325
6349,8449,8473
6348,8449,8472
6347,8448,8471
6346,8447,8470
6345,8446,8469
6344,8446,8468
6343,8445,8467
6342,8444,8466
6341,8443,8465
6340,8443,8465
6339,8442,8464
6338,8441,8463
5796,6569,6575
6337,8440,8462
5795,6569,6584
6336,8440,8461
5794,6570,6590
6335,8439,8460
5793,6571,6596
6334,8438,8459
5792,6573,6602
6333,8437,8458
5791,6575,6607
6332,8437,8457
5790,6577,6613
6331,8436,8456
5789,6580,6618
6330,8435,8455
5788,6582,6623
6329,8434,8454
5787,6585,6629
6328,8433,8453
5786,6587,6634
6327,8433,8452
5785,6590,6639
6326,8432,8451
5784,6593,6644
6325,8431,8450
5783,6596,6650
6324,8430,8449
5782,6599,6655
6323,8430,8448
5781,6602,6660
6322,8429,8447
5780,6605,6666
6321,8428,8446
5779,6608,6671
6320,8428,8445
5778,6611,6676
6319,8427,8444
5777,6615,6682
6318,8426,8443
5776,6618,6687
6317,8425,8442
5775,6621,6692
6316,8425,8441
5774,6625,6698
6315,8424,8440
5773,6628,6703
6314,8423,8439
5772,6632,6709
6313,8422,8438
5771,6636,6715
6312,8422,8437
5770,6639,6720
6311,8421,8436
5769,6643,6726
6310,8420,8434
5768,6647,6732
6309,8420,8433
