5600,6267,6288
5599,6268,6292
5598,6269,6296
5597,6270,6299
5596,6272,6303
5559,6349,6413
7872,8658,8672
7615,9701,9702
7871,8658,8672
5558,6352,6416
7614,9700,9703
7870,8658,8672
5557,6355,6419
7613,9699,9704
7869,8658,8672
5556,6357,6422
7612,9699,9704
7876,8658,8672
5563,6339,6402
7875,8658,8672
5562,6342,6405
5601,6266,6285
5602,6266,6280
5575,6311,6367
7888,8658,8671
7867,8658,8672
5554,6363,6427
7610,9699,9705
5603,6266,6276
5576,6309,6364
7889,8658,8671
7868,8658,8672
5555,6360,6425
7611,9699,9704
7874,8658,8672
5561,6344,6408
7873,8658,8672
5560,6347,6411
7877,8658,8672
5564,6337,6399
7878,8658,8672
5565,6334,6396
7879,8658,8672
5566,6332,6393
7880,8658,8672
5567,6329,6391
7881,8658,8672
5568,6327,6388
7882,8658,8672
5569,6325,6385
7883,8658,8672
5570,6322,6382
7884,8658,8672
5571,6320,6379
7885,8658,8672
5572,6318,6376
7886,8658,8672
5573,6316,6373
7887,8658,8671
5574,6313,6370
7866,8658,8672
7609,9700,9704
5553,6365,6430
7865,8658,8672
7608,9700,9704
5552,6368,6433
7864,8658,8672
7607,9701,9704
5551,6371,6436
7863,8658,8672
5550,6374,6438
7862,8659,8672
5549,6377,6441
7861,8659,8672
5548,6380,6444
7860,8659,8672
5547,6383,6446
7859,8659,8672
5546,6386,6449
7858,8659,8672
5545,6389,6452
7857,8659,8672
5544,6392,6454
7856,8659,8672
5543,6395,6457
7855,8660,8671
5542,6398,6459
7854,8660,8671
5541,6402,6462
7853,8660,8671
5540,6405,6464
7852,8660,8671
5539,6408,6467
7851,8660,8671
5538,6412,6469
7850,8661,8671
5537,6415,6471
7849,8661,8670
5536,6419,6474
7848,8661,8670
5535,6422,6476
7847,8661,8670
5534,6426,6478
7846,8662,8669
5533,6430,6480
7845,8662,8669
5532,6434,6482
7844,8663,8669
5531,6438,6484
7843,8663,8668
5530,6442,6486
7842,8664,8668
5529,6446,6487
7841,8665,8667
5528,6451,6489
5527,6456,6490
5526,6461,6491
5525,6467,6491
5524,6473,6491
5523,6485,6485
5577,6307,6361
7890,8659,8671
5578,6305,6358
7891,8659,8671
5579,6303,6355
7892,8659,8671
5580,6301,6352
7893,8659,8671
5581,6298,6349
7894,8659,8670
5582,6296,6346
7895,8659,8670
5583,6294,6343
7896,8659,8670
5584,6293,6340
7897,8659,8670
5585,6291,6337
7898,8660,8670
5586,6289,6334
7899,8660,8669
5587,6287,6331
7900,8660,8669
5588,6285,6328
7901,8660,8669
5589,6283,6325
7902,8661,8668
5590,6281,6322
7903,8661,8668
5591,6280,6319
7904,8661,8668
5592,6278,6316
7905,8662,8667
5593,6276,6312
7906,8662,8667
5594,6275,6309
7907,8663,8666
5595,6273,6306
7908,8663,8665
