7431,9716,9717
7432,9715,9718
7433,9714,9719
7434,9714,9720
7435,9714,9720
7436,9714,9720
7442,9718,9719
7441,9716,9720
7440,9716,9720
7439,9715,9721
7438,9714,9721
7437,9714,9721
5815,6767,6792
5816,6756,6795
5817,6747,6795
5818,6739,6794
5819,6732,6792
5820,6725,6790
5821,6719,6788
5822,6713,6785
5823,6708,6782
5824,6702,6779
5825,6697,6775
5826,6692,6772
5827,6688,6768
5828,6683,6764
5829,6678,6760
5830,6674,6756
5831,6670,6752
5832,6665,6748
5833,6661,6744
5834,6657,6740
5835,6653,6735
5836,6650,6731
5837,6646,6726
9673,7300,7419
5838,6642,6722
9674,7295,7416
5839,6639,6717
9675,7290,7413
5840,6635,6713
9676,7286,7410
5841,6632,6708
9691,7293,7309
9666,7343,7432
5856,6591,6636
9690,7279,7328
9665,7351,7432
5855,6593,6641
9677,7282,7407
5842,6629,6704
9678,7279,7403
5843,6625,6699
9679,7276,7399
5844,6622,6695
9680,7273,7395
5845,6619,6690
9681,7270,7391
5846,6616,6685
9682,7269,7386
5847,6613,6680
9683,7267,7381
5848,6610,6676
9684,7266,7376
5849,6608,6671
9685,7266,7370
5850,6605,6666
9686,7266,7364
9687,7267,7357
9688,7270,7349
9663,7369,7431
5853,6597,6651
9689,7273,7340
9664,7360,7432
5854,6595,6646
5852,6600,6656
9662,7379,7429
5851,6602,6661
9661,7392,7425
9667,7336,7431
5857,6589,6631
9668,7329,7430
5858,6587,6625
9669,7322,7428
5859,6586,6619
9670,7316,7426
5860,6585,6613
9671,7310,7424
5861,6584,6607
9672,7305,7422
5862,6585,6599
