8048,8640,8641
8049,8639,8642
8050,8638,8642
8051,8638,8642
8052,8637,8643
8053,8637,8643
8054,8637,8643
8055,8636,8643
8056,8636,8643
8057,8635,8643
8058,8635,8643
8059,8635,8643
8060,8635,8643
8061,8634,8643
8062,8634,8643
8063,8634,8643
8064,8633,8643
8065,8633,8643
8066,8633,8643
8067,8633,8643
8068,8632,8643
8069,8632,8643
8070,8632,8643
8071,8632,8643
8072,8631,8643
8073,8631,8643
8074,8631,8643
8075,8631,8643
8076,8630,8643
8077,8630,8643
8078,8630,8643
8079,8630,8643
8080,8629,8643
8081,8629,8643
8082,8629,8643
8083,8629,8643
8084,8629,8643
8085,8628,8643
8086,8628,8643
8087,8628,8642
8088,8628,8642
8089,8628,8642
8090,8627,8642
8091,8627,8642
8092,8627,8642
8093,8627,8642
8094,8626,8642
8095,8626,8642
8096,8626,8642
8097,8626,8642
8098,8626,8641
8099,8625,8641
8100,8625,8641
8101,8625,8641
8102,8625,8641
8103,8625,8641
8104,8624,8641
8105,8624,8641
8106,8624,8640
8107,8624,8640
8108,8624,8640
8109,8623,8640
8110,8623,8640
8111,8623,8640
8112,8623,8640
8113,8623,8640
8114,8622,8639
8115,8622,8639
8116,8622,8639
8117,8622,8639
8118,8622,8639
8119,8621,8639
8120,8621,8639
8121,8621,8638
8122,8621,8638
8123,8621,8638
8124,8620,8638
8125,8620,8638
8126,8620,8638
8127,8620,8637
8128,8620,8637
8129,8619,8637
8130,8619,8637
8131,8619,8637
8132,8619,8637
8133,8619,8636
8134,8618,8636
8135,8618,8636
8136,8618,8636
8137,8618,8636
8138,8618,8636
8139,8617,8635
8140,8617,8635
8141,8617,8635
8142,8617,8635
8143,8617,8635
8144,8616,8635
8145,8616,8634
8146,8616,8634
8147,8616,8634
8148,8616,8634
8149,8615,8634
8150,8615,8633
8151,8615,8633
8152,8615,8633
8153,8615,8633
8154,8614,8633
8155,8614,8632
8156,8614,8632
8157,8614,8632
8158,8614,8632
9006,7991,7993
9005,7991,7995
9004,7992,7998
9003,7993,8000
9002,7994,8002
9001,7995,8004
9000,7996,8006
8999,7997,8008
8998,7998,8010
8997,8000,8012
8996,8001,8013
8995,8002,8015
8994,8003,8017
8993,8004,8019
8992,8006,8020
8991,8007,8022
8990,8008,8024
8989,8009,8026
8988,8011,8027
8987,8012,8029
8986,8013,8031
8985,8015,8032
8984,8016,8034
8983,8017,8035
8982,8018,8037
8981,8020,8039
8980,8021,8040
8979,8022,8042
8978,8024,8043
8977,8025,8045
8976,8026,8047
8975,8028,8048
8974,8029,8050
8973,8030,8051
8972,8032,8053
8971,8033,8054
8970,8034,8056
8969,8036,8057
8968,8037,8059
8967,8038,8060
8966,8039,8062
8965,8041,8063
8964,8042,8065
8963,8043,8066
8962,8045,8068
8961,8046,8069
8960,8047,8071
8959,8049,8072
8958,8050,8074
8957,8051,8075
8956,8053,8077
8955,8054,8078
8954,8055,8080
8953,8057,8081
8952,8058,8082
8951,8059,8084
8950,8060,8085
8949,8062,8087
8948,8063,8088
8947,8064,8090
8946,8066,8091
8945,8067,8092
8944,8068,8094
8943,8070,8095
8942,8071,8097
8941,8072,8098
8940,8073,8099
8939,8075,8101
8938,8076,8102
8937,8077,8104
8936,8079,8105
8935,8080,8106
8934,8081,8108
8933,8082,8109
8932,8084,8110
8931,8085,8112
8930,8086,8113
8929,8088,8114
8928,8089,8116
8927,8090,8117
8926,8091,8118
8925,8093,8120
8924,8094,8121
8923,8095,8122
8922,8096,8124
8921,8098,8125
8920,8099,8126
8919,8100,8128
8918,8102,8129
8917,8103,8130
8916,8104,8132
8915,8105,8133
8914,8107,8134
8913,8108,8135
8912,8109,8137
8911,8110,8138
8910,8112,8139
8909,8113,8141
8908,8114,8142
8907,8115,8143
8906,8116,8144
8905,8118,8146
8904,8119,8147
8903,8120,8148
8902,8121,8149
8901,8123,8151
8900,8124,8152
8899,8125,8153
8898,8126,8154
8897,8128,8156
8896,8129,8157
8895,8130,8158
8894,8131,8159
8893,8132,8161
8892,8134,8162
8891,8135,8163
8890,8136,8164
8889,8137,8166
8888,8138,8167
8887,8140,8168
8886,8141,8169
8885,8142,8170
8884,8143,8172
8883,8145,8173
8882,8146,8174
8881,8147,8175
8880,8148,8176
8879,8149,8178
8878,8150,8179
8877,8152,8180
8876,8153,8181
8875,8154,8182
8874,8155,8184
8873,8156,8185
8872,8158,8186
8871,8159,8187
8870,8160,8188
8869,8161,8189
8868,8162,8191
8867,8163,8192
8866,8165,8193
8865,8166,8194
8864,8167,8195
8863,8168,8196
8862,8169,8198
8861,8170,8199
5533,6298,6308
8860,8172,8200
5532,6297,6314
8859,8173,8201
5531,6297,6318
8858,8174,8202
5530,6297,6323
8857,8175,8203
5529,6298,6327
8856,8176,8204
5528,6299,6331
8855,8177,8206
5527,6300,6335
8854,8178,8207
5526,6301,6338
8853,8180,8208
5525,6303,6342
8852,8181,8209
5524,6304,6345
8851,8182,8210
5523,6306,6349
8850,8183,8211
5522,6307,6352
8849,8184,8212
5521,6309,6356
8848,8185,8213
5520,6311,6359
8847,8186,8215
5519,6312,6362
8846,8188,8216
5518,6314,6366
8845,8189,8217
5517,6316,6369
8844,8190,8218
5516,6318,6372
8843,8191,8219
5515,6320,6375
8842,8192,8220
5514,6322,6378
8841,8193,8221
5513,6324,6381
8840,8194,8222
5512,6326,6384
8839,8195,8223
5511,6328,6387
8838,8196,8225
5510,6330,6390
8837,8198,8226
5509,6332,6393
8836,8199,8227
5508,6335,6396
8835,8200,8228
5507,6337,6399
8834,8201,8229
5506,6339,6402
8833,8202,8230
5505,6341,6405
8832,8203,8231
5504,6344,6408
8831,8204,8232
5503,6346,6411
8830,8205,8233
5502,6349,6414
8829,8206,8234
5501,6351,6417
8828,8208,8235
5500,6354,6420
8827,8209,8236
5499,6356,6422
8826,8210,8238
5498,6359,6425
8825,8211,8239
5497,6361,6428
8824,8212,8240
5496,6364,6431
8823,8213,8241
5495,6367,6433
8822,8214,8242
5494,6369,6436
8821,8215,8243
5493,6372,6438
8820,8216,8244
5492,6375,6441
8819,8217,8245
5491,6378,6444
8818,8218,8246
5490,6381,6446
8817,8219,8247
5489,6384,6449
8816,8221,8248
5488,6387,6451
8815,8222,8249
5487,6390,6453
8814,8223,8250
5486,6393,6456
8813,8224,8251
5485,6396,6458
8812,8225,8252
5484,6400,6460
8811,8226,8253
5483,6403,6462
8810,8227,8254
5482,6407,6464
8809,8228,8255
5481,6410,6466
8808,8229,8257
5480,6414,6468
8807,8230,8258
5479,6417,6470
8806,8231,8259
5478,6421,6472
8805,8232,8260
5477,6425,6473
8804,8233,8261
5476,6430,6475
8803,8234,8262
5475,6434,6476
8802,8235,8263
5474,6439,6477
8801,8236,8264
5473,6444,6478
8800,8237,8265
5472,6449,6478
8799,8239,8266
5471,6455,6477
8798,8240,8267
5470,6464,6474
8797,8241,8268
8796,8242,8269
8795,8243,8270
8794,8244,8271
8793,8245,8272
8792,8246,8273
8791,8247,8274
8790,8248,8275
8789,8249,8276
8788,8250,8277
8787,8251,8278
8786,8252,8279
8785,8253,8280
8784,8254,8281
8783,8255,8282
8782,8256,8283
8781,8257,8284
8780,8258,8285
8779,8259,8286
8778,8260,8287
8777,8261,8288
8776,8262,8289
8775,8263,8290
8774,8264,8291
8773,8265,8292
8772,8266,8293
8771,8267,8294
8770,8268,8295
8769,8269,8296
8768,8270,8297
8767,8271,8298
8766,8272,8298
8765,8273,8299
8764,8274,8300
8763,8275,8301
8762,8276,8302
8761,8277,8303
8760,8278,8304
8759,8279,8305
8758,8280,8306
8757,8281,8307
8756,8282,8308
8755,8283,8309
8754,8284,8310
8753,8285,8311
8752,8286,8312
8751,8287,8313
8750,8287,8314
8749,8288,8315
8748,8289,8315
8747,8290,8316
8746,8291,8317
8745,8292,8318
8744,8293,8319
8743,8294,8320
8742,8295,8321
8741,8296,8322
7631,9688,9691
8740,8297,8323
7630,9687,9692
8739,8298,8324
7629,9687,9692
8738,8299,8325
7628,9687,9692
8737,8300,8326
7627,9687,9692
8736,8301,8327
7626,9688,9692
8735,8302,8327
7625,9688,9692
8734,8303,8328
7624,9689,9691
8733,8303,8329
8732,8304,8330
8731,8305,8331
8730,8306,8332
8729,8307,8333
8728,8308,8334
8727,8309,8335
8726,8310,8336
8725,8311,8336
8724,8312,8337
8723,8313,8338
8722,8314,8339
8721,8315,8340
8720,8315,8341
8719,8316,8342
8718,8317,8343
8717,8318,8344
8716,8319,8344
8715,8320,8345
8714,8321,8346
8713,8322,8347
8712,8323,8348
8711,8324,8349
8710,8324,8350
8709,8325,8351
8708,8326,8351
8707,8327,8352
8706,8328,8353
8705,8329,8354
8704,8330,8355
8703,8331,8356
8702,8331,8357
8701,8332,8358
8700,8333,8358
8415,8525,8546
8414,8526,8547
8413,8526,8547
8412,8527,8548
8411,8527,8548
8410,8528,8549
8409,8528,8549
8408,8529,8550
8407,8529,8550
8406,8530,8551
8405,8530,8551
8404,8531,8552
8403,8531,8552
8402,8532,8552
8401,8532,8553
8400,8532,8553
8399,8533,8554
8398,8533,8554
8397,8534,8555
8396,8534,8555
8395,8535,8556
8394,8535,8556
8393,8536,8556
8392,8536,8557
8391,8537,8557
8390,8537,8558
8389,8538,8558
8388,8538,8559
8387,8539,8559
8386,8539,8560
8385,8539,8560
8384,8540,8560
8383,8540,8561
8382,8541,8561
8381,8541,8562
8380,8542,8562
8379,8542,8563
8378,8543,8563
8377,8543,8564
8376,8544,8564
8375,8544,8564
8374,8544,8565
8373,8545,8565
8372,8545,8566
8371,8546,8566
8370,8546,8566
8369,8547,8567
8368,8547,8567
8367,8547,8568
8366,8548,8568
8365,8548,8569
8364,8549,8569
8363,8549,8569
8362,8550,8570
8361,8550,8570
8360,8551,8571
8359,8551,8571
8358,8551,8571
8357,8552,8572
8356,8552,8572
8355,8553,8573
8354,8553,8573
8353,8553,8573
8352,8554,8574
8351,8554,8574
8350,8555,8575
8349,8555,8575
8348,8556,8575
8347,8556,8576
8346,8556,8576
8345,8557,8577
8344,8557,8577
8343,8558,8577
8342,8558,8578
8341,8558,8578
8340,8559,8579
8339,8559,8579
8338,8560,8579
8337,8560,8580
8336,8560,8580
8335,8561,8580
8334,8561,8581
8333,8562,8581
8332,8562,8582
8331,8562,8582
8330,8563,8582
8329,8563,8583
8328,8564,8583
8327,8564,8583
8326,8564,8584
8325,8565,8584
8324,8565,8585
8323,8566,8585
8322,8566,8585
8321,8566,8586
8320,8567,8586
8319,8567,8586
8318,8567,8587
8317,8568,8587
8316,8568,8588
8315,8569,8588
8314,8569,8588
8313,8569,8589
8312,8570,8589
8311,8570,8589
8310,8570,8590
8309,8571,8590
8308,8571,8590
8307,8572,8591
8306,8572,8591
8305,8572,8591
8304,8573,8592
8303,8573,8592
8302,8573,8592
8301,8574,8593
8300,8574,8593
8299,8574,8593
8298,8575,8594
8297,8575,8594
8296,8575,8595
8295,8576,8595
8294,8576,8595
8293,8576,8596
8292,8577,8596
8291,8577,8596
8290,8578,8597
8289,8578,8597
8288,8578,8597
8287,8579,8598
8286,8579,8598
8217,8600,8618
8216,8600,8619
8215,8600,8619
8214,8600,8619
8213,8601,8619
8212,8601,8620
8211,8601,8620
8210,8601,8620
8209,8602,8620
8208,8602,8621
8207,8602,8621
8206,8602,8621
8205,8603,8621
8204,8603,8622
8203,8603,8622
8202,8603,8622
8201,8604,8622
8200,8604,8623
8199,8604,8623
8198,8604,8623
8197,8605,8623
8196,8605,8624
8195,8605,8624
8194,8605,8624
8193,8606,8624
8192,8606,8624
8191,8606,8625
8190,8606,8625
8189,8607,8625
8188,8607,8625
8171,8611,8629
8170,8611,8629
8169,8611,8630
8168,8611,8630
8167,8612,8630
8166,8612,8630
8165,8612,8630
8164,8612,8631
8163,8612,8631
8162,8613,8631
8161,8613,8631
8160,8613,8632
8159,8613,8632
8172,8610,8629
8173,8610,8629
8174,8610,8629
8175,8610,8628
8176,8610,8628
8177,8609,8628
8178,8609,8628
8179,8609,8627
8180,8609,8627
8181,8608,8627
8182,8608,8627
8183,8608,8627
8184,8608,8626
8185,8608,8626
8186,8607,8626
8187,8607,8626
8218,8599,8618
8219,8599,8618
8220,8599,8617
8221,8599,8617
8222,8598,8617
8223,8598,8617
8224,8598,8616
8225,8597,8616
8226,8597,8616
8227,8597,8616
8228,8597,8615
8229,8596,8615
8230,8596,8615
8231,8596,8614
8232,8596,8614
8233,8595,8614
8234,8595,8614
8235,8595,8613
8236,8594,8613
8237,8594,8613
8238,8594,8613
8239,8594,8612
8240,8593,8612
8241,8593,8612
8242,8593,8611
8243,8592,8611
8244,8592,8611
8245,8592,8611
8246,8592,8610
8247,8591,8610
8248,8591,8610
8249,8591,8609
8250,8590,8609
8251,8590,8609
8252,8590,8608
8253,8589,8608
8254,8589,8608
8255,8589,8608
8256,8589,8607
8257,8588,8607
8258,8588,8607
8259,8588,8606
8260,8587,8606
8261,8587,8606
8262,8587,8605
8263,8586,8605
8264,8586,8605
8265,8586,8605
8266,8585,8604
8267,8585,8604
8268,8585,8604
8269,8584,8603
8270,8584,8603
8271,8584,8603
8272,8584,8602
8273,8583,8602
8274,8583,8602
8275,8583,8601
8276,8582,8601
8277,8582,8601
8278,8582,8600
8279,8581,8600
8280,8581,8600
8281,8581,8599
8282,8580,8599
8283,8580,8599
8284,8580,8599
8285,8579,8598
8416,8525,8546
8417,8524,8545
8418,8524,8545
8419,8523,8544
8420,8523,8544
8421,8522,8543
8422,8522,8543
8423,8521,8543
8424,8521,8542
8425,8520,8542
8426,8520,8541
8427,8519,8541
8428,8519,8540
8429,8518,8540
8430,8518,8539
8431,8517,8539
8432,8517,8538
8433,8516,8538
8434,8516,8537
8435,8515,8537
8436,8515,8536
8437,8514,8536
8438,8514,8535
8439,8513,8535
8440,8513,8534
8441,8512,8534
8442,8511,8533
8443,8511,8533
8444,8510,8532
8445,8510,8532
8446,8509,8531
8447,8509,8531
8448,8508,8530
8449,8508,8530
8450,8507,8529
8451,8507,8528
8452,8506,8528
8453,8506,8527
8454,8505,8527
8455,8505,8526
8456,8504,8526
8457,8503,8525
8458,8503,8525
8459,8502,8524
8460,8502,8524
8461,8501,8523
8462,8501,8523
8463,8500,8522
8464,8500,8522
8465,8499,8521
8466,8499,8521
8467,8498,8520
8468,8497,8519
8469,8497,8519
8470,8496,8518
8471,8496,8518
8472,8495,8517
8473,8495,8517
8474,8494,8516
8475,8494,8516
8476,8493,8515
8477,8492,8515
8478,8492,8514
8479,8491,8513
8480,8491,8513
8481,8490,8512
8482,8490,8512
8483,8489,8511
8484,8488,8511
8485,8488,8510
8486,8487,8510
8487,8487,8509
8488,8486,8508
8489,8485,8508
8490,8485,8507
8491,8484,8507
8492,8484,8506
8493,8483,8506
8494,8483,8505
8495,8482,8504
8496,8481,8504
8497,8481,8503
8498,8480,8503
8499,8480,8502
8500,8479,8502
8501,8478,8501
8502,8478,8500
8503,8477,8500
8504,8477,8499
8505,8476,8499
8506,8475,8498
8507,8475,8497
8508,8474,8497
8509,8474,8496
8510,8473,8496
8511,8472,8495
8512,8472,8494
8513,8471,8494
8514,8471,8493
8515,8470,8493
8516,8469,8492
8517,8469,8491
8518,8468,8491
8519,8467,8490
8520,8467,8490
8521,8466,8489
8522,8466,8488
8523,8465,8488
8524,8464,8487
8525,8464,8487
8526,8463,8486
8527,8462,8485
8528,8462,8485
8529,8461,8484
8530,8461,8484
8531,8460,8483
8532,8459,8482
8533,8459,8482
8534,8458,8481
8535,8457,8480
8536,8457,8480
8537,8456,8479
8538,8455,8478
8539,8455,8478
8540,8454,8477
8541,8454,8477
8542,8453,8476
8543,8452,8475
8544,8452,8475
8545,8451,8474
8546,8450,8473
8547,8450,8473
8548,8449,8472
8549,8448,8471
8550,8448,8471
8551,8447,8470
8552,8446,8470
8553,8446,8469
8554,8445,8468
8555,8444,8468
8556,8444,8467
8557,8443,8466
8558,8442,8466
8559,8442,8465
8560,8441,8464
8561,8440,8464
8562,8440,8463
8563,8439,8462
8564,8438,8462
8565,8438,8461
8566,8437,8460
8567,8436,8460
8568,8436,8459
8569,8435,8458
8570,8434,8458
8571,8434,8457
8572,8433,8456
8573,8432,8456
8574,8431,8455
8575,8431,8454
8576,8430,8454
8577,8429,8453
8578,8429,8452
8579,8428,8451
8580,8427,8451
8581,8427,8450
8582,8426,8449
8583,8425,8449
8584,8425,8448
8585,8424,8447
8586,8423,8447
8587,8422,8446
8588,8422,8445
8589,8421,8445
8590,8420,8444
8591,8420,8443
8592,8419,8442
8593,8418,8442
8594,8417,8441
8595,8417,8440
8596,8416,8440
8597,8415,8439
8598,8415,8438
8599,8414,8437
8600,8413,8437
8601,8412,8436
8602,8412,8435
8603,8411,8435
8604,8410,8434
8605,8409,8433
8606,8409,8432
8607,8408,8432
8608,8407,8431
8609,8406,8430
8610,8406,8430
8611,8405,8429
8612,8404,8428
8613,8404,8427
8614,8403,8427
8615,8402,8426
8616,8401,8425
8617,8401,8424
8618,8400,8424
8619,8399,8423
8620,8398,8422
8621,8398,8421
8622,8397,8421
8623,8396,8420
8624,8395,8419
8625,8394,8418
8626,8394,8418
8627,8393,8417
8628,8392,8416
8629,8391,8415
8630,8391,8415
8631,8390,8414
8632,8389,8413
8633,8388,8412
8634,8388,8412
8635,8387,8411
8636,8386,8410
8637,8385,8409
8638,8384,8409
8639,8384,8408
8640,8383,8407
8641,8382,8406
8642,8381,8406
8643,8381,8405
8644,8380,8404
8645,8379,8403
8646,8378,8402
8647,8377,8402
8648,8377,8401
8649,8376,8400
8650,8375,8399
8651,8374,8399
8652,8373,8398
8653,8373,8397
8654,8372,8396
8655,8371,8395
8656,8370,8395
8657,8369,8394
8658,8369,8393
8659,8368,8392
8660,8367,8391
8661,8366,8391
8662,8365,8390
8663,8365,8389
8664,8364,8388
8665,8363,8387
8666,8362,8387
8667,8361,8386
8668,8360,8385
8669,8360,8384
8670,8359,8383
8671,8358,8383
8672,8357,8382
8673,8356,8381
8674,8355,8380
8675,8355,8379
8676,8354,8378
8677,8353,8378
8678,8352,8377
8679,8351,8376
8680,8350,8375
8681,8350,8374
8682,8349,8374
8683,8348,8373
8684,8347,8372
8685,8346,8371
8686,8345,8370
8687,8344,8369
8688,8344,8369
8689,8343,8368
8690,8342,8367
8691,8341,8366
8692,8340,8365
8693,8339,8364
8694,8338,8363
8695,8338,8363
8696,8337,8362
8697,8336,8361
8698,8335,8360
8699,8334,8359
