9694,7342,7449
9695,7337,7446
9696,7332,7444
9697,7328,7441
9698,7324,7438
9699,7320,7435
9704,7307,7417
9687,7385,7456
5877,6595,6640
9686,7393,7456
5876,6597,6645
9685,7403,7454
5875,6599,6650
9684,7414,7451
5874,6601,6655
9683,7431,7441
5873,6603,6660
5872,6606,6665
5871,6608,6669
5870,6611,6674
5869,6613,6679
5868,6616,6683
9703,7309,7421
5867,6619,6688
9702,7311,7425
5866,6622,6692
9701,7314,7429
5865,6625,6696
9700,7317,7432
5864,6628,6701
9710,7304,7385
7424,9709,9716
9711,7306,7378
7425,9709,9716
5862,6635,6709
9714,7331,7337
7428,9711,9715
5863,6631,6705
7429,9712,9714
9709,7303,7392
7423,9709,9715
9708,7303,7398
7422,9709,9715
9707,7303,7403
7421,9709,9714
9713,7315,7358
7427,9710,9716
5861,6638,6713
9706,7304,7408
7420,9709,9714
9712,7309,7369
7426,9710,9716
5860,6642,6717
9705,7305,7413
7419,9710,9713
9688,7378,7456
5878,6593,6635
9689,7371,7456
5879,6592,6629
9690,7364,7455
5880,6590,6624
9691,7358,7454
5881,6589,6618
9692,7352,7452
5882,6589,6611
9693,7347,7451
5883,6590,6603
5859,6645,6722
5858,6649,6726
5857,6653,6729
5856,6656,6733
5855,6660,6737
5854,6664,6741
5853,6669,6744
5852,6673,6748
5851,6677,6751
5850,6682,6754
5849,6687,6757
5848,6692,6760
5847,6697,6763
5846,6703,6765
5845,6708,6767
5844,6715,6769
5843,6721,6770
5842,6729,6770
5841,6737,6770
5840,6749,6766
