7641,9674,9677
7642,9673,9677
7643,9672,9677
9002,7880,7916
9003,7878,7914
9004,7877,7912
5407,6444,6458
9005,7875,7911
9060,7791,7794
9059,7791,7799
9058,7791,7802
5459,6315,6325
9057,7792,7805
5458,6313,6332
9056,7793,7808
5457,6313,6337
9055,7794,7811
5456,6313,6342
9054,7795,7814
5455,6313,6346
9053,7796,7816
5454,6314,6350
9052,7798,7819
5453,6315,6354
9051,7799,7821
5452,6316,6358
9050,7800,7824
5451,6317,6362
9049,7802,7826
5450,6318,6365
9048,7803,7828
5449,6320,6369
9047,7805,7830
5448,6321,6372
9046,7806,7833
5447,6323,6376
9045,7808,7835
7648,9674,9674
5446,6325,6379
9044,7809,7837
7647,9673,9676
5445,6326,6382
9043,7811,7839
7646,9672,9676
5444,6328,6386
9042,7812,7842
7645,9672,9677
5443,6330,6389
9041,7814,7844
7644,9672,9677
5442,6332,6392
9040,7816,7846
5441,6334,6395
9039,7817,7848
5440,6336,6398
9038,7819,7850
5439,6338,6401
9037,7820,7852
5438,6340,6404
9036,7822,7854
5437,6342,6407
9035,7824,7856
5420,6386,6449
9018,7852,7888
5419,6390,6450
9017,7854,7890
5418,6393,6452
9016,7856,7892
5417,6396,6454
9015,7858,7893
5416,6400,6456
9014,7859,7895
5415,6404,6457
9013,7861,7897
5414,6407,6458
9012,7863,7899
5413,6411,6460
9011,7864,7900
5412,6416,6461
9010,7866,7902
5411,6420,6461
9009,7868,7904
5410,6425,6462
9008,7870,7906
5409,6430,6462
9007,7871,7907
5408,6436,6461
9006,7873,7909
5421,6383,6447
9019,7851,7886
5422,6380,6444
9020,7849,7885
5423,6377,6442
9021,7847,7883
5424,6374,6440
9022,7846,7881
5425,6372,6438
9023,7844,7879
5426,6369,6436
9024,7842,7877
5427,6366,6433
9025,7840,7875
5428,6363,6431
9026,7839,7873
5429,6361,6428
9027,7837,7872
5430,6358,6426
9028,7835,7870
5431,6356,6423
9029,7834,7868
5432,6353,6420
9030,7832,7866
5433,6351,6418
9031,7830,7864
5434,6349,6415
9032,7829,7862
5435,6346,6412
9033,7827,7860
5436,6344,6410
9034,7825,7858
9001,7882,7917
9000,7884,7919
8999,7885,7920
8998,7887,7922
8997,7889,7924
8996,7891,7925
8995,7892,7927
8994,7894,7928
8993,7896,7930
8992,7898,7932
8991,7899,7933
8990,7901,7935
8989,7903,7936
8988,7905,7938
8987,7906,7939
8986,7908,7941
8985,7910,7942
8984,7912,7944
8983,7913,7945
8982,7915,7947
8981,7917,7948
8980,7919,7950
8979,7920,7951
8978,7922,7953
8977,7924,7954
8976,7926,7956
8975,7927,7957
8974,7929,7958
8973,7931,7960
8972,7933,7961
8971,7934,7963
8970,7936,7964
8969,7938,7965
8968,7940,7967
8967,7941,7968
8966,7943,7970
8965,7945,7971
8964,7947,7972
8963,7949,7974
8962,7950,7975
8961,7952,7976
8960,7954,7977
8959,7956,7979
8958,7958,7980
8957,7959,7981
8956,7961,7982
8955,7963,7984
8954,7965,7985
8953,7967,7986
8952,7969,7987
8951,7970,7988
8950,7972,7990
8949,7974,7991
8948,7976,7992
8947,7978,7993
8946,7980,7994
8945,7982,7995
8944,7984,7996
8943,7986,7997
8942,7988,7998
8941,7990,7999
8940,7993,7999
8939,7995,8000
