8943,7985,7989
8944,7982,7989
8945,7980,7988
8946,7978,7988
8947,7976,7987
8948,7974,7986
8949,7971,7985
8950,7969,7984
8951,7967,7983
8952,7965,7982
8953,7964,7981
8954,7962,7979
8955,7960,7978
8956,7958,7977
8957,7956,7976
8958,7954,7975
8959,7952,7973
8960,7950,7972
8961,7949,7971
8962,7947,7970
8963,7945,7968
8964,7943,7967
8965,7941,7966
8966,7939,7964
8967,7938,7963
8968,7936,7962
8969,7934,7960
8970,7932,7959
8971,7930,7958
8972,7929,7956
8973,7927,7955
8974,7925,7954
8975,7923,7952
8976,7921,7951
8977,7920,7949
8978,7918,7948
8979,7916,7946
8980,7914,7945
8981,7912,7943
8982,7911,7942
8983,7909,7941
8984,7907,7939
8985,7905,7938
8986,7904,7936
8987,7902,7935
8988,7900,7933
8989,7898,7931
8990,7897,7930
8991,7895,7928
8992,7893,7927
8993,7891,7925
8994,7889,7924
5414,6396,6454
9012,7858,7894
5413,6399,6455
9011,7860,7896
5412,6403,6457
9010,7861,7897
5411,6407,6458
9009,7863,7899
5410,6411,6459
9008,7865,7901
5409,6415,6460
9007,7867,7903
5408,6420,6461
9006,7868,7904
7641,9674,9675
7642,9673,9676
7643,9672,9676
8995,7888,7922
7644,9672,9676
9038,7814,7845
5440,6330,6388
8996,7886,7921
7648,9672,9675
9000,7879,7914
7647,9672,9676
9041,7809,7839
5443,6324,6379
8999,7881,7916
7646,9671,9676
9040,7810,7841
5442,6326,6382
8998,7882,7917
7645,9671,9676
5444,6323,6375
9042,7807,7837
9039,7812,7843
5441,6328,6385
8997,7884,7919
9043,7806,7835
5445,6321,6372
9001,7877,7913
9044,7804,7832
5446,6320,6369
9045,7802,7830
5447,6318,6365
5406,6430,6461
9004,7872,7908
5407,6424,6461
9005,7870,7906
9003,7874,7909
5405,6436,6460
9002,7875,7911
5404,6444,6457
5415,6393,6452
9013,7856,7892
5416,6389,6450
9014,7854,7891
5417,6386,6448
9015,7853,7889
5418,6383,6446
9016,7851,7887
5419,6380,6444
9017,7849,7885
5420,6377,6442
9018,7847,7883
5421,6374,6440
9019,7846,7882
5422,6371,6437
9020,7844,7880
5423,6368,6435
9021,7842,7878
5424,6366,6433
9022,7840,7876
5425,6363,6430
9023,7839,7874
5426,6360,6428
9024,7837,7872
5427,6358,6425
9025,7835,7871
5428,6355,6423
9026,7834,7869
5429,6353,6420
9027,7832,7867
5430,6351,6417
9028,7830,7865
5431,6348,6415
9029,7829,7863
5432,6346,6412
9030,7827,7861
5433,6344,6409
9031,7825,7859
5434,6342,6406
9032,7823,7857
5435,6339,6403
9033,7822,7855
5436,6337,6401
9034,7820,7853
5437,6335,6398
9035,7818,7851
5438,6333,6395
9036,7817,7849
5439,6331,6391
9037,7815,7847
5448,6317,6361
9046,7801,7828
5449,6316,6358
9047,7799,7826
5450,6315,6354
9048,7798,7823
5451,6314,6350
9049,7796,7821
5452,6313,6346
9050,7795,7819
5453,6313,6341
9051,7794,7816
5454,6313,6336
9052,7792,7814
5455,6314,6331
9053,7791,7811
5456,6316,6323
9054,7790,7809
9055,7788,7806
9056,7787,7803
9057,7786,7800
9058,7786,7797
9059,7785,7794
9060,7786,7789
