5657,7007,7116
5658,6980,7143
5659,6959,7163
5660,6943,7180
5661,6928,7195
5662,6915,7208
5663,6903,7220
5778,7703,7704
5777,7697,7703
5776,7693,7702
5775,7690,7700
5774,7686,7698
5773,7682,7696
5772,7679,7694
5771,7675,7692
5770,7672,7689
5769,7668,7687
5768,7665,7685
5767,7661,7682
5766,7658,7680
5765,7655,7677
5764,7651,7675
5763,7648,7672
5762,7644,7670
5761,7641,7667
5760,7637,7665
5759,7634,7662
5758,7630,7659
5757,7627,7657
5756,7623,7654
5755,7620,7651
5754,7616,7649
5753,7613,7646
5752,7609,7643
5751,7606,7640
5750,7602,7637
5749,7598,7635
5748,7595,7632
5747,7591,7629
5746,7587,7626
5745,7584,7623
5744,7580,7620
5743,7576,7617
5742,7572,7614
5741,7569,7611
5740,7565,7608
5739,7561,7605
5738,7557,7602
5737,7553,7599
5736,7549,7595
5735,7545,7592
5734,7541,7589
5733,7537,7586
5732,7533,7583
5731,7529,7579
5730,7525,7576
5730,6561,6562
7445,8698,8708
7444,8698,8708
7443,8698,8709
7442,8698,8709
7441,8698,8709
7440,8698,8709
7439,8697,8709
7438,8697,8709
7437,8697,8709
7436,8697,8710
7435,8697,8710
7434,8697,8710
7433,8697,8710
5686,7279,7392
5686,6732,6823
9541,6851,7149
5687,7287,7397
5687,6727,6815
9542,6858,7149
5688,7296,7403
5688,6722,6806
9543,6866,7149
5689,7304,7408
5689,6716,6798
9544,6873,7147
5664,6892,7231
9519,6762,6788
5709,7428,7499
5709,6627,6670
5665,6881,7242
9520,6760,6803
7509,9729,9731
5710,7433,7503
5710,6624,6665
5666,6871,7252
9521,6761,6817
7510,9728,9732
5711,7439,7507
5711,6620,6660
5667,6862,7261
9522,6762,6830
7511,9727,9732
5712,7444,7511
5712,6616,6655
5668,6853,7270
9523,6765,6843
7512,9727,9733
5713,7448,7515
5713,6612,6649
5669,6844,7279
9524,6768,6857
7513,9727,9733
5714,7453,7519
5714,6609,6644
5685,7270,7386
5685,6738,6832
9540,6844,7146
5684,7261,7381
5684,6743,6842
9539,6838,7140
5729,7521,7573
5729,6562,6569
5683,7251,7375
5683,6749,6851
9538,6832,7130
5728,7517,7569
5728,6564,6574
5682,7241,7369
5682,6755,6862
9537,6826,7115
5727,7512,7566
5727,6566,6580
5681,7231,7363
5681,6760,6873
9536,6820,7092
5726,7508,7562
5726,6569,6585
5680,7219,7357
5680,6767,6884
9535,6815,7064
5725,7504,7559
5725,6572,6590
5679,7207,7351
5679,6773,6896
9534,6809,7036
5724,7499,7555
5724,6575,6595
5678,7194,7345
5678,6779,6910
9533,6804,7010
5723,7495,7552
5723,6578,6599
5677,7179,7338
5677,6785,6925
9532,6799,6987
5722,7491,7548
5722,6581,6604
5676,7162,7331
5676,6792,6941
9531,6795,6967
5721,7486,7545
5721,6584,6609
5675,7142,7325
5675,6799,6961
9530,6790,6948
7519,9730,9731
5720,7482,7541
5720,6588,6614
5674,7117,7317
5674,6806,6987
9529,6786,6930
7518,9728,9732
5719,7477,7538
5719,6591,6619
5673,7066,7310
5673,6813,7038
9528,6782,6914
7517,9728,9733
5718,7472,7534
5718,6594,6624
5672,6820,7303
9527,6778,6899
7516,9727,9733
5717,7468,7530
5717,6598,6629
5671,6828,7295
9526,6774,6884
7515,9727,9733
5716,7463,7526
5716,6601,6634
5670,6836,7287
9525,6771,6870
7514,9727,9733
5715,7458,7523
5715,6605,6639
7446,8699,8708
7447,8699,8708
7448,8699,8707
7449,8700,8707
7450,8700,8706
7451,8701,8706
7452,8701,8705
7453,8703,8703
7432,8697,8710
7431,8697,8710
7430,8697,8710
7429,8697,8710
7428,8697,8710
7427,8698,8709
7426,8698,8709
7425,8698,8709
7424,8698,8709
7423,8698,8709
7422,8698,8709
7421,8699,8709
7420,8699,8708
7419,8699,8708
7418,8699,8708
7417,8700,8707
7416,8700,8707
7415,8701,8707
7414,8701,8706
7413,8702,8705
9545,6882,7143
5690,7311,7413
5690,6711,6791
9546,6890,7139
5691,7319,7418
5691,6706,6783
9547,6900,7133
5692,7326,7423
5692,6701,6776
9548,6910,7127
5693,7333,7428
5693,6696,6768
9549,6921,7119
5694,7340,7433
5694,6692,6761
9550,6934,7109
5695,7347,7438
5695,6687,6754
9551,6948,7098
5696,7353,7443
5696,6682,6748
9552,6965,7083
5697,7360,7447
5697,6678,6741
9553,6990,7060
5698,7366,7452
5698,6673,6735
5699,7372,7456
5699,6669,6728
5700,7378,7461
5700,6664,6722
5701,7384,7465
5701,6660,6716
5702,7390,7470
5702,6656,6710
5703,7396,7474
5703,6652,6704
5704,7401,7478
5704,6647,6698
5705,7407,7483
5705,6643,6693
5706,7412,7487
5706,6639,6687
5707,7418,7491
5707,6635,6681
5708,7423,7495
5708,6631,6676
