5678,6520,6522
5679,6513,6521
5680,6509,6519
5681,6504,6517
5682,6500,6515
5683,6495,6512
5684,6491,6509
5685,6487,6507
5686,6483,6504
5687,6479,6501
5688,6476,6498
5689,6472,6496
5690,6468,6493
5691,6465,6490
5692,6461,6487
5693,6458,6484
5694,6454,6481
5695,6451,6478
5696,6447,6476
5697,6444,6473
5698,6440,6470
5699,6437,6467
5700,6434,6464
5701,6431,6461
5702,6427,6458
5703,6424,6456
5704,6421,6453
5705,6418,6450
5706,6415,6447
5707,6412,6444
5708,6408,6442
5709,6405,6439
5710,6402,6436
5711,6399,6433
5712,6396,6431
5713,6393,6428
5714,6390,6425
5715,6387,6422
5716,6384,6420
5717,6382,6417
5718,6379,6414
5719,6376,6411
5720,6373,6409
5721,6370,6406
5722,6367,6403
5723,6364,6401
5724,6362,6398
5725,6359,6396
5726,6356,6393
5727,6353,6390
5728,6351,6388
5729,6348,6385
5730,6345,6382
5731,6343,6380
5732,6340,6377
5733,6337,6375
5734,6335,6372
5735,6332,6370
5736,6329,6367
5737,6327,6365
5738,6324,6362
5739,6322,6359
5740,6319,6357
5741,6316,6354
5742,6314,6352
5743,6311,6350
5744,6309,6347
5745,6306,6345
5746,6304,6342
5747,6301,6340
5748,6299,6337
5749,6296,6335
5750,6294,6332
5751,6291,6330
5752,6289,6328
5753,6287,6325
5754,6284,6323
5755,6282,6320
5756,6279,6318
5757,6277,6316
5758,6275,6313
5759,6272,6311
5760,6270,6309
5761,6267,6306
5762,6265,6304
5763,6263,6302
5764,6260,6299
5765,6258,6297
5766,6256,6295
5767,6254,6292
5768,6251,6290
5769,6249,6288
5770,6247,6286
5771,6244,6283
5772,6242,6281
5773,6240,6279
5774,6238,6277
5775,6235,6274
5776,6233,6272
5777,6231,6270
5778,6229,6268
5779,6227,6265
5780,6224,6263
5781,6222,6261
5782,6220,6259
5783,6218,6257
5784,6216,6255
5785,6214,6252
5786,6211,6250
5787,6209,6248
5788,6207,6246
5789,6205,6244
5790,6203,6242
5791,6201,6239
5792,6199,6237
5793,6197,6235
5794,6194,6233
5795,6192,6231
5796,6190,6229
5797,6188,6227
5798,6186,6225
5799,6184,6223
5800,6182,6221
5801,6180,6219
5802,6178,6216
5803,6176,6214
5804,6174,6212
5805,6172,6210
5806,6170,6208
5807,6168,6206
5808,6166,6204
5809,6164,6202
5810,6162,6200
5811,6160,6198
5812,6158,6196
5813,6156,6194
5814,6154,6192
5815,6152,6190
5816,6150,6188
5817,6148,6186
5818,6146,6184
5819,6144,6182
5820,6142,6180
5821,6140,6178
5822,6138,6176
5823,6137,6175
5824,6135,6173
5825,6133,6171
5826,6131,6169
5827,6129,6167
5828,6127,6165
5829,6125,6163
5830,6123,6161
5831,6121,6159
5832,6120,6157
5833,6118,6155
5834,6116,6153
5835,6114,6152
5836,6112,6150
5837,6110,6148
5838,6108,6146
5839,6107,6144
5840,6105,6142
5841,6103,6140
5842,6101,6138
5843,6099,6137
5844,6098,6135
5845,6096,6133
5846,6094,6131
5847,6092,6129
5848,6090,6127
5849,6089,6126
5850,6087,6124
5851,6085,6122
5852,6083,6120
5853,6081,6118
5854,6080,6117
5855,6078,6115
5856,6076,6113
5857,6074,6111
5858,6073,6109
5859,6071,6108
5860,6069,6106
5861,6067,6104
5862,6066,6102
5863,6064,6101
5864,6062,6099
5865,6061,6097
5866,6059,6095
5867,6057,6094
5868,6055,6092
5869,6054,6090
5870,6052,6088
5871,6050,6087
5872,6049,6085
5873,6047,6083
5874,6045,6082
5875,6044,6080
5876,6042,6078
5877,6040,6076
5878,6039,6075
5879,6037,6073
5880,6035,6071
5881,6034,6070
5882,6032,6068
5883,6030,6066
5884,6029,6065
5885,6027,6063
5886,6025,6061
5887,6024,6060
5888,6022,6058
5889,6021,6056
5890,6019,6055
5891,6017,6053
5892,6016,6051
5893,6014,6050
5894,6013,6048
5895,6011,6046
5896,6009,6045
5897,6008,6043
5898,6006,6041
5899,6005,6040
5900,6003,6038
5901,6001,6037
5902,6000,6035
5903,5998,6033
5904,5997,6032
5905,5995,6030
5906,5994,6029
5907,5992,6027
5908,5990,6025
5909,5989,6024
5910,5987,6022
5911,5986,6021
5912,5984,6019
5913,5983,6017
5914,5981,6016
5915,5980,6014
5916,5978,6013
5917,5977,6011
5918,5975,6010
5919,5974,6008
5920,5972,6007
5921,5970,6005
5922,5969,6003
5923,5967,6002
5924,5966,6000
5925,5964,5999
5926,5963,5997
5927,5961,5996
5928,5960,5994
5929,5958,5993
5930,5957,5991
5931,5956,5990
5932,5954,5988
5933,5953,5987
5934,5951,5985
5935,5950,5984
5936,5948,5982
5937,5947,5981
5938,5945,5979
5939,5944,5978
5940,5942,5976
5941,5941,5975
5942,5939,5973
5943,5938,5972
5944,5936,5970
5945,5935,5969
5946,5934,5967
5947,5932,5966
5948,5931,5964
5949,5929,5963
5950,5928,5961
5951,5926,5960
5952,5925,5958
5953,5924,5957
5954,5922,5956
5955,5921,5954
5956,5919,5953
5957,5918,5951
5958,5917,5950
5959,5915,5948
5960,5914,5947
5961,5912,5945
5962,5911,5944
5963,5910,5943
5964,5908,5941
5965,5907,5940
5966,5905,5938
5967,5904,5937
5968,5903,5935
5969,5901,5934
5970,5900,5933
5971,5898,5931
5972,5897,5930
5973,5896,5928
5974,5894,5927
5975,5893,5926
5976,5892,5924
5977,5890,5923
5978,5889,5921
5979,5888,5920
5980,5886,5919
5981,5885,5917
5982,5884,5916
5983,5882,5915
5984,5881,5913
5985,5880,5912
5986,5878,5910
5987,5877,5909
5988,5876,5908
5989,5874,5906
5990,5873,5905
5991,5872,5904
5992,5870,5902
5993,5869,5901
5994,5868,5900
5995,5866,5898
5996,5865,5897
5997,5864,5896
5998,5862,5894
5999,5861,5893
6000,5860,5892
6001,5858,5890
6002,5857,5889
6003,5856,5888
6004,5855,5886
6005,5853,5885
6006,5852,5884
6007,5851,5882
6008,5849,5881
6009,5848,5880
6010,5847,5878
6011,5846,5877
6012,5844,5876
6013,5843,5874
6014,5842,5873
6015,5840,5872
6016,5839,5871
6017,5838,5869
6018,5837,5868
6019,5835,5867
6020,5834,5865
6021,5833,5864
6022,5832,5863
6023,5830,5862
6024,5829,5860
6025,5828,5859
6026,5827,5858
6027,5825,5856
6028,5824,5855
6029,5823,5854
6030,5822,5853
6031,5820,5851
6032,5819,5850
6033,5818,5849
6034,5817,5848
6035,5816,5846
6036,5814,5845
6037,5813,5844
6038,5812,5843
6039,5811,5841
6040,5809,5840
6041,5808,5839
6042,5807,5838
6043,5806,5836
6044,5805,5835
6045,5803,5834
6046,5802,5833
6047,5801,5831
6048,5800,5830
6049,5799,5829
6050,5797,5828
6051,5796,5827
6052,5795,5825
6053,5794,5824
6054,5793,5823
6055,5791,5822
6056,5790,5820
6057,5789,5819
6058,5788,5818
6059,5787,5817
6060,5786,5816
6061,5784,5814
6062,5783,5813
6063,5782,5812
6064,5781,5811
6065,5780,5810
6066,5778,5808
6067,5777,5807
6068,5776,5806
6069,5775,5805
6070,5774,5804
6071,5773,5802
6072,5772,5801
6073,5770,5800
6074,5769,5799
6075,5768,5798
6076,5767,5797
6077,5766,5795
6078,5765,5794
6079,5763,5793
6080,5762,5792
6081,5761,5791
6082,5760,5790
6083,5759,5788
6084,5758,5787
6085,5757,5786
6086,5756,5785
6087,5754,5784
6088,5753,5783
6089,5752,5782
6090,5751,5780
6091,5750,5779
6092,5749,5778
6093,5748,5777
6094,5747,5776
6095,5745,5775
6096,5744,5774
6097,5743,5772
6098,5742,5771
6099,5741,5770
6100,5740,5769
6101,5739,5768
6102,5738,5767
6103,5737,5766
6104,5736,5765
6105,5734,5763
6106,5733,5762
6107,5732,5761
6108,5731,5760
6109,5730,5759
6110,5729,5758
6111,5728,5757
6112,5727,5756
6113,5726,5754
6114,5725,5753
6115,5724,5752
6116,5722,5751
6117,5721,5750
6118,5720,5749
6119,5719,5748
6120,5718,5747
6121,5717,5746
6122,5716,5745
6123,5715,5743
6124,5714,5742
6125,5713,5741
6126,5712,5740
6127,5711,5739
6128,5710,5738
6129,5709,5737
6130,5708,5736
6131,5706,5735
6132,5705,5734
6133,5704,5733
6134,5703,5732
6135,5702,5731
6136,5701,5729
6137,5700,5728
6138,5699,5727
6139,5698,5726
6140,5697,5725
6141,5696,5724
6142,5695,5723
6143,5694,5722
6144,5693,5721
6145,5692,5720
6146,5691,5719
6147,5690,5718
6148,5689,5717
6149,5688,5716
6150,5687,5715
6151,5686,5714
6152,5685,5713
6153,5684,5712
6154,5683,5711
6155,5682,5709
6156,5681,5708
6157,5680,5707
6158,5679,5706
6159,5678,5705
6160,5677,5704
6161,5676,5703
6162,5675,5702
6163,5674,5701
6164,5673,5700
6165,5672,5699
6166,5671,5698
6167,5670,5697
6168,5669,5696
6169,5668,5695
6170,5667,5694
6171,5666,5693
6172,5665,5692
6173,5664,5691
6174,5663,5690
6175,5662,5689
6176,5661,5688
6177,5660,5687
6178,5659,5686
6179,5658,5685
6180,5657,5684
6181,5656,5683
6182,5655,5682
6183,5654,5681
6184,5653,5680
6185,5652,5679
6186,5651,5678
6187,5650,5677
6188,5649,5676
6189,5648,5675
6190,5647,5674
6191,5646,5673
6192,5645,5672
6193,5644,5671
6194,5643,5670
6195,5642,5669
6196,5641,5668
6197,5640,5667
6198,5639,5666
6199,5638,5665
6200,5637,5664
6201,5636,5663
6202,5635,5662
6203,5635,5661
6204,5634,5660
6205,5633,5659
6206,5632,5658
6207,5631,5657
6208,5630,5657
6209,5629,5656
6210,5628,5655
6211,5627,5654
6212,5626,5653
6213,5625,5652
6214,5624,5651
6215,5623,5650
6216,5622,5649
6217,5621,5648
6218,5620,5647
6219,5620,5646
6220,5619,5645
6221,5618,5644
6222,5617,5643
6223,5616,5642
6224,5615,5641
6225,5614,5640
6226,5613,5639
6227,5612,5639
6228,5611,5638
6229,5610,5637
6230,5609,5636
6231,5609,5635
6232,5608,5634
6233,5607,5633
6234,5606,5632
6235,5605,5631
6236,5604,5630
6237,5603,5629
6238,5602,5628
6239,5601,5627
6240,5600,5626
6241,5599,5626
6242,5599,5625
6243,5598,5624
6244,5597,5623
6245,5596,5622
6246,5595,5621
6247,5594,5620
6248,5593,5619
6249,5592,5618
6250,5591,5617
6251,5591,5616
6252,5590,5616
6253,5589,5615
6254,5588,5614
6255,5587,5613
6256,5586,5612
6257,5585,5611
6258,5584,5610
6259,5583,5609
6260,5583,5608
6261,5582,5607
6262,5581,5607
6263,5580,5606
6264,5579,5605
6265,5578,5604
6266,5577,5603
6267,5577,5602
6268,5576,5601
6269,5575,5600
6270,5574,5600
6271,5573,5599
6272,5572,5598
6273,5571,5597
6274,5570,5596
6275,5570,5595
6276,5569,5594
6277,5568,5593
6278,5567,5593
6279,5566,5592
6280,5565,5591
6281,5564,5590
6282,5564,5589
6283,5563,5588
6284,5562,5587
6285,5561,5586
6286,5560,5586
6287,5559,5585
6288,5559,5584
6289,5558,5583
6290,5557,5582
6291,5556,5581
6292,5555,5580
6293,5554,5580
6294,5554,5579
6295,5553,5578
6296,5552,5577
6297,5551,5576
6298,5550,5575
6299,5549,5574
6300,5549,5574
6301,5548,5573
6302,5547,5572
6303,5546,5571
6304,5545,5570
6305,5544,5569
6306,5544,5569
6307,5543,5568
6308,5542,5567
6309,5541,5566
6310,5540,5565
6311,5539,5564
6312,5539,5564
6313,5538,5563
6314,5537,5562
6315,5536,5561
6316,5535,5560
6317,5535,5559
6318,5534,5559
6319,5533,5558
6320,5532,5557
6321,5531,5556
6322,5531,5555
6323,5530,5555
6324,5529,5554
6325,5528,5553
6326,5527,5552
6327,5527,5551
6328,5526,5550
6329,5525,5550
6330,5524,5549
6331,5523,5548
6332,5523,5547
6333,5522,5546
6334,5521,5546
6335,5520,5545
6336,5519,5544
6337,5519,5543
6338,5518,5542
6339,5517,5542
6340,5516,5541
6341,5515,5540
6342,5515,5539
6343,5514,5538
6344,5513,5538
6345,5512,5537
6346,5512,5536
6347,5511,5535
6348,5510,5534
6349,5509,5534
6350,5508,5533
6351,5508,5532
6352,5507,5531
6353,5506,5530
6354,5505,5530
6355,5505,5529
6356,5504,5528
6357,5503,5527
6358,5502,5527
6359,5502,5526
6360,5501,5525
6361,5500,5524
6362,5499,5523
6363,5498,5523
6364,5498,5522
6365,5497,5521
6366,5496,5520
6367,5495,5520
6368,5495,5519
6369,5494,5518
6370,5493,5517
6371,5492,5516
6372,5492,5516
6373,5491,5515
6374,5490,5514
6375,5489,5513
6376,5489,5513
6377,5488,5512
6378,5487,5511
6379,5486,5510
6380,5486,5510
6381,5485,5509
6382,5484,5508
6383,5483,5507
6384,5483,5507
6385,5482,5506
6386,5481,5505
6387,5480,5504
6388,5480,5504
6389,5479,5503
6390,5478,5502
6391,5478,5501
6392,5477,5501
6393,5476,5500
6394,5475,5499
6395,5475,5498
6396,5474,5498
6397,5473,5497
6398,5472,5496
6399,5472,5495
6400,5471,5495
6401,5470,5494
6402,5470,5493
6403,5469,5492
6404,5468,5492
6405,5467,5491
6406,5467,5490
6407,5466,5490
6408,5465,5489
6409,5464,5488
6410,5464,5487
6411,5463,5487
6412,5462,5486
6413,5462,5485
6414,5461,5484
6415,5460,5484
6416,5459,5483
6417,5459,5482
6418,5458,5482
6419,5457,5481
6420,5457,5480
6421,5456,5479
6422,5455,5479
6423,5455,5478
6424,5454,5477
6425,5453,5477
6426,5452,5476
6427,5452,5475
6428,5451,5474
6429,5450,5474
6430,5450,5473
6431,5449,5472
6432,5448,5472
6433,5448,5471
6434,5447,5470
6435,5446,5469
6436,5445,5469
6437,5445,5468
6438,5444,5467
6439,5443,5467
6440,5443,5466
6441,5442,5465
6442,5441,5465
6443,5441,5464
6444,5440,5463
6445,5439,5462
6446,5439,5462
6447,5438,5461
6448,5437,5460
6449,5437,5460
6450,5436,5459
6451,5435,5458
6452,5435,5458
6453,5434,5457
6454,5433,5456
6455,5433,5456
6456,5432,5455
6457,5431,5454
6458,5431,5454
6459,5430,5453
6460,5429,5452
6461,5428,5452
6462,5428,5451
6463,5427,5450
6464,5426,5449
6465,5426,5449
6466,5425,5448
6467,5424,5447
6468,5424,5447
6469,5423,5446
6470,5423,5445
6471,5422,5445
6472,5421,5444
6473,5421,5443
6474,5420,5443
6475,5419,5442
6476,5419,5441
6477,5418,5441
6478,5417,5440
6479,5417,5439
6480,5416,5439
6481,5415,5438
6482,5415,5437
6483,5414,5437
6484,5413,5436
6485,5413,5435
6486,5412,5435
6487,5411,5434
6488,5411,5434
6489,5410,5433
6490,5409,5432
6491,5409,5432
6492,5408,5431
6493,5408,5430
6494,5407,5430
6495,5406,5429
6496,5406,5428
6497,5405,5428
6498,5404,5427
6499,5404,5426
6500,5403,5426
6501,5402,5425
6502,5402,5424
6503,5401,5424
6504,5401,5423
6505,5400,5423
6506,5399,5422
6507,5399,5421
6508,5398,5421
6509,5397,5420
6510,5397,5419
6511,5396,5419
6512,5396,5418
6513,5395,5417
6514,5394,5417
6515,5394,5416
6516,5393,5416
6517,5392,5415
6518,5392,5414
6519,5391,5414
6520,5391,5413
6521,5390,5412
6522,5389,5412
6523,5389,5411
6524,5388,5411
6525,5387,5410
6526,5387,5409
6527,5386,5409
6528,5386,5408
6529,5385,5407
6530,5384,5407
6531,5384,5406
6532,5383,5406
6533,5383,5405
6534,5382,5404
6535,5381,5404
6536,5381,5403
6537,5380,5402
6538,5380,5402
6539,5379,5401
6540,5378,5401
6541,5378,5400
6542,5377,5399
6543,5377,5399
6544,5376,5398
6545,5375,5398
6546,5375,5397
6547,5374,5396
6548,5374,5396
6549,5373,5395
6550,5372,5395
6551,5372,5394
6552,5371,5393
6553,5371,5393
6554,5370,5392
6555,5369,5392
6556,5369,5391
6557,5368,5390
6558,5368,5390
6559,5367,5389
6560,5367,5389
6561,5366,5388
6562,5365,5387
6563,5365,5387
6564,5364,5386
6565,5364,5386
6566,5363,5385
6567,5362,5384
6568,5362,5384
6569,5361,5383
6570,5361,5383
6571,5360,5382
6572,5360,5382
6573,5359,5381
6574,5358,5380
6575,5358,5380
6576,5357,5379
6577,5357,5379
6578,5356,5378
6579,5356,5377
6580,5355,5377
6581,5354,5376
6582,5354,5376
6583,5353,5375
6584,5353,5375
6585,5352,5374
6586,5352,5373
6587,5351,5373
6588,5350,5372
6589,5350,5372
6590,5349,5371
6591,5349,5371
6592,5348,5370
6593,5348,5369
6594,5347,5369
6595,5347,5368
6596,5346,5368
6597,5345,5367
6598,5345,5367
6599,5344,5366
6600,5344,5365
6601,5343,5365
6602,5343,5364
6603,5342,5364
6604,5342,5363
6605,5341,5363
6606,5340,5362
6607,5340,5362
6608,5339,5361
6609,5339,5360
6610,5338,5360
6611,5338,5359
6612,5337,5359
6613,5337,5358
6614,5336,5358
6615,5336,5357
6616,5335,5357
6617,5334,5356
6618,5334,5356
6619,5333,5355
6620,5333,5354
6621,5332,5354
6622,5332,5353
6623,5331,5353
6624,5331,5352
6625,5330,5352
6626,5330,5351
6627,5329,5351
6628,5329,5350
6629,5328,5350
6630,5327,5349
6631,5327,5348
6632,5326,5348
6633,5326,5347
6634,5325,5347
6635,5325,5346
6636,5324,5346
6637,5324,5345
6638,5323,5345
6639,5323,5344
6640,5322,5344
6641,5322,5343
6642,5321,5343
6643,5321,5342
6644,5320,5342
6645,5320,5341
6646,5319,5340
6647,5319,5340
6648,5318,5339
6649,5318,5339
6650,5317,5338
6651,5316,5338
6652,5316,5337
6653,5315,5337
6654,5315,5336
6655,5314,5336
6656,5314,5335
6657,5313,5335
6658,5313,5334
6659,5312,5334
6660,5312,5333
6661,5311,5333
6662,5311,5332
6663,5310,5332
6664,5310,5331
6665,5309,5331
6666,5309,5330
6667,5308,5330
6668,5308,5329
6669,5307,5329
6670,5307,5328
6671,5306,5328
6672,5306,5327
6673,5305,5327
6674,5305,5326
6675,5304,5326
6676,5304,5325
6677,5303,5325
6678,5303,5324
6679,5302,5324
6680,5302,5323
6681,5301,5323
6682,5301,5322
6683,5300,5322
6684,5300,5321
6685,5299,5321
6686,5299,5320
6687,5298,5320
6688,5298,5319
6689,5297,5319
6690,5297,5318
6691,5296,5318
6692,5296,5317
6693,5295,5317
6694,5295,5316
6695,5295,5316
6696,5294,5315
6697,5294,5315
6698,5293,5314
6699,5293,5314
6700,5292,5313
6701,5292,5313
6702,5291,5312
6703,5291,5312
6704,5290,5311
6705,5290,5311
6706,5289,5310
6707,5289,5310
6708,5288,5309
6709,5288,5309
6710,5287,5308
6711,5287,5308
6712,5286,5307
6713,5286,5307
6714,5285,5306
6715,5285,5306
6716,5284,5305
6717,5284,5305
6718,5284,5304
6719,5283,5304
6720,5283,5304
6721,5282,5303
6722,5282,5303
6723,5281,5302
6724,5281,5302
6725,5280,5301
6726,5280,5301
6727,5279,5300
6728,5279,5300
6729,5278,5299
6730,5278,5299
6731,5278,5298
6732,5277,5298
6733,5277,5297
6734,5276,5297
6735,5276,5297
6736,5275,5296
6737,5275,5296
6738,5274,5295
6739,5274,5295
6740,5273,5294
6741,5273,5294
6742,5273,5293
6743,5272,5293
6744,5272,5292
6745,5271,5292
6746,5271,5291
6747,5270,5291
6748,5270,5291
6749,5269,5290
6750,5269,5290
6751,5268,5289
6752,5268,5289
6753,5268,5288
6754,5267,5288
6755,5267,5287
6756,5266,5287
6757,5266,5287
6758,5265,5286
6759,5265,5286
6760,5264,5285
6761,5264,5285
6762,5264,5284
6763,5263,5284
6764,5263,5283
6765,5262,5283
6766,5262,5283
6767,5261,5282
6768,5261,5282
6769,5261,5281
6770,5260,5281
6771,5260,5280
6772,5259,5280
6773,5259,5279
6774,5258,5279
6775,5258,5279
6776,5258,5278
6777,5257,5278
6778,5257,5277
6779,5256,5277
6780,5256,5276
6781,5255,5276
6782,5255,5276
6783,5255,5275
6784,5254,5275
6785,5254,5274
6786,5253,5274
6787,5253,5273
6788,5252,5273
6789,5252,5273
6790,5252,5272
6791,5251,5272
6792,5251,5271
6793,5250,5271
6794,5250,5270
6795,5250,5270
6796,5249,5270
6797,5249,5269
6798,5248,5269
6799,5248,5268
6800,5247,5268
6801,5247,5267
6802,5247,5267
6803,5246,5267
6804,5246,5266
6805,5245,5266
6806,5245,5265
6807,5245,5265
6808,5244,5265
6809,5244,5264
6810,5243,5264
6811,5243,5263
6812,5243,5263
6813,5242,5263
6814,5242,5262
6815,5241,5262
6816,5241,5261
6817,5240,5261
6818,5240,5260
6819,5240,5260
6820,5239,5260
6821,5239,5259
6822,5238,5259
6823,5238,5258
6824,5238,5258
6825,5237,5258
6826,5237,5257
6827,5236,5257
6828,5236,5256
6829,5236,5256
6830,5235,5256
6831,5235,5255
6832,5235,5255
6833,5234,5254
6834,5234,5254
6835,5233,5254
6836,5233,5253
6837,5233,5253
6838,5232,5252
6839,5232,5252
6840,5231,5252
6841,5231,5251
6842,5231,5251
6843,5230,5251
6844,5230,5250
6845,5229,5250
6846,5229,5249
6847,5229,5249
6848,5228,5249
6849,5228,5248
6850,5228,5248
6851,5227,5247
6852,5227,5247
6853,5226,5247
6854,5226,5246
6855,5226,5246
6856,5225,5246
6857,5225,5245
6858,5225,5245
6859,5224,5244
6860,5224,5244
6861,5223,5244
6862,5223,5243
6863,5223,5243
6864,5222,5242
6865,5222,5242
6866,5222,5242
6867,5221,5241
6868,5221,5241
6869,5220,5241
6870,5220,5240
6871,5220,5240
6872,5219,5239
6873,5219,5239
6874,5219,5239
6875,5218,5238
6876,5218,5238
6877,5217,5238
6878,5217,5237
6879,5217,5237
6880,5216,5237
6881,5216,5236
6882,5216,5236
6883,5215,5235
6884,5215,5235
6885,5215,5235
6886,5214,5234
6887,5214,5234
6888,5214,5234
6889,5213,5233
6890,5213,5233
6891,5212,5233
6892,5212,5232
6893,5212,5232
6894,5211,5231
6895,5211,5231
6896,5211,5231
6897,5210,5230
6898,5210,5230
6899,5210,5230
6900,5209,5229
6901,5209,5229
6902,5209,5229
6903,5208,5228
6904,5208,5228
6905,5208,5228
6906,5207,5227
6907,5207,5227
6908,5206,5226
6909,5206,5226
6910,5206,5226
6911,5205,5225
6912,5205,5225
6913,5205,5225
6914,5204,5224
6915,5204,5224
6916,5204,5224
6917,5203,5223
6918,5203,5223
6919,5203,5223
6920,5202,5222
6921,5202,5222
6922,5202,5222
6923,5201,5221
6924,5201,5221
6925,5201,5221
6926,5200,5220
6927,5200,5220
6928,5200,5220
6929,5199,5219
6930,5199,5219
6931,5199,5219
6932,5198,5218
6933,5198,5218
6934,5198,5218
6935,5197,5217
6936,5197,5217
6937,5197,5217
6938,5196,5216
6939,5196,5216
6940,5196,5216
6941,5195,5215
6942,5195,5215
6943,5195,5215
6944,5194,5214
6945,5194,5214
6946,5194,5214
6947,5193,5213
6948,5193,5213
6949,5193,5213
6950,5192,5212
6951,5192,5212
6952,5192,5212
6953,5192,5211
6954,5191,5211
6955,5191,5211
6956,5191,5210
6957,5190,5210
6958,5190,5210
6959,5190,5209
6960,5189,5209
6961,5189,5209
6962,5189,5209
6963,5188,5208
6964,5188,5208
6965,5188,5208
6966,5187,5207
6967,5187,5207
6968,5187,5207
6969,5187,5206
6970,5186,5206
6971,5186,5206
6972,5186,5205
6973,5185,5205
6974,5185,5205
6975,5185,5204
6976,5184,5204
6977,5184,5204
6978,5184,5204
6979,5183,5203
6980,5183,5203
6981,5183,5203
6982,5183,5202
6983,5182,5202
6984,5182,5202
6985,5182,5201
6986,5181,5201
6987,5181,5201
6988,5181,5200
6989,5180,5200
6990,5180,5200
6991,5180,5200
6992,5180,5199
6993,5179,5199
6994,5179,5199
6995,5179,5198
6996,5178,5198
6997,5178,5198
6998,5178,5197
6999,5177,5197
7000,5177,5197
7001,5177,5197
7002,5177,5196
7003,5176,5196
7004,5176,5196
7005,5176,5195
7006,5175,5195
7007,5175,5195
7008,5175,5195
7009,5175,5194
7010,5174,5194
7011,5174,5194
7012,5174,5193
7013,5173,5193
7014,5173,5193
7015,5173,5193
7016,5173,5192
7017,5172,5192
7018,5172,5192
7019,5172,5191
7020,5171,5191
7021,5171,5191
7022,5171,5191
7023,5171,5190
7024,5170,5190
7025,5170,5190
7026,5170,5189
7027,5170,5189
7028,5169,5189
7029,5169,5189
7030,5169,5188
7031,5168,5188
7032,5168,5188
7033,5168,5188
7034,5168,5187
7035,5167,5187
7036,5167,5187
7037,5167,5186
7038,5167,5186
7039,5166,5186
7040,5166,5186
7041,5166,5185
7042,5165,5185
7043,5165,5185
7044,5165,5185
7045,5165,5184
7046,5164,5184
7047,5164,5184
7048,5164,5183
7049,5164,5183
7050,5163,5183
7051,5163,5183
7052,5163,5182
7053,5163,5182
7054,5162,5182
7055,5162,5182
8342,5270,5290
8343,5270,5291
8344,5271,5291
8345,5271,5292
8346,5271,5292
8347,5272,5293
8348,5272,5293
8349,5273,5294
8350,5273,5294
8351,5274,5294
8352,5274,5295
8353,5275,5295
8354,5275,5296
8355,5275,5296
8356,5276,5297
8357,5276,5297
8358,5277,5298
8359,5277,5298
8360,5278,5299
8361,5278,5299
8362,5279,5300
8363,5279,5300
8364,5280,5301
8365,5280,5301
8366,5281,5301
8367,5281,5302
8368,5281,5302
8369,5282,5303
8370,5282,5303
8371,5283,5304
8372,5283,5304
8373,5284,5305
8374,5284,5305
8375,5285,5306
8376,5285,5306
8377,5286,5307
8378,5286,5307
8379,5287,5308
8380,5287,5308
8381,5288,5309
8382,5288,5309
8383,5289,5310
8384,5289,5310
8385,5289,5310
8386,5290,5311
8387,5290,5311
8388,5291,5312
8389,5291,5312
8390,5292,5313
8391,5292,5313
8392,5293,5314
8393,5293,5314
8394,5294,5315
8395,5294,5315
8396,5295,5316
8397,5295,5316
8398,5296,5317
8399,5296,5317
8400,5297,5318
8401,5297,5318
8402,5298,5319
8403,5298,5319
8404,5299,5320
8405,5299,5320
8406,5300,5321
8407,5300,5321
8408,5301,5322
8409,5301,5322
8410,5302,5323
8411,5302,5323
8412,5303,5324
8413,5303,5324
8414,5304,5325
8415,5304,5325
8416,5305,5326
8417,5305,5326
8418,5306,5327
8419,5306,5327
8420,5307,5328
8421,5307,5328
8422,5308,5329
8423,5308,5329
8424,5309,5330
8425,5309,5330
8426,5310,5331
8427,5310,5331
8428,5311,5332
8429,5311,5332
8430,5312,5333
8431,5312,5333
8432,5313,5334
8433,5313,5335
8434,5314,5335
8435,5314,5336
8436,5315,5336
8437,5315,5337
8438,5316,5337
8439,5316,5338
8440,5317,5338
8441,5317,5339
8442,5318,5339
8443,5318,5340
8444,5319,5340
8445,5319,5341
8446,5320,5341
8447,5320,5342
8448,5321,5342
8449,5321,5343
8450,5322,5343
8451,5323,5344
8452,5323,5344
8453,5324,5345
8454,5324,5346
8455,5325,5346
8456,5325,5347
8457,5326,5347
8458,5326,5348
8459,5327,5348
8460,5327,5349
8461,5328,5349
8462,5328,5350
8463,5329,5350
8464,5329,5351
8465,5330,5351
8466,5330,5352
8467,5331,5353
8468,5332,5353
8469,5332,5354
8470,5333,5354
8471,5333,5355
8472,5334,5355
8473,5334,5356
8474,5335,5356
8475,5335,5357
8476,5336,5357
8477,5336,5358
8478,5337,5359
8479,5337,5359
8480,5338,5360
8481,5339,5360
8482,5339,5361
8483,5340,5361
8484,5340,5362
8485,5341,5362
8486,5341,5363
8487,5342,5364
8488,5342,5364
8489,5343,5365
8490,5344,5365
8491,5344,5366
8492,5345,5366
8493,5345,5367
8494,5346,5368
8495,5346,5368
8496,5347,5369
8497,5347,5369
8498,5348,5370
8499,5349,5370
8500,5349,5371
8501,5350,5371
8502,5350,5372
8503,5351,5373
8504,5351,5373
8505,5352,5374
8506,5352,5374
8507,5353,5375
8508,5354,5375
8509,5354,5376
8510,5355,5377
8511,5355,5377
8512,5356,5378
8513,5356,5378
8514,5357,5379
8515,5358,5380
8516,5358,5380
8517,5359,5381
8518,5359,5381
8519,5360,5382
8520,5360,5382
8521,5361,5383
8522,5362,5384
8523,5362,5384
8524,5363,5385
8525,5363,5385
8526,5364,5386
8527,5365,5387
8528,5365,5387
8529,5366,5388
8530,5366,5388
8531,5367,5389
8532,5367,5390
8533,5368,5390
8534,5369,5391
8535,5369,5391
8536,5370,5392
8537,5370,5393
8538,5371,5393
8539,5372,5394
8540,5372,5394
8541,5373,5395
8542,5373,5396
8543,5374,5396
8544,5375,5397
8545,5375,5397
8546,5376,5398
8547,5376,5399
8548,5377,5399
8549,5378,5400
8550,5378,5400
8551,5379,5401
8552,5379,5402
8553,5380,5402
8554,5381,5403
8555,5381,5403
8556,5382,5404
8557,5382,5405
8558,5383,5405
8559,5384,5406
8560,5384,5407
8561,5385,5407
8562,5385,5408
8563,5386,5408
8564,5387,5409
8565,5387,5410
8566,5388,5410
8567,5388,5411
8568,5389,5411
8569,5390,5412
8570,5390,5413
8571,5391,5413
8572,5392,5414
8573,5392,5415
8574,5393,5415
8575,5393,5416
8576,5394,5417
8577,5395,5417
8578,5395,5418
8579,5396,5418
8580,5397,5419
8581,5397,5420
8582,5398,5420
8583,5398,5421
8584,5399,5422
8585,5400,5422
8586,5400,5423
8587,5401,5424
8588,5402,5424
8589,5402,5425
8590,5403,5425
8591,5403,5426
8592,5404,5427
8593,5405,5427
8594,5405,5428
8595,5406,5429
8596,5407,5429
8597,5407,5430
8598,5408,5431
8599,5409,5431
8600,5409,5432
8601,5410,5433
8602,5410,5433
8603,5411,5434
8604,5412,5435
8605,5412,5435
8606,5413,5436
8607,5414,5437
8608,5414,5437
8609,5415,5438
8610,5416,5438
8611,5416,5439
8612,5417,5440
8613,5418,5440
8614,5418,5441
8615,5419,5442
8616,5420,5442
8617,5420,5443
8618,5421,5444
8619,5422,5444
8620,5422,5445
8621,5423,5446
8622,5424,5446
8623,5424,5447
8624,5425,5448
8625,5426,5449
8626,5426,5449
8627,5427,5450
8628,5428,5451
8629,5428,5451
8630,5429,5452
8631,5430,5453
8632,5430,5453
8633,5431,5454
8634,5432,5455
8635,5432,5455
8674,5459,5483
8675,5460,5483
8676,5461,5484
8677,5461,5485
8678,5462,5486
8679,5463,5486
8680,5463,5487
8681,5464,5488
8682,5465,5489
8683,5466,5489
8684,5466,5490
8685,5467,5491
8686,5468,5491
8687,5468,5492
8688,5469,5493
8689,5470,5494
8690,5471,5494
8691,5471,5495
8692,5472,5496
8693,5473,5497
8694,5474,5497
8695,5474,5498
8696,5475,5499
8697,5476,5500
8698,5476,5500
8699,5477,5501
8700,5478,5502
8701,5479,5503
8702,5479,5503
8703,5480,5504
8704,5481,5505
8705,5482,5506
8706,5482,5506
8707,5483,5507
8708,5484,5508
8709,5485,5509
8710,5485,5509
8711,5486,5510
8712,5487,5511
8713,5488,5512
8714,5488,5512
8715,5489,5513
8716,5490,5514
8717,5491,5515
8718,5491,5515
8719,5492,5516
8720,5493,5517
8721,5494,5518
8722,5494,5518
8723,5495,5519
8724,5496,5520
8725,5497,5521
8726,5497,5522
8727,5498,5522
8728,5499,5523
8729,5500,5524
8730,5500,5525
8731,5501,5525
8732,5502,5526
8733,5503,5527
8734,5503,5528
8735,5504,5529
8736,5505,5529
8737,5506,5530
8738,5507,5531
8739,5507,5532
8740,5508,5532
8741,5509,5533
8742,5510,5534
8743,5510,5535
8744,5511,5536
8745,5512,5536
8746,5513,5537
8747,5514,5538
8748,5514,5539
8749,5515,5540
8750,5516,5540
8751,5517,5541
8752,5517,5542
8753,5518,5543
8754,5519,5544
8755,5520,5544
8756,5521,5545
8757,5521,5546
8758,5522,5547
8759,5523,5548
8760,5524,5548
8761,5525,5549
8762,5525,5550
8763,5526,5551
8764,5527,5552
8765,5528,5553
8766,5529,5553
8767,5529,5554
8768,5530,5555
8769,5531,5556
8770,5532,5557
8771,5533,5557
8772,5533,5558
8773,5534,5559
8774,5535,5560
8775,5536,5561
8776,5537,5562
8777,5537,5562
8778,5538,5563
8779,5539,5564
8780,5540,5565
8781,5541,5566
8782,5542,5567
8783,5542,5567
8784,5543,5568
8785,5544,5569
8786,5545,5570
8787,5546,5571
8788,5547,5572
8789,5547,5572
8790,5548,5573
8791,5549,5574
8792,5550,5575
8793,5551,5576
8794,5551,5577
8795,5552,5578
8796,5553,5578
8797,5554,5579
8798,5555,5580
8799,5556,5581
8800,5557,5582
8801,5557,5583
8802,5558,5583
8803,5559,5584
8804,5560,5585
8805,5561,5586
8806,5562,5587
8807,5562,5588
8808,5563,5589
8809,5564,5590
8810,5565,5590
8811,5566,5591
8812,5567,5592
8813,5568,5593
8814,5568,5594
8815,5569,5595
8816,5570,5596
8817,5571,5596
8818,5572,5597
8819,5573,5598
8820,5574,5599
8821,5574,5600
8822,5575,5601
8823,5576,5602
8824,5577,5603
8825,5578,5604
8826,5579,5604
8827,5580,5605
8828,5580,5606
8829,5581,5607
8830,5582,5608
8831,5583,5609
8832,5584,5610
8833,5585,5611
8834,5586,5612
8835,5587,5612
8836,5587,5613
8837,5588,5614
8838,5589,5615
8839,5590,5616
8840,5591,5617
8841,5592,5618
8842,5593,5619
8843,5594,5620
8844,5595,5621
8845,5595,5622
8846,5596,5622
8847,5597,5623
8848,5598,5624
8849,5599,5625
8850,5600,5626
8851,5601,5627
8852,5602,5628
8853,5603,5629
8854,5604,5630
8855,5604,5631
8856,5605,5632
8857,5606,5633
8858,5607,5633
8859,5608,5634
8860,5609,5635
8861,5610,5636
8862,5611,5637
8863,5612,5638
8864,5613,5639
8865,5614,5640
8866,5615,5641
8867,5615,5642
8868,5616,5643
8869,5617,5644
8870,5618,5645
8871,5619,5646
8872,5620,5647
8873,5621,5648
8874,5622,5648
8875,5623,5649
8876,5624,5650
8877,5625,5651
8878,5626,5652
8879,5627,5653
8880,5628,5654
8881,5628,5655
8882,5629,5656
8883,5630,5657
8884,5631,5658
8885,5632,5659
8886,5633,5660
8887,5634,5661
8888,5635,5662
8889,5636,5663
8890,5637,5664
8891,5638,5665
8892,5639,5666
8893,5640,5667
8894,5641,5668
8895,5642,5669
8896,5643,5670
8897,5644,5671
8898,5645,5672
9412,6517,6522
9411,6511,6521
9410,6506,6518
9409,6502,6516
9408,6498,6514
9407,6494,6511
9406,6489,6508
9405,6486,6505
9404,6482,6503
9403,6478,6500
9402,6474,6497
9117,5895,5928
9116,5894,5926
9115,5892,5925
9114,5891,5924
9113,5890,5922
9112,5888,5921
9111,5887,5919
9110,5886,5918
9109,5884,5917
9108,5883,5915
9107,5882,5914
9068,5831,5862
9067,5830,5861
9066,5829,5860
9065,5827,5858
9064,5826,5857
9063,5825,5856
9062,5824,5855
9061,5822,5853
9060,5821,5852
9059,5820,5851
9058,5819,5850
9057,5817,5848
9056,5816,5847
9055,5815,5846
9054,5814,5845
9053,5813,5843
9052,5811,5842
9051,5810,5841
9050,5809,5840
9049,5808,5838
9048,5806,5837
9047,5805,5836
9046,5804,5835
9045,5803,5833
9044,5802,5832
9043,5800,5831
9042,5799,5830
9041,5798,5828
9040,5797,5827
9039,5796,5826
9038,5794,5825
9037,5793,5824
9036,5792,5822
9035,5791,5821
9034,5790,5820
9033,5789,5819
9032,5787,5818
9031,5786,5816
9030,5785,5815
9029,5784,5814
9028,5783,5813
9027,5781,5811
9026,5780,5810
9025,5779,5809
9024,5778,5808
9023,5777,5807
9022,5776,5806
9021,5774,5804
9020,5773,5803
9019,5772,5802
9018,5771,5801
9017,5770,5800
9016,5769,5798
9015,5768,5797
9014,5766,5796
9013,5765,5795
9012,5764,5794
9011,5763,5793
9010,5762,5791
9009,5761,5790
9008,5760,5789
9007,5758,5788
9006,5757,5787
9005,5756,5786
9004,5755,5784
9003,5754,5783
9002,5753,5782
9001,5752,5781
9000,5751,5780
8999,5749,5779
8998,5748,5778
8997,5747,5776
8996,5746,5775
8995,5745,5774
8994,5744,5773
8993,5743,5772
8992,5742,5771
8991,5741,5770
8990,5739,5769
8989,5738,5767
8988,5737,5766
9069,5832,5864
8636,5433,5456
7527,8690,8693
7527,5100,5118
9150,5942,5975
8924,5670,5698
9070,5834,5865
8637,5434,5457
7528,8689,8694
7528,5099,5118
9151,5943,5977
8925,5671,5699
9071,5835,5866
8638,5434,5457
7529,8689,8695
7529,5099,5118
9152,5945,5978
8926,5672,5700
9072,5836,5867
8639,5435,5458
7530,8688,8695
7530,5099,5118
9153,5946,5980
8927,5673,5701
9073,5837,5869
8640,5436,5459
7531,8688,8696
7531,5099,5118
9154,5947,5981
8928,5674,5702
9074,5839,5870
8641,5436,5459
7532,8687,8696
7532,5099,5118
9155,5949,5983
8929,5675,5703
9075,5840,5871
8642,5437,5460
7533,8687,8696
7533,5099,5118
9156,5950,5984
8930,5676,5704
9076,5841,5873
8643,5438,5461
7534,8687,8696
7534,5099,5118
9157,5952,5986
8931,5677,5705
9077,5842,5874
8644,5438,5462
7535,8687,8697
7535,5099,5118
9158,5953,5987
8932,5678,5706
8915,5661,5689
9100,5872,5904
8667,5454,5478
7558,8687,8696
7558,5099,5118
9181,5988,6023
8955,5702,5730
8914,5660,5688
9099,5871,5903
8666,5454,5477
7557,8687,8696
7557,5099,5118
9180,5987,6022
8954,5701,5729
8913,5659,5687
9098,5870,5902
8665,5453,5476
7556,8687,8697
7556,5099,5118
9179,5985,6020
8953,5700,5728
8912,5658,5686
9097,5868,5900
8664,5452,5476
7555,8686,8697
7555,5099,5118
9178,5984,6018
8952,5699,5727
8911,5657,5685
9096,5867,5899
8663,5451,5475
7554,8686,8697
7554,5099,5118
9177,5982,6017
8951,5698,5726
8910,5656,5684
9095,5866,5898
8662,5451,5474
7553,8686,8697
7553,5099,5118
9176,5980,6015
8950,5697,5725
8909,5655,5683
9094,5864,5896
8661,5450,5473
7552,8686,8697
7552,5099,5118
9175,5979,6014
8949,5696,5724
8908,5654,5682
9093,5863,5895
8660,5449,5473
7551,8686,8697
7551,5099,5118
9174,5977,6012
8948,5695,5723
8907,5653,5681
9092,5862,5894
8659,5449,5472
7550,8686,8697
7550,9726,9728
7550,5099,5118
9173,5976,6011
8947,5694,5722
8906,5652,5680
9091,5860,5892
8658,5448,5471
7549,8686,8698
7549,9725,9729
7549,5099,5118
9172,5974,6009
8946,5692,5721
8905,5651,5679
9090,5859,5891
8657,5447,5471
7548,8686,8698
7548,9724,9729
7548,5099,5118
9171,5973,6007
8945,5691,5719
8904,5650,5678
9089,5858,5890
8656,5447,5470
7547,8686,8698
7547,9724,9730
7547,5099,5118
9170,5971,6006
8944,5690,5718
8903,5649,5677
9088,5857,5888
8655,5446,5469
7546,8686,8698
7546,9724,9730
7546,5099,5118
9169,5970,6004
8943,5689,5717
8916,5662,5690
9101,5874,5906
8668,5455,5478
7559,8688,8696
7559,5099,5118
9182,5990,6025
8956,5703,5731
8917,5663,5691
9102,5875,5907
8669,5456,5479
7560,8688,8695
7560,5099,5118
9183,5991,6026
8957,5704,5732
8918,5664,5692
9103,5876,5909
8670,5456,5480
7561,8688,8695
7561,5099,5118
9184,5993,6028
8958,5705,5733
8919,5665,5693
9104,5878,5910
8671,5457,5481
7562,8689,8694
7562,5099,5118
9185,5994,6029
8959,5706,5734
9105,5879,5911
8672,5458,5481
7563,8690,8694
7563,5099,5118
9186,5996,6031
8960,5707,5735
9106,5880,5913
8673,5458,5482
7564,8691,8693
7564,5100,5118
9187,5998,6033
8961,5708,5737
8902,5649,5676
9087,5855,5887
8654,5445,5468
7545,8686,8698
7545,9724,9730
7545,5099,5118
9168,5968,6003
8942,5688,5716
8901,5648,5675
9086,5854,5886
8653,5444,5468
7544,8686,8698
7544,9724,9730
7544,5099,5118
9167,5967,6001
8941,5687,5715
8900,5647,5674
9085,5853,5884
8652,5444,5467
7543,8686,8698
7543,9724,9729
7543,5099,5118
9166,5965,6000
8940,5686,5714
8899,5646,5673
9084,5851,5883
8651,5443,5466
7542,8686,8698
7542,9725,9729
7542,5099,5118
9165,5964,5998
8939,5685,5713
9083,5850,5882
8650,5442,5466
7541,8686,8698
7541,9725,9728
7541,5099,5118
9164,5962,5997
8938,5684,5712
9082,5849,5880
8649,5442,5465
7540,8686,8697
7540,9727,9727
7540,5099,5118
9163,5961,5995
8937,5683,5711
9081,5848,5879
8648,5441,5464
7539,8686,8697
7539,5099,5118
9162,5959,5994
8936,5682,5710
9080,5846,5878
8647,5440,5464
7538,8686,8697
7538,5099,5118
9161,5958,5992
8935,5681,5709
9079,5845,5876
8646,5440,5463
7537,8686,8697
7537,5099,5118
9160,5956,5990
8934,5680,5708
9078,5844,5875
8645,5439,5462
7536,8686,8697
7536,5099,5118
9159,5955,5989
8933,5679,5707
8920,5666,5694
8921,5667,5695
8922,5668,5696
8923,5669,5697
8962,5709,5738
8963,5710,5739
8964,5711,5740
8965,5712,5741
8966,5713,5742
8967,5715,5743
8968,5716,5744
8969,5717,5745
8970,5718,5746
8971,5719,5747
8972,5720,5748
8973,5721,5750
8974,5722,5751
8975,5723,5752
8976,5724,5753
8977,5725,5754
8978,5726,5755
8979,5727,5756
8980,5728,5757
8981,5730,5758
8982,5731,5760
8983,5732,5761
8984,5733,5762
8985,5734,5763
8986,5735,5764
8987,5736,5765
9118,5897,5929
9119,5898,5931
9120,5899,5932
9121,5901,5933
9122,5902,5935
9123,5903,5936
9124,5905,5938
9125,5906,5939
9126,5908,5941
9127,5909,5942
9128,5910,5943
9129,5912,5945
9130,5913,5946
9131,5915,5948
9132,5916,5949
9133,5917,5951
9134,5919,5952
9135,5920,5953
9136,5922,5955
9137,5923,5956
9138,5924,5958
9139,5926,5959
9140,5927,5961
9141,5929,5962
9142,5930,5964
9143,5932,5965
9144,5933,5967
9145,5934,5968
9146,5936,5970
9147,5937,5971
9148,5939,5972
9149,5940,5974
9188,5999,6034
9189,6001,6036
9190,6002,6038
9191,6004,6039
9192,6005,6041
9193,6007,6042
9194,6009,6044
9195,6010,6046
9196,6012,6047
9197,6013,6049
9198,6015,6051
9199,6017,6052
9200,6018,6054
9201,6020,6055
9202,6022,6057
9203,6023,6059
9204,6025,6060
9205,6026,6062
9206,6028,6064
9207,6030,6065
9208,6031,6067
9209,6033,6069
9210,6035,6071
9211,6036,6072
9212,6038,6074
9213,6040,6076
9214,6041,6077
9215,6043,6079
9216,6045,6081
9217,6046,6082
9218,6048,6084
9219,6050,6086
9220,6051,6088
9221,6053,6089
9222,6055,6091
9223,6056,6093
9224,6058,6095
9225,6060,6096
9226,6062,6098
9227,6063,6100
9228,6065,6102
9229,6067,6103
9230,6068,6105
9231,6070,6107
9232,6072,6109
9233,6074,6110
9234,6075,6112
9235,6077,6114
9236,6079,6116
9237,6081,6118
9238,6082,6119
9239,6084,6121
9240,6086,6123
9241,6088,6125
9242,6090,6127
9243,6091,6128
9244,6093,6130
9245,6095,6132
9246,6097,6134
9247,6099,6136
9248,6100,6138
9249,6102,6140
9250,6104,6141
9251,6106,6143
9252,6108,6145
9253,6110,6147
9254,6111,6149
9255,6113,6151
9256,6115,6153
9257,6117,6154
9258,6119,6156
9259,6121,6158
9260,6123,6160
9261,6124,6162
9262,6126,6164
9263,6128,6166
9264,6130,6168
9265,6132,6170
9266,6134,6172
9267,6136,6174
9268,6138,6176
9269,6140,6178
9270,6142,6180
9271,6143,6181
9272,6145,6183
9273,6147,6185
9274,6149,6187
9275,6151,6189
9276,6153,6191
9277,6155,6193
9278,6157,6195
9279,6159,6197
9280,6161,6199
9281,6163,6201
9282,6165,6203
9283,6167,6205
9284,6169,6207
9285,6171,6209
9286,6173,6211
9287,6175,6214
9288,6177,6216
9289,6179,6218
9290,6181,6220
9291,6183,6222
9292,6185,6224
9293,6187,6226
9294,6189,6228
9295,6191,6230
9296,6194,6232
9297,6196,6234
9298,6198,6236
9299,6200,6239
9300,6202,6241
9301,6204,6243
9302,6206,6245
9303,6208,6247
9304,6210,6249
9305,6213,6251
9306,6215,6254
9307,6217,6256
9308,6219,6258
9309,6221,6260
9310,6223,6262
9311,6226,6264
9312,6228,6267
9313,6230,6269
9314,6232,6271
9315,6234,6273
9316,6237,6276
9317,6239,6278
9318,6241,6280
9319,6243,6282
9320,6246,6285
9321,6248,6287
9322,6250,6289
9323,6253,6291
9324,6255,6294
9325,6257,6296
9326,6259,6298
9327,6262,6301
9328,6264,6303
9329,6266,6305
9330,6269,6308
9331,6271,6310
9332,6273,6312
9333,6276,6315
9334,6278,6317
9335,6281,6319
9336,6283,6322
9337,6285,6324
9338,6288,6326
9339,6290,6329
9340,6293,6331
9341,6295,6334
9342,6298,6336
9343,6300,6339
9344,6303,6341
9345,6305,6343
9346,6308,6346
9347,6310,6348
9348,6313,6351
9349,6315,6353
9350,6318,6356
9351,6320,6358
9352,6323,6361
9353,6326,6363
9354,6328,6366
9355,6331,6368
9356,6333,6371
9357,6336,6374
9358,6339,6376
9359,6341,6379
9360,6344,6381
9361,6347,6384
9362,6349,6387
9363,6352,6389
9364,6355,6392
9365,6358,6394
9366,6360,6397
9367,6363,6400
9368,6366,6402
9369,6369,6405
9370,6372,6408
9371,6375,6410
9372,6377,6413
9373,6380,6416
9374,6383,6418
9375,6386,6421
9376,6389,6424
9377,6392,6427
9378,6395,6429
9379,6398,6432
9380,6401,6435
9381,6404,6438
9382,6407,6440
9383,6410,6443
9384,6413,6446
9385,6416,6449
9386,6420,6452
9387,6423,6454
9388,6426,6457
9389,6429,6460
9390,6432,6463
9391,6436,6466
9392,6439,6469
9393,6442,6471
9394,6446,6474
9395,6449,6477
9396,6453,6480
9397,6456,6483
9398,6460,6486
9399,6463,6489
9400,6467,6491
9401,6470,6494
8341,5269,5290
8340,5269,5289
8339,5268,5289
8338,5268,5289
8337,5267,5288
8336,5267,5288
8335,5266,5287
8334,5266,5287
8333,5266,5286
8332,5265,5286
8331,5265,5285
8330,5264,5285
8329,5264,5285
8328,5263,5284
8327,5263,5284
8326,5263,5283
8325,5262,5283
8324,5262,5282
8323,5261,5282
8322,5261,5281
8321,5260,5281
8320,5260,5281
8319,5260,5280
8318,5259,5280
8317,5259,5279
8316,5258,5279
8315,5258,5278
8314,5257,5278
8313,5257,5278
8312,5256,5277
8311,5256,5277
8310,5256,5276
8309,5255,5276
8308,5255,5275
8307,5254,5275
8306,5254,5274
8305,5254,5274
8304,5253,5274
8303,5253,5273
8302,5252,5273
8301,5252,5272
8300,5251,5272
8299,5251,5272
8298,5251,5271
8297,5250,5271
8296,5250,5270
8295,5249,5270
8294,5249,5269
8293,5248,5269
8292,5248,5269
8291,5248,5268
8290,5247,5268
8289,5247,5267
8288,5246,5267
8287,5246,5266
8286,5246,5266
8285,5245,5266
8284,5245,5265
8283,5244,5265
8282,5244,5264
8281,5244,5264
8280,5243,5264
8279,5243,5263
8278,5242,5263
8277,5242,5262
8276,5242,5262
8275,5241,5262
8274,5241,5261
8273,5240,5261
8272,5240,5260
8271,5240,5260
8270,5239,5259
8269,5239,5259
8268,5238,5259
8267,5238,5258
8266,5238,5258
8265,5237,5257
8264,5237,5257
8263,5236,5257
8262,5236,5256
8261,5236,5256
8260,5235,5255
8259,5235,5255
8258,5234,5255
8257,5234,5254
8256,5234,5254
8255,5233,5253
8254,5233,5253
8253,5232,5253
8252,5232,5252
8251,5232,5252
8250,5231,5252
8249,5231,5251
8248,5230,5251
8247,5230,5250
8246,5230,5250
8245,5229,5250
8244,5229,5249
8243,5229,5249
8242,5228,5248
8241,5228,5248
8240,5227,5248
8239,5227,5247
8238,5227,5247
8237,5226,5246
8236,5226,5246
8235,5225,5246
8234,5225,5245
8233,5225,5245
8232,5224,5245
8231,5224,5244
8230,5224,5244
8229,5223,5243
8228,5223,5243
8227,5222,5243
8226,5222,5242
8225,5222,5242
8224,5221,5242
8223,5221,5241
8222,5221,5241
8221,5220,5240
8220,5220,5240
8219,5220,5240
8218,5219,5239
8217,5219,5239
8216,5218,5239
8215,5218,5238
8214,5218,5238
8213,5217,5237
8212,5217,5237
8211,5217,5237
8210,5216,5236
8209,5216,5236
8208,5216,5236
8207,5215,5235
8206,5215,5235
8205,5214,5235
8204,5214,5234
8203,5214,5234
8202,5213,5233
8201,5213,5233
8200,5213,5233
8199,5212,5232
8198,5212,5232
8197,5212,5232
8196,5211,5231
8195,5211,5231
8194,5211,5231
8193,5210,5230
8192,5210,5230
8191,5209,5230
8190,5209,5229
8189,5209,5229
8188,5208,5228
8187,5208,5228
8186,5208,5228
8185,5207,5227
8184,5207,5227
8183,5207,5227
8182,5206,5226
8181,5206,5226
8180,5206,5226
8179,5205,5225
8178,5205,5225
8177,5205,5225
8176,5204,5224
8175,5204,5224
8174,5204,5224
8173,5203,5223
8172,5203,5223
8171,5203,5223
8170,5202,5222
8169,5202,5222
8168,5202,5222
8167,5201,5221
8166,5201,5221
8165,5201,5220
8164,5200,5220
8163,5200,5220
8162,5200,5219
8161,5199,5219
8160,5199,5219
8159,5199,5218
8158,5198,5218
8157,5198,5218
8156,5198,5217
8155,5197,5217
8154,5197,5217
8153,5197,5216
8152,5196,5216
8151,5196,5216
8150,5196,5215
8149,5195,5215
8148,5195,5215
8147,5195,5214
8146,5194,5214
8145,5194,5214
8144,5194,5214
8143,5193,5213
8142,5193,5213
8141,5193,5213
8140,5192,5212
8139,5192,5212
8138,5192,5212
8137,5191,5211
8136,5191,5211
8135,5191,5211
8134,5190,5210
8133,5190,5210
8132,5190,5210
8131,5189,5209
8130,5189,5209
8129,5189,5209
8128,5189,5208
8127,5188,5208
8126,5188,5208
8125,5188,5207
8124,5187,5207
8123,5187,5207
8122,5187,5206
8121,5186,5206
8120,5186,5206
8119,5186,5206
8118,5185,5205
8117,5185,5205
8116,5185,5205
8115,5185,5204
8114,5184,5204
8113,5184,5204
8112,5184,5203
8111,5183,5203
8110,5183,5203
8109,5183,5202
8108,5182,5202
8107,5182,5202
8106,5182,5202
8105,5182,5201
8104,5181,5201
8103,5181,5201
8102,5181,5200
8101,5180,5200
8100,5180,5200
8099,5180,5199
8098,5179,5199
8097,5179,5199
8096,5179,5199
8095,5179,5198
8094,5178,5198
8093,5178,5198
8092,5178,5197
8091,5177,5197
8090,5177,5197
8089,5177,5196
8088,5176,5196
8087,5176,5196
8086,5176,5196
8085,5176,5195
8084,5175,5195
8083,5175,5195
8082,5175,5194
8081,5174,5194
8080,5174,5194
8079,5174,5194
8078,5174,5193
8077,5173,5193
8076,5173,5193
8075,5173,5192
8074,5172,5192
8073,5172,5192
8072,5172,5192
8071,5172,5191
8070,5171,5191
8069,5171,5191
8068,5171,5190
8067,5171,5190
8066,5170,5190
8065,5170,5190
8064,5170,5189
8063,5169,5189
8062,5169,5189
8061,5169,5188
8060,5169,5188
8059,5168,5188
8058,5168,5188
8057,5168,5187
8056,5168,5187
8055,5167,5187
8054,5167,5187
8053,5167,5186
8052,5166,5186
8051,5166,5186
8050,5166,5185
8049,5166,5185
8048,5165,5185
8047,5165,5185
8046,5165,5184
8045,5165,5184
8044,5164,5184
8043,5164,5184
8042,5164,5183
8041,5164,5183
8040,5163,5183
8039,5163,5183
8038,5163,5182
8037,5162,5182
8036,5162,5182
8035,5162,5181
8034,5162,5181
8033,5161,5181
8032,5161,5181
8031,5161,5180
8030,5161,5180
8029,5160,5180
8028,5160,5180
8027,5160,5179
8026,5160,5179
8025,5159,5179
8024,5159,5179
8023,5159,5178
8022,5159,5178
8021,5158,5178
8020,5158,5178
8019,5158,5177
8018,5158,5177
8017,5157,5177
8016,5157,5177
8015,5157,5176
8014,5157,5176
8013,5156,5176
8012,5156,5176
8011,5156,5175
8010,5156,5175
8009,5155,5175
8008,5155,5175
8007,5155,5174
8006,5155,5174
8005,5154,5174
8004,5154,5174
8003,5154,5173
8002,5154,5173
8001,5153,5173
8000,5153,5173
7999,5153,5172
7998,5153,5172
7997,5152,5172
7996,5152,5172
7995,5152,5171
7994,5152,5171
7993,5152,5171
7992,5151,5171
7991,5151,5170
7990,5151,5170
7989,5151,5170
7988,5150,5170
7987,5150,5170
7986,5150,5169
7985,5150,5169
7984,5149,5169
7983,5149,5169
7982,5149,5168
7981,5149,5168
7980,5149,5168
7979,5148,5168
7978,5148,5167
7977,5148,5167
7976,5148,5167
7975,5147,5167
7974,5147,5167
7973,5147,5166
7972,5147,5166
7971,5146,5166
7970,5146,5166
7969,5146,5165
7968,5146,5165
7967,5146,5165
7966,5145,5165
7965,5145,5165
7964,5145,5164
7963,5145,5164
7962,5144,5164
7961,5144,5164
7960,5144,5163
7959,5144,5163
7958,5144,5163
7957,5143,5163
7956,5143,5163
7955,5143,5162
7954,5143,5162
7953,5143,5162
7952,5142,5162
7951,5142,5161
7950,5142,5161
7949,5142,5161
7948,5141,5161
7947,5141,5161
7946,5141,5160
7945,5141,5160
7944,5141,5160
7943,5140,5160
7942,5140,5160
7941,5140,5159
7940,5140,5159
7939,5140,5159
7938,5139,5159
7937,5139,5159
7936,5139,5158
7935,5139,5158
7934,5139,5158
7933,5138,5158
7932,5138,5157
7931,5138,5157
7930,5138,5157
7929,5138,5157
7928,5137,5157
7927,5137,5156
7926,5137,5156
7925,5137,5156
7924,5137,5156
7923,5136,5156
7922,5136,5155
7921,5136,5155
7920,5136,5155
7919,5136,5155
7918,5135,5155
7917,5135,5154
7916,5135,5154
7915,5135,5154
7914,5135,5154
7913,5134,5154
7912,5134,5153
7911,5134,5153
7910,5134,5153
7909,5134,5153
7908,5133,5153
7907,5133,5153
7906,5133,5152
7905,5133,5152
7904,5133,5152
7903,5133,5152
7902,5132,5152
7901,5132,5151
7900,5132,5151
7899,5132,5151
7898,5132,5151
7897,5131,5151
7896,5131,5150
7895,5131,5150
7894,5131,5150
7893,5131,5150
7892,5131,5150
7891,5130,5150
7890,5130,5149
7889,5130,5149
7888,5130,5149
7887,5130,5149
7886,5129,5149
7885,5129,5148
7884,5129,5148
7883,5129,5148
7882,5129,5148
7881,5129,5148
7880,5128,5148
7879,5128,5147
7878,5128,5147
7877,5128,5147
7876,5128,5147
7875,5128,5147
7874,5127,5147
7873,5127,5146
7872,5127,5146
7871,5127,5146
7870,5127,5146
7869,5126,5146
7868,5126,5146
7867,5126,5145
7866,5126,5145
7865,5126,5145
7864,5126,5145
7863,5125,5145
7862,5125,5145
7861,5125,5144
7860,5125,5144
7859,5125,5144
7858,5125,5144
7857,5125,5144
7856,5124,5144
7855,5124,5143
7854,5124,5143
7853,5124,5143
7852,5124,5143
7851,5124,5143
7850,5123,5143
7849,5123,5142
7848,5123,5142
7847,5123,5142
7846,5123,5142
7845,5123,5142
7844,5122,5142
7843,5122,5141
7842,5122,5141
7841,5122,5141
7840,5122,5141
7839,5122,5141
7838,5122,5141
7837,5121,5141
7836,5121,5140
7835,5121,5140
7834,5121,5140
7833,5121,5140
7832,5121,5140
7831,5120,5140
7830,5120,5139
7829,5120,5139
7828,5120,5139
7827,5120,5139
7826,5120,5139
7825,5120,5139
7824,5119,5139
7823,5119,5138
7822,5119,5138
7821,5119,5138
7820,5119,5138
7819,5119,5138
7818,5119,5138
7817,5118,5138
7816,5118,5137
7815,5118,5137
7814,5118,5137
7813,5118,5137
7812,5118,5137
7811,5118,5137
7810,5117,5137
7809,5117,5136
7808,5117,5136
7807,5117,5136
7806,5117,5136
7805,5117,5136
7804,5117,5136
7803,5117,5136
7802,5116,5136
7801,5116,5135
7800,5116,5135
7799,5116,5135
7798,5116,5135
7797,5116,5135
7796,5116,5135
7795,5115,5135
7794,5115,5134
7793,5115,5134
7792,5115,5134
7791,5115,5134
7790,5115,5134
7789,5115,5134
7788,5115,5134
7787,5114,5134
7786,5114,5133
7785,5114,5133
7784,5114,5133
7783,5114,5133
7782,5114,5133
7781,5114,5133
7780,5114,5133
7779,5113,5133
7778,5113,5132
7777,5113,5132
7776,5113,5132
7775,5113,5132
7774,5113,5132
7773,5113,5132
7772,5113,5132
7771,5113,5132
7770,5112,5131
7769,5112,5131
7768,5112,5131
7767,5112,5131
7766,5112,5131
7765,5112,5131
7764,5112,5131
7763,5112,5131
7762,5112,5131
7761,5111,5130
7760,5111,5130
7759,5111,5130
7758,5111,5130
7757,5111,5130
7756,5111,5130
7755,5111,5130
7754,5111,5130
7753,5111,5130
7752,5110,5129
7751,5110,5129
7750,5110,5129
7749,5110,5129
7748,5110,5129
7747,5110,5129
7746,5110,5129
7745,5110,5129
7744,5110,5129
7743,5109,5129
7742,5109,5128
7741,5109,5128
7740,5109,5128
7739,5109,5128
7738,5109,5128
7737,5109,5128
7736,5109,5128
7735,5109,5128
7734,5109,5128
7733,5108,5128
7732,5108,5127
7731,5108,5127
7730,5108,5127
7729,5108,5127
7728,5108,5127
7727,5108,5127
7726,5108,5127
7725,5108,5127
7724,5108,5127
7723,5108,5127
7722,5107,5126
7721,5107,5126
7720,5107,5126
7719,5107,5126
7718,5107,5126
7717,5107,5126
7716,5107,5126
7715,5107,5126
7714,5107,5126
7713,5107,5126
7712,5107,5126
7711,5106,5125
7710,5106,5125
7709,5106,5125
7708,5106,5125
7707,5106,5125
7706,5106,5125
7705,5106,5125
7704,5106,5125
7703,5106,5125
7702,5106,5125
7701,5106,5125
7700,5106,5125
7699,5105,5124
7698,5105,5124
7697,5105,5124
7696,5105,5124
7695,5105,5124
7694,5105,5124
7693,5105,5124
7692,5105,5124
7691,5105,5124
7690,5105,5124
7689,5105,5124
7688,5105,5124
7687,5105,5124
7686,5105,5124
7685,5104,5123
7684,5104,5123
7683,5104,5123
7682,5104,5123
7681,5104,5123
7680,5104,5123
7679,5104,5123
7678,5104,5123
7677,5104,5123
7676,5104,5123
7675,5104,5123
7674,5104,5123
7673,5104,5123
7672,5104,5123
7671,5103,5122
7670,5103,5122
7669,5103,5122
7668,5103,5122
7667,5103,5122
7666,5103,5122
7665,5103,5122
7664,5103,5122
7663,5103,5122
7662,5103,5122
7661,5103,5122
7660,5103,5122
7659,5103,5122
7658,5103,5122
7657,5103,5122
7656,5103,5122
7655,5103,5121
7654,5102,5121
7653,5102,5121
7652,5102,5121
7651,5102,5121
7650,5102,5121
7649,5102,5121
7648,5102,5121
7647,5102,5121
7646,5102,5121
7645,5102,5121
7644,5102,5121
7643,5102,5121
7642,5102,5121
7641,5102,5121
7640,5102,5121
7639,5102,5121
7638,5102,5121
7637,5102,5121
7636,5102,5121
7635,5101,5120
7634,5101,5120
7633,5101,5120
7632,5101,5120
7631,5101,5120
7630,5101,5120
7629,5101,5120
7628,5101,5120
7627,5101,5120
7626,5101,5120
7625,5101,5120
7624,5101,5120
7623,5101,5120
7622,5101,5120
7621,5101,5120
7620,5101,5120
7619,5101,5120
7618,5101,5120
7617,5101,5120
7616,5101,5120
7615,5101,5120
7614,5101,5120
7613,5101,5120
7612,5101,5120
7611,5101,5119
7610,5100,5119
7609,5100,5119
7608,5100,5119
7607,5100,5119
7606,5100,5119
7605,5100,5119
7604,5100,5119
7603,5100,5119
7602,5100,5119
7601,5100,5119
7600,5100,5119
7599,5100,5119
7598,5100,5119
7597,5100,5119
7596,5100,5119
7595,5100,5119
7594,5100,5119
7593,5100,5119
7592,5100,5119
7591,5100,5119
7590,5100,5119
7589,5100,5119
7588,5100,5119
7587,5100,5119
7586,5100,5119
7585,5100,5119
7584,5100,5119
7583,5100,5119
7582,5100,5119
7581,5100,5119
7580,5100,5119
7579,5100,5119
7578,5100,5119
7577,5100,5119
7576,5100,5119
7575,5100,5119
7574,5100,5119
7573,5100,5119
7572,5100,5119
7571,5100,5119
7570,5100,5119
7569,5100,5119
7568,5100,5119
7567,5100,5118
7566,5100,5118
7565,5100,5118
7526,5100,5118
7525,5100,5118
7524,5100,5118
7523,5100,5118
7522,5100,5119
7521,5100,5119
7520,5100,5119
7519,5100,5119
7518,5100,5119
7517,5100,5119
7516,5100,5119
7515,5100,5119
7514,5100,5119
7513,5100,5119
7512,5100,5119
7511,5100,5119
7510,5100,5119
7509,5100,5119
7508,5100,5119
7507,5100,5119
7506,5100,5119
7505,5100,5119
7504,5100,5119
7503,5100,5119
7502,5100,5119
7501,5100,5119
7500,5100,5119
7499,5100,5119
7498,5100,5119
7497,5100,5119
7496,5100,5119
7495,5100,5119
7494,5100,5119
7493,5100,5119
7492,5100,5119
7491,5100,5119
7490,5100,5119
7489,5100,5119
7488,5100,5119
7487,5100,5119
7486,5100,5119
7485,5100,5119
7484,5100,5119
7483,5100,5119
7482,5100,5119
7481,5100,5119
7480,5101,5119
7479,5101,5120
7478,5101,5120
7477,5101,5120
7476,5101,5120
7475,5101,5120
7474,5101,5120
7473,5101,5120
7472,5101,5120
7471,5101,5120
7470,5101,5120
7469,5101,5120
7468,5101,5120
7467,5101,5120
7466,5101,5120
7465,5101,5120
7464,5101,5120
7463,5101,5120
7462,5101,5120
7461,5101,5120
7460,5101,5120
7459,5101,5120
7458,5101,5120
7457,5101,5120
7456,5101,5120
7455,5102,5120
7454,5102,5121
7453,5102,5121
7452,5102,5121
7451,5102,5121
7450,5102,5121
7449,5102,5121
7448,5102,5121
7447,5102,5121
7446,5102,5121
7445,5102,5121
7444,5102,5121
7443,5102,5121
7442,5102,5121
7441,5102,5121
7440,5102,5121
7439,5102,5121
7438,5102,5121
7437,5102,5121
7436,5102,5121
7435,5103,5122
7434,5103,5122
7433,5103,5122
7432,5103,5122
7431,5103,5122
7430,5103,5122
7429,5103,5122
7428,5103,5122
7427,5103,5122
7426,5103,5122
7425,5103,5122
7424,5103,5122
7423,5103,5122
7422,5103,5122
7421,5103,5122
7420,5103,5122
7419,5104,5122
7418,5104,5123
7417,5104,5123
7416,5104,5123
7415,5104,5123
7414,5104,5123
7413,5104,5123
7412,5104,5123
7411,5104,5123
7410,5104,5123
7409,5104,5123
7408,5104,5123
7407,5104,5123
7406,5104,5123
7405,5104,5123
7404,5105,5124
7403,5105,5124
7402,5105,5124
7401,5105,5124
7400,5105,5124
7399,5105,5124
7398,5105,5124
7397,5105,5124
7396,5105,5124
7395,5105,5124
7394,5105,5124
7393,5105,5124
7392,5105,5124
7391,5106,5125
7390,5106,5125
7389,5106,5125
7388,5106,5125
7387,5106,5125
7386,5106,5125
7385,5106,5125
7384,5106,5125
7383,5106,5125
7382,5106,5125
7381,5106,5125
7380,5106,5125
7379,5107,5126
7378,5107,5126
7377,5107,5126
7376,5107,5126
7375,5107,5126
7374,5107,5126
7373,5107,5126
7372,5107,5126
7371,5107,5126
7370,5107,5126
7369,5107,5126
7368,5107,5127
7367,5108,5127
7366,5108,5127
7365,5108,5127
7364,5108,5127
7363,5108,5127
7362,5108,5127
7361,5108,5127
7360,5108,5127
7359,5108,5127
7358,5108,5127
7357,5109,5128
7356,5109,5128
7355,5109,5128
7354,5109,5128
7353,5109,5128
7352,5109,5128
7351,5109,5128
7350,5109,5128
7349,5109,5128
7348,5109,5128
7347,5110,5129
7346,5110,5129
7345,5110,5129
7344,5110,5129
7343,5110,5129
7342,5110,5129
7341,5110,5129
7340,5110,5129
7339,5110,5129
7338,5110,5130
7337,5111,5130
7336,5111,5130
7335,5111,5130
7334,5111,5130
7333,5111,5130
7332,5111,5130
7331,5111,5130
7330,5111,5130
7329,5111,5131
7328,5112,5131
7327,5112,5131
7326,5112,5131
7325,5112,5131
7324,5112,5131
7323,5112,5131
7322,5112,5131
7321,5112,5131
7320,5112,5132
7319,5113,5132
7318,5113,5132
7317,5113,5132
7316,5113,5132
7315,5113,5132
7314,5113,5132
7313,5113,5132
7312,5113,5132
7311,5114,5133
7310,5114,5133
7309,5114,5133
7308,5114,5133
7307,5114,5133
7306,5114,5133
7305,5114,5133
7304,5114,5133
7303,5115,5134
7302,5115,5134
7301,5115,5134
7300,5115,5134
7299,5115,5134
7298,5115,5134
7297,5115,5134
7296,5115,5135
7295,5116,5135
7294,5116,5135
7293,5116,5135
7292,5116,5135
7291,5116,5135
7290,5116,5135
7289,5116,5135
7288,5116,5136
7287,5117,5136
7286,5117,5136
7285,5117,5136
7284,5117,5136
7283,5117,5136
7282,5117,5136
7281,5117,5137
7280,5118,5137
7279,5118,5137
7278,5118,5137
7277,5118,5137
7276,5118,5137
7275,5118,5137
7274,5118,5137
7273,5119,5138
7272,5119,5138
7271,5119,5138
7270,5119,5138
7269,5119,5138
7268,5119,5138
7267,5119,5139
7266,5120,5139
7265,5120,5139
7264,5120,5139
7263,5120,5139
7262,5120,5139
7261,5120,5139
7260,5120,5140
7259,5121,5140
7258,5121,5140
7257,5121,5140
7256,5121,5140
7255,5121,5140
7254,5121,5140
7253,5121,5141
7252,5122,5141
7251,5122,5141
7250,5122,5141
7249,5122,5141
7248,5122,5141
7247,5122,5142
7246,5123,5142
7245,5123,5142
7244,5123,5142
7243,5123,5142
7242,5123,5142
7241,5123,5142
7240,5123,5143
7239,5124,5143
7238,5124,5143
7237,5124,5143
7236,5124,5143
7235,5124,5143
7234,5124,5144
7233,5125,5144
7232,5125,5144
7231,5125,5144
7230,5125,5144
7229,5125,5144
7228,5125,5145
7227,5126,5145
7226,5126,5145
7225,5126,5145
7224,5126,5145
7223,5126,5145
7222,5126,5146
7221,5127,5146
7220,5127,5146
7219,5127,5146
7218,5127,5146
7217,5127,5146
7216,5127,5147
7215,5128,5147
7214,5128,5147
7213,5128,5147
7212,5128,5147
7211,5128,5147
7210,5128,5148
7209,5129,5148
7208,5129,5148
7207,5129,5148
7206,5129,5148
7205,5129,5149
7204,5130,5149
7203,5130,5149
7202,5130,5149
7201,5130,5149
7200,5130,5149
7199,5130,5150
7198,5131,5150
7197,5131,5150
7196,5131,5150
7195,5131,5150
7194,5131,5151
7193,5131,5151
7192,5132,5151
7191,5132,5151
7190,5132,5151
7189,5132,5151
7188,5132,5152
7187,5133,5152
7186,5133,5152
7185,5133,5152
7184,5133,5152
7183,5133,5153
7182,5134,5153
7181,5134,5153
7180,5134,5153
7179,5134,5153
7178,5134,5154
7177,5135,5154
7176,5135,5154
7175,5135,5154
7174,5135,5154
7173,5135,5155
7172,5135,5155
7171,5136,5155
7170,5136,5155
7169,5136,5155
7168,5136,5156
7167,5136,5156
7166,5137,5156
7165,5137,5156
7164,5137,5156
7163,5137,5157
7162,5137,5157
7161,5138,5157
7160,5138,5157
7159,5138,5157
7158,5138,5158
7157,5138,5158
7156,5139,5158
7155,5139,5158
7154,5139,5158
7153,5139,5159
7152,5139,5159
7151,5140,5159
7150,5140,5159
7149,5140,5159
7148,5140,5160
7147,5141,5160
7146,5141,5160
7145,5141,5160
7144,5141,5160
7143,5141,5161
7142,5142,5161
7141,5142,5161
7140,5142,5161
7139,5142,5162
7138,5142,5162
7137,5143,5162
7136,5143,5162
7135,5143,5162
7134,5143,5163
7133,5143,5163
7132,5144,5163
7131,5144,5163
7130,5144,5164
7129,5144,5164
7128,5145,5164
7127,5145,5164
7126,5145,5164
7125,5145,5165
7124,5145,5165
7123,5146,5165
7122,5146,5165
7121,5146,5166
7120,5146,5166
7119,5147,5166
7118,5147,5166
7117,5147,5166
7116,5147,5167
7115,5147,5167
7114,5148,5167
7113,5148,5167
7112,5148,5168
7111,5148,5168
7110,5149,5168
7109,5149,5168
7108,5149,5168
7107,5149,5169
7106,5150,5169
7105,5150,5169
7104,5150,5169
7103,5150,5170
7102,5150,5170
7101,5151,5170
7100,5151,5170
7099,5151,5171
7098,5151,5171
7097,5152,5171
7096,5152,5171
7095,5152,5172
7094,5152,5172
7093,5153,5172
7092,5153,5172
7091,5153,5173
7090,5153,5173
7089,5154,5173
7088,5154,5173
7087,5154,5173
7086,5154,5174
7085,5155,5174
7084,5155,5174
7083,5155,5174
7082,5155,5175
7081,5155,5175
7080,5156,5175
7079,5156,5175
7078,5156,5176
7077,5156,5176
7076,5157,5176
7075,5157,5176
7074,5157,5177
7073,5157,5177
7072,5158,5177
7071,5158,5177
7070,5158,5178
7069,5158,5178
7068,5159,5178
7067,5159,5178
7066,5159,5179
7065,5159,5179
7064,5160,5179
7063,5160,5180
7062,5160,5180
7061,5161,5180
7060,5161,5180
7059,5161,5181
7058,5161,5181
7057,5162,5181
7056,5162,5181
