5668,7012,7116
5669,6984,7144
5670,6963,7164
5671,6946,7182
5672,6932,7197
5673,6918,7210
5674,6906,7222
5675,6895,7234
5676,6884,7244
5677,6875,7255
5678,6865,7264
5679,6856,7273
5680,6848,7282
5681,6839,7291
5682,6831,7299
5683,6824,7307
5684,6816,7314
5685,6809,7321
5686,6802,7329
5687,7090,7336
5687,6795,7021
5688,7127,7342
5688,6789,6983
5689,7150,7349
5689,6782,6959
5690,7169,7356
5690,6776,6941
5691,7185,7362
5691,6770,6924
5692,7199,7368
5692,6764,6910
5693,7212,7374
5693,6758,6897
5694,7224,7380
5694,6752,6884
5695,7235,7386
5695,6747,6873
5696,7246,7392
5696,6741,6862
5697,7256,7397
5697,6736,6852
5698,7265,7403
5698,6730,6843
5699,7274,7408
5699,6725,6833
5700,7283,7414
5700,6720,6824
5701,7291,7419
5701,6715,6816
5702,7299,7424
5702,6710,6808
5703,7307,7429
5703,6705,6799
5704,7314,7435
5704,6700,6792
5705,7321,7439
5705,6695,6784
5706,7329,7444
5706,6691,6777
5707,7335,7449
5707,6686,6769
5708,7342,7454
5708,6682,6762
5709,7349,7459
5709,6677,6756
5710,7355,7463
5710,6673,6749
5711,7361,7468
5711,6668,6742
5712,7368,7473
5712,6664,6736
5713,7374,7477
5713,6660,6729
5714,7380,7482
5714,6656,6723
5715,7385,7486
5715,6652,6717
5716,7391,7490
5716,6648,6711
5717,7397,7495
5717,6644,6705
5718,7402,7499
5718,6640,6699
5719,7408,7503
5719,6636,6693
5720,7413,7507
5720,6632,6688
5721,7418,7511
5721,6628,6682
5722,7423,7516
5722,6624,6677
5723,7428,7520
5723,6621,6671
5724,7433,7524
5724,6617,6666
5725,7438,7528
5725,6613,6660
5726,7443,7532
5726,6610,6655
5727,7448,7536
5727,6606,6650
5728,7453,7539
5728,6603,6644
5729,7457,7543
5729,6599,6639
5730,7462,7547
5730,6596,6634
5731,7467,7551
5731,6593,6629
5732,7471,7555
5732,6589,6624
5733,7476,7558
5733,6586,6619
5734,7480,7562
5734,6583,6614
5735,7484,7566
5735,6580,6609
5736,7489,7569
5736,6577,6604
5929,8003,8004
5928,8000,8004
5927,7997,8003
5926,7995,8002
5925,7992,8001
5924,7990,8000
5923,7988,7998
5922,7986,7997
5921,7984,7996
5920,7981,7994
5919,7979,7993
5918,7977,7992
5917,7975,7990
5916,7973,7989
5753,7556,7627
5781,7650,7710
7404,8700,8713
5862,7859,7895
5754,7560,7630
5782,7653,7712
7405,8700,8713
5863,7861,7897
5755,7564,7633
5783,7656,7715
7406,8700,8713
5864,7863,7899
5784,7659,7718
7407,8700,8713
5865,7865,7901
7508,9727,9733
5885,7909,7938
7507,9727,9733
5884,7906,7936
5785,7662,7721
7408,8700,8713
5866,7868,7903
5867,7870,7905
5868,7872,7907
5869,7874,7909
5870,7876,7911
5871,7879,7913
5872,7881,7914
5873,7883,7916
5874,7885,7918
5875,7887,7920
5876,7889,7922
5877,7892,7924
5878,7894,7926
5746,7530,7604
5855,7843,7882
5745,7526,7601
5854,7841,7880
5744,7522,7597
5853,7838,7878
5743,7518,7594
5743,6560,6566
5852,7836,7876
5757,7571,7640
9544,6862,6937
5742,7514,7590
5742,6561,6573
5851,7834,7874
5756,7567,7637
9543,6878,6892
5741,7510,7587
5741,6564,6578
5769,7612,7676
9556,6895,7192
7392,8702,8711
5850,7832,7872
5740,7506,7583
5740,6566,6584
5768,7609,7673
9555,6890,7195
7391,8703,8711
5849,7829,7870
5739,7502,7580
5739,6568,6589
5762,7589,7655
9549,6863,7182
5767,7605,7670
9554,6884,7197
7390,8703,8710
5848,7827,7868
5738,7497,7576
5738,6571,6594
5761,7585,7652
9548,6861,7160
5766,7602,7667
9553,6879,7198
7389,8703,8710
5847,7825,7866
5737,7493,7573
5737,6574,6599
5760,7582,7649
9547,6859,7089
5765,7599,7664
9552,6875,7198
7388,8704,8709
5846,7822,7863
5883,7904,7935
7506,9727,9733
5759,7578,7646
9546,6858,7019
5764,7595,7661
9551,6870,7196
7387,8705,8709
5845,7820,7861
5882,7902,7933
7505,9727,9733
5774,7628,7690
7397,8701,8712
9561,6932,7166
5758,7575,7643
9545,6858,6974
5763,7592,7658
9550,6867,7191
7386,8706,8708
5844,7818,7859
5881,7900,7931
7504,9727,9732
5773,7625,7687
7396,8701,8712
9560,6923,7173
5880,7898,7929
7503,9728,9732
5772,7622,7685
7395,8701,8712
9559,6916,7179
5879,7896,7927
7502,9729,9731
5771,7619,7682
7394,8702,8712
9558,6908,7184
5747,7534,7607
5775,7632,7693
9562,6941,7159
7398,8701,8712
5856,7845,7884
5770,7615,7679
7393,8702,8711
9557,6902,7189
5748,7538,7611
9563,6951,7150
5776,7635,7696
7399,8701,8712
5857,7848,7886
5749,7541,7614
5777,7638,7699
9564,6963,7140
7400,8701,8712
5858,7850,7888
5750,7545,7617
5778,7641,7701
9565,6976,7128
7401,8700,8713
5859,7852,7890
5751,7549,7621
5779,7644,7704
9566,6992,7113
7402,8700,8713
5860,7854,7892
5752,7553,7624
5780,7647,7707
9567,7015,7091
7403,8700,8713
5861,7857,7894
7409,8700,8713
5786,7665,7723
7410,8700,8713
5787,7668,7726
7411,8700,8712
5788,7671,7728
7412,8700,8712
5789,7674,7731
7413,8700,8712
5790,7677,7734
7414,8700,8712
5791,7680,7736
7415,8700,8712
5792,7683,7739
7416,8701,8712
5793,7686,7742
7417,8701,8712
5794,7689,7744
7418,8701,8711
5795,7692,7747
7419,8701,8711
5796,7694,7749
7420,8701,8711
5797,7697,7752
7421,8702,8711
5798,7700,7754
7422,8702,8710
5799,7703,7757
7423,8702,8710
5800,7706,7759
7424,8703,8710
5801,7708,7762
7425,8703,8709
5802,7711,7764
7426,8704,8708
5803,7714,7767
7427,8705,8708
5804,7717,7769
5805,7719,7772
5806,7722,7774
5807,7725,7776
5808,7728,7779
5809,7730,7781
5810,7733,7784
5811,7736,7786
5812,7738,7788
5813,7741,7791
5814,7743,7793
5815,7746,7795
5816,7749,7798
5817,7751,7800
5818,7754,7802
5819,7756,7805
5820,7759,7807
5821,7761,7809
5822,7764,7812
5823,7767,7814
5824,7769,7816
5825,7772,7818
5826,7774,7821
5827,7777,7823
5828,7779,7825
5829,7782,7827
5830,7784,7829
5831,7786,7832
5832,7789,7834
5833,7791,7836
5834,7794,7838
5835,7796,7840
5836,7799,7842
5837,7801,7845
5838,7803,7847
5839,7806,7849
5840,7808,7851
5841,7811,7853
5842,7813,7855
5843,7815,7857
7509,9727,9733
5886,7911,7940
7510,9728,9733
5887,7913,7942
7511,9729,9732
5888,7915,7943
7512,9730,9731
5889,7917,7945
5890,7919,7947
5891,7921,7949
5892,7923,7950
5893,7925,7952
5894,7927,7954
5895,7930,7955
5896,7932,7957
5897,7934,7959
5898,7936,7960
5899,7938,7962
5900,7940,7964
5901,7942,7965
5902,7944,7967
5903,7946,7969
5904,7948,7970
5905,7950,7972
5906,7952,7973
5907,7954,7975
5908,7956,7977
5909,7958,7978
5910,7961,7980
5911,7963,7981
5912,7965,7983
5913,7967,7984
5914,7969,7986
5915,7971,7987
