5656,6518,6520
5657,6511,6521
5658,6505,6519
5659,6500,6517
5660,6496,6515
5661,6491,6513
5662,6487,6510
5663,6483,6508
5664,6479,6505
6020,5808,5830
6019,5809,5831
6008,5822,5846
6007,5823,5847
6006,5825,5848
6005,5826,5850
6004,5827,5851
6003,5828,5852
6002,5829,5853
6001,5831,5855
6000,5832,5856
5999,5833,5857
5998,5834,5859
5997,5836,5860
5996,5837,5861
5995,5838,5863
5994,5839,5864
5993,5841,5865
5992,5842,5867
5991,5843,5868
5990,5844,5869
5989,5845,5871
5988,5847,5872
5987,5848,5874
5986,5849,5875
5985,5850,5876
5984,5852,5878
5983,5853,5879
5982,5854,5880
5981,5856,5882
5980,5857,5883
7603,8687,8689
5979,5858,5884
7602,8686,8690
5978,5859,5886
7601,8686,8691
5977,5861,5887
7600,8685,8691
5976,5862,5888
7599,8684,8692
5975,5863,5890
7598,8684,8692
5974,5864,5891
7597,8684,8692
5973,5866,5893
7596,8683,8693
5972,5867,5894
7595,8683,8693
5971,5868,5895
7594,8683,8693
5970,5870,5897
7593,8683,8693
5969,5871,5898
7592,8683,8694
5968,5872,5900
7591,8682,8694
5967,5873,5901
7590,8682,8694
5966,5875,5902
7589,8682,8694
5965,5876,5904
7588,8682,8694
5964,5877,5905
7587,8682,8694
5963,5879,5907
7586,8682,8694
5962,5880,5908
7585,8682,8694
5961,5881,5909
7584,8682,8694
5960,5883,5911
7583,8682,8694
5959,5884,5912
7582,8682,8694
5958,5885,5914
7581,8682,8694
5957,5887,5915
7580,8682,8694
5956,5888,5916
7579,8682,8694
5955,5889,5918
7578,8682,8694
5954,5891,5919
7577,8682,8694
5953,5892,5921
7576,8682,8694
5952,5893,5922
7575,8683,8693
5951,5895,5924
7574,8683,8693
5950,5896,5925
7573,8683,8693
5949,5897,5927
7572,8683,8693
5948,5899,5928
7571,8684,8692
5947,5900,5929
7570,8684,8692
5946,5901,5931
7569,8684,8692
5945,5903,5932
7568,8685,8691
5944,5904,5934
7567,8685,8691
5943,5905,5935
7566,8686,8690
5942,5907,5937
7565,8687,8689
5941,5908,5938
5940,5909,5940
5939,5911,5941
5938,5912,5943
5937,5914,5944
7560,9723,9726
5936,5915,5945
7559,9723,9727
5935,5916,5947
7558,9722,9727
5934,5918,5948
7557,9722,9727
5933,5919,5950
7556,9722,9728
5932,5920,5951
7555,9722,9728
5931,5922,5953
7554,9722,9727
5930,5923,5954
7553,9722,9727
5929,5925,5956
7552,9723,9727
5928,5926,5957
7551,9724,9726
5927,5927,5959
5926,5929,5960
5925,5930,5962
5924,5932,5963
5923,5933,5965
5922,5934,5966
5921,5936,5968
5920,5937,5969
5919,5939,5971
5918,5940,5972
5917,5942,5974
5916,5943,5976
5915,5944,5977
5914,5946,5979
5913,5947,5980
5912,5949,5982
5911,5950,5983
5910,5952,5985
5909,5953,5986
5908,5955,5988
5907,5956,5989
5906,5958,5991
5905,5959,5993
5904,5960,5994
5903,5962,5996
5902,5963,5997
5901,5965,5999
5900,5966,6000
5899,5968,6002
5898,5969,6004
5897,5971,6005
5896,5972,6007
5895,5974,6008
5894,5975,6010
5893,5977,6012
5892,5978,6013
5891,5980,6015
6009,5821,5844
6010,5820,5843
6011,5819,5842
6012,5817,5840
6013,5816,5839
6018,5810,5833
6017,5811,5834
6016,5813,5835
6015,5814,5837
6014,5815,5838
5818,6100,6142
5817,6102,6144
5816,6104,6146
5815,6106,6148
5822,6093,6135
5814,6107,6150
5821,6095,6136
5813,6109,6152
5820,6097,6138
5819,6098,6140
5823,6091,6133
5824,6089,6131
5825,6088,6129
5826,6086,6127
5827,6084,6125
5828,6082,6123
5829,6081,6122
5830,6079,6120
5831,6077,6118
5832,6075,6116
5833,6074,6114
5834,6072,6112
5835,6070,6111
5836,6068,6109
5837,6067,6107
5838,6065,6105
5839,6063,6103
5840,6062,6102
5841,6060,6100
5842,6058,6098
5843,6057,6096
5844,6055,6094
5845,6053,6093
5846,6052,6091
5847,6050,6089
5848,6048,6087
5849,6046,6086
5850,6045,6084
5851,6043,6082
5852,6042,6080
5853,6040,6078
5854,6038,6077
5855,6037,6075
5856,6035,6073
5857,6033,6072
5858,6032,6070
5859,6030,6068
5860,6028,6066
5861,6027,6065
5862,6025,6063
5863,6024,6061
5864,6022,6060
5865,6020,6058
5866,6019,6056
5867,6017,6054
5868,6016,6053
5869,6014,6051
5870,6012,6049
5871,6011,6048
5872,6009,6046
5873,6008,6044
5874,6006,6043
5875,6004,6041
5876,6003,6039
5877,6001,6038
5878,6000,6036
5879,5998,6034
5880,5997,6033
5881,5995,6031
5882,5994,6029
5883,5992,6028
5884,5991,6026
5885,5989,6025
5886,5987,6023
5887,5986,6021
5888,5984,6020
5889,5983,6018
5890,5981,6016
6021,5807,5829
6022,5806,5828
6023,5804,5826
6024,5803,5825
6025,5802,5824
6026,5801,5822
6027,5800,5821
6028,5799,5820
6029,5797,5819
6030,5796,5817
6031,5795,5816
6032,5794,5815
6033,5793,5814
6034,5792,5812
6035,5791,5811
6036,5789,5810
6037,5788,5809
6038,5787,5807
6039,5786,5806
6040,5785,5805
6041,5784,5804
6042,5783,5802
6043,5781,5801
6044,5780,5800
6045,5779,5799
6046,5778,5797
6047,5777,5796
6048,5776,5795
6049,5775,5794
6050,5774,5793
6051,5772,5791
6052,5771,5790
6053,5770,5789
6054,5769,5788
6055,5768,5786
6056,5767,5785
6057,5766,5784
6058,5765,5783
6059,5764,5782
6060,5762,5780
6061,5761,5779
6062,5760,5778
6063,5759,5777
6064,5758,5776
6065,5757,5774
6066,5756,5773
6067,5755,5772
6068,5754,5771
6069,5753,5770
6070,5752,5768
6071,5751,5767
6072,5749,5766
6073,5748,5765
6074,5747,5764
6075,5746,5762
6076,5745,5761
6077,5744,5760
6078,5743,5759
6079,5742,5758
6080,5741,5757
6081,5740,5755
6082,5739,5754
6083,5738,5753
6084,5737,5752
6085,5736,5751
6086,5735,5750
6087,5734,5748
6088,5733,5747
6089,5732,5746
6090,5731,5745
6091,5729,5744
6092,5728,5743
6093,5727,5741
6094,5726,5740
6095,5725,5739
6096,5724,5738
6097,5723,5737
6098,5722,5736
6099,5721,5734
6100,5720,5733
6101,5719,5732
6102,5718,5731
6103,5717,5730
6104,5716,5729
6105,5715,5728
6106,5714,5726
6107,5713,5725
6108,5712,5724
6109,5711,5723
6110,5710,5722
6111,5709,5721
6112,5708,5720
6113,5707,5718
6114,5706,5717
6115,5705,5716
6116,5704,5715
6117,5703,5714
6118,5702,5713
6119,5701,5712
6120,5700,5711
6121,5699,5709
6122,5698,5708
6123,5697,5707
6124,5697,5706
6125,5696,5705
6126,5695,5704
6127,5694,5703
6128,5693,5702
6129,5692,5700
6130,5691,5699
6131,5690,5698
6132,5689,5697
6133,5688,5696
6134,5687,5695
6135,5686,5694
6136,5685,5693
6137,5684,5691
6138,5683,5690
6139,5682,5689
6140,5682,5688
6141,5681,5687
6142,5680,5686
6143,5679,5685
6144,5678,5683
6145,5677,5682
6146,5676,5681
6147,5675,5680
6148,5674,5679
6149,5674,5678
6150,5673,5677
6151,5672,5675
6152,5671,5674
6153,5670,5673
6154,5670,5672
6155,5669,5670
6156,5668,5669
5812,6111,6154
5811,6113,6156
5810,6115,6157
5809,6117,6159
5808,6118,6161
5807,6120,6163
5806,6122,6165
5805,6124,6167
5804,6126,6169
5803,6128,6171
5802,6130,6173
5801,6132,6175
5800,6133,6177
5799,6135,6179
5798,6137,6181
5797,6139,6183
5796,6141,6185
5795,6143,6187
5794,6145,6189
5793,6147,6191
5792,6149,6193
5791,6151,6195
5790,6153,6197
5789,6155,6199
5788,6157,6201
5787,6159,6203
5786,6161,6205
5785,6163,6207
5784,6165,6209
5783,6167,6211
5782,6169,6214
5781,6171,6216
5780,6173,6218
5779,6175,6220
5778,6177,6222
5777,6179,6224
5776,6181,6226
5775,6183,6228
5774,6185,6230
5773,6187,6233
5772,6189,6235
5771,6191,6237
5770,6193,6239
5769,6195,6241
5768,6197,6243
5767,6199,6245
5766,6201,6248
5765,6204,6250
5764,6206,6252
5763,6208,6254
5762,6210,6256
5761,6212,6259
5760,6214,6261
5759,6216,6263
5758,6219,6265
5757,6221,6267
5756,6223,6270
5755,6225,6272
5754,6227,6274
5753,6229,6276
5752,6232,6279
5751,6234,6281
5750,6236,6283
5749,6238,6286
5748,6241,6288
5747,6243,6290
5746,6245,6292
5745,6247,6295
5744,6250,6297
5743,6252,6299
5742,6254,6302
5741,6257,6304
5740,6259,6306
5739,6261,6309
5738,6264,6311
5737,6266,6314
5736,6268,6316
5735,6271,6318
5734,6273,6321
5733,6275,6323
5732,6278,6325
5731,6280,6328
5730,6283,6330
5729,6285,6333
5728,6288,6335
5727,6290,6338
5726,6292,6340
5725,6295,6343
5724,6297,6345
5723,6300,6347
5722,6302,6350
5721,6305,6352
5720,6307,6355
5719,6310,6357
5718,6313,6360
5717,6315,6363
5716,6318,6365
5715,6320,6368
5714,6323,6370
5713,6326,6373
5712,6328,6375
5711,6331,6378
5710,6334,6380
5709,6336,6383
5708,6339,6386
5707,6342,6388
5706,6344,6391
5705,6347,6393
5704,6350,6396
5703,6353,6399
5702,6355,6401
5701,6358,6404
5700,6361,6407
5699,6364,6409
5698,6367,6412
5697,6370,6415
5696,6372,6417
5695,6375,6420
5694,6378,6423
5693,6381,6426
5692,6384,6428
5691,6387,6431
5690,6390,6434
5689,6393,6436
5688,6396,6439
5687,6399,6442
5686,6402,6445
5685,6405,6448
5684,6409,6450
5683,6412,6453
5682,6415,6456
5681,6418,6459
5680,6421,6461
5679,6425,6464
5678,6428,6467
5677,6431,6470
5676,6435,6473
5675,6438,6475
5674,6442,6478
5673,6445,6481
5672,6449,6484
5671,6452,6486
5670,6456,6489
5669,6460,6492
5668,6463,6495
5667,6467,6497
5666,6471,6500
5665,6475,6503
