5587,6493,6506
5588,6486,6506
5589,6481,6505
5590,6475,6504
5591,6471,6502
5592,6466,6501
5593,6462,6499
5594,6457,6497
5595,6453,6494
5596,6449,6492
5597,6445,6490
5598,6442,6487
5599,6438,6485
5600,6434,6482
5601,6430,6480
5602,6427,6477
5603,6423,6475
5604,6420,6472
5605,6416,6470
5606,6413,6467
5607,6410,6464
5608,6406,6462
5609,6403,6459
5610,6400,6456
5611,6397,6454
5612,6394,6451
5613,6391,6448
5614,6387,6445
5615,6384,6443
5616,6381,6440
5617,6378,6437
5618,6375,6435
5619,6372,6432
5620,6370,6429
5621,6367,6426
5622,6364,6424
5623,6361,6421
5624,6358,6418
5625,6355,6415
5626,6353,6413
5627,6350,6410
5628,6347,6407
5629,6344,6404
5630,6342,6402
5631,6339,6399
5632,6336,6396
5633,6334,6394
5634,6331,6391
5635,6329,6388
5636,6326,6385
5637,6323,6383
5638,6321,6380
5639,6318,6377
5640,6316,6375
7696,8677,8677
5641,6313,6372
7697,8675,8679
7582,9714,9715
7583,9713,9716
7584,9712,9717
7585,9712,9717
7586,9712,9717
7587,9711,9717
7588,9712,9717
7698,8675,8680
5642,6311,6369
7589,9712,9717
7699,8674,8680
5643,6308,6366
7590,9712,9716
5685,6218,6257
7700,8674,8681
5644,6306,6364
7591,9713,9715
5686,6216,6254
7701,8673,8681
5645,6304,6361
5674,6239,6285
7730,8672,8683
5698,6195,6223
5673,6241,6288
7729,8672,8683
5697,6196,6226
5672,6243,6290
7728,8672,8683
5696,6198,6229
5671,6245,6293
7727,8671,8683
5695,6200,6231
5670,6248,6295
7726,8671,8683
5694,6202,6234
5669,6250,6298
7725,8671,8683
5693,6203,6236
5668,6252,6300
7724,8671,8683
5692,6205,6239
5667,6254,6303
7723,8671,8684
5691,6207,6241
5666,6256,6306
7722,8671,8684
5690,6209,6244
5665,6258,6308
7721,8671,8684
5689,6210,6247
5664,6260,6311
7720,8671,8684
5688,6212,6249
5687,6214,6252
5675,6237,6282
7731,8672,8683
5699,6193,6221
5676,6235,6280
7732,8672,8682
5700,6191,6218
5677,6233,6277
7733,8673,8682
5701,6190,6216
5678,6231,6275
7734,8673,8682
5702,6188,6213
5679,6229,6272
7735,8673,8682
5703,6187,6210
5680,6227,6270
7736,8674,8681
5704,6185,6208
5681,6225,6267
7737,8674,8681
5705,6184,6205
5682,6224,6264
7738,8674,8680
5706,6182,6202
5683,6222,6262
7739,8675,8680
5707,6181,6199
5684,6220,6259
7740,8676,8679
5708,6180,6196
7702,8673,8681
5646,6301,6358
7703,8673,8682
5647,6299,6356
7704,8672,8682
5648,6296,6353
7705,8672,8682
5649,6294,6350
7706,8672,8682
5650,6292,6348
7707,8672,8683
5651,6289,6345
7708,8671,8683
5652,6287,6342
7709,8671,8683
5653,6285,6340
7710,8671,8683
5654,6282,6337
7711,8671,8683
5655,6280,6334
7712,8671,8683
5656,6278,6332
7713,8671,8683
5657,6276,6329
7714,8671,8684
5658,6273,6327
7715,8671,8684
5659,6271,6324
7716,8671,8684
5660,6269,6321
7717,8671,8684
5661,6267,6319
7718,8671,8684
5662,6265,6316
7719,8671,8684
5663,6262,6313
5709,6178,6194
5710,6177,6191
5711,6176,6188
5712,6175,6184
5713,6175,6180
