5638,6508,6518
5639,6502,6517
5640,6496,6515
5641,6492,6514
5642,6487,6512
5643,6482,6509
5644,6478,6507
5645,6474,6505
5646,6470,6502
5647,6466,6500
5648,6462,6497
5649,6458,6494
5650,6454,6492
5651,6451,6489
5652,6447,6486
5653,6443,6484
5654,6440,6481
5655,6436,6478
5656,6433,6475
5657,6429,6473
5658,6426,6470
5659,6423,6467
5660,6419,6464
5661,6416,6462
5662,6413,6459
5663,6410,6456
5664,6406,6453
5665,6403,6451
5666,6400,6448
5667,6397,6445
5668,6394,6442
5669,6391,6440
5670,6388,6437
5671,6385,6434
5672,6382,6431
5673,6379,6429
5674,6376,6426
5675,6373,6423
5676,6370,6421
5677,6367,6418
5678,6364,6415
5679,6361,6413
5680,6359,6410
5681,6356,6407
5682,6353,6404
5683,6350,6402
5684,6347,6399
5685,6345,6397
5686,6342,6394
5687,6339,6391
5688,6336,6389
5689,6334,6386
5690,6331,6383
5691,6328,6381
5692,6326,6378
5693,6323,6376
5694,6321,6373
5695,6318,6370
5696,6315,6368
5697,6313,6365
5698,6310,6363
5699,6308,6360
5700,6305,6358
5701,6303,6355
5702,6300,6353
5816,6070,6105
7615,8679,8691
5815,6072,6107
7614,8679,8691
5814,6073,6109
7613,8679,8691
5813,6075,6111
7612,8679,8691
5812,6077,6113
7611,8679,8691
5811,6079,6115
7610,8679,8691
5810,6080,6117
7609,8680,8690
5809,6082,6119
7608,8680,8690
5808,6084,6120
7607,8680,8690
5807,6085,6122
7606,8680,8690
5806,6087,6124
7605,8681,8689
5805,6089,6126
7604,8681,8689
5804,6090,6128
7603,8681,8689
5803,6092,6130
7602,8682,8688
5802,6094,6132
7601,8682,8688
5801,6096,6134
7600,8683,8687
5800,6097,6136
7599,8684,8686
5799,6099,6138
5798,6101,6140
5797,6103,6142
5796,6104,6144
5795,6106,6146
5794,6108,6148
5793,6110,6150
5792,6112,6152
5781,6132,6174
5780,6133,6176
5779,6135,6178
5778,6137,6180
5777,6139,6182
5776,6141,6184
5775,6143,6186
5774,6145,6188
5773,6147,6190
5772,6148,6192
5771,6150,6194
5770,6152,6196
7569,9721,9723
5769,6154,6199
7568,9720,9724
5768,6156,6201
7567,9720,9725
5767,6158,6203
7566,9720,9725
5766,6160,6205
7565,9719,9725
5765,6162,6207
7564,9719,9725
5764,6164,6209
7563,9720,9725
5763,6166,6211
7562,9720,9725
5762,6168,6213
7561,9720,9724
5761,6170,6215
7560,9721,9724
5760,6172,6218
5759,6174,6220
5758,6176,6222
5757,6178,6224
5756,6180,6226
5755,6182,6228
5754,6184,6231
5753,6186,6233
5752,6188,6235
5751,6190,6237
5750,6192,6239
5749,6194,6242
7616,8679,8691
5817,6068,6103
7617,8679,8691
5818,6067,6102
7618,8679,8691
5819,6065,6100
7638,8685,8685
5839,6033,6063
7637,8684,8687
5838,6035,6065
7636,8683,8688
5837,6036,6067
5748,6196,6244
7635,8682,8688
5836,6038,6068
5747,6198,6246
7634,8682,8689
5835,6039,6070
5746,6200,6248
7633,8681,8689
5834,6041,6072
5745,6202,6250
7632,8681,8689
5833,6042,6074
5744,6204,6253
7619,8679,8691
5820,6063,6098
5782,6130,6172
7620,8679,8691
5821,6062,6096
5783,6128,6170
7621,8679,8691
5822,6060,6094
5784,6126,6168
7622,8679,8691
5823,6059,6092
5785,6124,6166
7623,8679,8691
5824,6057,6090
5786,6122,6164
7624,8679,8691
5825,6055,6088
5787,6121,6162
7625,8679,8691
5826,6054,6087
5788,6119,6160
7626,8679,8691
5827,6052,6085
5789,6117,6158
7627,8680,8691
5828,6050,6083
5790,6115,6156
7628,8680,8690
5829,6049,6081
5791,6113,6154
5740,6213,6262
7629,8680,8690
5830,6047,6079
5741,6211,6259
7630,8680,8690
5831,6046,6077
5742,6209,6257
7631,8681,8690
5832,6044,6076
5743,6206,6255
5840,6031,6061
5841,6030,6059
5842,6028,6058
5843,6027,6056
5844,6025,6054
5845,6024,6052
5846,6022,6050
5847,6021,6049
5848,6019,6047
5849,6018,6045
5850,6016,6043
5851,6015,6042
5852,6013,6040
5853,6012,6038
5854,6010,6036
5855,6009,6035
5856,6007,6033
5857,6006,6031
5858,6004,6029
5859,6003,6028
5860,6001,6026
5861,6000,6024
5862,5998,6022
5863,5997,6021
5864,5995,6019
5865,5994,6017
5866,5992,6015
5867,5991,6014
5868,5990,6012
5869,5988,6010
5870,5987,6008
5871,5985,6007
5872,5984,6005
5873,5983,6003
5874,5981,6002
5875,5980,6000
5876,5978,5998
5877,5977,5996
5878,5976,5995
5879,5974,5993
5880,5973,5991
5881,5971,5990
5882,5970,5988
5883,5969,5986
5884,5967,5984
5885,5966,5983
5886,5965,5981
5887,5963,5979
5888,5962,5978
5889,5961,5976
5890,5959,5974
5891,5958,5972
5892,5957,5971
5893,5956,5969
5894,5954,5967
5895,5953,5966
5896,5952,5964
5897,5951,5962
5898,5949,5960
5899,5948,5959
5900,5947,5957
5901,5946,5955
5902,5945,5953
5903,5943,5952
5904,5942,5950
5905,5941,5948
5906,5940,5946
5907,5939,5944
5908,5938,5942
5909,5938,5940
5739,6215,6264
5738,6217,6266
5737,6219,6269
5736,6221,6271
5735,6224,6273
5734,6226,6275
5733,6228,6278
5732,6230,6280
5731,6232,6282
5730,6234,6285
5729,6237,6287
5728,6239,6289
5727,6241,6292
5726,6243,6294
5725,6246,6296
5724,6248,6299
5723,6250,6301
5722,6252,6303
5721,6255,6306
5720,6257,6308
5719,6259,6311
5718,6262,6313
5717,6264,6315
5716,6266,6318
5715,6269,6320
5714,6271,6323
5713,6273,6325
5712,6276,6328
5711,6278,6330
5710,6281,6333
5709,6283,6335
5708,6285,6338
5707,6288,6340
5706,6290,6342
5705,6293,6345
5704,6295,6348
5703,6298,6350
