5670,6517,6522
5671,6511,6521
5672,6506,6519
5673,6501,6517
5674,6497,6515
5675,6493,6512
5676,6489,6509
5677,6484,6507
5678,6481,6504
5679,6477,6501
5680,6473,6499
5681,6469,6496
5682,6465,6493
5683,6462,6490
5684,6458,6487
5685,6455,6485
5686,6451,6482
5687,6448,6479
5688,6444,6476
5689,6441,6473
5690,6437,6470
5691,6434,6468
5692,6431,6465
5693,6427,6462
5694,6424,6459
5695,6421,6456
5696,6418,6454
5697,6415,6451
5698,6411,6448
5699,6408,6445
5700,6405,6442
5701,6402,6440
5702,6399,6437
5703,6396,6434
5704,6393,6431
5705,6390,6429
5706,6387,6426
5707,6384,6423
5708,6381,6420
5709,6378,6418
5710,6375,6415
5711,6373,6412
5712,6370,6410
5713,6367,6407
5714,6364,6404
5715,6361,6402
5716,6358,6399
5717,6356,6396
5718,6353,6394
5719,6350,6391
5720,6347,6389
5721,6345,6386
5722,6342,6383
5723,6339,6381
5724,6337,6378
5725,6334,6376
5726,6331,6373
5727,6329,6370
5728,6326,6368
5729,6323,6365
5730,6321,6363
5731,6318,6360
5732,6316,6358
5733,6313,6355
5734,6311,6353
5735,6308,6350
5736,6305,6348
5737,6303,6345
5738,6300,6343
5739,6298,6340
5740,6296,6338
5741,6293,6336
5742,6291,6333
5743,6288,6331
5744,6286,6328
5745,6283,6326
5746,6281,6324
5747,6278,6321
5748,6276,6319
5749,6274,6316
5750,6271,6314
5751,6269,6312
5752,6267,6309
5753,6264,6307
5754,6262,6305
5755,6260,6302
5756,6257,6300
5757,6255,6298
5758,6253,6295
5759,6250,6293
5760,6248,6291
5761,6246,6289
5762,6244,6286
5763,6241,6284
5764,6239,6282
5765,6237,6279
5766,6235,6277
5767,6232,6275
5768,6230,6273
5769,6228,6271
5770,6226,6268
5771,6223,6266
5772,6221,6264
5773,6219,6262
5774,6217,6259
5775,6215,6257
5776,6213,6255
5777,6210,6253
5778,6208,6251
5779,6206,6249
5780,6204,6246
5781,6202,6244
5782,6200,6242
5783,6198,6240
5784,6196,6238
5785,6194,6236
5786,6191,6234
5787,6189,6232
5788,6187,6229
5789,6185,6227
5790,6183,6225
5791,6181,6223
5792,6179,6221
5793,6177,6219
5794,6175,6217
5795,6173,6215
5796,6171,6213
5797,6169,6211
5798,6167,6209
5799,6165,6207
5800,6163,6205
5801,6161,6203
5802,6159,6201
5803,6157,6199
5804,6155,6197
5805,6153,6195
5806,6151,6193
5807,6149,6191
5808,6147,6189
5809,6145,6187
5810,6143,6185
5811,6141,6183
5812,6139,6181
5813,6138,6179
5814,6136,6177
5815,6134,6175
5816,6132,6173
5817,6130,6171
5818,6128,6169
5819,6126,6167
5820,6124,6165
5821,6122,6163
5822,6121,6161
5823,6119,6159
5824,6117,6157
5825,6115,6155
5826,6113,6154
5827,6111,6152
5828,6109,6150
5829,6108,6148
5830,6106,6146
5831,6104,6144
5832,6102,6142
5833,6100,6140
5834,6098,6139
5835,6097,6137
5836,6095,6135
5837,6093,6133
5838,6091,6131
5839,6089,6129
5840,6088,6127
5841,6086,6126
5842,6084,6124
5843,6082,6122
5844,6081,6120
5845,6079,6118
5846,6077,6117
5847,6075,6115
5848,6074,6113
5849,6072,6111
5850,6070,6109
5851,6068,6108
5852,6067,6106
5853,6065,6104
5854,6063,6102
5855,6061,6100
5856,6060,6099
5857,6058,6097
5858,6056,6095
5859,6055,6093
5860,6053,6092
5861,6051,6090
5862,6050,6088
5863,6048,6086
5864,6046,6085
5865,6045,6083
5866,6043,6081
5867,6041,6080
5868,6040,6078
5869,6038,6076
5870,6036,6074
5871,6035,6073
5872,6033,6071
5873,6031,6069
5874,6030,6068
5875,6028,6066
5876,6026,6064
5877,6025,6063
5878,6023,6061
5879,6021,6059
5880,6020,6058
5881,6018,6056
5882,6017,6054
5883,6015,6053
5884,6013,6051
5885,6012,6049
5886,6010,6048
5887,6009,6046
5888,6007,6044
5889,6005,6043
5890,6004,6041
5891,6002,6039
5892,6001,6038
5893,5999,6036
5894,5998,6034
5895,5996,6033
5896,5994,6031
5897,5993,6030
5898,5991,6028
5899,5990,6026
5900,5988,6025
5901,5987,6023
5902,5985,6022
5903,5984,6020
5904,5982,6018
5905,5980,6017
5906,5979,6015
5907,5977,6014
5908,5976,6012
5909,5974,6011
5910,5973,6009
5911,5971,6007
5912,5970,6006
5913,5968,6004
5914,5967,6003
5915,5965,6001
5916,5964,6000
5917,5962,5998
5918,5961,5997
5919,5959,5995
5920,5958,5993
5921,5956,5992
5922,5955,5990
5923,5953,5989
5924,5952,5987
5925,5950,5986
5926,5949,5984
5927,5948,5983
5928,5946,5981
5929,5945,5980
5930,5943,5978
5931,5942,5977
5932,5940,5975
9263,6158,6160
9262,6156,6159
9261,6153,6157
9260,6151,6156
9259,6149,6154
9258,6147,6152
9257,6145,6151
9256,6143,6149
9255,6140,6147
9254,6138,6145
9253,6136,6144
9252,6134,6142
9251,6132,6140
9250,6130,6139
9249,6128,6137
9248,6126,6135
9247,6124,6133
9246,6122,6132
9245,6120,6130
9244,6118,6128
9243,6116,6126
9242,6114,6125
9241,6112,6123
9240,6110,6121
9239,6109,6120
9238,6107,6118
9237,6105,6116
9236,6103,6114
9235,6101,6113
9234,6099,6111
9233,6097,6109
9232,6095,6108
9231,6093,6106
9230,6092,6104
9229,6090,6102
9228,6088,6101
9227,6086,6099
9226,6084,6097
9225,6082,6096
9224,6080,6094
9223,6079,6092
9222,6077,6091
9221,6075,6089
9220,6073,6087
9219,6071,6085
9218,6070,6084
9217,6068,6082
9216,6066,6080
9215,6064,6079
9214,6063,6077
9213,6061,6075
9212,6059,6074
9211,6057,6072
9210,6056,6070
9209,6054,6069
9208,6052,6067
9207,6050,6066
9206,6049,6064
9205,6047,6062
9204,6045,6061
9203,6043,6059
9202,6042,6057
9201,6040,6056
9200,6038,6054
9199,6037,6053
9198,6035,6051
9197,6033,6049
9196,6032,6048
9195,6030,6046
9194,6028,6044
9193,6026,6043
9192,6025,6041
9191,6023,6040
9190,6022,6038
9189,6020,6036
9188,6018,6035
9187,6017,6033
9186,6015,6032
9185,6013,6030
9184,6012,6029
9183,6010,6027
9182,6008,6025
9181,6007,6024
9180,6005,6022
9179,6004,6021
9178,6002,6019
9177,6000,6018
9176,5999,6016
9175,5997,6014
9174,5996,6013
9173,5994,6011
9172,5992,6010
9171,5991,6008
9170,5989,6007
9169,5988,6005
9168,5986,6004
9167,5984,6002
9166,5983,6001
9165,5981,5999
9164,5980,5998
9163,5978,5996
9162,5977,5995
9161,5975,5993
9160,5974,5992
9159,5972,5990
9158,5970,5989
9157,5969,5987
9156,5967,5986
9155,5966,5984
9154,5964,5983
9153,5963,5981
9152,5961,5980
9151,5960,5978
9150,5958,5977
9149,5957,5975
9148,5955,5974
9147,5954,5972
9146,5952,5971
9145,5951,5969
9144,5949,5968
9143,5948,5966
9142,5946,5965
9141,5945,5963
9140,5943,5962
9139,5942,5961
9138,5940,5959
9137,5939,5958
9136,5937,5956
9135,5936,5955
9134,5935,5953
9133,5933,5952
9132,5932,5951
9131,5930,5949
9130,5929,5948
9129,5927,5946
9128,5926,5945
9127,5924,5943
9126,5923,5942
9125,5922,5941
9124,5920,5939
9123,5919,5938
9122,5917,5936
9121,5916,5935
9120,5914,5934
9119,5913,5932
9118,5912,5931
9117,5910,5929
9116,5909,5928
9115,5907,5927
9114,5906,5925
9113,5905,5924
9112,5903,5922
9111,5902,5921
9110,5900,5920
9109,5899,5918
9108,5898,5917
9107,5896,5916
9106,5895,5914
9105,5893,5913
9104,5892,5911
9103,5891,5910
9102,5889,5909
9101,5888,5907
9100,5887,5906
9099,5885,5905
9098,5884,5903
9097,5883,5902
9096,5881,5901
9095,5880,5899
9094,5878,5898
9093,5877,5897
9092,5876,5895
9091,5874,5894
9090,5873,5893
9089,5872,5891
9088,5870,5890
9087,5869,5889
9086,5868,5887
9085,5866,5886
9084,5865,5885
9083,5864,5883
9082,5862,5882
9081,5861,5881
9080,5860,5879
9079,5859,5878
9078,5857,5877
9077,5856,5876
9076,5855,5874
9075,5853,5873
9074,5852,5872
9073,5851,5870
9072,5849,5869
9071,5848,5868
9070,5847,5867
9069,5846,5865
9068,5844,5864
9067,5843,5863
9066,5842,5861
9065,5840,5860
9064,5839,5859
9063,5838,5858
9062,5837,5856
9061,5835,5855
9060,5834,5854
9059,5833,5853
9058,5831,5851
9057,5830,5850
9056,5829,5849
9055,5828,5847
9054,5826,5846
9053,5825,5845
9052,5824,5844
9051,5823,5843
9050,5821,5841
9049,5820,5840
9048,5819,5839
9047,5818,5838
9046,5816,5836
9045,5815,5835
9044,5814,5834
9043,5813,5833
9042,5812,5831
9041,5810,5830
9040,5809,5829
9039,5808,5828
9038,5807,5826
9037,5805,5825
9036,5804,5824
9035,5803,5823
9034,5802,5822
9033,5801,5820
9032,5799,5819
9031,5798,5818
9030,5797,5817
9029,5796,5816
9028,5795,5814
9027,5793,5813
9026,5792,5812
9025,5791,5811
9024,5790,5810
9023,5789,5808
9022,5787,5807
9021,5786,5806
9020,5785,5805
9019,5784,5804
9018,5783,5803
9017,5781,5801
9016,5780,5800
9015,5779,5799
9014,5778,5798
9013,5777,5797
9012,5776,5795
9011,5774,5794
9010,5773,5793
9009,5772,5792
9008,5771,5791
9007,5770,5790
9006,5769,5788
9005,5767,5787
9004,5766,5786
9003,5765,5785
9002,5764,5784
9001,5763,5783
9000,5762,5782
8999,5761,5780
8998,5759,5779
8997,5758,5778
8996,5757,5777
8995,5756,5776
8994,5755,5775
8993,5754,5774
8992,5753,5772
8991,5751,5771
8990,5750,5770
8989,5749,5769
8988,5748,5768
8987,5747,5767
8986,5746,5766
8985,5745,5765
8984,5744,5763
8983,5742,5762
8982,5741,5761
8981,5740,5760
8980,5739,5759
8979,5738,5758
8978,5737,5757
8977,5736,5756
8976,5735,5755
8975,5734,5753
8974,5733,5752
8973,5731,5751
8972,5730,5750
8971,5729,5749
8970,5728,5748
8969,5727,5747
8968,5726,5746
8967,5725,5745
8966,5724,5744
8965,5723,5742
8964,5722,5741
8963,5721,5740
8962,5719,5739
8961,5718,5738
8960,5717,5737
8959,5716,5736
8958,5715,5735
8957,5714,5734
8956,5713,5733
8955,5712,5732
8954,5711,5731
8953,5710,5730
8952,5709,5728
8951,5708,5727
8950,5707,5726
8949,5706,5725
8948,5704,5724
8947,5703,5723
8946,5702,5722
8945,5701,5721
8944,5700,5720
8943,5699,5719
8942,5698,5718
8941,5697,5717
8940,5696,5716
8939,5695,5715
8938,5694,5714
8937,5693,5713
8936,5692,5712
8935,5691,5711
8934,5690,5710
8933,5689,5708
8932,5688,5707
8931,5687,5706
8930,5686,5705
8929,5685,5704
8928,5684,5703
8927,5683,5702
8926,5682,5701
8925,5681,5700
8924,5680,5699
8923,5679,5698
8922,5678,5697
8921,5677,5696
8920,5676,5695
8919,5675,5694
8918,5674,5693
8917,5673,5692
8916,5671,5691
8915,5670,5690
8914,5669,5689
8913,5668,5688
8912,5667,5687
8911,5666,5686
8910,5665,5685
8909,5664,5684
8908,5663,5683
8907,5662,5682
8906,5662,5681
8905,5661,5680
8904,5660,5679
8903,5659,5678
8902,5658,5677
8901,5657,5676
8900,5656,5675
8899,5655,5674
8898,5654,5673
8897,5653,5672
8896,5652,5671
8895,5651,5670
8894,5650,5669
8893,5649,5668
8892,5648,5667
8891,5647,5666
8890,5646,5665
8889,5645,5664
8888,5644,5663
8887,5643,5662
8886,5642,5661
8885,5641,5660
8884,5640,5659
8883,5639,5658
8882,5638,5658
8881,5637,5657
8880,5636,5656
8879,5635,5655
8878,5634,5654
8877,5633,5653
8876,5632,5652
8875,5631,5651
8874,5630,5650
8873,5630,5649
8872,5629,5648
8871,5628,5647
8870,5627,5646
8869,5626,5645
8868,5625,5644
8867,5624,5643
8866,5623,5642
8865,5622,5641
8864,5621,5640
8863,5620,5639
8862,5619,5639
8861,5618,5638
8860,5617,5637
8859,5616,5636
8858,5616,5635
8857,5615,5634
8856,5614,5633
8855,5613,5632
8854,5612,5631
8853,5611,5630
8852,5610,5629
8851,5609,5628
8850,5608,5627
8849,5607,5626
8848,5606,5626
8847,5605,5625
8846,5605,5624
8845,5604,5623
8844,5603,5622
8843,5602,5621
8842,5601,5620
8841,5600,5619
8840,5599,5618
8839,5598,5617
8838,5597,5616
8837,5596,5615
8836,5595,5615
8835,5595,5614
8834,5594,5613
8833,5593,5612
8832,5592,5611
8831,5591,5610
8830,5590,5609
8829,5589,5608
8828,5588,5607
8827,5587,5607
8826,5587,5606
8825,5586,5605
8824,5585,5604
8823,5584,5603
8822,5583,5602
8821,5582,5601
8820,5581,5600
8819,5580,5599
8818,5580,5599
8817,5579,5598
8816,5578,5597
8815,5577,5596
8814,5576,5595
8813,5575,5594
8812,5574,5593
8811,5573,5592
8810,5573,5592
8809,5572,5591
8808,5571,5590
8807,5570,5589
8806,5569,5588
8805,5568,5587
8804,5567,5586
8803,5567,5585
8802,5566,5585
8801,5565,5584
8800,5564,5583
8799,5563,5582
8798,5562,5581
8797,5561,5580
8796,5561,5579
8795,5560,5579
8794,5559,5578
8793,5558,5577
8792,5557,5576
8791,5556,5575
8790,5556,5574
8789,5555,5573
8788,5554,5573
8787,5553,5572
8786,5552,5571
8785,5551,5570
8784,5550,5569
8783,5550,5568
8782,5549,5568
8781,5548,5567
8780,5547,5566
8779,5546,5565
8778,5545,5564
8777,5545,5563
8776,5544,5563
8775,5543,5562
8774,5542,5561
8773,5541,5560
8772,5541,5559
8771,5540,5558
8770,5539,5558
8769,5538,5557
8768,5537,5556
8767,5536,5555
8766,5536,5554
8765,5535,5553
8764,5534,5553
8763,5533,5552
8762,5532,5551
8761,5532,5550
8760,5531,5549
8759,5530,5549
8758,5529,5548
8757,5528,5547
8756,5528,5546
8755,5527,5545
8754,5526,5545
8753,5525,5544
8752,5524,5543
8751,5524,5542
8750,5523,5541
8749,5522,5540
8748,5521,5540
8747,5520,5539
8746,5520,5538
8745,5519,5537
8744,5518,5536
8743,5517,5536
8742,5516,5535
8741,5516,5534
8740,5515,5533
8739,5514,5533
8738,5513,5532
8737,5512,5531
8736,5512,5530
8735,5511,5529
8734,5510,5529
8733,5509,5528
8732,5509,5527
8731,5508,5526
8730,5507,5525
8729,5506,5525
8728,5505,5524
8727,5505,5523
8726,5504,5522
8725,5503,5522
8724,5502,5521
8723,5502,5520
8722,5501,5519
8721,5500,5518
8720,5499,5518
8719,5499,5517
8718,5498,5516
8717,5497,5515
8716,5496,5515
8715,5496,5514
8714,5495,5513
8713,5494,5512
8712,5493,5512
8711,5493,5511
8710,5492,5510
8709,5491,5509
8708,5490,5508
8707,5489,5508
8706,5489,5507
8705,5488,5506
8704,5487,5505
8703,5486,5505
8702,5486,5504
8701,5485,5503
8700,5484,5502
8699,5484,5502
8698,5483,5501
8697,5482,5500
8696,5481,5499
8695,5481,5499
8694,5480,5498
8693,5479,5497
8692,5478,5496
8691,5478,5496
8690,5477,5495
8689,5476,5494
8688,5475,5493
8687,5475,5493
8686,5474,5492
8685,5473,5491
8684,5472,5491
8683,5472,5490
8682,5471,5489
8681,5470,5488
8680,5470,5488
8679,5469,5487
8678,5468,5486
8677,5467,5485
8676,5467,5485
8675,5466,5484
8674,5465,5483
8673,5465,5482
8672,5464,5482
8671,5463,5481
8670,5462,5480
8669,5462,5480
8668,5461,5479
8667,5460,5478
8666,5460,5477
8665,5459,5477
8664,5458,5476
8663,5457,5475
8662,5457,5475
8661,5456,5474
8660,5455,5473
8659,5455,5472
8658,5454,5472
8657,5453,5471
8656,5452,5470
8655,5452,5470
8654,5451,5469
8653,5450,5468
8652,5450,5467
8651,5449,5467
8650,5448,5466
8649,5448,5465
8648,5447,5465
8647,5446,5464
8646,5445,5463
8645,5445,5463
8644,5444,5462
8643,5443,5461
8642,5443,5460
8641,5442,5460
8640,5441,5459
8639,5441,5458
8638,5440,5458
8637,5439,5457
8636,5439,5456
8635,5438,5456
8634,5437,5455
8633,5437,5454
8632,5436,5454
8631,5435,5453
8630,5435,5452
8629,5434,5452
8628,5433,5451
8627,5432,5450
8626,5432,5449
8625,5431,5449
8624,5430,5448
8623,5430,5447
8622,5429,5447
8621,5428,5446
8620,5428,5445
8619,5427,5445
8618,5426,5444
8617,5426,5443
8616,5425,5443
8615,5424,5442
8614,5424,5441
8613,5423,5441
8612,5422,5440
8611,5422,5439
8610,5421,5439
8609,5420,5438
8608,5420,5437
8607,5419,5437
8606,5419,5436
8605,5418,5435
8604,5417,5435
8603,5417,5434
8602,5416,5433
8601,5415,5433
8600,5415,5432
8599,5414,5431
8598,5413,5431
8597,5413,5430
8596,5412,5429
8595,5411,5429
8594,5411,5428
8593,5410,5427
8592,5409,5427
8591,5409,5426
8590,5408,5426
8589,5407,5425
8588,5407,5424
8587,5406,5424
8586,5406,5423
8585,5405,5422
8584,5404,5422
8583,5404,5421
8582,5403,5420
8581,5402,5420
8580,5402,5419
8579,5401,5418
8578,5400,5418
8577,5400,5417
8576,5399,5417
8575,5399,5416
8574,5398,5415
8573,5397,5415
8572,5397,5414
8571,5396,5413
8570,5395,5413
8569,5395,5412
8568,5394,5411
8567,5394,5411
8566,5393,5410
8565,5392,5410
8564,5392,5409
8563,5391,5408
8562,5390,5408
8561,5390,5407
8560,5389,5406
8559,5389,5406
8558,5388,5405
8557,5387,5405
8556,5387,5404
8555,5386,5403
8554,5386,5403
8553,5385,5402
8552,5384,5402
8551,5384,5401
8550,5383,5400
8549,5383,5400
8548,5382,5399
8547,5381,5398
8546,5381,5398
8545,5380,5397
8544,5380,5397
8543,5379,5396
8542,5378,5395
8541,5378,5395
8540,5377,5394
8539,5377,5394
8538,5376,5393
8537,5375,5392
8536,5375,5392
8535,5374,5391
8534,5374,5391
8533,5373,5390
8532,5372,5389
8531,5372,5389
8530,5371,5388
8529,5371,5388
8528,5370,5387
8527,5369,5386
8526,5369,5386
8525,5368,5385
8524,5368,5385
8523,5367,5384
8522,5366,5383
8521,5366,5383
8520,5365,5382
8519,5365,5382
8518,5364,5381
8517,5364,5380
8516,5363,5380
8515,5362,5379
8514,5362,5379
8513,5361,5378
8512,5361,5378
8511,5360,5377
8510,5359,5376
8509,5359,5376
8508,5358,5375
8507,5358,5375
8506,5357,5374
8505,5357,5373
8504,5356,5373
8503,5355,5372
8502,5355,5372
8501,5354,5371
8500,5354,5371
8499,5353,5370
8498,5353,5369
8497,5352,5369
8496,5351,5368
8495,5351,5368
8494,5350,5367
8493,5350,5367
8492,5349,5366
8491,5349,5365
8490,5348,5365
8489,5348,5364
8488,5347,5364
8487,5346,5363
8486,5346,5363
8485,5345,5362
8484,5345,5361
8483,5344,5361
8482,5344,5360
8481,5343,5360
8480,5343,5359
8479,5342,5359
8478,5341,5358
8477,5341,5358
8476,5340,5357
8475,5340,5356
8474,5339,5356
8473,5339,5355
8472,5338,5355
8471,5338,5354
8470,5337,5354
8469,5337,5353
8468,5336,5353
8467,5335,5352
8466,5335,5351
8465,5334,5351
8464,5334,5350
8463,5333,5350
8462,5333,5349
8461,5332,5349
8460,5332,5348
8459,5331,5348
8458,5331,5347
8457,5330,5347
8456,5330,5346
8455,5329,5345
8454,5328,5345
8453,5328,5344
8452,5327,5344
8451,5327,5343
8450,5326,5343
8449,5326,5342
8448,5325,5342
8447,5325,5341
8446,5324,5341
8445,5324,5340
8444,5323,5340
8443,5323,5339
8442,5322,5339
8441,5322,5338
8440,5321,5337
8439,5321,5337
8438,5320,5336
8437,5320,5336
8436,5319,5335
8435,5318,5335
8434,5318,5334
8433,5317,5334
8432,5317,5333
8431,5316,5333
8430,5316,5332
8429,5315,5332
8428,5315,5331
8427,5314,5331
8426,5314,5330
8425,5313,5330
8424,5313,5329
8423,5312,5329
8422,5312,5328
8421,5311,5328
8420,5311,5327
8419,5310,5327
8418,5310,5326
8417,5309,5326
8416,5309,5325
8415,5308,5325
8414,5308,5324
8413,5307,5323
8412,5307,5323
8411,5306,5322
8410,5306,5322
8409,5305,5321
8408,5305,5321
8407,5304,5320
8406,5304,5320
8405,5303,5319
8404,5303,5319
8403,5302,5318
8402,5302,5318
8401,5301,5317
8400,5301,5317
8399,5300,5316
8398,5300,5316
8397,5299,5315
8396,5299,5315
8395,5298,5314
8394,5298,5314
8393,5297,5313
8392,5297,5313
8391,5296,5312
8390,5296,5312
8389,5295,5311
8388,5295,5311
8387,5294,5311
8386,5294,5310
8385,5293,5310
8384,5293,5309
8383,5293,5309
8382,5292,5308
8381,5292,5308
8380,5291,5307
8379,5291,5307
8378,5290,5306
8377,5290,5306
8376,5289,5305
8375,5289,5305
8374,5288,5304
8373,5288,5304
8372,5287,5303
8371,5287,5303
8370,5286,5302
8369,5286,5302
8368,5285,5301
8367,5285,5301
8366,5284,5300
8365,5284,5300
8364,5284,5299
8363,5283,5299
8362,5283,5298
8361,5282,5298
8360,5282,5298
8359,5281,5297
8358,5281,5297
8357,5280,5296
8356,5280,5296
8355,5279,5295
8354,5279,5295
8353,5278,5294
8352,5278,5294
8351,5277,5293
8350,5277,5293
8349,5277,5292
8348,5276,5292
8347,5276,5291
8346,5275,5291
8345,5275,5291
8344,5274,5290
8343,5274,5290
8342,5273,5289
8341,5273,5289
8340,5272,5288
8339,5272,5288
8338,5272,5287
8337,5271,5287
8336,5271,5286
8335,5270,5286
8334,5270,5286
8333,5269,5285
8332,5269,5285
8331,5268,5284
8330,5268,5284
8329,5268,5283
8328,5267,5283
8327,5267,5282
8326,5266,5282
8325,5266,5281
8324,5265,5281
8323,5265,5281
8322,5264,5280
8321,5264,5280
8320,5264,5279
8319,5263,5279
8318,5263,5278
8317,5262,5278
8316,5262,5277
8315,5261,5277
8314,5261,5277
8313,5261,5276
8312,5260,5276
8311,5260,5275
8310,5259,5275
8309,5259,5274
8308,5258,5274
8307,5258,5274
8306,5258,5273
8305,5257,5273
8304,5257,5272
8303,5256,5272
8302,5256,5271
8301,5255,5271
8300,5255,5271
8299,5255,5270
8298,5254,5270
8297,5254,5269
8296,5253,5269
8295,5253,5268
8294,5252,5268
8293,5252,5268
8292,5252,5267
8291,5251,5267
8290,5251,5266
7041,5165,5178
7040,5166,5178
7039,5166,5178
7038,5166,5178
7037,5166,5179
7036,5167,5179
7035,5167,5179
7034,5167,5179
7033,5167,5180
7032,5168,5180
7031,5168,5180
7030,5168,5181
7029,5169,5181
7028,5169,5181
7027,5169,5181
7026,5169,5182
7025,5170,5182
7024,5170,5182
7023,5170,5182
7022,5170,5183
7021,5171,5183
7020,5171,5183
7019,5171,5184
7018,5172,5184
7017,5172,5184
7016,5172,5184
7015,5172,5185
7014,5173,5185
7013,5173,5185
7012,5173,5186
7011,5173,5186
7010,5174,5186
7009,5174,5186
7008,5174,5187
7007,5175,5187
7006,5175,5187
7005,5175,5188
7004,5175,5188
7003,5176,5188
7002,5176,5188
7001,5176,5189
7000,5177,5189
6999,5177,5189
6998,5177,5190
6997,5177,5190
6996,5178,5190
6995,5178,5190
6994,5178,5191
6993,5179,5191
6992,5179,5191
6991,5179,5192
6990,5179,5192
6989,5180,5192
6988,5180,5192
6987,5180,5193
6986,5181,5193
6985,5181,5193
6984,5181,5194
6983,5182,5194
6982,5182,5194
6981,5182,5195
6980,5182,5195
6979,5183,5195
6978,5183,5196
6977,5183,5196
6976,5184,5196
6975,5184,5196
6974,5184,5197
6973,5185,5197
6972,5185,5197
6971,5185,5198
6970,5185,5198
6969,5186,5198
6968,5186,5199
6967,5186,5199
6966,5187,5199
6965,5187,5200
6964,5187,5200
6963,5188,5200
6962,5188,5200
6961,5188,5201
6960,5188,5201
6959,5189,5201
6958,5189,5202
6957,5189,5202
6956,5190,5202
6955,5190,5203
6954,5190,5203
6953,5191,5203
6952,5191,5204
6951,5191,5204
6950,5192,5204
6949,5192,5205
6948,5192,5205
6947,5193,5205
6946,5193,5206
6945,5193,5206
6944,5194,5206
6943,5194,5206
6942,5194,5207
6941,5194,5207
6940,5195,5207
6939,5195,5208
6938,5195,5208
6937,5196,5208
6936,5196,5209
6935,5196,5209
6934,5197,5209
6933,5197,5210
6932,5197,5210
6931,5198,5210
6930,5198,5211
6929,5198,5211
6928,5199,5211
6927,5199,5212
6926,5199,5212
6925,5200,5212
6924,5200,5213
6923,5200,5213
6922,5201,5213
6921,5201,5214
6920,5201,5214
6919,5202,5214
6918,5202,5215
6917,5202,5215
6916,5203,5215
6915,5203,5216
6914,5203,5216
6913,5204,5217
6912,5204,5217
6911,5204,5217
6910,5205,5218
6909,5205,5218
6908,5205,5218
6907,5206,5219
6906,5206,5219
6905,5206,5219
6904,5207,5220
6903,5207,5220
6902,5207,5220
6901,5208,5221
6900,5208,5221
6899,5208,5221
6898,5209,5222
6897,5209,5222
6896,5209,5222
6895,5210,5223
6894,5210,5223
6893,5211,5223
6892,5211,5224
6891,5211,5224
6890,5212,5225
6889,5212,5225
6888,5212,5225
6887,5213,5226
6886,5213,5226
6885,5213,5226
6884,5214,5227
6883,5214,5227
6882,5214,5227
6881,5215,5228
6880,5215,5228
6879,5215,5229
6878,5216,5229
6877,5216,5229
6876,5217,5230
6875,5217,5230
6874,5217,5230
6873,5218,5231
6872,5218,5231
6871,5218,5231
6870,5219,5232
6869,5219,5232
6868,5219,5233
6867,5220,5233
6866,5220,5233
6865,5221,5234
6864,5221,5234
6863,5221,5234
6862,5222,5235
6861,5222,5235
6860,5222,5236
6859,5223,5236
6858,5223,5236
6857,5223,5237
6856,5224,5237
6855,5224,5237
6854,5225,5238
6853,5225,5238
6852,5225,5239
6851,5226,5239
6850,5226,5239
6849,5226,5240
6848,5227,5240
6847,5227,5241
6846,5228,5241
6845,5228,5241
6844,5228,5242
6843,5229,5242
6842,5229,5242
6841,5229,5243
6840,5230,5243
6839,5230,5244
6838,5231,5244
6837,5231,5244
6836,5231,5245
6835,5232,5245
6834,5232,5246
6833,5233,5246
6832,5233,5246
6831,5233,5247
6830,5234,5247
6829,5234,5248
6828,5234,5248
6827,5235,5248
6826,5235,5249
6825,5236,5249
6824,5236,5250
6823,5236,5250
6822,5237,5250
6821,5237,5251
6820,5238,5251
6819,5238,5252
6818,5238,5252
6817,5239,5252
6816,5239,5253
6815,5240,5253
6814,5240,5254
6813,5240,5254
6812,5241,5254
6811,5241,5255
6810,5242,5255
6809,5242,5256
6808,5242,5256
6807,5243,5256
6806,5243,5257
6805,5244,5257
6804,5244,5258
6803,5244,5258
6802,5245,5258
6801,5245,5259
6800,5246,5259
6799,5246,5260
6798,5246,5260
6797,5247,5261
6796,5247,5261
6795,5248,5261
6794,5248,5262
6793,5248,5262
6792,5249,5263
6791,5249,5263
6790,5250,5263
6789,5250,5264
6788,5251,5264
6787,5251,5265
6786,5251,5265
6785,5252,5266
6784,5252,5266
6783,5253,5266
6782,5253,5267
6781,5253,5267
6780,5254,5268
6779,5254,5268
6778,5255,5269
6777,5255,5269
6776,5256,5269
6775,5256,5270
6774,5256,5270
6773,5257,5271
6772,5257,5271
6771,5258,5272
6770,5258,5272
6769,5259,5272
6768,5259,5273
6767,5259,5273
6766,5260,5274
6765,5260,5274
6764,5261,5275
6763,5261,5275
6762,5262,5276
6761,5262,5276
6760,5262,5276
6759,5263,5277
6758,5263,5277
6757,5264,5278
6756,5264,5278
6755,5265,5279
6754,5265,5279
6753,5265,5280
6752,5266,5280
6751,5266,5280
6750,5267,5281
6749,5267,5281
6748,5268,5282
6747,5268,5282
6746,5269,5283
6745,5269,5283
6744,5269,5284
6743,5270,5284
6742,5270,5285
6741,5271,5285
6740,5271,5285
6739,5272,5286
6738,5272,5286
6737,5273,5287
6736,5273,5287
6735,5273,5288
6734,5274,5288
6733,5274,5289
6732,5275,5289
6731,5275,5290
6730,5276,5290
6729,5276,5290
6728,5277,5291
6727,5277,5291
6726,5278,5292
6725,5278,5292
6724,5278,5293
6723,5279,5293
6722,5279,5294
6721,5280,5294
6720,5280,5295
6719,5281,5295
6718,5281,5296
6717,5282,5296
6716,5282,5297
6715,5283,5297
6714,5283,5298
6713,5283,5298
6712,5284,5298
6711,5284,5299
6710,5285,5299
6709,5285,5300
6708,5286,5300
6707,5286,5301
6706,5287,5301
6705,5287,5302
6704,5288,5302
6703,5288,5303
6702,5289,5303
6701,5289,5304
6700,5290,5304
6699,5290,5305
6698,5291,5305
6697,5291,5306
6696,5291,5306
6695,5292,5307
6694,5292,5307
6693,5293,5308
6692,5293,5308
6691,5294,5309
6690,5294,5309
6689,5295,5310
6688,5295,5310
6687,5296,5311
6686,5296,5311
6685,5297,5312
6684,5297,5312
6683,5298,5313
6682,5298,5313
6681,5299,5314
6680,5299,5314
6679,5300,5315
6678,5300,5315
6677,5301,5316
6676,5301,5316
6675,5302,5317
6674,5302,5317
6673,5303,5318
6672,5303,5318
6671,5304,5319
6670,5304,5319
6669,5305,5320
6668,5305,5320
6667,5306,5321
6666,5306,5321
6665,5307,5322
6664,5307,5322
6663,5308,5323
6662,5308,5323
6661,5309,5324
6660,5309,5324
6659,5310,5325
6658,5310,5325
6657,5311,5326
6656,5311,5326
6655,5312,5327
6654,5312,5327
6653,5313,5328
6652,5313,5328
6651,5314,5329
6650,5314,5329
6649,5315,5330
6648,5315,5330
6647,5316,5331
6646,5316,5331
6645,5317,5332
6644,5317,5332
6643,5318,5333
6642,5318,5334
6641,5319,5334
6640,5319,5335
6639,5320,5335
6638,5320,5336
6637,5321,5336
6636,5321,5337
6635,5322,5337
6634,5322,5338
6633,5323,5338
6632,5323,5339
6631,5324,5339
6630,5324,5340
6629,5325,5340
6628,5325,5341
6627,5326,5342
6626,5327,5342
6625,5327,5343
6624,5328,5343
6623,5328,5344
6622,5329,5344
6621,5329,5345
6620,5330,5345
6619,5330,5346
6618,5331,5346
6617,5331,5347
6616,5332,5347
6615,5332,5348
6614,5333,5349
6613,5333,5349
6612,5334,5350
6611,5334,5350
6610,5335,5351
6609,5336,5351
6608,5336,5352
6607,5337,5352
6606,5337,5353
6605,5338,5354
6604,5338,5354
6603,5339,5355
6602,5339,5355
6601,5340,5356
6600,5340,5356
6599,5341,5357
6598,5342,5357
6597,5342,5358
6596,5343,5359
6595,5343,5359
6594,5344,5360
6593,5344,5360
6592,5345,5361
6591,5345,5361
6590,5346,5362
6589,5346,5363
6588,5347,5363
6587,5348,5364
6586,5348,5364
6585,5349,5365
6584,5349,5365
6583,5350,5366
6582,5350,5367
6581,5351,5367
6580,5351,5368
6579,5352,5368
6578,5353,5369
6577,5353,5369
6576,5354,5370
6575,5354,5371
6574,5355,5371
6573,5355,5372
6572,5356,5372
6571,5357,5373
6570,5357,5373
6569,5358,5374
6568,5358,5375
6567,5359,5375
6566,5359,5376
6565,5360,5376
6564,5361,5377
6563,5361,5378
6562,5362,5378
6561,5362,5379
6560,5363,5379
6559,5363,5380
6558,5364,5380
6557,5365,5381
6556,5365,5382
6555,5366,5382
6554,5366,5383
6553,5367,5383
6552,5367,5384
6551,5368,5385
6550,5369,5385
6549,5369,5386
6548,5370,5386
6547,5370,5387
6546,5371,5388
6545,5372,5388
6544,5372,5389
6543,5373,5389
6542,5373,5390
6541,5374,5391
6540,5374,5391
6539,5375,5392
6538,5376,5393
6537,5376,5393
6536,5377,5394
6535,5377,5394
6534,5378,5395
6533,5379,5396
6532,5379,5396
6531,5380,5397
6530,5380,5397
6529,5381,5398
6528,5382,5399
6527,5382,5399
6526,5383,5400
6525,5383,5400
6524,5384,5401
6523,5385,5402
6522,5385,5402
6521,5386,5403
6520,5386,5404
6519,5387,5404
6518,5388,5405
6517,5388,5405
6516,5389,5406
6515,5390,5407
6514,5390,5407
6513,5391,5408
6512,5391,5409
6511,5392,5409
6510,5393,5410
6509,5393,5411
6508,5394,5411
6507,5394,5412
6506,5395,5412
6505,5396,5413
6504,5396,5414
6503,5397,5414
6502,5398,5415
6501,5398,5416
6500,5399,5416
6499,5399,5417
6498,5400,5418
6497,5401,5418
6496,5401,5419
6495,5402,5419
6494,5403,5420
6493,5403,5421
6492,5404,5421
6491,5404,5422
6490,5405,5423
6489,5406,5423
6488,5406,5424
6487,5407,5425
6486,5408,5425
6485,5408,5426
6484,5409,5427
6483,5410,5427
6482,5410,5428
6481,5411,5429
6480,5411,5429
6479,5412,5430
6478,5413,5431
6477,5413,5431
6476,5414,5432
6475,5415,5433
6474,5415,5433
6189,5640,5664
6188,5641,5665
6187,5642,5666
6186,5643,5667
6185,5644,5668
6184,5644,5669
6183,5645,5670
6182,5646,5671
6181,5647,5672
6180,5648,5673
6179,5649,5674
6178,5650,5675
6177,5651,5676
6176,5652,5677
6175,5653,5678
6174,5654,5679
6173,5655,5680
6172,5656,5681
6171,5657,5682
6170,5658,5683
6169,5659,5684
6168,5660,5685
6167,5661,5686
6166,5662,5687
6165,5663,5688
6164,5664,5689
6163,5665,5691
6162,5666,5692
6161,5667,5693
6160,5668,5694
6159,5669,5695
6158,5670,5696
6157,5671,5697
6156,5672,5698
6155,5673,5699
6154,5674,5700
6153,5675,5701
6152,5676,5702
6151,5677,5703
6150,5678,5704
6149,5679,5705
6148,5680,5706
6147,5681,5707
6146,5682,5708
6145,5683,5709
6144,5684,5710
6143,5685,5711
6142,5686,5712
6141,5687,5713
6140,5688,5714
6139,5689,5715
6138,5690,5716
6137,5691,5718
6136,5692,5719
6135,5693,5720
6134,5694,5721
6133,5695,5722
6132,5696,5723
6131,5697,5724
6130,5698,5725
6129,5699,5726
6128,5700,5727
6127,5701,5728
6126,5702,5729
6125,5703,5730
6124,5705,5731
6123,5706,5733
6122,5707,5734
6121,5708,5735
6120,5709,5736
6119,5710,5737
6118,5711,5738
6117,5712,5739
6116,5713,5740
6115,5714,5741
6114,5715,5742
6113,5716,5743
6112,5717,5745
6111,5718,5746
6110,5719,5747
6109,5720,5748
6108,5721,5749
6107,5723,5750
6106,5724,5751
6105,5725,5752
6104,5726,5753
6103,5727,5755
6102,5728,5756
6101,5729,5757
6100,5730,5758
6099,5731,5759
6098,5732,5760
6097,5733,5761
6096,5734,5762
6095,5736,5764
6094,5737,5765
6093,5738,5766
6092,5739,5767
6091,5740,5768
6090,5741,5769
6089,5742,5770
6088,5743,5771
6087,5744,5773
6086,5745,5774
6085,5747,5775
6084,5748,5776
6083,5749,5777
6082,5750,5778
6081,5751,5780
6080,5752,5781
6079,5753,5782
6078,5754,5783
6077,5756,5784
6076,5757,5785
6075,5758,5787
6074,5759,5788
6073,5760,5789
6072,5761,5790
6071,5762,5791
6070,5763,5792
6069,5765,5794
6068,5766,5795
6067,5767,5796
6066,5768,5797
6065,5769,5798
6064,5770,5799
6063,5771,5801
6062,5773,5802
6061,5774,5803
6060,5775,5804
5991,5859,5892
5990,5861,5893
5989,5862,5894
5988,5863,5896
5987,5865,5897
5986,5866,5898
5985,5867,5900
5984,5868,5901
5983,5870,5902
5982,5871,5904
5981,5872,5905
5980,5874,5907
5979,5875,5908
5978,5876,5909
5977,5878,5911
5976,5879,5912
5975,5880,5913
5974,5882,5915
5973,5883,5916
5972,5884,5918
5971,5886,5919
5970,5887,5920
5969,5888,5922
5968,5890,5923
5967,5891,5925
5966,5893,5926
5965,5894,5927
5964,5895,5929
5963,5897,5930
5962,5898,5932
5945,5922,5956
5944,5923,5958
5943,5924,5959
5942,5926,5960
5941,5927,5962
5940,5929,5963
5939,5930,5965
5938,5932,5966
5937,5933,5968
5936,5934,5969
5935,5936,5971
5934,5937,5972
5933,5939,5974
5946,5920,5955
5947,5919,5953
5948,5917,5952
5949,5916,5950
5950,5915,5949
5951,5913,5947
5952,5912,5946
5953,5910,5944
5954,5909,5943
5955,5908,5942
5956,5906,5940
5957,5905,5939
5958,5903,5937
5959,5902,5936
5960,5901,5934
5961,5899,5933
5992,5858,5890
5993,5857,5889
5994,5855,5888
5995,5854,5886
5996,5853,5885
5997,5852,5884
5998,5850,5882
5999,5849,5881
6000,5848,5880
6001,5846,5878
6002,5845,5877
6003,5844,5876
6004,5843,5874
6005,5841,5873
6006,5840,5872
6007,5839,5870
6008,5838,5869
6009,5836,5868
6010,5835,5867
6011,5834,5865
6012,5833,5864
6013,5831,5863
6014,5830,5861
6015,5829,5860
6016,5828,5859
6017,5826,5857
6018,5825,5856
6019,5824,5855
6020,5823,5854
6021,5821,5852
6022,5820,5851
6023,5819,5850
6024,5818,5849
6025,5817,5847
6026,5815,5846
6027,5814,5845
6028,5813,5843
6029,5812,5842
6030,5810,5841
6031,5809,5840
6032,5808,5838
6033,5807,5837
6034,5806,5836
6035,5804,5835
6036,5803,5833
6037,5802,5832
6038,5801,5831
6039,5800,5830
6040,5798,5829
6041,5797,5827
6042,5796,5826
6043,5795,5825
6044,5794,5824
6045,5792,5822
6046,5791,5821
6047,5790,5820
6048,5789,5819
6049,5788,5817
6050,5787,5816
6051,5785,5815
6052,5784,5814
6053,5783,5813
6054,5782,5811
6055,5781,5810
6056,5780,5809
6057,5778,5808
6058,5777,5807
6059,5776,5805
6190,5639,5663
6191,5638,5663
6192,5637,5662
6193,5636,5661
6194,5635,5660
6195,5634,5659
6196,5633,5658
6197,5632,5657
6198,5631,5656
6199,5630,5655
6200,5629,5654
6201,5628,5653
6202,5627,5652
6203,5627,5651
6204,5626,5650
6205,5625,5649
6206,5624,5648
6207,5623,5647
6208,5622,5646
6209,5621,5645
6210,5620,5644
6211,5619,5643
6212,5618,5642
6213,5617,5641
6214,5616,5640
6215,5615,5639
6216,5615,5638
6217,5614,5638
6218,5613,5637
6219,5612,5636
6220,5611,5635
6221,5610,5634
6222,5609,5633
6223,5608,5632
6224,5607,5631
6225,5606,5630
6226,5605,5629
6227,5605,5628
6228,5604,5627
6229,5603,5626
6230,5602,5625
6231,5601,5624
6232,5600,5624
6233,5599,5623
6234,5598,5622
6235,5597,5621
6236,5596,5620
6237,5596,5619
6238,5595,5618
6239,5594,5617
6240,5593,5616
6241,5592,5615
6242,5591,5614
6243,5590,5613
6244,5589,5613
6245,5588,5612
6246,5588,5611
6247,5587,5610
6248,5586,5609
6249,5585,5608
6250,5584,5607
6251,5583,5606
6252,5582,5605
6253,5581,5604
6254,5581,5603
6255,5580,5603
6256,5579,5602
6257,5578,5601
6258,5577,5600
6259,5576,5599
6260,5575,5598
6261,5575,5597
6262,5574,5596
6263,5573,5595
6264,5572,5595
6265,5571,5594
6266,5570,5593
6267,5569,5592
6268,5569,5591
6269,5568,5590
6270,5567,5589
6271,5566,5588
6272,5565,5588
6273,5564,5587
6274,5563,5586
6275,5563,5585
6276,5562,5584
6277,5561,5583
6278,5560,5582
6279,5559,5581
6280,5558,5581
6281,5558,5580
6282,5557,5579
6283,5556,5578
6284,5555,5577
6285,5554,5576
6286,5553,5575
6287,5553,5575
6288,5552,5574
6289,5551,5573
6290,5550,5572
6291,5549,5571
6292,5548,5570
6293,5548,5569
6294,5547,5569
6295,5546,5568
6296,5545,5567
6297,5544,5566
6298,5544,5565
6299,5543,5564
6300,5542,5564
6301,5541,5563
6302,5540,5562
6303,5539,5561
6304,5539,5560
6305,5538,5559
6306,5537,5559
6307,5536,5558
6308,5535,5557
6309,5535,5556
6310,5534,5555
6311,5533,5554
6312,5532,5554
6313,5531,5553
6314,5531,5552
6315,5530,5551
6316,5529,5550
6317,5528,5549
6318,5527,5549
6319,5527,5548
6320,5526,5547
6321,5525,5546
6322,5524,5545
6323,5523,5545
6324,5523,5544
6325,5522,5543
6326,5521,5542
6327,5520,5541
6328,5519,5540
6329,5519,5540
6330,5518,5539
6331,5517,5538
6332,5516,5537
6333,5516,5536
6334,5515,5536
6335,5514,5535
6336,5513,5534
6337,5512,5533
6338,5512,5532
6339,5511,5532
6340,5510,5531
6341,5509,5530
6342,5509,5529
6343,5508,5528
6344,5507,5528
6345,5506,5527
6346,5506,5526
6347,5505,5525
6348,5504,5524
6349,5503,5524
6350,5502,5523
6351,5502,5522
6352,5501,5521
6353,5500,5521
6354,5499,5520
6355,5499,5519
6356,5498,5518
6357,5497,5517
6358,5496,5517
6359,5496,5516
6360,5495,5515
6361,5494,5514
6362,5493,5514
6363,5493,5513
6364,5492,5512
6365,5491,5511
6366,5490,5510
6367,5490,5510
6368,5489,5509
6369,5488,5508
6370,5487,5507
6371,5487,5507
6372,5486,5506
6373,5485,5505
6374,5484,5504
6375,5484,5504
6376,5483,5503
6377,5482,5502
6378,5482,5501
6379,5481,5501
6380,5480,5500
6381,5479,5499
6382,5479,5498
6383,5478,5498
6384,5477,5497
6385,5476,5496
6386,5476,5495
6387,5475,5495
6388,5474,5494
6389,5473,5493
6390,5473,5492
6391,5472,5492
6392,5471,5491
6393,5471,5490
6394,5470,5489
6395,5469,5489
6396,5468,5488
6397,5468,5487
6398,5467,5486
6399,5466,5486
6400,5466,5485
6401,5465,5484
6402,5464,5483
6403,5463,5483
6404,5463,5482
6405,5462,5481
6406,5461,5481
6407,5461,5480
6408,5460,5479
6409,5459,5478
6410,5459,5478
6411,5458,5477
6412,5457,5476
6413,5456,5475
6414,5456,5475
6415,5455,5474
6416,5454,5473
6417,5454,5473
6418,5453,5472
6419,5452,5471
6420,5452,5470
6421,5451,5470
6422,5450,5469
6423,5449,5468
6424,5449,5468
6425,5448,5467
6426,5447,5466
6427,5447,5465
6428,5446,5465
6429,5445,5464
6430,5445,5463
6431,5444,5463
6432,5443,5462
6433,5443,5461
6434,5442,5461
6435,5441,5460
6436,5441,5459
6437,5440,5458
6438,5439,5458
6439,5438,5457
6440,5438,5456
6441,5437,5456
6442,5436,5455
6443,5436,5454
6444,5435,5454
6445,5434,5453
6446,5434,5452
6447,5433,5452
6448,5432,5451
6449,5432,5450
6450,5431,5449
6451,5430,5449
6452,5430,5448
6453,5429,5447
6454,5428,5447
6455,5428,5446
6456,5427,5445
6457,5426,5445
6458,5426,5444
6459,5425,5443
6460,5424,5443
6461,5424,5442
6462,5423,5441
6463,5422,5441
6464,5422,5440
6465,5421,5439
6466,5421,5439
6467,5420,5438
6468,5419,5437
6469,5419,5437
6470,5418,5436
6471,5417,5435
6472,5417,5435
6473,5416,5434
7042,5165,5177
7043,5165,5177
7044,5165,5177
7045,5164,5176
7046,5164,5176
7047,5164,5176
7048,5163,5176
7049,5163,5175
7050,5163,5175
7051,5163,5175
7052,5162,5175
7053,5162,5174
7054,5162,5174
7055,5162,5174
7056,5161,5174
7057,5161,5173
7058,5161,5173
7059,5161,5173
7060,5160,5173
7061,5160,5172
7062,5160,5172
7063,5160,5172
7064,5159,5172
7065,5159,5171
7066,5159,5171
7067,5159,5171
7068,5158,5171
7069,5158,5170
7070,5158,5170
7071,5158,5170
7072,5157,5170
7073,5157,5169
7074,5157,5169
7075,5157,5169
7076,5156,5169
7077,5156,5168
7078,5156,5168
7079,5156,5168
7080,5155,5168
7081,5155,5167
7082,5155,5167
7083,5155,5167
7084,5155,5167
7085,5154,5166
7086,5154,5166
7087,5154,5166
7088,5154,5166
7089,5153,5165
7090,5153,5165
7091,5153,5165
7092,5153,5165
7093,5152,5164
7094,5152,5164
7095,5152,5164
7096,5152,5164
7097,5151,5164
7098,5151,5163
7099,5151,5163
7100,5151,5163
7101,5151,5163
7102,5150,5162
7103,5150,5162
7104,5150,5162
7105,5150,5162
7106,5149,5161
7107,5149,5161
7108,5149,5161
7109,5149,5161
7110,5148,5161
7111,5148,5160
7112,5148,5160
7113,5148,5160
7114,5148,5160
7115,5147,5159
7116,5147,5159
7117,5147,5159
7118,5147,5159
7119,5146,5159
7120,5146,5158
7121,5146,5158
7122,5146,5158
7123,5146,5158
7124,5145,5157
7125,5145,5157
7126,5145,5157
7127,5145,5157
7128,5145,5157
7129,5144,5156
7130,5144,5156
7131,5144,5156
7132,5144,5156
7133,5143,5155
7134,5143,5155
7135,5143,5155
7136,5143,5155
7137,5143,5155
7138,5142,5154
7139,5142,5154
7140,5142,5154
7141,5142,5154
7142,5142,5154
7143,5141,5153
7144,5141,5153
7145,5141,5153
7146,5141,5153
7147,5141,5153
7148,5140,5152
7149,5140,5152
7150,5140,5152
7151,5140,5152
7152,5140,5151
7153,5139,5151
7154,5139,5151
7155,5139,5151
7156,5139,5151
7157,5139,5150
7158,5138,5150
7159,5138,5150
7160,5138,5150
7161,5138,5150
7162,5138,5149
7163,5137,5149
7164,5137,5149
7165,5137,5149
7166,5137,5149
7167,5137,5148
7168,5136,5148
7169,5136,5148
7170,5136,5148
7171,5136,5148
7172,5136,5148
7173,5135,5147
7174,5135,5147
7175,5135,5147
7176,5135,5147
7177,5135,5147
7178,5134,5146
7179,5134,5146
7180,5134,5146
7181,5134,5146
7182,5134,5146
7183,5134,5145
7184,5133,5145
7185,5133,5145
7186,5133,5145
7187,5133,5145
7188,5133,5145
7189,5132,5144
7190,5132,5144
7191,5132,5144
7192,5132,5144
7193,5132,5144
7194,5132,5143
7195,5131,5143
7196,5131,5143
7197,5131,5143
7198,5131,5143
7199,5131,5143
7200,5130,5142
7201,5130,5142
7202,5130,5142
7203,5130,5142
7204,5130,5142
7205,5130,5141
7206,5129,5141
7207,5129,5141
7208,5129,5141
7209,5129,5141
7210,5129,5141
7211,5129,5140
7212,5128,5140
7213,5128,5140
7214,5128,5140
7215,5128,5140
7216,5128,5140
7217,5128,5139
7218,5127,5139
7219,5127,5139
7220,5127,5139
7221,5127,5139
7222,5127,5139
7223,5127,5138
7224,5126,5138
7225,5126,5138
7226,5126,5138
7227,5126,5138
7228,5126,5138
7229,5126,5137
7230,5125,5137
7231,5125,5137
7232,5125,5137
7233,5125,5137
7234,5125,5137
7235,5125,5136
7236,5124,5136
7237,5124,5136
7238,5124,5136
7239,5124,5136
7240,5124,5136
7241,5124,5136
7242,5124,5135
7243,5123,5135
7244,5123,5135
7245,5123,5135
7246,5123,5135
7247,5123,5135
7248,5123,5134
7249,5122,5134
7250,5122,5134
7251,5122,5134
7252,5122,5134
7253,5122,5134
7254,5122,5134
7255,5122,5133
7256,5121,5133
7257,5121,5133
7258,5121,5133
7259,5121,5133
7260,5121,5133
7261,5121,5133
7262,5121,5132
7263,5120,5132
7264,5120,5132
7265,5120,5132
7266,5120,5132
7267,5120,5132
7268,5120,5132
7269,5120,5131
7270,5119,5131
7271,5119,5131
7272,5119,5131
7273,5119,5131
7274,5119,5131
7275,5119,5131
7276,5119,5130
7277,5118,5130
7278,5118,5130
7279,5118,5130
7280,5118,5130
7281,5118,5130
7282,5118,5130
7283,5118,5130
7284,5118,5129
7285,5117,5129
7286,5117,5129
7287,5117,5129
7288,5117,5129
7289,5117,5129
7290,5117,5129
7291,5117,5128
7292,5116,5128
7293,5116,5128
7294,5116,5128
7295,5116,5128
7296,5116,5128
7297,5116,5128
7298,5116,5128
7299,5116,5127
7300,5115,5127
7301,5115,5127
7302,5115,5127
7303,5115,5127
7304,5115,5127
7305,5115,5127
7306,5115,5127
7307,5115,5126
7308,5115,5126
7309,5114,5126
7310,5114,5126
7311,5114,5126
7312,5114,5126
7313,5114,5126
7314,5114,5126
7315,5114,5126
7316,5114,5125
7317,5113,5125
7318,5113,5125
7319,5113,5125
7320,5113,5125
7321,5113,5125
7322,5113,5125
7323,5113,5125
7324,5113,5125
7325,5113,5124
7326,5112,5124
7327,5112,5124
7328,5112,5124
7329,5112,5124
7330,5112,5124
7331,5112,5124
7332,5112,5124
7333,5112,5124
7334,5112,5123
7335,5111,5123
7336,5111,5123
7337,5111,5123
7338,5111,5123
7339,5111,5123
7340,5111,5123
7341,5111,5123
7342,5111,5123
7343,5111,5123
7344,5111,5122
7345,5110,5122
7346,5110,5122
7347,5110,5122
7348,5110,5122
7349,5110,5122
7350,5110,5122
7351,5110,5122
7352,5110,5122
7353,5110,5122
7354,5110,5121
7355,5109,5121
7356,5109,5121
7357,5109,5121
7358,5109,5121
7359,5109,5121
7360,5109,5121
7361,5109,5121
7362,5109,5121
7363,5109,5121
7364,5109,5121
7365,5109,5120
7366,5108,5120
7367,5108,5120
7368,5108,5120
7369,5108,5120
7370,5108,5120
7371,5108,5120
7372,5108,5120
7373,5108,5120
7374,5108,5120
7375,5108,5120
7376,5108,5119
7377,5108,5119
7378,5107,5119
7379,5107,5119
7380,5107,5119
7381,5107,5119
7382,5107,5119
7383,5107,5119
7384,5107,5119
7385,5107,5119
7386,5107,5119
7387,5107,5119
7388,5107,5119
7389,5107,5118
7390,5106,5118
7391,5106,5118
7392,5106,5118
7393,5106,5118
7394,5106,5118
7395,5106,5118
7396,5106,5118
7397,5106,5118
7398,5106,5118
7399,5106,5118
7400,5106,5118
7401,5106,5118
7402,5106,5118
7403,5106,5117
7404,5105,5117
7405,5105,5117
7406,5105,5117
7407,5105,5117
7408,5105,5117
7409,5105,5117
7410,5105,5117
7411,5105,5117
7412,5105,5117
7413,5105,5117
7414,5105,5117
7415,5105,5117
7416,5105,5117
7417,5105,5117
7418,5105,5116
7419,5104,5116
7420,5104,5116
7421,5104,5116
7422,5104,5116
7423,5104,5116
7424,5104,5116
7425,5104,5116
7426,5104,5116
7427,5104,5116
7428,5104,5116
7429,5104,5116
7430,5104,5116
7431,5104,5116
7432,5104,5116
7433,5104,5116
7434,5104,5116
7435,5104,5116
7436,5103,5115
7437,5103,5115
7438,5103,5115
7439,5103,5115
7440,5103,5115
7441,5103,5115
7442,5103,5115
7443,5103,5115
7444,5103,5115
7445,5103,5115
7446,5103,5115
7447,5103,5115
7448,5103,5115
7449,5103,5115
7450,5103,5115
7451,5103,5115
7452,5103,5115
7453,5103,5115
7454,5103,5115
7455,5103,5115
7456,5103,5115
7457,5102,5114
7458,5102,5114
7459,5102,5114
7460,5102,5114
7461,5102,5114
7462,5102,5114
7463,5102,5114
7464,5102,5114
7465,5102,5114
7466,5102,5114
7467,5102,5114
7468,5102,5114
7469,5102,5114
7470,5102,5114
7471,5102,5114
7472,5102,5114
7473,5102,5114
7474,5102,5114
7475,5102,5114
7476,5102,5114
7477,5102,5114
7478,5102,5114
7479,5102,5114
7480,5102,5114
7481,5102,5114
7482,5102,5114
7483,5102,5114
7484,5102,5114
7485,5101,5114
7486,5101,5114
7487,5101,5113
7488,5101,5113
7489,5101,5113
7490,5101,5113
7491,5101,5113
7492,5101,5113
7493,5101,5113
7494,5101,5113
7495,5101,5113
7496,5101,5113
7497,5101,5113
7498,5101,5113
7499,5101,5113
7500,5101,5113
7501,5101,5113
7502,5101,5113
7503,5101,5113
7504,5101,5113
7505,5101,5113
7506,5101,5113
7507,5101,5113
7508,5101,5113
7509,5101,5113
7510,5101,5113
7511,5101,5113
7512,5101,5113
7513,5101,5113
7514,5101,5113
7515,5101,5113
7516,5101,5113
7517,5101,5113
7518,5101,5113
7519,5101,5113
7520,5101,5113
7521,5101,5113
7522,5101,5113
7523,5101,5113
7524,5101,5113
7525,5101,5113
7526,5101,5113
7527,5101,5113
7528,5101,5113
7529,5101,5113
7530,5101,5113
7531,5101,5113
7532,5101,5113
7533,5101,5113
7534,5101,5113
7535,5101,5113
7536,5101,5113
7537,5101,5113
7538,5101,5113
7539,5101,5113
7540,5101,5113
7541,5101,5113
7541,8689,8691
7542,5101,5113
7542,8688,8692
7543,5101,5113
7543,8687,8693
7544,5101,5113
7544,9726,9726
7544,8687,8694
7545,5101,5113
7545,9724,9728
7545,8686,8694
7546,5101,5113
7546,9724,9728
7546,8686,8694
7547,5101,5113
7547,9723,9729
7547,8686,8695
7548,5101,5113
7548,9723,9729
7548,8685,8695
7549,5101,5113
7549,9723,9729
7549,8685,8695
7550,5101,5113
7550,9723,9729
7550,8685,8695
7551,5101,5113
7551,9723,9729
7551,8685,8696
7552,5101,5113
7552,9724,9728
7552,8685,8696
7553,5101,5113
7553,9724,9728
7553,8685,8696
7554,5101,5113
7554,9725,9727
7554,8684,8696
7555,5101,5113
7555,8684,8696
7556,5101,5113
7556,8684,8696
7557,5101,5113
7557,8684,8696
7558,5101,5113
7558,8684,8696
7559,5101,5113
7559,8684,8696
7560,5101,5113
7560,8684,8696
7561,5101,5113
7561,8684,8696
7562,5101,5113
7562,8684,8696
7563,5101,5113
7563,8684,8696
7564,5101,5113
7564,8684,8696
7565,5101,5113
7565,8684,8696
7566,5101,5113
7566,8685,8696
7567,5101,5113
7567,8685,8696
7568,5101,5113
7568,8685,8696
7569,5101,5113
7569,8685,8696
7570,5101,5113
7570,8685,8695
7571,5101,5113
7571,8685,8695
7572,5101,5113
7572,8686,8695
7573,5101,5113
7573,8686,8695
7574,5101,5113
7574,8686,8694
7575,5101,5113
7575,8687,8694
7576,5101,5113
7576,8687,8693
7577,5101,5113
7577,8688,8693
7578,5101,5113
7578,8689,8692
7579,5101,5113
7580,5101,5113
7581,5101,5113
7582,5101,5113
7583,5101,5113
7584,5101,5114
7585,5101,5114
7586,5101,5114
7587,5101,5114
7588,5101,5114
7589,5101,5114
7590,5101,5114
7591,5101,5114
7592,5101,5114
7593,5101,5114
7594,5101,5114
7595,5101,5114
7596,5101,5114
7597,5102,5114
7598,5102,5114
7599,5102,5114
7600,5102,5114
7601,5102,5114
7602,5102,5114
7603,5102,5114
7604,5102,5114
7605,5102,5114
7606,5102,5114
7607,5102,5114
7608,5102,5114
7609,5102,5114
7610,5102,5114
7611,5102,5114
7612,5102,5114
7613,5102,5114
7614,5102,5114
7615,5102,5115
7616,5102,5115
7617,5102,5115
7618,5102,5115
7619,5102,5115
7620,5102,5115
7621,5102,5115
7622,5102,5115
7623,5102,5115
7624,5102,5115
7625,5103,5115
7626,5103,5115
7627,5103,5115
7628,5103,5115
7629,5103,5115
7630,5103,5115
7631,5103,5115
7632,5103,5115
7633,5103,5115
7634,5103,5115
7635,5103,5115
7636,5103,5116
7637,5103,5116
7638,5103,5116
7639,5103,5116
7640,5103,5116
7641,5103,5116
7642,5103,5116
7643,5103,5116
7644,5103,5116
7645,5104,5116
7646,5104,5116
7647,5104,5116
7648,5104,5116
7649,5104,5116
7650,5104,5116
7651,5104,5116
7652,5104,5116
7653,5104,5116
7654,5104,5117
7655,5104,5117
7656,5104,5117
7657,5104,5117
7658,5104,5117
7659,5104,5117
7660,5104,5117
7661,5104,5117
7662,5105,5117
7663,5105,5117
7664,5105,5117
7665,5105,5117
7666,5105,5117
7667,5105,5117
7668,5105,5117
7669,5105,5118
7670,5105,5118
7671,5105,5118
7672,5105,5118
7673,5105,5118
7674,5105,5118
7675,5105,5118
7676,5105,5118
7677,5105,5118
7678,5106,5118
7679,5106,5118
7680,5106,5118
7681,5106,5118
7682,5106,5118
7683,5106,5119
7684,5106,5119
7685,5106,5119
7686,5106,5119
7687,5106,5119
7688,5106,5119
7689,5106,5119
7690,5106,5119
7691,5107,5119
7692,5107,5119
7693,5107,5119
7694,5107,5119
7695,5107,5120
7696,5107,5120
7697,5107,5120
7698,5107,5120
7699,5107,5120
7700,5107,5120
7701,5107,5120
7702,5107,5120
7703,5108,5120
7704,5108,5120
7705,5108,5120
7706,5108,5120
7707,5108,5121
7708,5108,5121
7709,5108,5121
7710,5108,5121
7711,5108,5121
7712,5108,5121
7713,5108,5121
7714,5108,5121
7715,5109,5121
7716,5109,5121
7717,5109,5121
7718,5109,5122
7719,5109,5122
7720,5109,5122
7721,5109,5122
7722,5109,5122
7723,5109,5122
7724,5109,5122
7725,5109,5122
7726,5110,5122
7727,5110,5122
7728,5110,5123
7729,5110,5123
7730,5110,5123
7731,5110,5123
7732,5110,5123
7733,5110,5123
7734,5110,5123
7735,5110,5123
7736,5111,5123
7737,5111,5123
7738,5111,5124
7739,5111,5124
7740,5111,5124
7741,5111,5124
7742,5111,5124
7743,5111,5124
7744,5111,5124
7745,5111,5124
7746,5112,5124
7747,5112,5125
7748,5112,5125
7749,5112,5125
7750,5112,5125
7751,5112,5125
7752,5112,5125
7753,5112,5125
7754,5112,5125
7755,5113,5125
7756,5113,5126
7757,5113,5126
7758,5113,5126
7759,5113,5126
7760,5113,5126
7761,5113,5126
7762,5113,5126
7763,5113,5126
7764,5114,5126
7765,5114,5127
7766,5114,5127
7767,5114,5127
7768,5114,5127
7769,5114,5127
7770,5114,5127
7771,5114,5127
7772,5115,5127
7773,5115,5128
7774,5115,5128
7775,5115,5128
7776,5115,5128
7777,5115,5128
7778,5115,5128
7779,5115,5128
7780,5115,5128
7781,5116,5129
7782,5116,5129
7783,5116,5129
7784,5116,5129
7785,5116,5129
7786,5116,5129
7787,5116,5129
7788,5116,5130
7789,5117,5130
7790,5117,5130
7791,5117,5130
7792,5117,5130
7793,5117,5130
7794,5117,5130
7795,5117,5130
7796,5118,5131
7797,5118,5131
7798,5118,5131
7799,5118,5131
7800,5118,5131
7801,5118,5131
7802,5118,5131
7803,5118,5132
7804,5119,5132
7805,5119,5132
7806,5119,5132
7807,5119,5132
7808,5119,5132
7809,5119,5132
7810,5119,5133
7811,5120,5133
7812,5120,5133
7813,5120,5133
7814,5120,5133
7815,5120,5133
7816,5120,5133
7817,5120,5134
7818,5121,5134
7819,5121,5134
7820,5121,5134
7821,5121,5134
7822,5121,5134
7823,5121,5134
7824,5121,5135
7825,5122,5135
7826,5122,5135
7827,5122,5135
7828,5122,5135
7829,5122,5135
7830,5122,5136
7831,5122,5136
7832,5123,5136
7833,5123,5136
7834,5123,5136
7835,5123,5136
7836,5123,5136
7837,5123,5137
7838,5124,5137
7839,5124,5137
7840,5124,5137
7841,5124,5137
7842,5124,5137
7843,5124,5138
7844,5124,5138
7845,5125,5138
7846,5125,5138
7847,5125,5138
7848,5125,5138
7849,5125,5139
7850,5125,5139
7851,5126,5139
7852,5126,5139
7853,5126,5139
7854,5126,5139
7855,5126,5140
7856,5126,5140
7857,5127,5140
7858,5127,5140
7859,5127,5140
7860,5127,5140
7861,5127,5141
7862,5127,5141
7863,5128,5141
7864,5128,5141
7865,5128,5141
7866,5128,5141
7867,5128,5142
7868,5128,5142
7869,5129,5142
7870,5129,5142
7871,5129,5142
7872,5129,5142
7873,5129,5143
7874,5129,5143
7875,5130,5143
7876,5130,5143
7877,5130,5143
7878,5130,5144
7879,5130,5144
7880,5131,5144
7881,5131,5144
7882,5131,5144
7883,5131,5144
7884,5131,5145
7885,5131,5145
7886,5132,5145
7887,5132,5145
7888,5132,5145
7889,5132,5146
7890,5132,5146
7891,5132,5146
7892,5133,5146
7893,5133,5146
7894,5133,5147
7895,5133,5147
7896,5133,5147
7897,5134,5147
7898,5134,5147
7899,5134,5147
7900,5134,5148
7901,5134,5148
7902,5135,5148
7903,5135,5148
7904,5135,5148
7905,5135,5149
7906,5135,5149
7907,5135,5149
7908,5136,5149
7909,5136,5149
7910,5136,5150
7911,5136,5150
7912,5136,5150
7913,5137,5150
7914,5137,5150
7915,5137,5151
7916,5137,5151
7917,5137,5151
7918,5138,5151
7919,5138,5151
7920,5138,5152
7921,5138,5152
7922,5138,5152
7923,5139,5152
7924,5139,5152
7925,5139,5153
7926,5139,5153
7927,5139,5153
7928,5140,5153
7929,5140,5153
7930,5140,5154
7931,5140,5154
7932,5140,5154
7933,5141,5154
7934,5141,5154
7935,5141,5155
7936,5141,5155
7937,5141,5155
7938,5142,5155
7939,5142,5156
7940,5142,5156
7941,5142,5156
7942,5143,5156
7943,5143,5156
7944,5143,5157
7945,5143,5157
7946,5143,5157
7947,5144,5157
7948,5144,5158
7949,5144,5158
7950,5144,5158
7951,5144,5158
7952,5145,5158
7953,5145,5159
7954,5145,5159
7955,5145,5159
7956,5146,5159
7957,5146,5159
7958,5146,5160
7959,5146,5160
7960,5146,5160
7961,5147,5160
7962,5147,5161
7963,5147,5161
7964,5147,5161
7965,5148,5161
7966,5148,5162
7967,5148,5162
7968,5148,5162
7969,5148,5162
7970,5149,5162
7971,5149,5163
7972,5149,5163
7973,5149,5163
7974,5150,5163
7975,5150,5164
7976,5150,5164
7977,5150,5164
7978,5150,5164
7979,5151,5165
7980,5151,5165
7981,5151,5165
7982,5151,5165
7983,5152,5165
7984,5152,5166
7985,5152,5166
7986,5152,5166
7987,5153,5166
7988,5153,5167
7989,5153,5167
7990,5153,5167
7991,5154,5167
7992,5154,5168
7993,5154,5168
7994,5154,5168
7995,5154,5168
7996,5155,5169
7997,5155,5169
7998,5155,5169
7999,5155,5169
8000,5156,5170
8001,5156,5170
8002,5156,5170
8003,5156,5170
8004,5157,5171
8005,5157,5171
8006,5157,5171
8007,5157,5171
8008,5158,5172
8009,5158,5172
8010,5158,5172
8011,5158,5172
8012,5159,5173
8013,5159,5173
8014,5159,5173
8015,5159,5173
8016,5160,5174
8017,5160,5174
8018,5160,5174
8019,5160,5174
8020,5161,5175
8021,5161,5175
8022,5161,5175
8023,5161,5175
8024,5162,5176
8025,5162,5176
8026,5162,5176
8027,5162,5177
8028,5163,5177
8029,5163,5177
8030,5163,5177
8031,5163,5178
8032,5164,5178
8033,5164,5178
8034,5164,5178
8035,5165,5179
8036,5165,5179
8037,5165,5179
8038,5165,5179
8039,5166,5180
8040,5166,5180
8041,5166,5180
8042,5166,5181
8043,5167,5181
8044,5167,5181
8045,5167,5181
8046,5167,5182
8047,5168,5182
8048,5168,5182
8049,5168,5182
8050,5169,5183
8051,5169,5183
8052,5169,5183
8053,5169,5184
8054,5170,5184
8055,5170,5184
8056,5170,5184
8057,5170,5185
8058,5171,5185
8059,5171,5185
8060,5171,5186
8061,5172,5186
8062,5172,5186
8063,5172,5186
8064,5172,5187
8065,5173,5187
8066,5173,5187
8067,5173,5187
8068,5174,5188
8069,5174,5188
8070,5174,5188
8071,5174,5189
8072,5175,5189
8073,5175,5189
8074,5175,5190
8075,5175,5190
8076,5176,5190
8077,5176,5190
8078,5176,5191
8079,5177,5191
8080,5177,5191
8081,5177,5192
8082,5178,5192
8083,5178,5192
8084,5178,5192
8085,5178,5193
8086,5179,5193
8087,5179,5193
8088,5179,5194
8089,5180,5194
8090,5180,5194
8091,5180,5195
8092,5180,5195
8093,5181,5195
8094,5181,5195
8095,5181,5196
8096,5182,5196
8097,5182,5196
8098,5182,5197
8099,5183,5197
8100,5183,5197
8101,5183,5198
8102,5183,5198
8103,5184,5198
8104,5184,5198
8105,5184,5199
8106,5185,5199
8107,5185,5199
8108,5185,5200
8109,5186,5200
8110,5186,5200
8111,5186,5201
8112,5186,5201
8113,5187,5201
8114,5187,5202
8115,5187,5202
8116,5188,5202
8117,5188,5203
8118,5188,5203
8119,5189,5203
8120,5189,5203
8121,5189,5204
8122,5190,5204
8123,5190,5204
8124,5190,5205
8125,5190,5205
8126,5191,5205
8127,5191,5206
8128,5191,5206
8129,5192,5206
8130,5192,5207
8131,5192,5207
8132,5193,5207
8133,5193,5208
8134,5193,5208
8135,5194,5208
8136,5194,5209
8137,5194,5209
8138,5195,5209
8139,5195,5210
8140,5195,5210
8141,5196,5210
8142,5196,5211
8143,5196,5211
8144,5197,5211
8145,5197,5212
8146,5197,5212
8147,5198,5212
8148,5198,5213
8149,5198,5213
8150,5199,5213
8151,5199,5214
8152,5199,5214
8153,5200,5214
8154,5200,5215
8155,5200,5215
8156,5201,5215
8157,5201,5216
8158,5201,5216
8159,5202,5216
8160,5202,5217
8161,5202,5217
8162,5203,5217
8163,5203,5218
8164,5203,5218
8165,5204,5218
8166,5204,5219
8167,5204,5219
8168,5205,5219
8169,5205,5220
8170,5205,5220
8171,5206,5220
8172,5206,5221
8173,5206,5221
8174,5207,5221
8175,5207,5222
8176,5207,5222
8177,5208,5223
8178,5208,5223
8179,5208,5223
8180,5209,5224
8181,5209,5224
8182,5209,5224
8183,5210,5225
8184,5210,5225
8185,5210,5225
8186,5211,5226
8187,5211,5226
8188,5212,5226
8189,5212,5227
8190,5212,5227
8191,5213,5228
8192,5213,5228
8193,5213,5228
8194,5214,5229
8195,5214,5229
8196,5214,5229
8197,5215,5230
8198,5215,5230
8199,5215,5230
8200,5216,5231
8201,5216,5231
8202,5217,5232
8203,5217,5232
8204,5217,5232
8205,5218,5233
8206,5218,5233
8207,5218,5233
8208,5219,5234
8209,5219,5234
8210,5219,5234
8211,5220,5235
8212,5220,5235
8213,5221,5236
8214,5221,5236
8215,5221,5236
8216,5222,5237
8217,5222,5237
8218,5222,5237
8219,5223,5238
8220,5223,5238
8221,5224,5239
8222,5224,5239
8223,5224,5239
8224,5225,5240
8225,5225,5240
8226,5225,5240
8227,5226,5241
8228,5226,5241
8229,5227,5242
8230,5227,5242
8231,5227,5242
8232,5228,5243
8233,5228,5243
8234,5228,5244
8235,5229,5244
8236,5229,5244
8237,5230,5245
8238,5230,5245
8239,5230,5246
8240,5231,5246
8241,5231,5246
8242,5231,5247
8243,5232,5247
8244,5232,5247
8245,5233,5248
8246,5233,5248
8247,5233,5249
8248,5234,5249
8249,5234,5249
8250,5235,5250
8251,5235,5250
8252,5235,5251
8253,5236,5251
8254,5236,5251
8255,5237,5252
8256,5237,5252
8257,5237,5253
8258,5238,5253
8259,5238,5253
8260,5239,5254
8261,5239,5254
8262,5239,5255
8263,5240,5255
8264,5240,5255
8265,5241,5256
8266,5241,5256
8267,5241,5257
8268,5242,5257
8269,5242,5258
8270,5243,5258
8271,5243,5258
8272,5243,5259
8273,5244,5259
8274,5244,5260
8275,5245,5260
8276,5245,5260
8277,5245,5261
8278,5246,5261
8279,5246,5262
8280,5247,5262
8281,5247,5262
8282,5247,5263
8283,5248,5263
8284,5248,5264
8285,5249,5264
8286,5249,5265
8287,5250,5265
8288,5250,5265
8289,5250,5266
