9629,7356,7380
9630,7338,7387
9631,7325,7390
9632,7314,7392
9633,7303,7392
9634,7294,7391
9635,7284,7390
9636,7276,7389
9637,7268,7387
9638,7260,7385
9639,7253,7383
9640,7246,7380
9641,7240,7377
9642,7234,7374
9643,7228,7371
9644,7223,7367
9658,7224,7271
9657,7215,7286
9656,7209,7297
9655,7205,7306
9654,7203,7314
9653,7202,7321
9652,7202,7328
9651,7202,7334
9650,7203,7340
9649,7205,7345
9648,7208,7350
9647,7211,7355
9646,7214,7359
9645,7218,7363
5792,6702,6798
5793,6697,6793
5794,6693,6788
5795,6688,6783
5796,6684,6778
5797,6679,6773
5798,6675,6768
5799,6671,6763
5826,6584,6624
5825,6586,6630
5824,6588,6635
5823,6591,6640
5822,6593,6645
5821,6596,6650
5820,6598,6656
5819,6601,6661
5818,6604,6666
5817,6607,6671
5816,6610,6676
5815,6613,6681
5814,6616,6686
5813,6619,6691
5812,6622,6696
5811,6626,6701
5810,6629,6706
5809,6632,6712
5808,6636,6717
5807,6639,6722
5806,6643,6727
5805,6647,6732
5804,6651,6737
5803,6654,6742
5802,6658,6747
5801,6662,6752
5800,6666,6758
6664,8649,8651
6665,8649,8652
6666,8649,8653
6667,8649,8654
6668,8649,8655
6669,8649,8656
6670,8649,8657
6671,8649,8658
6672,8649,8658
6673,8649,8659
6674,8649,8660
6675,8650,8660
6676,8650,8661
6677,8650,8662
6678,8650,8662
6679,8650,8663
6680,8651,8664
6681,8651,8664
6682,8651,8665
6683,8651,8665
6684,8652,8666
6685,8652,8667
6686,8652,8667
6687,8652,8668
6688,8653,8668
6689,8653,8669
6690,8653,8669
6691,8654,8670
6692,8654,8670
6693,8654,8671
6694,8654,8671
6695,8655,8672
6696,8655,8672
6697,8655,8673
6698,8656,8673
6699,8656,8674
6700,8656,8674
6701,8657,8675
6702,8657,8675
6703,8657,8676
6704,8658,8676
6705,8658,8677
6706,8658,8677
6707,8658,8678
6708,8659,8678
6709,8659,8679
6710,8659,8679
6711,8660,8680
6712,8660,8680
6713,8660,8681
6714,8661,8681
6715,8661,8681
6716,8661,8682
6717,8662,8682
6718,8662,8683
6719,8662,8683
6720,8663,8684
6721,8663,8684
6722,8663,8684
6723,8664,8685
6724,8664,8685
6725,8664,8686
6726,8665,8686
6727,8665,8686
6728,8665,8687
6729,8666,8687
6730,8666,8688
6731,8666,8688
6732,8667,8688
6733,8667,8689
6734,8667,8689
6735,8668,8690
6736,8668,8690
6737,8668,8690
6738,8669,8691
6739,8669,8691
6740,8669,8691
6741,8670,8692
6742,8670,8692
6743,8670,8692
6744,8671,8693
6745,8671,8693
6746,8671,8694
6747,8672,8694
6748,8672,8694
6749,8672,8695
6750,8673,8695
6751,8673,8695
6752,8673,8696
6753,8674,8696
6754,8674,8696
7063,8732,8733
6806,8691,8710
7064,8732,8734
6807,8691,8710
7065,8731,8734
6808,8692,8710
7066,8731,8735
6809,8692,8710
7067,8731,8735
6810,8692,8711
7068,8731,8735
6811,8693,8711
7069,8730,8735
6812,8693,8711
7070,8730,8736
6813,8693,8711
7071,8730,8736
6814,8694,8711
7072,8730,8736
6815,8694,8712
7073,8730,8736
6816,8694,8712
7074,8729,8736
6817,8694,8712
7075,8729,8737
6818,8695,8712
7076,8729,8737
6819,8695,8712
7077,8729,8737
6820,8695,8712
7078,8729,8737
6821,8696,8713
7079,8729,8737
6822,8696,8713
7080,8729,8738
6823,8696,8713
7081,8729,8738
6824,8697,8713
7082,8728,8738
6825,8697,8713
7083,8728,8738
6826,8697,8713
7084,8728,8738
6827,8698,8714
7085,8728,8738
6828,8698,8714
7086,8728,8738
6829,8698,8714
7087,8728,8738
6830,8699,8714
7088,8728,8739
6831,8699,8714
7089,8728,8739
6832,8699,8714
7090,8728,8739
6833,8700,8714
7091,8727,8739
6834,8700,8715
7092,8727,8739
6835,8700,8715
7093,8727,8739
6836,8701,8715
7094,8727,8739
6837,8701,8715
7095,8727,8739
6838,8701,8715
7096,8727,8739
6839,8702,8715
7097,8727,8740
6840,8702,8715
7098,8727,8740
6841,8702,8715
7099,8727,8740
6842,8703,8716
7100,8727,8740
6843,8703,8716
7101,8727,8740
6844,8703,8716
7102,8727,8740
6845,8704,8716
7103,8727,8740
6846,8704,8716
7104,8726,8740
6847,8704,8716
7105,8726,8740
6848,8705,8716
7106,8726,8740
6849,8705,8716
7107,8726,8740
6850,8705,8716
7108,8726,8740
6851,8706,8716
7109,8726,8740
6852,8706,8716
7110,8726,8740
6853,8706,8716
7111,8726,8741
6854,8707,8717
7112,8726,8741
6855,8707,8717
7113,8726,8741
6856,8707,8717
7114,8726,8741
6857,8708,8717
7115,8726,8741
5776,6816,6848
6858,8708,8717
7116,8726,8741
5777,6803,6851
6859,8708,8717
7117,8726,8741
5778,6793,6851
6860,8709,8717
7118,8726,8741
5779,6783,6850
6861,8709,8717
7119,8726,8741
5780,6775,6848
6862,8710,8717
7120,8726,8741
5781,6767,6845
6863,8710,8717
7121,8726,8741
5782,6760,6842
6864,8710,8717
7122,8726,8741
5783,6753,6839
6865,8711,8717
7123,8725,8741
5784,6747,6835
6866,8711,8717
7124,8725,8741
5785,6741,6831
6867,8712,8717
7125,8725,8741
5786,6735,6826
6868,8712,8717
7126,8725,8741
5787,6729,6822
6869,8712,8717
7127,8725,8741
5788,6723,6817
6870,8713,8716
7128,8725,8741
5789,6718,6813
6871,8714,8716
7129,8725,8741
5790,6712,6808
6872,8714,8716
7130,8725,8741
5791,6707,6803
6873,8715,8715
7169,8726,8739
7168,8726,8739
7167,8726,8740
7166,8726,8740
7165,8726,8740
7164,8726,8740
7163,8726,8740
7162,8726,8740
7161,8726,8740
7160,8726,8740
7159,8726,8740
7158,8726,8740
7157,8725,8740
7156,8725,8741
7155,8725,8741
7154,8725,8741
7141,8725,8741
7142,8725,8741
7143,8725,8741
7144,8725,8741
7145,8725,8741
7146,8725,8741
7147,8725,8741
7148,8725,8741
7149,8725,8741
7150,8725,8741
7151,8725,8741
7152,8725,8741
7153,8725,8741
7170,8726,8739
7171,8727,8739
7172,8727,8739
7173,8727,8739
7174,8727,8739
7175,8727,8738
7176,8727,8738
7177,8727,8738
7178,8728,8738
7179,8728,8738
7180,8728,8737
7181,8728,8737
7182,8728,8737
7183,8729,8736
7184,8729,8736
7185,8729,8736
7186,8730,8735
7187,8730,8735
7188,8731,8734
7189,8731,8734
7140,8725,8741
7139,8725,8741
7138,8725,8741
7137,8725,8741
7136,8725,8741
7135,8725,8741
7134,8725,8741
7133,8725,8741
7132,8725,8741
7131,8725,8741
7456,9720,9726
7457,9720,9726
7458,9721,9726
7459,9722,9726
7460,9723,9725
5832,6578,6586
7455,9720,9726
5831,6577,6594
7454,9720,9726
5830,6577,6601
7453,9720,9726
5829,6578,6607
7452,9720,9725
5828,6580,6613
7451,9720,9725
5827,6582,6619
7450,9721,9724
6757,8675,8697
6758,8675,8698
6759,8676,8698
6760,8676,8698
6761,8676,8698
6762,8677,8699
6763,8677,8699
6764,8677,8699
6765,8678,8700
6766,8678,8700
6767,8678,8700
6768,8679,8701
6769,8679,8701
6770,8679,8701
6771,8680,8701
6772,8680,8702
6773,8680,8702
6774,8681,8702
6775,8681,8703
6776,8681,8703
6777,8681,8703
6778,8682,8703
6779,8682,8704
6780,8682,8704
6781,8683,8704
6782,8683,8704
6783,8683,8705
6784,8684,8705
6785,8684,8705
6786,8684,8705
6787,8685,8706
6788,8685,8706
6789,8685,8706
6790,8686,8706
6791,8686,8707
6792,8686,8707
6793,8687,8707
6794,8687,8707
6795,8687,8708
6796,8688,8708
6797,8688,8708
6798,8688,8708
6799,8689,8708
6800,8689,8709
6801,8689,8709
6802,8690,8709
6803,8690,8709
6804,8690,8709
6805,8691,8710
6756,8675,8697
6755,8674,8697
