7587,9711,9714
7588,9711,9715
7589,9710,9715
7590,9710,9715
7591,9710,9715
7595,9711,9714
7594,9710,9714
7593,9710,9715
7592,9710,9715
5576,6490,6504
5577,6484,6504
5578,6478,6503
5579,6473,6502
5580,6468,6500
5581,6463,6499
5582,6459,6497
5583,6455,6495
5584,6450,6493
5585,6446,6491
5586,6443,6488
5587,6439,6486
5588,6435,6484
5589,6431,6481
5590,6428,6479
5591,6424,6476
5592,6421,6474
5593,6417,6471
5594,6414,6468
5595,6410,6466
5596,6407,6463
5597,6404,6461
5598,6400,6458
5599,6397,6455
5600,6394,6452
5601,6391,6450
5602,6388,6447
5603,6385,6444
5604,6382,6442
5605,6379,6439
5606,6376,6436
5607,6373,6433
5608,6370,6431
5609,6367,6428
5610,6364,6425
5630,6312,6370
7754,8670,8681
5629,6314,6373
7753,8670,8681
5628,6317,6376
7752,8670,8681
5627,6319,6378
7751,8670,8682
5626,6322,6381
7750,8670,8682
7749,8669,8682
7748,8669,8682
7747,8669,8682
5690,6198,6204
7746,8669,8682
5689,6199,6208
7745,8669,8682
5688,6199,6212
7744,8669,8682
5687,6200,6215
7743,8669,8682
5631,6309,6368
7755,8670,8681
5632,6307,6365
7756,8671,8681
5633,6304,6362
7757,8671,8680
5634,6302,6359
7758,8671,8680
5635,6300,6357
7759,8671,8680
5636,6297,6354
7760,8672,8680
5637,6295,6351
7761,8672,8679
7762,8673,8679
7763,8673,8678
7764,8674,8677
7765,8675,8676
5638,6293,6349
5639,6290,6346
5640,6288,6343
5641,6286,6340
5642,6284,6338
5643,6281,6335
5644,6279,6332
5645,6277,6330
5646,6275,6327
5647,6273,6324
5648,6270,6322
5649,6268,6319
5650,6266,6316
5651,6264,6314
5652,6262,6311
5653,6260,6308
5654,6258,6306
5655,6256,6303
5656,6254,6300
5657,6252,6298
5658,6250,6295
5659,6248,6292
5660,6246,6290
5661,6244,6287
5662,6242,6284
7719,8674,8677
5663,6240,6282
7720,8673,8678
5664,6238,6279
7721,8672,8678
5665,6236,6276
7722,8672,8679
5666,6234,6274
7723,8672,8679
5667,6232,6271
7724,8671,8680
5668,6230,6268
7725,8671,8680
5669,6229,6266
7726,8671,8680
5670,6227,6263
7727,8670,8680
5671,6225,6260
7728,8670,8681
5672,6223,6257
7729,8670,8681
5673,6221,6255
7730,8670,8681
5674,6220,6252
7731,8670,8681
5675,6218,6249
7732,8670,8681
5676,6216,6247
7733,8669,8682
5677,6215,6244
7734,8669,8682
5678,6213,6241
7735,8669,8682
5679,6211,6238
7736,8669,8682
5680,6210,6236
7737,8669,8682
5681,6208,6233
7738,8669,8682
5682,6207,6230
7739,8669,8682
5683,6205,6227
7740,8669,8682
5684,6204,6224
7741,8669,8682
5685,6203,6221
7742,8669,8682
5686,6201,6218
5625,6324,6384
5624,6327,6387
5623,6329,6389
5622,6332,6392
5621,6334,6395
5620,6337,6398
5619,6340,6400
5618,6342,6403
5617,6345,6406
5616,6348,6409
5615,6350,6411
5614,6353,6414
5613,6356,6417
5612,6359,6420
5611,6361,6422
