5521,6474,6490
5522,6467,6491
5523,6461,6490
5524,6456,6490
5525,6451,6488
5526,6447,6487
5527,6442,6485
5528,6438,6484
5529,6434,6482
5530,6430,6480
5531,6426,6478
5532,6422,6476
5533,6419,6474
5534,6415,6471
5535,6412,6469
7918,8663,8664
7917,8662,8665
7916,8661,8666
7915,8661,8666
7914,8660,8667
7913,8660,8667
5581,6293,6340
7894,8657,8671
5580,6295,6343
7893,8657,8671
5579,6297,6346
7892,8657,8671
5578,6299,6349
7891,8657,8671
5577,6301,6352
7890,8657,8671
5576,6303,6355
7889,8657,8671
5575,6305,6358
7888,8657,8671
5574,6307,6361
7887,8657,8671
7912,8660,8667
5599,6268,6278
7911,8659,8668
5598,6268,6283
5582,6291,6337
7895,8657,8671
5583,6289,6334
7896,8657,8671
5584,6287,6331
7897,8657,8671
5585,6285,6328
7898,8658,8670
5586,6284,6325
7899,8658,8670
5587,6282,6322
7900,8658,8670
5588,6280,6318
7901,8658,8670
5589,6279,6315
7902,8658,8670
5590,6277,6312
7903,8658,8670
5591,6276,6309
7904,8658,8669
5592,6274,6305
7905,8658,8669
5593,6273,6302
7906,8658,8669
5594,6271,6298
7907,8659,8669
5595,6270,6295
7908,8659,8669
5596,6269,6291
7909,8659,8668
5597,6268,6287
7910,8659,8668
7886,8657,8672
5573,6309,6364
7885,8657,8672
5572,6311,6367
7884,8657,8672
5571,6313,6370
7883,8657,8672
5570,6316,6373
5542,6389,6452
7855,8661,8669
7882,8657,8672
5569,6318,6376
5541,6392,6454
7854,8661,8669
7881,8657,8672
5568,6320,6379
5540,6395,6457
7853,8661,8669
7880,8657,8672
5567,6322,6382
5539,6398,6459
7852,8662,8668
7879,8657,8672
5566,6325,6385
5538,6402,6462
7851,8662,8668
7878,8657,8672
5565,6327,6388
5537,6405,6464
7850,8663,8667
7877,8657,8672
5564,6329,6391
5536,6408,6467
7849,8664,8666
7876,8657,8672
5563,6332,6394
7613,9698,9704
7870,8658,8671
5557,6347,6411
7614,9699,9703
7871,8658,8671
5558,6344,6408
7615,9699,9702
7872,8658,8672
5559,6342,6405
7616,9700,9701
7873,8658,8672
5560,6339,6402
7874,8657,8672
5561,6337,6399
7875,8657,8672
5562,6334,6396
7612,9698,9704
7869,8658,8671
5556,6349,6414
7611,9699,9704
7868,8658,8671
5555,6352,6416
7610,9699,9704
7867,8658,8671
5554,6355,6419
7609,9699,9704
7866,8658,8671
5553,6357,6422
7608,9700,9703
7865,8658,8671
5552,6360,6425
7864,8659,8671
5551,6363,6427
7863,8659,8671
5550,6365,6430
7862,8659,8671
5549,6368,6433
7861,8659,8670
5548,6371,6436
7860,8659,8670
5547,6374,6438
7859,8660,8670
5546,6377,6441
7858,8660,8670
5545,6380,6444
7857,8660,8670
5544,6383,6446
7856,8660,8669
5543,6386,6449
