7894,8658,8664
7895,8657,8665
7896,8657,8665
7897,8657,8665
7898,8656,8665
7899,8656,8666
7900,8656,8666
7901,8656,8666
7902,8655,8666
7903,8655,8666
7904,8655,8667
7905,8655,8667
7906,8655,8667
7907,8654,8667
7908,8654,8667
7909,8654,8667
7910,8654,8667
7911,8654,8667
7912,8654,8667
7913,8653,8667
7914,8653,8667
7915,8653,8667
7916,8653,8667
7917,8653,8667
7918,8653,8667
7919,8653,8667
7920,8653,8668
7921,8653,8668
7922,8653,8668
7923,8653,8668
7924,8652,8667
7925,8652,8667
7926,8652,8667
7927,8652,8667
7928,8652,8667
7975,8657,8658
7974,8656,8659
7973,8656,8660
5531,6377,6441
7944,8652,8666
5532,6374,6439
7945,8652,8666
5533,6371,6436
7946,8652,8666
5534,6368,6433
7947,8652,8666
5535,6365,6431
7948,8652,8666
5536,6363,6428
7949,8652,8666
5537,6360,6425
7950,8652,8666
5538,6357,6422
7951,8652,8665
5539,6355,6420
7952,8652,8665
5540,6352,6417
7953,8652,8665
7893,8658,8664
5580,6279,6288
7892,8659,8663
5579,6278,6293
7891,8659,8663
5578,6278,6297
7890,8660,8662
5577,6279,6301
5576,6280,6305
5575,6281,6309
5574,6282,6313
5573,6284,6316
5572,6285,6320
5571,6286,6323
5570,6288,6326
5569,6290,6330
5568,6291,6333
5567,6293,6336
5566,6295,6339
5565,6297,6342
5544,6342,6405
7957,8653,8664
5543,6344,6408
7956,8653,8665
5542,6347,6411
7955,8652,8665
5541,6349,6414
7954,8652,8665
7612,9698,9699
5556,6314,6370
7969,8654,8661
7970,8655,8661
5555,6316,6373
7968,8654,8662
5564,6298,6346
7620,9696,9699
5554,6319,6376
7967,8654,8662
5563,6300,6349
7619,9696,9700
5553,6321,6379
7966,8654,8662
5562,6302,6352
7618,9695,9700
7972,8655,8660
7971,8655,8661
5545,6339,6403
7958,8653,8664
5546,6337,6400
7959,8653,8664
5547,6335,6397
7960,8653,8664
5557,6312,6367
7613,9697,9700
5548,6332,6394
7961,8653,8664
5558,6310,6364
7614,9696,9701
5549,6330,6391
7962,8653,8663
5559,6308,6361
7615,9696,9701
5550,6328,6388
7963,8653,8663
5560,6306,6358
7616,9696,9701
5551,6325,6385
7964,8653,8663
5561,6304,6355
7617,9695,9701
5552,6323,6382
7965,8654,8663
5530,6380,6444
7943,8652,8666
5529,6383,6447
7942,8652,8666
5528,6386,6449
7941,8652,8667
5527,6389,6452
7940,8652,8667
5526,6392,6454
7939,8652,8667
5525,6395,6457
7938,8652,8667
5524,6398,6459
7937,8652,8667
5523,6401,6462
7936,8652,8667
5522,6405,6464
7935,8652,8667
5521,6408,6466
7934,8652,8667
5520,6412,6469
7933,8652,8667
5519,6415,6471
7932,8652,8667
5518,6419,6473
7931,8652,8667
5517,6422,6475
7930,8652,8667
5516,6426,6477
7929,8652,8667
5515,6430,6479
5514,6434,6481
5513,6438,6483
5512,6443,6484
5511,6447,6485
5510,6452,6486
5509,6458,6487
5508,6463,6487
5507,6471,6486
