5776,6565,6573
5775,6565,6580
5774,6567,6586
5773,6568,6592
5772,6571,6598
5771,6573,6603
5770,6575,6608
5769,6578,6614
5768,6581,6619
5767,6583,6624
5766,6586,6629
5765,6589,6634
5764,6592,6640
5763,6595,6645
5762,6598,6650
7483,9728,9729
7484,9727,9731
7485,9726,9731
7486,9726,9732
7487,9726,9732
7488,9726,9732
7493,9728,9731
7492,9727,9732
7491,9727,9732
7490,9726,9732
7489,9726,9732
6036,8130,8132
6037,8130,8135
6038,8131,8137
6039,8132,8139
6040,8133,8141
6041,8134,8142
6042,8135,8144
6043,8136,8146
6044,8137,8148
6045,8139,8149
6046,8140,8151
6047,8141,8153
6048,8142,8154
6049,8143,8156
6050,8144,8158
6051,8146,8159
6052,8147,8161
6053,8148,8163
6054,8149,8164
6055,8150,8166
6056,8152,8167
6057,8153,8169
6058,8154,8170
6059,8155,8172
6060,8156,8174
6061,8158,8175
6062,8159,8177
6063,8160,8178
6064,8161,8180
6065,8162,8181
6066,8164,8183
6067,8165,8184
6068,8166,8186
6069,8167,8187
6070,8169,8189
5733,6713,6832
7356,8712,8717
6274,8397,8416
5732,6718,6840
7355,8711,8717
6273,8396,8415
5731,6723,6849
7354,8711,8718
6272,8395,8414
5730,6728,6857
7353,8711,8718
6271,8394,8413
5729,6733,6866
7352,8710,8719
6270,8393,8413
5728,6739,6876
7351,8710,8719
6269,8392,8412
5727,6744,6885
7350,8710,8719
6268,8391,8411
5726,6750,6895
7349,8710,8720
6267,8390,8410
5725,6755,6906
7348,8709,8720
6266,8389,8409
5724,6761,6917
7347,8709,8720
6265,8388,8409
5723,6767,6929
7346,8709,8720
6264,8387,8408
5722,6773,6941
7345,8709,8720
6263,8386,8407
5721,6779,6955
7344,8709,8721
6262,8384,8406
5720,6786,6969
7343,8709,8721
6261,8383,8405
5719,6793,6985
7342,8709,8721
6260,8382,8405
9601,7091,7162
5718,6799,7003
7341,8708,8721
6259,8381,8404
9600,7074,7181
5717,6806,7024
7340,8708,8721
6258,8380,8403
9599,7062,7194
5716,6814,7050
7339,8708,8721
6257,8379,8402
9598,7054,7206
5715,6821,7084
7338,8708,8721
6256,8378,8401
9597,7047,7216
5714,6829,7135
7337,8708,8721
6255,8377,8400
9596,7041,7224
5713,6837,7162
7336,8708,8721
6254,8376,8399
9595,7036,7232
5712,6846,7168
7335,8708,8721
6253,8375,8399
9594,7033,7239
5711,6855,7168
7334,8708,8722
6252,8374,8398
9593,7031,7246
5710,6864,7164
7333,8708,8722
6251,8373,8397
9592,7029,7252
5709,6875,7159
7332,8708,8722
6250,8372,8396
9591,7029,7258
5708,6885,7152
7331,8708,8722
6249,8371,8395
9590,7030,7263
5707,6897,7143
7330,8709,8722
6248,8370,8394
9589,7033,7267
5706,6910,7132
7329,8709,8722
6247,8369,8393
9588,7037,7272
5705,6925,7120
7328,8709,8721
6246,8368,8392
9587,7043,7276
5704,6942,7105
7327,8709,8721
6245,8367,8392
9586,7050,7279
5703,6963,7085
7326,8709,8721
6244,8366,8391
9585,7061,7283
5702,6997,7053
7325,8709,8721
6243,8364,8390
9584,7074,7285
7324,8709,8721
6242,8363,8389
9583,7089,7288
7323,8709,8721
6241,8362,8388
9582,7107,7289
7322,8709,8721
6240,8361,8387
9581,7127,7290
7321,8710,8721
6239,8360,8386
9580,7148,7290
7320,8710,8721
6238,8359,8385
9579,7171,7289
7319,8710,8720
6237,8358,8384
9578,7195,7286
7318,8710,8720
6236,8357,8383
9577,7222,7279
7317,8711,8720
6235,8356,8382
7316,8711,8720
6234,8355,8382
7315,8711,8720
6233,8354,8381
7314,8712,8719
6232,8353,8380
7313,8712,8719
6231,8352,8379
7312,8713,8718
6230,8351,8378
7311,8713,8718
6229,8350,8377
7310,8714,8717
6228,8349,8376
7309,8715,8716
6227,8348,8375
6226,8347,8374
6225,8345,8373
6224,8344,8372
6223,8343,8371
6222,8342,8370
6221,8341,8369
6220,8340,8368
6219,8339,8367
5734,6708,6824
7357,8713,8716
6275,8398,8417
6214,8334,8362
6185,8302,8333
5735,6703,6816
6276,8399,8417
6215,8335,8363
6186,8303,8334
5736,6698,6809
6277,8400,8418
6216,8336,8364
6187,8305,8335
5737,6694,6801
6278,8402,8419
6217,8337,8365
6188,8306,8336
5738,6689,6794
6279,8403,8420
6218,8338,8366
5739,6685,6787
6280,8404,8420
5740,6680,6780
6281,8405,8421
5741,6676,6773
6282,8406,8422
5742,6672,6767
6283,8407,8422
5743,6668,6760
6284,8408,8423
5744,6663,6754
6285,8409,8424
5745,6659,6747
6286,8410,8425
6189,8307,8337
6190,8308,8338
6191,8309,8339
6192,8310,8340
6193,8311,8341
6194,8312,8342
6195,8313,8343
6196,8314,8344
6197,8315,8345
6198,8317,8346
6199,8318,8347
6200,8319,8348
6201,8320,8349
6202,8321,8350
6203,8322,8351
6204,8323,8352
6205,8324,8353
6206,8325,8354
6207,8326,8355
6208,8327,8356
6209,8328,8357
6210,8329,8358
6211,8331,8359
6212,8332,8360
6213,8333,8361
5746,6655,6741
6287,8411,8425
5747,6651,6735
6288,8413,8426
5748,6647,6729
6289,8414,8427
5749,6644,6723
6290,8415,8427
5750,6640,6717
6291,8416,8428
5751,6636,6711
6292,8417,8429
5752,6632,6705
6293,8418,8429
5753,6629,6699
6294,8420,8430
5754,6625,6694
6295,8421,8430
5755,6622,6688
6296,8422,8431
5756,6618,6683
6297,8423,8431
5757,6615,6677
6298,8425,8432
5758,6611,6672
6299,8426,8432
5759,6608,6666
6300,8427,8432
5760,6605,6661
6301,8429,8433
5761,6601,6656
6302,8431,8432
6184,8301,8331
6183,8300,8330
6182,8299,8329
6181,8298,8328
6180,8297,8327
6179,8296,8326
6178,8295,8325
6177,8294,8324
6176,8292,8323
6175,8291,8322
6174,8290,8321
6173,8289,8320
6172,8288,8318
6171,8287,8317
6170,8286,8316
6169,8285,8315
6168,8284,8314
6167,8282,8313
6166,8281,8312
6165,8280,8311
6164,8279,8309
6163,8278,8308
6162,8277,8307
6161,8276,8306
6160,8275,8305
6159,8274,8304
6158,8272,8303
6157,8271,8301
6156,8270,8300
6155,8269,8299
6154,8268,8298
6153,8267,8297
6152,8266,8296
6151,8264,8295
6150,8263,8293
6149,8262,8292
6148,8261,8291
6147,8260,8290
6146,8259,8289
6145,8258,8287
6144,8257,8286
6143,8255,8285
6142,8254,8284
6141,8253,8283
6140,8252,8281
6139,8251,8280
6138,8250,8279
6137,8248,8278
6136,8247,8277
6135,8246,8275
6134,8245,8274
6133,8244,8273
6132,8243,8272
6131,8242,8271
6130,8240,8269
6129,8239,8268
6128,8238,8267
6127,8237,8266
6126,8236,8264
6125,8235,8263
6124,8233,8262
6123,8232,8261
6122,8231,8259
6121,8230,8258
6120,8229,8257
6119,8227,8255
6118,8226,8254
6117,8225,8253
6116,8224,8252
6115,8223,8250
6114,8222,8249
6113,8220,8248
6112,8219,8247
6111,8218,8245
6110,8217,8244
6109,8216,8243
6108,8214,8241
6107,8213,8240
6106,8212,8239
6105,8211,8237
6104,8210,8236
6103,8209,8235
6102,8207,8233
6101,8206,8232
6100,8205,8231
6099,8204,8229
6098,8203,8228
6097,8201,8227
6096,8200,8225
6095,8199,8224
6094,8198,8223
6093,8196,8221
6092,8195,8220
6091,8194,8218
6090,8193,8217
6089,8192,8216
6088,8190,8214
6087,8189,8213
6086,8188,8212
6085,8187,8210
6084,8186,8209
6083,8184,8207
6082,8183,8206
6081,8182,8204
6080,8181,8203
6079,8180,8202
6078,8178,8200
6077,8177,8199
6076,8176,8197
6075,8175,8196
6074,8173,8194
6073,8172,8193
6072,8171,8192
6071,8170,8190
