8014,8646,8646
8015,8645,8647
8016,8644,8647
8017,8643,8648
8018,8643,8648
8019,8642,8648
8020,8642,8649
8021,8642,8649
8022,8641,8649
8023,8641,8649
8024,8641,8649
8025,8640,8649
8026,8640,8649
8027,8640,8649
8028,8640,8649
8029,8639,8649
8030,8639,8650
8031,8639,8650
8032,8638,8650
8033,8638,8650
8034,8638,8650
8035,8638,8650
8036,8638,8650
8037,8637,8650
8038,8637,8650
8039,8637,8650
8040,8637,8650
8041,8636,8650
8042,8636,8650
8043,8636,8650
8044,8636,8650
8045,8636,8650
8046,8635,8650
8047,8635,8650
8048,8635,8649
8049,8635,8649
8050,8635,8649
8051,8635,8649
8052,8634,8649
8053,8634,8649
8054,8634,8649
8055,8634,8649
8056,8634,8649
8057,8633,8649
8058,8633,8649
8059,8633,8649
8060,8633,8649
8061,8633,8649
8062,8633,8649
8063,8632,8648
8064,8632,8648
8065,8632,8648
8066,8632,8648
8067,8632,8648
8068,8632,8648
8069,8631,8648
8070,8631,8648
8071,8631,8648
8072,8631,8648
8073,8631,8648
8074,8631,8647
8075,8630,8647
8076,8630,8647
8077,8630,8647
8078,8630,8647
8079,8630,8647
8080,8630,8647
8081,8629,8647
8082,8629,8647
8083,8629,8646
8084,8629,8646
8085,8629,8646
8086,8629,8646
8087,8629,8646
8088,8628,8646
8089,8628,8646
8090,8628,8646
8091,8628,8645
8092,8628,8645
8093,8628,8645
8094,8627,8645
8988,8026,8029
8987,8027,8031
8986,8028,8033
8985,8029,8035
8984,8030,8037
8983,8031,8039
8982,8032,8041
8981,8033,8042
8980,8034,8044
8979,8035,8046
8978,8036,8048
8977,8038,8049
8976,8039,8051
8975,8040,8053
8974,8041,8054
8973,8042,8056
8972,8044,8057
8971,8045,8059
8970,8046,8061
8969,8047,8062
8968,8048,8064
8967,8050,8065
8966,8051,8067
8965,8052,8069
8964,8053,8070
8963,8055,8072
8962,8056,8073
8961,8057,8075
8960,8058,8076
8959,8060,8078
8958,8061,8079
8957,8062,8081
8956,8063,8082
8955,8065,8084
8954,8066,8085
8953,8067,8087
8952,8068,8088
8951,8070,8089
8950,8071,8091
8949,8072,8092
8948,8074,8094
8947,8075,8095
8946,8076,8097
8945,8077,8098
8944,8079,8099
8943,8080,8101
8942,8081,8102
8941,8082,8104
8940,8084,8105
8939,8085,8106
8938,8086,8108
8937,8087,8109
8936,8089,8111
8935,8090,8112
8934,8091,8113
8933,8092,8115
8932,8094,8116
8931,8095,8117
8930,8096,8119
8929,8097,8120
8928,8099,8122
8927,8100,8123
8926,8101,8124
8925,8102,8126
8924,8104,8127
8923,8105,8128
8922,8106,8130
8921,8107,8131
8920,8108,8132
8919,8110,8134
8918,8111,8135
8917,8112,8136
8916,8113,8137
8915,8115,8139
8914,8116,8140
8913,8117,8141
8912,8118,8143
8911,8119,8144
8910,8121,8145
8909,8122,8147
8908,8123,8148
8907,8124,8149
8906,8126,8150
8905,8127,8152
8904,8128,8153
8903,8129,8154
8902,8130,8155
8901,8132,8157
8900,8133,8158
8899,8134,8159
8898,8135,8160
8897,8136,8162
8896,8138,8163
8895,8139,8164
8894,8140,8165
8893,8141,8167
8892,8142,8168
8891,8144,8169
8890,8145,8170
8889,8146,8172
8888,8147,8173
8887,8148,8174
8886,8149,8175
8885,8151,8176
8884,8152,8178
8883,8153,8179
8882,8154,8180
8881,8155,8181
8880,8157,8182
8879,8158,8184
8878,8159,8185
8877,8160,8186
8876,8161,8187
8875,8162,8188
8874,8164,8190
8873,8165,8191
8872,8166,8192
8871,8167,8193
8870,8168,8194
8869,8169,8195
8868,8170,8197
5540,6295,6305
8867,8172,8198
5539,6294,6311
8866,8173,8199
5538,6295,6316
8865,8174,8200
5537,6295,6320
8864,8175,8201
5536,6296,6324
8863,8176,8202
5535,6297,6328
8862,8177,8204
5534,6298,6332
8861,8178,8205
5533,6299,6336
8860,8180,8206
5532,6301,6339
8859,8181,8207
5531,6302,6343
8858,8182,8208
5530,6304,6346
8857,8183,8209
5529,6305,6350
8856,8184,8211
5528,6307,6353
8855,8185,8212
5527,6309,6356
8854,8186,8213
5526,6310,6359
8853,8187,8214
5525,6312,6363
8852,8189,8215
5524,6314,6366
8851,8190,8216
5523,6316,6369
8850,8191,8217
5522,6318,6372
8849,8192,8218
5521,6320,6375
8848,8193,8220
5520,6322,6378
8847,8194,8221
5519,6324,6382
8846,8195,8222
5518,6326,6385
8845,8196,8223
5517,6328,6388
8844,8197,8224
5516,6330,6391
8843,8199,8225
5515,6332,6394
8842,8200,8226
5514,6335,6397
8841,8201,8227
5513,6337,6400
8840,8202,8228
5512,6339,6403
8839,8203,8230
5511,6342,6405
8838,8204,8231
5510,6344,6408
8837,8205,8232
5509,6346,6411
8836,8206,8233
5508,6349,6414
8835,8207,8234
5507,6351,6417
8834,8208,8235
5506,6354,6420
8833,8210,8236
5505,6356,6422
8832,8211,8237
5504,6359,6425
8831,8212,8238
5503,6362,6428
8830,8213,8239
5502,6364,6431
8829,8214,8240
5501,6367,6433
8828,8215,8241
5500,6370,6436
8827,8216,8243
5499,6373,6439
8826,8217,8244
5498,6375,6441
8825,8218,8245
5497,6378,6444
8824,8219,8246
5496,6381,6446
8823,8220,8247
5495,6384,6449
8822,8221,8248
5494,6387,6451
8821,8222,8249
5493,6390,6454
8820,8223,8250
5492,6394,6456
8819,8225,8251
5491,6397,6458
8818,8226,8252
5490,6400,6461
8817,8227,8253
5489,6403,6463
8816,8228,8254
5488,6407,6465
8815,8229,8255
5487,6410,6467
8814,8230,8256
5486,6414,6469
8813,8231,8257
5485,6418,6471
8812,8232,8258
5484,6422,6472
8811,8233,8259
5483,6426,6474
8810,8234,8261
5482,6430,6476
8809,8235,8262
5481,6434,6477
8808,8236,8263
5480,6439,6478
8807,8237,8264
5479,6444,6479
8806,8238,8265
5478,6449,6479
8805,8239,8266
5477,6455,6479
8804,8240,8267
5476,6462,6477
8803,8241,8268
8802,8242,8269
8801,8243,8270
8800,8244,8271
8799,8245,8272
8798,8246,8273
8797,8247,8274
8796,8249,8275
8795,8250,8276
8794,8251,8277
8793,8252,8278
8792,8253,8279
8791,8254,8280
8790,8255,8281
8789,8256,8282
8788,8257,8283
8787,8258,8284
8786,8259,8285
8785,8260,8286
8784,8261,8287
8783,8262,8288
8782,8263,8289
8781,8264,8290
8780,8265,8291
8779,8266,8292
8778,8267,8293
8777,8268,8294
8776,8269,8295
8775,8270,8296
8774,8271,8297
8773,8272,8298
8772,8273,8299
8771,8274,8300
8770,8275,8301
8769,8275,8302
8768,8276,8303
8767,8277,8303
8766,8278,8304
8765,8279,8305
8764,8280,8306
8763,8281,8307
8762,8282,8308
8761,8283,8309
8760,8284,8310
8759,8285,8311
8758,8286,8312
8757,8287,8313
8756,8288,8314
8755,8289,8315
8754,8290,8316
8753,8291,8317
8752,8292,8318
8751,8293,8319
8750,8294,8320
8749,8295,8320
8748,8296,8321
8747,8297,8322
8746,8297,8323
8745,8298,8324
8744,8299,8325
8743,8300,8326
8742,8301,8327
8741,8302,8328
8740,8303,8329
7630,9690,9691
8739,8304,8330
7629,9689,9692
8738,8305,8331
7628,9689,9693
8737,8306,8331
7627,9688,9694
8736,8307,8332
7626,9688,9694
8735,8308,8333
7625,9689,9694
8734,8309,8334
7624,9689,9694
8733,8310,8335
7623,9690,9693
8732,8310,8336
7622,9691,9692
8731,8311,8337
8730,8312,8338
8729,8313,8339
8728,8314,8340
8727,8315,8340
8726,8316,8341
8725,8317,8342
8724,8318,8343
8723,8319,8344
8722,8320,8345
8721,8320,8346
8720,8321,8347
8719,8322,8348
8718,8323,8348
8717,8324,8349
8716,8325,8350
8715,8326,8351
8714,8327,8352
8713,8328,8353
8712,8328,8354
8711,8329,8355
8710,8330,8355
8709,8331,8356
8708,8332,8357
8707,8333,8358
8706,8334,8359
8705,8335,8360
8704,8336,8361
8703,8336,8361
8702,8337,8362
8701,8338,8363
8700,8339,8364
8699,8340,8365
8698,8341,8366
8697,8342,8367
8696,8342,8367
8695,8343,8368
8694,8344,8369
8693,8345,8370
8692,8346,8371
8691,8347,8372
8690,8348,8372
8689,8348,8373
8688,8349,8374
8687,8350,8375
8686,8351,8376
8685,8352,8377
8684,8353,8377
8683,8353,8378
8682,8354,8379
8681,8355,8380
8680,8356,8381
8679,8357,8382
8678,8358,8382
8677,8359,8383
8676,8359,8384
8675,8360,8385
8674,8361,8386
8673,8362,8386
8672,8363,8387
8671,8363,8388
8670,8364,8389
8669,8365,8390
8668,8366,8390
8667,8367,8391
8666,8368,8392
8665,8368,8393
8664,8369,8394
8663,8370,8394
8662,8371,8395
8661,8372,8396
8660,8372,8397
8659,8373,8398
8658,8374,8398
8657,8375,8399
8656,8376,8400
8655,8376,8401
8654,8377,8401
8653,8378,8402
8652,8379,8403
8651,8380,8404
8650,8380,8405
8649,8381,8405
8648,8382,8406
8647,8383,8407
8646,8384,8408
8645,8384,8408
8644,8385,8409
8643,8386,8410
8642,8387,8411
8641,8388,8412
8640,8388,8412
8639,8389,8413
8638,8390,8414
8637,8391,8415
8636,8391,8415
8351,8560,8575
8350,8561,8575
8349,8561,8576
8348,8562,8576
8347,8562,8577
8346,8562,8577
8345,8563,8577
8344,8563,8578
8343,8564,8578
8342,8564,8578
8341,8564,8579
8340,8565,8579
8339,8565,8580
8338,8566,8580
8337,8566,8580
8336,8567,8581
8335,8567,8581
8334,8567,8581
8333,8568,8582
8332,8568,8582
8331,8568,8583
8330,8569,8583
8329,8569,8583
8328,8570,8584
8327,8570,8584
8326,8570,8584
8325,8571,8585
8324,8571,8585
8323,8572,8585
8322,8572,8586
8321,8572,8586
8320,8573,8586
8319,8573,8587
8318,8574,8587
8317,8574,8588
8316,8574,8588
8315,8575,8588
8314,8575,8589
8313,8575,8589
8312,8576,8589
8311,8576,8590
8310,8576,8590
8309,8577,8590
8308,8577,8591
8307,8578,8591
8306,8578,8591
8305,8578,8592
8304,8579,8592
8303,8579,8592
8302,8579,8593
8301,8580,8593
8300,8580,8593
8299,8580,8594
8298,8581,8594
8297,8581,8594
8296,8581,8595
8295,8582,8595
8294,8582,8595
8293,8583,8596
8292,8583,8596
8291,8583,8596
8290,8584,8597
8289,8584,8597
8288,8584,8597
8287,8585,8598
8286,8585,8598
8285,8585,8598
8284,8586,8599
8283,8586,8599
8282,8586,8599
8281,8587,8600
8280,8587,8600
8279,8587,8600
8278,8588,8601
8277,8588,8601
8276,8588,8601
8275,8588,8601
8274,8589,8602
8273,8589,8602
8272,8589,8602
8271,8590,8603
8270,8590,8603
8269,8590,8603
8268,8591,8604
8267,8591,8604
8266,8591,8604
8265,8592,8605
8264,8592,8605
8263,8592,8605
8262,8592,8606
8261,8593,8606
8260,8593,8606
8259,8593,8606
8258,8594,8607
8257,8594,8607
8256,8594,8607
8255,8595,8608
8254,8595,8608
8253,8595,8608
8252,8595,8609
8251,8596,8609
8250,8596,8609
8249,8596,8609
8248,8597,8610
8247,8597,8610
8246,8597,8610
8245,8597,8611
8244,8598,8611
8243,8598,8611
8242,8598,8611
8241,8598,8612
8240,8599,8612
8239,8599,8612
8238,8599,8613
8237,8600,8613
8236,8600,8613
8235,8600,8614
8234,8600,8614
8233,8601,8614
8232,8601,8614
8231,8601,8615
8230,8601,8615
8229,8602,8615
8228,8602,8615
8227,8602,8616
8226,8602,8616
8225,8603,8616
8224,8603,8617
8223,8603,8617
8222,8603,8617
8153,8618,8634
8152,8618,8634
8151,8618,8635
8150,8618,8635
8149,8619,8635
8148,8619,8635
8147,8619,8636
8146,8619,8636
8145,8619,8636
8144,8619,8636
8143,8620,8636
8142,8620,8637
8141,8620,8637
8140,8620,8637
8139,8620,8637
8138,8620,8637
8137,8621,8638
8136,8621,8638
8135,8621,8638
8134,8621,8638
8133,8621,8638
8132,8621,8639
8131,8622,8639
8130,8622,8639
8129,8622,8639
8128,8622,8639
8127,8622,8640
8126,8622,8640
8125,8623,8640
8124,8623,8640
8107,8625,8643
8106,8626,8643
8105,8626,8643
8104,8626,8643
8103,8626,8644
8102,8626,8644
8101,8626,8644
8100,8626,8644
8099,8627,8644
8098,8627,8644
8097,8627,8645
8096,8627,8645
8095,8627,8645
8108,8625,8643
8109,8625,8643
8110,8625,8642
8111,8625,8642
8112,8625,8642
8113,8624,8642
8114,8624,8642
8115,8624,8642
8116,8624,8641
8117,8624,8641
8118,8624,8641
8119,8624,8641
8120,8623,8641
8121,8623,8641
8122,8623,8640
8123,8623,8640
8154,8618,8634
8155,8617,8634
8156,8617,8634
8157,8617,8633
8158,8617,8633
8159,8617,8633
8160,8617,8633
8161,8616,8633
8162,8616,8632
8163,8616,8632
8164,8616,8632
8165,8616,8632
8166,8615,8631
8167,8615,8631
8168,8615,8631
8169,8615,8631
8170,8615,8630
8171,8614,8630
8172,8614,8630
8173,8614,8630
8174,8614,8630
8175,8614,8629
8176,8614,8629
8177,8613,8629
8178,8613,8629
8179,8613,8628
8180,8613,8628
8181,8613,8628
8182,8612,8628
8183,8612,8627
8184,8612,8627
8185,8612,8627
8186,8612,8627
8187,8611,8626
8188,8611,8626
8189,8611,8626
8190,8611,8626
8191,8610,8625
8192,8610,8625
8193,8610,8625
8194,8610,8625
8195,8610,8624
8196,8609,8624
8197,8609,8624
8198,8609,8624
8199,8609,8623
8200,8609,8623
8201,8608,8623
8202,8608,8623
8203,8608,8622
8204,8608,8622
8205,8607,8622
8206,8607,8621
8207,8607,8621
8208,8607,8621
8209,8606,8621
8210,8606,8620
8211,8606,8620
8212,8606,8620
8213,8606,8620
8214,8605,8619
8215,8605,8619
8216,8605,8619
8217,8605,8619
8218,8604,8618
8219,8604,8618
8220,8604,8618
8221,8604,8617
8352,8560,8575
8353,8560,8574
8354,8559,8574
8355,8559,8574
8356,8558,8573
8357,8558,8573
8358,8557,8572
8359,8557,8572
8360,8557,8572
8361,8556,8571
8362,8556,8571
8363,8555,8570
8364,8555,8570
8365,8554,8570
8366,8554,8569
8367,8553,8569
8368,8553,8568
8369,8553,8568
8370,8552,8568
8371,8552,8567
8372,8551,8567
8373,8551,8566
8374,8550,8566
8375,8550,8566
8376,8549,8565
8377,8549,8565
8378,8549,8564
8379,8548,8564
8380,8548,8564
8381,8547,8563
8382,8547,8563
8383,8546,8562
8384,8546,8562
8385,8545,8561
8386,8545,8561
8387,8544,8561
8388,8544,8560
8389,8543,8560
8390,8543,8559
8391,8543,8559
8392,8542,8558
8393,8542,8558
8394,8541,8558
8395,8541,8557
8396,8540,8557
8397,8540,8556
8398,8539,8556
8399,8539,8555
8400,8538,8555
8401,8538,8555
8402,8537,8554
8403,8537,8554
8404,8536,8553
8405,8536,8553
8406,8535,8552
8407,8535,8552
8408,8534,8551
8409,8534,8551
8410,8533,8551
8411,8533,8550
8412,8532,8550
8413,8532,8549
8414,8531,8549
8415,8531,8548
8416,8530,8548
8417,8530,8547
8418,8529,8547
8419,8529,8546
8420,8528,8546
8421,8528,8546
8422,8527,8545
8423,8527,8545
8424,8526,8544
8425,8526,8544
8426,8525,8543
8427,8525,8543
8428,8524,8542
8429,8524,8542
8430,8523,8541
8431,8523,8541
8432,8522,8540
8433,8522,8540
8434,8521,8539
8435,8521,8539
8436,8520,8538
8437,8520,8538
8438,8519,8537
8439,8519,8537
8440,8518,8537
8441,8518,8536
8442,8517,8536
8443,8517,8535
8444,8516,8535
8445,8515,8534
8446,8515,8534
8447,8514,8533
8448,8514,8533
8449,8513,8532
8450,8513,8532
8451,8512,8531
8452,8512,8531
8453,8511,8530
8454,8511,8530
8455,8510,8529
8456,8510,8529
8457,8509,8528
8458,8508,8528
8459,8508,8527
8460,8507,8527
8461,8507,8526
8462,8506,8525
8463,8506,8525
8464,8505,8524
8465,8505,8524
8466,8504,8523
8467,8503,8523
8468,8503,8522
8469,8502,8522
8470,8502,8521
8471,8501,8521
8472,8501,8520
8473,8500,8520
8474,8499,8519
8475,8499,8519
8476,8498,8518
8477,8498,8518
8478,8497,8517
8479,8497,8517
8480,8496,8516
8481,8495,8515
8482,8495,8515
8483,8494,8514
8484,8494,8514
8485,8493,8513
8486,8493,8513
8487,8492,8512
8488,8491,8512
8489,8491,8511
8490,8490,8511
8491,8490,8510
8492,8489,8509
8493,8488,8509
8494,8488,8508
8495,8487,8508
8496,8487,8507
8497,8486,8507
8498,8486,8506
8499,8485,8505
8500,8484,8505
8501,8484,8504
8502,8483,8504
8503,8483,8503
8504,8482,8503
8505,8481,8502
8506,8481,8502
8507,8480,8501
8508,8480,8500
8509,8479,8500
8510,8478,8499
8511,8478,8499
8512,8477,8498
8513,8476,8497
8514,8476,8497
8515,8475,8496
8516,8475,8496
8517,8474,8495
8518,8473,8495
8519,8473,8494
8520,8472,8493
8521,8472,8493
8522,8471,8492
8523,8470,8492
8524,8470,8491
8525,8469,8490
8526,8468,8490
8527,8468,8489
8528,8467,8489
8529,8466,8488
8530,8466,8487
8531,8465,8487
8532,8465,8486
8533,8464,8486
8534,8463,8485
8535,8463,8484
8536,8462,8484
8537,8461,8483
8538,8461,8482
8539,8460,8482
8540,8459,8481
8541,8459,8481
8542,8458,8480
8543,8457,8479
8544,8457,8479
8545,8456,8478
8546,8456,8477
8547,8455,8477
8548,8454,8476
8549,8454,8476
8550,8453,8475
8551,8452,8474
8552,8452,8474
8553,8451,8473
8554,8450,8472
8555,8450,8472
8556,8449,8471
8557,8448,8470
8558,8448,8470
8559,8447,8469
8560,8446,8469
8561,8446,8468
8562,8445,8467
8563,8444,8467
8564,8444,8466
8565,8443,8465
8566,8442,8465
8567,8442,8464
8568,8441,8463
8569,8440,8463
8570,8439,8462
8571,8439,8461
8572,8438,8461
8573,8437,8460
8574,8437,8459
8575,8436,8459
8576,8435,8458
8577,8435,8457
8578,8434,8457
8579,8433,8456
8580,8433,8455
8581,8432,8455
8582,8431,8454
8583,8430,8453
8584,8430,8453
8585,8429,8452
8586,8428,8451
8587,8428,8451
8588,8427,8450
8589,8426,8449
8590,8426,8448
8591,8425,8448
8592,8424,8447
8593,8423,8446
8594,8423,8446
8595,8422,8445
8596,8421,8444
8597,8420,8444
8598,8420,8443
8599,8419,8442
8600,8418,8442
8601,8418,8441
8602,8417,8440
8603,8416,8439
8604,8415,8439
8605,8415,8438
8606,8414,8437
8607,8413,8437
8608,8412,8436
8609,8412,8435
8610,8411,8434
8611,8410,8434
8612,8410,8433
8613,8409,8432
8614,8408,8432
8615,8407,8431
8616,8407,8430
8617,8406,8429
8618,8405,8429
8619,8404,8428
8620,8404,8427
8621,8403,8426
8622,8402,8426
8623,8401,8425
8624,8401,8424
8625,8400,8424
8626,8399,8423
8627,8398,8422
8628,8398,8421
8629,8397,8421
8630,8396,8420
8631,8395,8419
8632,8394,8418
8633,8394,8418
8634,8393,8417
8635,8392,8416
