9418,6442,6449
9419,6443,6454
9420,6444,6458
9421,6446,6463
9422,6448,6467
9423,6450,6471
9424,6452,6475
9425,6454,6479
9426,6457,6483
9427,6459,6487
9428,6462,6491
9429,6464,6495
9430,6466,6499
9431,6469,6503
9432,6472,6507
9433,6474,6511
9434,6477,6515
9435,6479,6519
9436,6482,6523
9437,6485,6527
9438,6488,6531
9439,6490,6535
9440,6493,6539
9441,6496,6543
9442,6499,6547
9443,6502,6551
9444,6505,6555
9495,6699,6832
7523,9728,9730
9496,6704,6840
7524,9727,9731
9497,6710,6848
7525,9727,9732
7466,8695,8701
9498,6715,6856
7526,9726,9732
7467,8695,8702
9499,6721,6864
7527,9726,9732
7468,8694,8702
9500,6726,6873
7528,9726,9732
7469,8694,8702
9501,6732,6882
7529,9726,9732
7470,8693,8703
9502,6738,6891
7530,9727,9732
7471,8693,8703
9503,6744,6900
7531,9727,9732
7472,8693,8703
9504,6750,6909
7495,8693,8702
7494,8693,8703
7493,8693,8703
7492,8693,8703
7491,8692,8703
7490,8692,8704
7489,8692,8704
7465,8696,8701
9521,6925,6978
9494,6694,6825
7488,8692,8704
7464,8696,8700
9520,6901,6994
9493,6689,6817
7487,8692,8704
7463,8698,8698
9519,6884,7001
7486,8692,8704
9518,6869,7005
7485,8692,8704
9517,6857,7006
7484,8692,8704
9516,6846,7005
7483,8692,8704
9515,6835,7002
7496,8694,8702
7497,8694,8702
7498,8694,8701
7499,8695,8701
7500,8695,8700
7501,8696,8699
7482,8692,8704
9514,6826,6997
7481,8692,8704
9513,6817,6991
7480,8692,8704
9512,6808,6983
7479,8692,8704
9511,6800,6975
7478,8692,8704
9510,6792,6966
7477,8692,8704
9509,6785,6957
7476,8692,8704
9508,6777,6947
7475,8692,8704
9507,6770,6938
7533,9729,9730
7474,8693,8703
9506,6763,6928
7532,9728,9731
7473,8693,8703
9505,6757,6918
9492,6684,6810
9491,6679,6802
9490,6674,6795
9489,6669,6789
9488,6665,6782
9487,6660,6775
9486,6656,6768
9485,6651,6762
9484,6647,6756
9483,6642,6749
9482,6638,6743
9481,6634,6737
9480,6630,6731
9479,6626,6725
9478,6621,6719
9477,6617,6714
9476,6613,6708
9475,6609,6703
9474,6606,6697
9473,6602,6692
9472,6598,6686
9471,6594,6681
9470,6590,6676
9469,6587,6671
9468,6583,6665
9467,6579,6660
9466,6576,6655
9465,6572,6650
9464,6569,6645
9463,6565,6641
9462,6562,6636
9461,6558,6631
9460,6555,6626
9459,6552,6622
9458,6548,6617
9457,6545,6612
9456,6542,6608
9455,6538,6603
9454,6535,6599
9453,6532,6594
9452,6529,6590
9451,6526,6585
9450,6523,6581
9449,6520,6577
9448,6516,6572
9447,6513,6568
9446,6510,6564
9445,6508,6560
