9721,7400,7484
9722,7394,7483
9723,7389,7482
9724,7384,7480
9725,7380,7478
9726,7376,7476
9727,7371,7474
9728,7368,7472
9729,7364,7469
9730,7361,7467
9745,7365,7383
9744,7355,7397
9743,7350,7407
9742,7348,7414
9741,7346,7421
9740,7345,7427
9718,7419,7485
5908,6596,6627
9717,7426,7484
5907,6597,6632
9716,7435,7482
5906,6598,6638
5894,6625,6692
5893,6628,6696
5900,6609,6667
9735,7349,7450
5874,6710,6748
5901,6607,6662
9736,7347,7446
5875,6703,6748
5902,6605,6658
9737,7346,7442
5876,6697,6747
5903,6603,6653
9738,7345,7437
5877,6691,6745
5904,6601,6648
9739,7345,7432
5878,6686,6744
5891,6634,6704
9715,7445,7479
5905,6599,6643
5892,6631,6700
5899,6612,6671
9734,7351,7454
5873,6718,6747
5898,6614,6676
9733,7353,7457
5872,6730,6742
5897,6617,6680
9732,7355,7461
5896,6619,6684
9731,7358,7464
5895,6622,6688
5879,6681,6742
7403,9702,9705
9719,7412,7485
5909,6596,6620
9720,7406,7485
5910,6597,6613
5890,6637,6708
7413,9705,9706
5889,6641,6711
7412,9703,9707
5888,6644,6715
7411,9702,9708
5887,6648,6718
7410,9702,9708
5886,6651,6722
7409,9701,9708
5885,6655,6725
7408,9701,9708
5884,6659,6728
7407,9701,9707
5883,6663,6731
7406,9701,9707
5882,6667,6734
7405,9701,9706
5881,6672,6737
7404,9701,9706
5880,6676,6739
