6788,8695,8697
6789,8694,8698
6790,8694,8699
6791,8694,8699
6792,8694,8700
6793,8694,8700
6794,8694,8701
6795,8694,8702
6796,8694,8702
6797,8694,8703
6798,8694,8703
6799,8694,8704
6800,8694,8704
6801,8694,8705
6802,8694,8705
6803,8695,8706
6804,8695,8706
6805,8695,8706
6806,8695,8707
6807,8695,8707
6808,8695,8708
6809,8695,8708
6810,8696,8708
6811,8696,8709
6812,8696,8709
6813,8696,8710
6814,8696,8710
6815,8696,8710
6816,8696,8711
6817,8697,8711
6818,8697,8712
6819,8697,8712
6820,8697,8712
6821,8697,8713
6822,8697,8713
6823,8698,8713
6824,8698,8714
6825,8698,8714
6826,8698,8714
6827,8698,8715
6828,8698,8715
6829,8699,8715
6830,8699,8716
6831,8699,8716
6832,8699,8716
6833,8699,8716
6834,8700,8717
6835,8700,8717
6836,8700,8717
6837,8700,8718
6838,8700,8718
6839,8700,8718
6840,8701,8718
6841,8701,8719
6842,8701,8719
6843,8701,8719
6844,8701,8720
6845,8702,8720
6846,8702,8720
6847,8702,8720
6848,8702,8721
6849,8702,8721
6850,8702,8721
6851,8703,8721
6852,8703,8722
6853,8703,8722
6854,8703,8722
6855,8703,8722
6856,8704,8723
6857,8704,8723
6858,8704,8723
6859,8704,8723
6860,8704,8724
6861,8705,8724
6862,8705,8724
6863,8705,8724
6864,8705,8725
6865,8705,8725
6866,8705,8725
6867,8706,8725
6868,8706,8725
6869,8706,8726
6870,8706,8726
6871,8706,8726
6872,8707,8726
6927,8715,8735
6928,8716,8736
6929,8716,8736
6930,8716,8736
6931,8716,8736
6932,8716,8736
6933,8716,8736
6934,8716,8736
6935,8717,8736
7049,8726,8744
7048,8726,8744
7047,8726,8744
7046,8726,8744
7045,8726,8744
7044,8726,8744
7043,8726,8744
7042,8726,8744
7041,8726,8744
7040,8726,8744
7039,8726,8744
7038,8726,8744
7037,8726,8744
7036,8726,8744
7035,8726,8744
7034,8726,8744
7033,8726,8744
7032,8726,8744
7031,8725,8744
7030,8725,8744
7029,8725,8743
7028,8725,8743
7027,8725,8743
7026,8725,8743
7025,8725,8743
7024,8725,8743
7023,8725,8743
7022,8725,8743
7021,8725,8743
7020,8725,8743
7019,8725,8743
6873,8707,8727
5791,6800,6821
6941,8717,8737
9646,7316,7408
7076,8728,8744
6874,8707,8727
5792,6786,6825
6942,8718,8737
9647,7307,7407
7077,8728,8744
6875,8707,8727
5793,6776,6826
6943,8718,8737
9648,7299,7406
7078,8728,8744
6876,8707,8727
5794,6767,6825
6944,8718,8737
9649,7292,7404
7079,8728,8744
6877,8707,8727
5795,6759,6823
6945,8718,8738
9650,7285,7402
7080,8728,8744
6878,8708,8728
5796,6751,6821
6946,8718,8738
9651,7278,7400
7081,8728,8744
6879,8708,8728
5797,6744,6818
6947,8718,8738
9652,7272,7397
7082,8728,8744
6880,8708,8728
5798,6738,6815
6948,8718,8738
9653,7266,7395
7083,8728,8744
6881,8708,8728
5799,6732,6812
6949,8718,8738
9654,7260,7392
7084,8729,8744
6882,8708,8728
5800,6726,6808
6950,8719,8738
9655,7255,7389
7085,8729,8744
6883,8708,8729
5801,6720,6805
6951,8719,8738
9656,7250,7385
7086,8729,8744
6884,8709,8729
5802,6715,6801
6952,8719,8738
9657,7246,7382
7087,8729,8744
6885,8709,8729
5803,6709,6797
6953,8719,8738
9658,7242,7378
7088,8729,8743
6886,8709,8729
5804,6704,6792
6954,8719,8738
9659,7238,7374
7089,8729,8743
6887,8709,8729
5805,6699,6788
6955,8719,8739
9660,7235,7369
7090,8729,8743
6888,8709,8729
5806,6694,6784
6956,8719,8739
9661,7233,7365
7091,8729,8743
6889,8710,8730
5807,6689,6779
6957,8719,8739
9662,7231,7360
7092,8729,8743
6890,8710,8730
5808,6685,6775
6958,8719,8739
9663,7229,7354
7093,8729,8743
6891,8710,8730
5809,6680,6770
6959,8720,8739
9664,7228,7349
7094,8729,8743
6892,8710,8730
5810,6676,6765
6960,8720,8739
9665,7228,7342
7095,8729,8743
6893,8710,8730
5811,6672,6761
6961,8720,8739
9666,7229,7336
7096,8730,8743
6894,8710,8731
5812,6667,6756
6962,8720,8739
9667,7230,7328
7097,8730,8743
6895,8711,8731
5813,6663,6751
6963,8720,8739
9668,7233,7320
7098,8730,8743
6896,8711,8731
5814,6659,6746
6964,8720,8739
9669,7237,7310
7099,8730,8743
6897,8711,8731
5815,6655,6741
7100,8730,8743
6898,8711,8731
5816,6652,6737
7101,8730,8743
6899,8711,8731
5817,6648,6732
7102,8730,8742
6925,8715,8735
5843,6580,6597
6900,8711,8732
5818,6644,6727
7103,8730,8742
6926,8715,8735
5844,6582,6587
6901,8712,8732
5819,6640,6722
7104,8730,8742
6902,8712,8732
7443,9719,9722
5820,6637,6717
7105,8731,8742
6903,8712,8732
7444,9718,9723
5821,6633,6712
7106,8731,8742
6918,8714,8734
5836,6590,6637
7121,8734,8739
6940,8717,8737
9645,7324,7408
7075,8728,8744
6917,8714,8734
5835,6592,6643
7120,8733,8739
6904,8712,8732
7445,9718,9723
5822,6630,6707
7107,8731,8742
6905,8712,8732
7446,9718,9724
5823,6627,6703
7108,8731,8742
6906,8712,8732
7447,9718,9724
5824,6623,6698
7109,8731,8742
6907,8712,8733
7448,9718,9724
5825,6620,6693
7110,8731,8741
6908,8713,8733
7449,9718,9724
5826,6617,6688
7111,8731,8741
6909,8713,8733
7450,9719,9724
5827,6614,6683
7112,8732,8741
6910,8713,8733
7451,9719,9724
5828,6611,6678
7113,8732,8741
6911,8713,8733
7452,9720,9724
5829,6608,6673
7114,8732,8741
6912,8713,8733
7453,9721,9723
5830,6605,6668
7115,8732,8741
6938,8717,8737
9643,7345,7407
7073,8728,8744
6915,8714,8734
5833,6597,6653
7118,8733,8740
6939,8717,8737
9644,7334,7408
7074,8728,8744
6916,8714,8734
5834,6595,6648
7119,8733,8740
6914,8714,8734
5832,6600,6658
7117,8733,8740
6937,8717,8737
9642,7357,7404
7072,8728,8744
6913,8713,8734
5831,6602,6663
7116,8732,8740
6936,8717,8737
9641,7374,7397
7071,8728,8744
6919,8714,8734
5837,6588,6632
7122,8734,8739
6920,8714,8734
5838,6586,6627
7123,8734,8738
6921,8715,8735
5839,6584,6621
7124,8735,8738
6922,8715,8735
5840,6582,6616
7125,8735,8737
6923,8715,8735
5841,6581,6610
6924,8715,8735
5842,6580,6603
7050,8727,8744
7051,8727,8744
7052,8727,8744
7053,8727,8744
7054,8727,8744
7055,8727,8744
7056,8727,8744
7057,8727,8744
7058,8727,8744
7059,8727,8744
7060,8727,8744
7061,8727,8744
7062,8727,8744
7063,8727,8744
7064,8727,8744
7065,8727,8744
7066,8727,8744
7067,8727,8744
7068,8728,8744
7069,8728,8744
7070,8728,8744
7018,8725,8743
7017,8725,8743
7016,8725,8743
7015,8725,8743
7014,8724,8743
7013,8724,8743
7012,8724,8743
7011,8724,8743
7010,8724,8743
7009,8724,8743
7008,8724,8743
7007,8724,8742
7006,8724,8742
7005,8724,8742
7004,8724,8742
7003,8724,8742
7002,8724,8742
7001,8724,8742
7000,8723,8742
6999,8723,8742
6998,8723,8742
6997,8723,8742
6996,8723,8742
6995,8723,8742
6994,8723,8742
6993,8723,8742
6992,8723,8742
6991,8723,8741
6990,8723,8741
6989,8723,8741
6988,8722,8741
6987,8722,8741
6986,8722,8741
6985,8722,8741
6984,8722,8741
6983,8722,8741
6982,8722,8741
6981,8722,8741
6980,8722,8741
6979,8722,8741
6978,8722,8741
6977,8721,8740
6976,8721,8740
6975,8721,8740
6974,8721,8740
6973,8721,8740
6972,8721,8740
6971,8721,8740
6970,8721,8740
6969,8721,8740
6968,8721,8740
6967,8720,8740
9671,7260,7276
6966,8720,8740
9670,7244,7298
6965,8720,8739
