7866,8659,8669
5553,6349,6414
7609,9700,9702
7888,8656,8671
5575,6299,6349
7887,8656,8671
5574,6301,6352
7867,8659,8669
7610,9699,9703
5554,6347,6411
7861,8661,8668
5548,6363,6428
7868,8659,8670
7611,9698,9703
5555,6344,6408
7862,8660,8668
5549,6360,6425
7869,8658,8670
7612,9698,9703
5556,6342,6405
7863,8660,8668
5550,6357,6422
7870,8658,8670
7613,9698,9703
5557,6339,6402
7864,8660,8669
5551,6355,6419
7859,8661,8667
5546,6368,6433
7860,8661,8667
5547,6365,6430
7865,8659,8669
5552,6352,6416
7871,8658,8670
7614,9698,9703
5558,6337,6399
7872,8658,8670
7615,9698,9703
5559,6334,6397
7873,8658,8670
7616,9699,9702
5560,6332,6394
7874,8658,8670
7617,9700,9700
5561,6330,6391
7875,8657,8670
5562,6327,6388
7876,8657,8671
5563,6325,6385
7877,8657,8671
5564,6323,6382
7878,8657,8671
5565,6320,6379
7879,8657,8671
5566,6318,6376
7880,8657,8671
5567,6316,6373
7881,8657,8671
5568,6314,6370
7882,8657,8671
5569,6312,6367
7883,8657,8671
5570,6309,6364
7884,8657,8671
5571,6307,6361
7885,8656,8671
5572,6305,6358
7886,8656,8671
5573,6303,6355
7858,8662,8667
5545,6371,6436
7857,8663,8666
5544,6374,6439
7856,8664,8664
5543,6377,6441
5542,6380,6444
5541,6383,6447
5540,6386,6449
5539,6389,6452
5538,6392,6454
5537,6395,6457
5536,6398,6459
5535,6402,6462
5534,6405,6464
5533,6408,6467
5532,6412,6469
5531,6415,6471
5530,6419,6474
5529,6422,6476
5528,6426,6478
5527,6430,6480
5526,6434,6482
5525,6438,6484
5524,6442,6485
5523,6447,6487
5522,6451,6488
5521,6456,6489
5520,6462,6490
5519,6468,6490
5518,6475,6488
5577,6295,6343
7890,8656,8671
5578,6293,6340
7891,8656,8671
5579,6291,6337
7892,8656,8671
5580,6290,6334
7893,8656,8671
5581,6288,6331
7894,8656,8671
5582,6286,6328
7895,8656,8671
5583,6284,6324
7896,8656,8671
5584,6283,6321
7897,8656,8671
5585,6281,6318
7898,8656,8671
5586,6279,6315
7899,8656,8670
5587,6278,6311
7900,8656,8670
5588,6276,6308
7901,8656,8670
5589,6275,6305
7902,8656,8670
5590,6274,6301
7903,8656,8670
5591,6273,6298
7904,8656,8670
5592,6272,6294
7905,8656,8670
5593,6271,6290
7906,8657,8670
5594,6270,6286
7907,8657,8670
5595,6270,6281
7908,8657,8670
7909,8657,8669
7910,8657,8669
7911,8657,8669
7912,8657,8669
7913,8657,8669
7914,8657,8669
7915,8657,8668
7916,8658,8668
7917,8658,8668
7918,8658,8668
7919,8658,8667
7920,8658,8667
7921,8658,8667
7922,8659,8667
7923,8659,8666
7924,8659,8666
7925,8660,8665
7926,8660,8665
7927,8661,8664
7928,8661,8664
5576,6297,6346
7889,8656,8671
