7275,8719,8720
7276,8718,8721
7277,8717,8722
7278,8716,8722
7279,8716,8723
7280,8715,8723
7281,8715,8723
7282,8715,8724
7283,8714,8724
7284,8714,8724
7285,8714,8724
7286,8714,8724
7287,8713,8725
6205,8328,8331
7288,8713,8725
6206,8328,8333
7289,8713,8725
6207,8329,8334
7290,8713,8725
6208,8329,8336
7291,8713,8725
6209,8330,8337
7292,8713,8725
6210,8331,8339
7293,8712,8725
6211,8331,8340
7294,8712,8725
6212,8332,8342
7295,8712,8725
6213,8333,8343
7296,8712,8725
6214,8334,8344
7297,8712,8725
6215,8334,8346
7298,8712,8725
6216,8335,8347
7299,8712,8725
6217,8336,8348
7300,8712,8725
6218,8337,8350
7301,8712,8725
6219,8338,8351
7302,8712,8725
6220,8339,8352
7303,8712,8725
6221,8339,8353
7304,8712,8725
6222,8340,8355
7305,8712,8725
6223,8341,8356
7306,8712,8725
6224,8342,8357
7307,8712,8725
6225,8343,8358
7308,8712,8725
6226,8344,8359
7309,8712,8725
6227,8344,8361
7310,8712,8725
6228,8345,8362
7311,8712,8725
6229,8346,8363
7312,8712,8725
6230,8347,8364
7313,8712,8724
6231,8348,8365
7314,8712,8724
6232,8349,8366
7315,8712,8724
6233,8350,8368
7316,8713,8724
6234,8351,8369
7317,8713,8724
6235,8351,8370
7318,8713,8723
6236,8352,8371
7319,8713,8723
6237,8353,8372
7320,8713,8723
6238,8354,8373
7321,8713,8723
6239,8355,8374
7322,8714,8722
6240,8356,8376
7323,8714,8722
6241,8357,8377
7324,8714,8722
6242,8358,8378
7325,8715,8721
6243,8358,8379
7326,8715,8720
6244,8359,8380
7327,8716,8720
6245,8360,8381
7328,8717,8719
6246,8361,8382
6247,8362,8383
6248,8363,8384
6249,8364,8386
6250,8365,8387
6251,8366,8388
6252,8367,8389
6253,8367,8390
6254,8368,8391
6255,8369,8392
6256,8370,8393
6257,8371,8394
6258,8372,8395
6341,8445,8472
6340,8444,8471
6339,8443,8470
6338,8442,8469
6337,8441,8469
6336,8441,8468
6335,8440,8467
6334,8439,8466
6333,8438,8465
6332,8437,8464
6331,8436,8464
6330,8435,8463
6259,8373,8396
5718,6939,7018
6260,8374,8397
5719,6918,7031
6261,8375,8398
5720,6901,7037
6262,8375,8399
5721,6887,7040
6263,8376,8400
5722,6875,7039
6264,8377,8401
5723,6864,7035
6265,8378,8402
5724,6854,7029
6266,8379,8403
5725,6844,7022
6267,8380,8404
5726,6835,7012
6342,8446,8473
9588,7260,7307
6343,8447,8473
9589,7238,7314
6344,8448,8474
9590,7219,7316
6345,8448,8475
9591,7201,7317
6346,8449,8476
9592,7185,7317
6347,8450,8477
9593,7170,7316
6348,8451,8477
9594,7156,7315
6349,8452,8478
9595,7143,7312
6350,8453,8479
9596,7130,7310
6351,8454,8480
9597,7119,7307
5727,6827,7002
6268,8381,8405
5753,6677,6778
6294,8404,8431
5728,6819,6992
6269,8382,8406
5754,6673,6771
6295,8405,8432
5729,6811,6981
6270,8383,8407
5755,6669,6765
6296,8406,8433
5730,6803,6970
6271,8383,8408
5756,6665,6758
6297,8407,8434
5731,6796,6959
6272,8384,8409
6325,8431,8458
5784,6573,6603
5757,6661,6752
6298,8407,8434
5732,6789,6949
6273,8385,8410
6326,8432,8459
5785,6571,6598
5758,6657,6746
6299,8408,8435
5733,6783,6938
6274,8386,8411
6327,8433,8460
5786,6569,6592
5759,6653,6740
6300,8409,8436
5734,6776,6928
6275,8387,8412
6328,8434,8461
5787,6568,6586
5760,6649,6734
6301,8410,8437
5735,6770,6919
6276,8388,8413
6329,8435,8462
5788,6567,6579
5761,6645,6728
6302,8411,8438
6352,8454,8480
9598,7109,7304
5736,6764,6909
6277,8389,8414
6353,8455,8481
9599,7101,7300
5737,6758,6900
6278,8390,8415
5738,6752,6891
6279,8391,8416
5739,6746,6882
6280,8391,8417
6289,8399,8426
5748,6700,6812
5741,6735,6865
6282,8393,8419
6290,8400,8427
5749,6695,6805
5742,6730,6857
6283,8394,8420
6291,8401,8428
5750,6691,6798
5743,6725,6849
6284,8395,8421
6292,8402,8429
5751,6686,6791
5744,6719,6841
6285,8396,8422
6293,8403,8430
5752,6682,6784
5745,6714,6834
6286,8397,8423
5746,6709,6826
6287,8398,8424
6288,8399,8425
5747,6705,6819
5740,6740,6873
6281,8392,8418
9600,7094,7296
6354,8456,8482
9601,7088,7292
6355,8457,8483
9602,7083,7287
6356,8458,8484
9603,7080,7283
6357,8459,8484
9604,7078,7277
6358,8460,8485
9605,7077,7271
6359,8460,8486
9606,7077,7265
6360,8461,8487
9607,7078,7259
6361,8462,8487
9608,7080,7251
6362,8463,8488
9609,7083,7243
6363,8464,8489
9610,7088,7234
6364,8465,8490
9611,7094,7224
6365,8466,8490
9612,7102,7213
6366,8467,8491
9613,7113,7198
6367,8467,8492
9614,7133,7175
6368,8468,8493
6369,8469,8493
6370,8470,8494
6371,8471,8495
6372,8472,8495
6373,8473,8496
6374,8473,8497
6375,8474,8498
6376,8475,8498
6377,8476,8499
6378,8477,8500
6379,8478,8500
6380,8479,8501
6381,8479,8502
6382,8480,8502
6383,8481,8503
6384,8482,8504
6385,8483,8504
6386,8484,8505
6387,8485,8506
6388,8486,8506
6389,8486,8507
6390,8487,8508
6391,8488,8508
6392,8489,8509
6393,8490,8510
7476,9727,9729
6394,8491,8510
7477,9726,9730
6395,8492,8511
7478,9725,9731
6396,8493,8511
7479,9725,9731
6397,8494,8512
7480,9725,9731
6398,8494,8513
7481,9725,9731
6399,8495,8513
7482,9725,9731
6400,8496,8514
7483,9726,9731
6401,8497,8515
7484,9726,9731
6402,8498,8515
7485,9727,9731
6403,8499,8516
7486,9728,9730
6404,8500,8516
6405,8501,8517
6406,8502,8517
6407,8503,8518
6408,8503,8519
6409,8504,8519
6410,8505,8520
6411,8506,8520
6412,8507,8521
6413,8508,8521
6414,8509,8522
6415,8510,8522
6416,8511,8523
6417,8512,8523
6418,8513,8523
6419,8514,8524
6420,8515,8524
6421,8516,8525
6422,8517,8525
6423,8519,8525
6424,8520,8525
6425,8521,8525
6426,8523,8525
5783,6575,6609
6324,8430,8458
5782,6578,6614
6323,8429,8457
5781,6580,6619
6322,8428,8456
5780,6583,6625
6321,8428,8455
5779,6586,6630
6320,8427,8454
5778,6588,6635
6319,8426,8453
5777,6591,6640
6318,8425,8452
5776,6594,6646
6317,8424,8452
5775,6597,6651
6316,8423,8451
5774,6600,6656
6315,8422,8450
5773,6603,6661
6314,8421,8449
5772,6607,6667
6313,8421,8448
5771,6610,6672
6312,8420,8447
5770,6613,6677
6311,8419,8446
5769,6616,6683
6310,8418,8445
5768,6620,6688
6309,8417,8445
5767,6623,6694
6308,8416,8444
5766,6627,6699
6307,8415,8443
5765,6630,6705
6306,8414,8442
5764,6634,6711
6305,8414,8441
5763,6638,6716
6304,8413,8440
5762,6641,6722
6303,8412,8439
