8067,8636,8638
8068,8636,8638
8069,8635,8639
8070,8635,8639
8071,8634,8639
8072,8634,8639
8073,8633,8639
8074,8633,8639
8075,8633,8639
8076,8632,8639
8077,8632,8639
8078,8632,8640
8079,8631,8640
8080,8631,8640
8081,8631,8640
8082,8630,8640
8083,8630,8640
8084,8630,8640
8085,8629,8640
8086,8629,8640
8087,8629,8640
8088,8629,8639
8089,8628,8639
8090,8628,8639
8091,8628,8639
8092,8628,8639
8093,8627,8639
8094,8627,8639
8095,8627,8639
8096,8627,8639
8097,8626,8639
8098,8626,8639
8099,8626,8639
8100,8626,8639
8101,8625,8639
8102,8625,8639
8103,8625,8638
8104,8625,8638
8105,8624,8638
8106,8624,8638
8107,8624,8638
8108,8624,8638
8109,8624,8638
8110,8623,8638
8111,8623,8638
8112,8623,8638
8113,8623,8637
8114,8622,8637
8115,8622,8637
8116,8622,8637
8117,8622,8637
8118,8621,8637
8119,8621,8637
8120,8621,8637
8121,8621,8636
8122,8621,8636
8123,8620,8636
8124,8620,8636
8125,8620,8636
8126,8620,8636
8127,8620,8636
8128,8619,8635
8129,8619,8635
8130,8619,8635
8131,8619,8635
8132,8618,8635
8133,8618,8635
8134,8618,8635
8135,8618,8634
8136,8618,8634
8137,8617,8634
8138,8617,8634
8139,8617,8634
8140,8617,8634
8141,8616,8633
8142,8616,8633
8143,8616,8633
8144,8616,8633
8145,8616,8633
8146,8615,8633
8147,8615,8632
8148,8615,8632
8149,8615,8632
8150,8614,8632
8151,8614,8632
8152,8614,8632
8153,8614,8631
8154,8613,8631
8155,8613,8631
8156,8613,8631
8157,8613,8631
8158,8613,8630
8159,8612,8630
8160,8612,8630
8161,8612,8630
8162,8612,8630
8163,8611,8629
8164,8611,8629
8165,8611,8629
8166,8611,8629
8167,8611,8629
8168,8610,8628
8169,8610,8628
8170,8610,8628
8171,8610,8628
8172,8609,8628
8173,8609,8627
8174,8609,8627
8175,8609,8627
8176,8608,8627
8177,8608,8627
8178,8608,8626
8179,8608,8626
8180,8607,8626
8181,8607,8626
8182,8607,8626
8183,8607,8625
8184,8606,8625
8185,8606,8625
8186,8606,8625
8187,8606,8624
8188,8605,8624
8189,8605,8624
8190,8605,8624
8191,8605,8624
8192,8604,8623
8193,8604,8623
8194,8604,8623
8195,8604,8623
8196,8603,8622
8197,8603,8622
8198,8603,8622
8199,8603,8622
8200,8602,8621
8201,8602,8621
8202,8602,8621
8203,8602,8621
8204,8601,8620
8205,8601,8620
8206,8601,8620
8207,8601,8620
8208,8600,8619
8209,8600,8619
8210,8600,8619
8211,8600,8619
8212,8599,8618
8213,8599,8618
8214,8599,8618
8215,8599,8618
8216,8598,8617
8217,8598,8617
8218,8598,8617
8219,8597,8617
8220,8597,8616
8221,8597,8616
8222,8597,8616
8223,8596,8616
8224,8596,8615
8225,8596,8615
8226,8596,8615
8227,8595,8615
8228,8595,8614
8229,8595,8614
8230,8594,8614
8231,8594,8613
8232,8594,8613
8233,8594,8613
8234,8593,8613
8235,8593,8612
8236,8593,8612
8237,8592,8612
8238,8592,8612
8239,8592,8611
8240,8592,8611
8241,8591,8611
8242,8591,8610
8243,8591,8610
8244,8590,8610
8245,8590,8610
8246,8590,8609
8247,8589,8609
8248,8589,8609
8249,8589,8608
8250,8589,8608
8251,8588,8608
8252,8588,8607
8253,8588,8607
8254,8587,8607
8255,8587,8607
8256,8587,8606
8257,8586,8606
8258,8586,8606
8259,8586,8605
8260,8585,8605
8261,8585,8605
8262,8585,8604
8263,8584,8604
8264,8584,8604
8265,8584,8604
8266,8584,8603
8267,8583,8603
8268,8583,8603
8269,8583,8602
8270,8582,8602
8271,8582,8602
8272,8582,8601
8273,8581,8601
8274,8581,8601
8275,8581,8600
8276,8580,8600
8277,8580,8600
8278,8580,8599
8279,8579,8599
8280,8579,8599
8281,8579,8598
8282,8578,8598
8283,8578,8598
8284,8578,8597
8285,8577,8597
8286,8577,8597
8287,8577,8596
8288,8576,8596
8289,8576,8596
8290,8575,8595
8291,8575,8595
8292,8575,8595
8293,8574,8594
8294,8574,8594
8295,8574,8594
8296,8573,8593
8297,8573,8593
8298,8573,8593
8299,8572,8592
8300,8572,8592
8301,8572,8592
8302,8571,8591
8303,8571,8591
8304,8571,8591
8305,8570,8590
8306,8570,8590
8307,8569,8590
8308,8569,8589
8309,8569,8589
8310,8568,8589
8311,8568,8588
8312,8568,8588
8313,8567,8587
8314,8567,8587
8315,8566,8587
8316,8566,8586
8317,8566,8586
8318,8565,8586
8319,8565,8585
8320,8565,8585
8321,8564,8585
8322,8564,8584
8323,8563,8584
8324,8563,8583
8325,8563,8583
8326,8562,8583
8327,8562,8582
8328,8561,8582
8329,8561,8582
8330,8561,8581
8331,8560,8581
8332,8560,8580
8333,8560,8580
8334,8559,8580
8335,8559,8579
8336,8558,8579
8337,8558,8578
8338,8558,8578
8339,8557,8578
8340,8557,8577
8341,8556,8577
8342,8556,8577
8343,8555,8576
8344,8555,8576
8345,8555,8575
8346,8554,8575
8347,8554,8575
8348,8553,8574
8349,8553,8574
8350,8553,8573
8351,8552,8573
8352,8552,8573
8353,8551,8572
8354,8551,8572
8355,8551,8571
8356,8550,8571
8357,8550,8570
8358,8549,8570
8359,8549,8570
8360,8548,8569
8361,8548,8569
8362,8548,8568
8363,8547,8568
8364,8547,8568
8365,8546,8567
8366,8546,8567
8367,8545,8566
8368,8545,8566
8369,8544,8565
8370,8544,8565
8371,8544,8565
8372,8543,8564
8373,8543,8564
8374,8542,8563
8375,8542,8563
8376,8541,8562
8377,8541,8562
8378,8540,8562
8379,8540,8561
8380,8540,8561
8381,8539,8560
8382,8539,8560
8383,8538,8559
8384,8538,8559
8385,8537,8559
8386,8537,8558
8387,8536,8558
8388,8536,8557
8389,8535,8557
8390,8535,8556
8391,8535,8556
8392,8534,8555
8393,8534,8555
8394,8533,8554
8395,8533,8554
8396,8532,8554
8397,8532,8553
8398,8531,8553
8399,8531,8552
8400,8530,8552
8401,8530,8551
8402,8529,8551
8403,8529,8550
8404,8528,8550
8405,8528,8549
8406,8527,8549
8407,8527,8548
8408,8527,8548
8409,8526,8548
8410,8526,8547
8411,8525,8547
8412,8525,8546
8413,8524,8546
8414,8524,8545
8415,8523,8545
8416,8523,8544
8417,8522,8544
8418,8522,8543
8419,8521,8543
8420,8521,8542
8421,8520,8542
8422,8520,8541
8423,8519,8541
8424,8519,8540
8425,8518,8540
8426,8518,8539
8427,8517,8539
8428,8517,8538
8429,8516,8538
8430,8516,8537
8431,8515,8537
8432,8515,8536
8433,8514,8536
8434,8514,8535
8435,8513,8535
8436,8512,8534
8437,8512,8534
8438,8511,8533
8439,8511,8533
8440,8510,8532
8441,8510,8532
8442,8509,8531
8443,8509,8531
8444,8508,8530
8445,8508,8530
8446,8507,8529
8447,8507,8529
8448,8506,8528
8449,8506,8528
8450,8505,8527
8451,8505,8527
8452,8504,8526
8453,8504,8525
8454,8503,8525
8455,8502,8524
8456,8502,8524
8457,8501,8523
8458,8501,8523
8459,8500,8522
8460,8500,8522
8461,8499,8521
8462,8499,8521
8463,8498,8520
8464,8498,8520
8465,8497,8519
8466,8496,8518
8467,8496,8518
8468,8495,8517
8469,8495,8517
8470,8494,8516
8471,8494,8516
8472,8493,8515
8473,8493,8515
8474,8492,8514
8475,8491,8514
8476,8491,8513
8477,8490,8512
8478,8490,8512
8479,8489,8511
8480,8489,8511
8481,8488,8510
8482,8487,8510
8483,8487,8509
8484,8486,8508
8485,8486,8508
8486,8485,8507
8487,8485,8507
8488,8484,8506
8489,8483,8506
8490,8483,8505
8491,8482,8504
8492,8482,8504
8493,8481,8503
8494,8480,8503
8495,8480,8502
8496,8479,8502
8497,8479,8501
8498,8478,8500
8499,8478,8500
8500,8477,8499
8501,8476,8499
8502,8476,8498
8503,8475,8497
8504,8475,8497
8505,8474,8496
8506,8473,8496
8507,8473,8495
8508,8472,8494
8509,8472,8494
8510,8471,8493
8511,8470,8493
8512,8470,8492
8513,8469,8491
8514,8468,8491
8515,8468,8490
8516,8467,8490
8517,8467,8489
8518,8466,8488
8519,8465,8488
8520,8465,8487
8521,8464,8487
8522,8464,8486
8523,8463,8485
8524,8462,8485
8525,8462,8484
8526,8461,8484
8527,8460,8483
8528,8460,8482
8529,8459,8482
8530,8459,8481
8531,8458,8480
8532,8457,8480
8533,8457,8479
8534,8456,8478
8535,8455,8478
8536,8455,8477
8537,8454,8477
8538,8453,8476
8539,8453,8475
8540,8452,8475
8541,8451,8474
8542,8451,8473
8543,8450,8473
8544,8450,8472
9013,7976,7978
9012,7976,7980
9011,7977,7983
9010,7978,7985
9009,7979,7987
9008,7980,7989
9007,7981,7991
9006,7982,7993
9005,7983,7995
9004,7984,7997
9003,7985,7999
9002,7987,8001
9001,7988,8002
9000,7989,8004
8999,7990,8006
8998,7992,8008
8997,7993,8009
8996,7994,8011
8995,7996,8013
8994,7997,8015
8993,7998,8016
8992,7999,8018
8991,8001,8020
8990,8002,8021
8989,8003,8023
8988,8005,8025
8987,8006,8026
8986,8007,8028
8985,8009,8029
8984,8010,8031
8983,8011,8033
8982,8013,8034
8981,8014,8036
8980,8015,8037
8979,8017,8039
8978,8018,8041
8977,8019,8042
8976,8021,8044
8975,8022,8045
8974,8023,8047
8973,8025,8048
8972,8026,8050
8971,8027,8051
8970,8029,8053
8969,8030,8054
8968,8032,8056
8967,8033,8057
8966,8034,8059
8965,8036,8060
8964,8037,8062
8963,8038,8063
8962,8040,8065
8961,8041,8066
8960,8042,8068
8959,8044,8069
8958,8045,8071
8957,8046,8072
8956,8048,8074
8955,8049,8075
8954,8050,8077
8953,8052,8078
8952,8053,8079
8951,8054,8081
8950,8055,8082
8949,8057,8084
8948,8058,8085
8947,8059,8086
8946,8061,8088
8945,8062,8089
8944,8063,8091
8943,8065,8092
8942,8066,8093
8941,8067,8095
8940,8069,8096
8939,8070,8098
8938,8071,8099
8937,8073,8100
8936,8074,8102
8935,8075,8103
8934,8076,8104
8933,8078,8106
8932,8079,8107
8931,8080,8108
8930,8082,8110
8929,8083,8111
8928,8084,8113
8927,8086,8114
8926,8087,8115
8925,8088,8117
8924,8089,8118
8923,8091,8119
8922,8092,8120
8921,8093,8122
8920,8095,8123
8919,8096,8124
8918,8097,8126
8909,8108,8137
8908,8110,8139
8907,8111,8140
8906,8112,8141
8905,8113,8142
8904,8115,8144
8903,8116,8145
8902,8117,8146
8901,8118,8147
8900,8120,8149
8899,8121,8150
8898,8122,8151
8897,8123,8152
8896,8125,8154
8895,8126,8155
8894,8127,8156
8726,8307,8332
8727,8306,8331
8728,8305,8330
8729,8305,8330
8730,8304,8329
8731,8303,8328
8732,8302,8327
8733,8301,8326
8742,8292,8318
8910,8107,8136
8734,8300,8325
7625,9688,9691
8707,8325,8349
8917,8098,8127
8741,8293,8319
7632,9687,9690
8714,8318,8343
8719,8314,8339
8743,8291,8317
8911,8106,8135
8735,8299,8324
7626,9687,9692
8708,8324,8348
8740,8294,8320
7631,9687,9691
8713,8319,8344
8912,8105,8133
8736,8298,8323
7627,9687,9692
8709,8323,8347
8913,8103,8132
8737,8297,8322
7628,9687,9692
8710,8322,8346
8715,8317,8342
8914,8102,8131
8738,8296,8321
7629,9686,9692
8711,8321,8346
8716,8316,8341
8915,8101,8130
8739,8295,8320
7630,9686,9691
8712,8320,8345
8717,8316,8340
8916,8100,8128
8718,8315,8339
8725,8308,8333
8724,8309,8334
8723,8310,8335
8722,8311,8336
8721,8312,8337
8720,8313,8338
8744,8290,8316
8745,8289,8315
8746,8289,8314
8747,8288,8313
8829,8203,8231
5502,6341,6405
8748,8287,8312
8830,8202,8230
5503,6339,6402
8749,8286,8311
8831,8201,8229
5504,6337,6399
8750,8285,8310
8832,8200,8228
5505,6335,6396
8751,8284,8309
8833,8199,8227
5506,6332,6393
8752,8283,8308
8834,8197,8226
5507,6330,6390
8753,8282,8307
8835,8196,8224
5508,6328,6387
8754,8281,8307
8836,8195,8223
5509,6326,6384
8755,8280,8306
8837,8194,8222
5510,6324,6381
8756,8279,8305
8838,8193,8221
5511,6322,6378
8757,8278,8304
8839,8192,8220
5512,6320,6375
8758,8277,8303
8840,8191,8219
5513,6318,6372
8759,8276,8302
8841,8190,8218
5514,6316,6369
8760,8275,8301
8842,8188,8217
5515,6314,6365
8761,8274,8300
8843,8187,8216
5516,6313,6362
8762,8273,8299
8844,8186,8215
5517,6311,6359
8763,8272,8298
8858,8170,8199
8845,8185,8213
5518,6309,6355
8764,8271,8297
8859,8169,8198
8846,8184,8212
5519,6308,6352
8765,8270,8296
8860,8168,8197
8847,8183,8211
5520,6306,6349
8766,8269,8295
8861,8167,8195
8848,8182,8210
5521,6305,6345
8767,8268,8294
8862,8165,8194
8849,8180,8209
5522,6303,6342
8768,8267,8293
8863,8164,8193
8850,8179,8208
5523,6302,6338
8769,8266,8292
8864,8163,8192
8851,8178,8207
5524,6301,6334
8770,8265,8291
8865,8162,8191
8852,8177,8206
5525,6300,6330
8771,8264,8290
8866,8161,8190
8853,8176,8204
5526,6299,6326
8772,8263,8289
8867,8160,8188
8854,8175,8203
5527,6298,6322
8773,8262,8288
8868,8158,8187
8855,8174,8202
5528,6298,6317
8774,8261,8287
8869,8157,8186
8856,8172,8201
5529,6298,6312
8775,8260,8286
8870,8156,8185
8857,8171,8200
5530,6301,6305
8776,8259,8285
8871,8155,8184
8872,8154,8183
8873,8152,8181
8874,8151,8180
8875,8150,8179
8876,8149,8178
8877,8148,8177
8878,8147,8175
8879,8145,8174
8880,8144,8173
8881,8143,8172
8882,8142,8171
8883,8140,8170
8884,8139,8168
8885,8138,8167
8886,8137,8166
8887,8136,8165
8888,8134,8163
8889,8133,8162
8890,8132,8161
8891,8131,8160
8892,8130,8159
8893,8128,8157
5501,6344,6408
8828,8204,8232
5500,6346,6411
8827,8205,8233
5499,6348,6414
8826,8206,8234
5498,6351,6417
8825,8207,8235
5497,6353,6419
8824,8208,8236
5496,6356,6422
8823,8210,8237
5495,6359,6425
8822,8211,8238
5494,6361,6428
8821,8212,8240
5493,6364,6430
8820,8213,8241
5492,6367,6433
8819,8214,8242
5491,6369,6436
8818,8215,8243
5490,6372,6438
8817,8216,8244
5489,6375,6441
8816,8217,8245
5488,6378,6443
8815,8218,8246
5487,6381,6446
8814,8219,8247
5486,6384,6448
8813,8220,8248
5485,6387,6451
8812,8222,8249
5484,6390,6453
8811,8223,8250
5483,6393,6455
8810,8224,8251
5482,6396,6458
8809,8225,8252
5481,6400,6460
8808,8226,8253
5480,6403,6462
8807,8227,8254
5479,6406,6464
8806,8228,8255
5478,6410,6466
8805,8229,8256
5477,6414,6468
8804,8230,8257
5476,6417,6470
8803,8231,8258
5475,6421,6471
8802,8232,8259
5474,6425,6473
8801,8233,8260
5473,6429,6474
8800,8234,8261
5472,6434,6475
8799,8235,8262
5471,6439,6476
8798,8236,8263
5470,6444,6477
8797,8237,8264
5469,6449,6477
8796,8238,8265
5468,6456,6476
8795,8240,8267
5467,6465,6472
8794,8241,8268
8793,8242,8269
8792,8243,8270
8791,8244,8271
8790,8245,8272
8789,8246,8273
8788,8247,8274
8787,8248,8275
8786,8249,8276
8785,8250,8277
8784,8251,8278
8783,8252,8279
8782,8253,8280
8781,8254,8281
8780,8255,8281
8779,8256,8282
8778,8257,8283
8777,8258,8284
8706,8325,8350
8705,8326,8351
8704,8327,8352
8703,8328,8353
8702,8329,8353
8701,8330,8354
8700,8331,8355
8699,8332,8356
8698,8333,8357
8697,8333,8358
8696,8334,8359
8695,8335,8359
8694,8336,8360
8693,8337,8361
8692,8338,8362
8691,8339,8363
8690,8339,8364
8689,8340,8364
8688,8341,8365
8687,8342,8366
8686,8343,8367
8685,8344,8368
8684,8345,8369
8683,8345,8369
8682,8346,8370
8681,8347,8371
8680,8348,8372
8679,8349,8373
8678,8350,8374
8677,8351,8374
8676,8351,8375
8675,8352,8376
8674,8353,8377
8673,8354,8378
8672,8355,8379
8671,8356,8379
8670,8356,8380
8669,8357,8381
8668,8358,8382
8667,8359,8383
8666,8360,8383
8665,8361,8384
8664,8361,8385
8663,8362,8386
8662,8363,8387
8661,8364,8387
8660,8365,8388
8659,8365,8389
8658,8366,8390
8657,8367,8391
8656,8368,8391
8655,8369,8392
8654,8370,8393
8653,8370,8394
8652,8371,8395
8651,8372,8395
8650,8373,8396
8649,8374,8397
8648,8374,8398
8647,8375,8399
8646,8376,8399
8645,8377,8400
8644,8378,8401
8643,8378,8402
8642,8379,8402
8641,8380,8403
8640,8381,8404
8639,8381,8405
8638,8382,8406
8637,8383,8406
8636,8384,8407
8635,8385,8408
8634,8385,8409
8633,8386,8409
8632,8387,8410
8631,8388,8411
8630,8388,8412
8629,8389,8412
8628,8390,8413
8627,8391,8414
8626,8392,8415
8625,8392,8415
8624,8393,8416
8623,8394,8417
8622,8395,8418
8621,8395,8418
8620,8396,8419
8619,8397,8420
8618,8398,8421
8617,8398,8421
8616,8399,8422
8615,8400,8423
8614,8401,8424
8613,8401,8424
8612,8402,8425
8611,8403,8426
8610,8404,8427
8609,8404,8427
8608,8405,8428
8607,8406,8429
8606,8407,8430
8605,8407,8430
8604,8408,8431
8603,8409,8432
8602,8409,8432
8601,8410,8433
8600,8411,8434
8599,8412,8435
8598,8412,8435
8597,8413,8436
8596,8414,8437
8595,8415,8437
8594,8415,8438
8593,8416,8439
8592,8417,8440
8591,8417,8440
8590,8418,8441
8589,8419,8442
8588,8420,8442
8587,8420,8443
8586,8421,8444
8585,8422,8445
8584,8422,8445
8583,8423,8446
8582,8424,8447
8581,8425,8447
8580,8425,8448
8579,8426,8449
8578,8427,8449
8577,8427,8450
8576,8428,8451
8575,8429,8451
8574,8429,8452
8573,8430,8453
8572,8431,8454
8571,8431,8454
8570,8432,8455
8569,8433,8456
8568,8434,8456
8567,8434,8457
8566,8435,8458
8565,8436,8458
8564,8436,8459
8563,8437,8460
8562,8438,8460
8561,8438,8461
8560,8439,8462
8559,8440,8462
8558,8440,8463
8557,8441,8464
8556,8442,8464
8555,8442,8465
8554,8443,8466
8553,8444,8466
8552,8444,8467
8551,8445,8468
8550,8446,8468
8549,8446,8469
8548,8447,8470
8547,8448,8470
8546,8448,8471
8545,8449,8471
