5724,6563,6565
5724,7544,7546
5712,6598,6625
5712,7482,7513
5711,6602,6630
5711,7477,7510
5710,6606,6635
5710,7472,7506
5709,6609,6640
5709,7467,7502
5708,6613,6645
5708,7462,7499
5707,6617,6650
5707,7457,7495
5706,6621,6656
5706,7452,7491
5705,6624,6661
5705,7447,7488
5704,6628,6666
5704,7441,7484
5703,6632,6671
5703,7436,7480
5702,6636,6677
5702,7430,7476
5701,6640,6682
5701,7425,7472
5700,6644,6688
5700,7419,7468
5699,6649,6694
5699,7414,7464
5698,6653,6699
5698,7408,7460
5697,6657,6705
5697,7402,7455
5696,6661,6711
5696,7396,7451
5695,6666,6717
5695,7390,7447
5694,6670,6723
5694,7384,7442
5693,6675,6729
5693,7378,7438
7443,8696,8708
7444,8696,8708
7445,8696,8708
7446,8696,8708
7447,8696,8708
7448,8696,8708
5713,6595,6620
5713,7487,7516
7512,9728,9731
5689,6694,6755
5689,7352,7419
9544,6920,7097
5692,6679,6736
5692,7372,7433
9547,6976,7051
5716,6585,6606
5716,7502,7526
7515,9727,9733
5691,6684,6742
5691,7365,7429
9546,6952,7072
5715,6588,6611
5715,7497,7523
7514,9727,9732
5690,6689,6749
5690,7359,7424
9545,6935,7086
5714,6591,6616
5714,7492,7520
7513,9728,9732
5723,6564,6571
5723,7538,7546
7522,9730,9730
5722,6566,6576
5722,7532,7543
7521,9729,9732
5721,6569,6582
5721,7527,7541
7520,9728,9732
5720,6572,6586
5720,7522,7538
7519,9727,9733
5670,6803,6942
5670,7165,7311
9525,6777,6950
5719,6575,6591
5719,7517,7535
7518,9727,9733
5669,6810,6962
5669,7145,7304
9524,6772,6934
5718,6578,6596
5718,7512,7532
7517,9727,9733
5668,6818,6987
5668,7120,7296
9523,6767,6920
5717,6581,6601
5717,7507,7529
7516,9727,9733
5667,6825,7035
5667,7072,7289
9522,6762,6906
5666,6833,7281
9521,6758,6893
5665,6842,7273
9520,6753,6881
7449,8696,8708
9526,6782,6966
5671,6796,6925
5671,7182,7318
9506,6714,6730
7450,8696,8708
9527,6787,6984
5672,6789,6911
5672,7197,7325
9507,6713,6743
7451,8697,8708
9528,6793,7003
5673,6783,6897
5673,7210,7331
5653,7005,7109
9508,6714,6754
7452,8697,8708
9529,6798,7024
5674,6776,6885
5674,7223,7338
5654,6977,7137
9509,6715,6764
7453,8697,8707
9530,6804,7045
5675,6770,6873
5675,7234,7344
5655,6957,7157
9510,6718,6774
7454,8697,8707
9531,6810,7067
5676,6764,6862
5676,7245,7350
9532,6817,7086
5677,6758,6852
5677,7255,7356
9533,6823,7102
5678,6752,6842
5678,7265,7362
9534,6830,7113
5679,6746,6833
5679,7274,7368
9535,6837,7120
5680,6740,6824
5680,7283,7373
9536,6844,7124
5681,6735,6816
5681,7292,7379
9537,6852,7126
5682,6729,6807
5682,7300,7384
9538,6859,7126
5683,6724,6799
5683,7308,7389
9539,6868,7125
5684,6719,6791
5684,7316,7395
9540,6877,7122
5685,6714,6784
5685,7324,7400
7442,8696,8708
9519,6749,6869
7463,8702,8702
5664,6850,7264
7441,8696,8708
9518,6745,6857
7462,8700,8704
5663,6859,7255
7440,8696,8708
9517,6741,6846
7461,8700,8704
5662,6869,7246
7439,8696,8708
9516,6737,6835
7460,8699,8705
5661,6879,7236
7438,8696,8708
9515,6733,6825
7459,8699,8706
5660,6889,7225
7437,8696,8708
9514,6730,6814
7458,8698,8706
5659,6900,7214
7436,8697,8708
9513,6726,6804
7457,8698,8706
5658,6912,7202
7435,8697,8708
9512,6723,6794
7456,8698,8707
5657,6926,7189
7434,8697,8708
9511,6720,6784
7455,8697,8707
5656,6940,7174
7433,8697,8708
7432,8697,8708
7431,8698,8707
7430,8698,8707
7429,8698,8707
7428,8698,8707
7427,8699,8706
7426,8699,8706
7425,8700,8705
7424,8701,8705
7423,8702,8703
9541,6886,7118
5686,6708,6776
5686,7331,7405
9542,6897,7112
5687,6703,6769
5687,7338,7410
9543,6908,7105
5688,6698,6762
5688,7345,7415
