7479,9727,9729
7480,9726,9730
7481,9726,9731
7482,9726,9731
7483,9725,9732
7489,9728,9730
7488,9727,9731
7487,9726,9731
7486,9726,9732
7485,9726,9732
7484,9726,9732
6141,8260,8262
6142,8261,8264
6143,8261,8266
6144,8262,8268
6145,8263,8270
6146,8263,8271
6147,8264,8273
6148,8265,8274
6149,8266,8276
6150,8267,8277
6151,8268,8279
6152,8269,8280
6153,8269,8282
6154,8270,8283
6155,8271,8284
6156,8272,8286
6157,8273,8287
6158,8274,8288
6159,8275,8290
6160,8276,8291
6161,8277,8292
6162,8278,8294
6163,8279,8295
6164,8280,8296
6165,8281,8298
6166,8282,8299
6167,8283,8300
6168,8284,8302
6169,8285,8303
6170,8286,8304
6171,8287,8305
6172,8288,8307
6173,8289,8308
6174,8290,8309
6175,8291,8310
6176,8292,8312
6177,8293,8313
6178,8294,8314
6179,8295,8315
6180,8296,8317
6181,8297,8318
6182,8298,8319
6183,8299,8320
6184,8300,8321
6185,8301,8323
6186,8302,8324
6187,8303,8325
6188,8304,8326
6189,8305,8327
6190,8306,8329
6191,8307,8330
6192,8308,8331
6193,8309,8332
6194,8310,8333
6195,8311,8334
6196,8312,8335
6197,8313,8337
6198,8314,8338
6199,8315,8339
6200,8316,8340
6201,8317,8341
6202,8318,8342
6203,8319,8343
6204,8320,8345
6205,8321,8346
6206,8322,8347
7289,8717,8718
6207,8323,8348
7290,8716,8719
6208,8324,8349
7291,8715,8720
6209,8325,8350
7292,8715,8721
6210,8326,8351
7293,8714,8721
6211,8327,8352
7294,8714,8721
6212,8328,8354
7295,8714,8722
6213,8329,8355
7296,8713,8722
6214,8330,8356
7297,8713,8722
6215,8331,8357
7298,8713,8722
6216,8332,8358
7299,8712,8723
6217,8333,8359
7300,8712,8723
6218,8334,8360
7301,8712,8723
6219,8335,8361
7302,8712,8723
6220,8336,8362
7303,8712,8723
6221,8337,8363
7307,8711,8724
6225,8340,8368
7308,8711,8724
6226,8341,8369
7309,8711,8724
6227,8342,8370
7310,8711,8724
6228,8343,8371
7311,8711,8724
6229,8344,8372
7312,8711,8724
6230,8345,8373
7313,8710,8724
6231,8346,8374
7314,8710,8724
6232,8347,8375
7315,8710,8724
6233,8348,8376
7316,8710,8724
6234,8349,8377
7317,8710,8724
6235,8350,8378
7318,8710,8724
6236,8351,8379
7319,8710,8724
6237,8352,8380
7320,8710,8724
6238,8353,8381
7321,8710,8723
6239,8354,8382
7322,8710,8723
6240,8355,8383
7323,8711,8723
6241,8356,8384
7324,8711,8723
6242,8357,8385
7325,8711,8723
6243,8358,8386
7326,8711,8723
6244,8359,8387
7327,8711,8723
6245,8360,8388
7328,8711,8722
6246,8361,8389
7329,8711,8722
6247,8362,8390
7330,8711,8722
6248,8363,8391
7331,8712,8722
6249,8364,8392
5735,6741,6877
6276,8390,8418
5721,6834,7043
6262,8376,8405
5722,6826,7029
6263,8377,8406
5748,6678,6777
6289,8402,8430
5723,6818,7014
6264,8378,8407
5749,6673,6771
6290,8403,8430
5724,6810,6999
6265,8379,8408
5750,6669,6764
6291,8404,8431
5725,6803,6986
6266,8380,8409
5751,6665,6758
6292,8405,8432
5726,6796,6972
6267,8381,8410
5752,6661,6752
6293,8406,8433
5727,6789,6960
6268,8382,8410
5753,6657,6745
6294,8407,8434
5728,6782,6948
6269,8383,8411
5754,6653,6739
6295,8408,8435
6277,8391,8419
5736,6735,6868
7332,8712,8722
6250,8365,8393
5729,6776,6936
6270,8384,8412
5755,6649,6733
6296,8409,8436
6278,8392,8420
5737,6730,6859
7333,8712,8721
6251,8366,8394
5730,6770,6926
6271,8385,8413
5756,6645,6727
6297,8409,8437
6279,8393,8421
5738,6725,6851
7334,8712,8721
5711,6981,7021
6252,8367,8395
5731,6764,6915
6272,8386,8414
6280,8393,8422
5739,6720,6843
7335,8713,8721
5712,6947,7050
6253,8368,8396
5732,6758,6905
6273,8387,8415
6281,8394,8422
5740,6715,6835
7336,8713,8720
5713,6926,7065
6254,8369,8397
5733,6752,6895
6274,8388,8416
6282,8395,8423
5741,6710,6827
7337,8713,8720
5714,6910,7074
6255,8370,8398
5734,6746,6886
6275,8389,8417
6284,8397,8425
5743,6700,6812
7339,8715,8718
5716,6883,7082
6257,8372,8400
6285,8398,8426
5744,6696,6805
7340,8716,8717
5717,6872,7081
6258,8373,8401
6286,8399,8427
5745,6691,6798
5718,6862,7077
6259,8373,8402
6287,8400,8428
5746,6687,6791
5719,6852,7068
6260,8374,8403
6288,8401,8429
5747,6682,6784
5720,6843,7057
6261,8375,8404
6283,8396,8424
5742,6705,6820
7338,8714,8719
5715,6896,7080
6256,8371,8399
5757,6641,6721
6298,8410,8437
5758,6638,6716
6299,8411,8438
5759,6634,6710
6300,8412,8439
5760,6630,6704
6301,8413,8440
5761,6627,6698
6302,8414,8441
5762,6623,6693
6303,8415,8442
5763,6620,6687
6304,8416,8442
5764,6616,6682
6305,8417,8443
5765,6613,6676
6306,8418,8444
5766,6610,6671
6307,8419,8445
5767,6606,6666
6308,8420,8446
5768,6603,6660
6309,8421,8447
5769,6600,6655
6310,8422,8447
5770,6597,6650
6311,8423,8448
5771,6594,6644
6312,8423,8449
5772,6591,6639
6313,8424,8450
5773,6588,6634
6314,8425,8451
5774,6585,6629
6315,8426,8451
5775,6583,6623
6316,8427,8452
5776,6580,6618
6317,8428,8453
5777,6577,6613
6318,8429,8454
5778,6575,6608
6319,8430,8455
5779,6573,6602
6320,8431,8455
5780,6570,6597
6321,8432,8456
5781,6569,6591
6322,8433,8457
5782,6567,6585
6323,8434,8458
5783,6566,6578
6324,8435,8459
6325,8436,8459
6326,8437,8460
6327,8437,8461
6328,8438,8462
6329,8439,8462
6330,8440,8463
6331,8441,8464
6332,8442,8465
6333,8443,8465
6334,8444,8466
6335,8445,8467
6336,8446,8468
9583,7268,7285
6337,8447,8468
9584,7235,7300
6338,8448,8469
9585,7213,7305
6339,8449,8470
9586,7193,7307
6340,8450,8471
9587,7175,7307
6341,8451,8471
9588,7158,7306
6342,8452,8472
9589,7142,7305
6343,8453,8473
9590,7126,7303
6344,8453,8473
9591,7113,7301
6345,8454,8474
9592,7100,7298
6346,8455,8475
9593,7090,7295
6347,8456,8475
9594,7081,7292
6348,8457,8476
9595,7074,7288
6349,8458,8477
9596,7068,7283
6350,8459,8477
9597,7064,7279
6351,8460,8478
9598,7061,7274
6352,8461,8479
9599,7059,7269
6353,8462,8479
9600,7058,7263
6354,8463,8480
9601,7059,7257
6355,8464,8481
9602,7061,7250
6356,8465,8481
9603,7063,7242
6357,8466,8482
9604,7067,7234
6358,8467,8483
9605,7072,7225
6359,8468,8483
9606,7079,7215
6360,8469,8484
9607,7088,7203
6361,8470,8484
9608,7100,7188
6362,8471,8485
9609,7121,7165
6363,8472,8486
6364,8473,8486
6365,8474,8487
6366,8475,8487
6367,8476,8488
6368,8477,8488
6369,8478,8489
6370,8479,8489
6371,8480,8490
6372,8482,8490
6373,8483,8491
6374,8484,8491
6375,8485,8491
6376,8487,8491
6377,8488,8491
6378,8490,8491
7306,8711,8724
6224,8339,8366
7305,8711,8723
6223,8339,8365
7304,8711,8723
6222,8338,8364
