7594,8684,8686
7595,8683,8687
7596,8683,8688
7597,8682,8689
7598,8682,8689
7599,8681,8689
7600,8681,8690
7601,8681,8690
7602,8680,8690
7603,8680,8691
7604,8680,8691
7605,8680,8691
7606,8680,8691
7607,8680,8691
7608,8680,8691
7609,8679,8691
7610,8679,8692
7611,8679,8692
7612,8679,8692
7613,8679,8692
7633,8686,8686
7632,8684,8687
7631,8683,8688
7630,8683,8689
7629,8682,8689
7628,8682,8690
7627,8681,8690
7626,8681,8690
7625,8681,8690
7624,8680,8691
7623,8680,8691
7622,8680,8691
7621,8680,8691
7620,8680,8691
7619,8680,8691
7618,8680,8691
7617,8679,8692
7616,8679,8692
7615,8679,8692
7614,8679,8692
7559,9721,9724
7560,9721,9725
7561,9720,9725
7562,9720,9726
7563,9720,9726
7568,9722,9723
7567,9721,9724
7566,9720,9725
7565,9720,9725
7564,9720,9725
5640,6514,6517
5641,6506,6518
5642,6501,6517
5643,6496,6515
5644,6491,6513
5645,6486,6511
5646,6482,6509
5647,6478,6506
5648,6474,6504
5649,6469,6501
5650,6466,6499
5651,6462,6496
5652,6458,6494
5653,6454,6491
5654,6450,6488
5655,6447,6486
5656,6443,6483
5657,6440,6480
5658,6436,6477
5659,6433,6475
5660,6429,6472
5661,6426,6469
5662,6423,6466
5663,6419,6464
5664,6416,6461
5665,6413,6458
5666,6409,6455
5667,6406,6453
5668,6403,6450
5669,6400,6447
5670,6397,6444
5671,6394,6442
5672,6391,6439
5673,6388,6436
5874,5984,6008
5873,5985,6010
5872,5987,6012
5871,5988,6013
5870,5989,6015
5869,5991,6017
5868,5992,6018
5867,5994,6020
5866,5995,6022
5865,5997,6024
5864,5998,6025
5863,6000,6027
5862,6001,6029
5861,6003,6030
5860,6004,6032
5859,6006,6034
5858,6007,6036
5857,6009,6037
5856,6010,6039
5855,6012,6041
5854,6013,6043
5853,6015,6044
5852,6016,6046
5851,6018,6048
5850,6020,6050
5849,6021,6051
5848,6023,6053
5847,6024,6055
5846,6026,6057
5845,6027,6058
5844,6029,6060
5843,6030,6062
5842,6032,6064
5841,6034,6066
5840,6035,6067
5839,6037,6069
5838,6038,6071
5837,6040,6073
5836,6042,6075
5835,6043,6076
5834,6045,6078
5833,6046,6080
5832,6048,6082
5831,6050,6084
5830,6051,6085
5829,6053,6087
5828,6054,6089
5827,6056,6091
5826,6058,6093
5825,6059,6095
5824,6061,6096
5823,6063,6098
5822,6064,6100
5821,6066,6102
5820,6068,6104
5819,6069,6106
5818,6071,6108
5817,6073,6110
5816,6074,6111
5815,6076,6113
5814,6078,6115
5813,6080,6117
5812,6081,6119
5811,6083,6121
5810,6085,6123
5809,6086,6125
5808,6088,6127
5807,6090,6128
5776,6146,6190
5775,6148,6192
5774,6150,6194
5773,6152,6196
5772,6154,6198
5771,6156,6201
5770,6158,6203
5769,6160,6205
5768,6162,6207
5767,6164,6209
5766,6166,6211
5765,6168,6213
5764,6170,6215
5763,6171,6217
5762,6173,6220
5761,6175,6222
5748,6202,6250
5749,6200,6248
5750,6198,6246
5751,6196,6244
5752,6194,6241
5753,6192,6239
5754,6190,6237
5755,6188,6235
5756,6186,6233
5757,6184,6230
5758,6182,6228
5759,6179,6226
5760,6177,6224
5777,6144,6188
5778,6142,6186
5779,6141,6184
5780,6139,6182
5781,6137,6180
5782,6135,6178
5783,6133,6176
5784,6131,6174
5785,6129,6172
5786,6127,6170
5787,6126,6168
5788,6124,6166
5789,6122,6164
5790,6120,6162
5791,6118,6160
5792,6116,6158
5793,6115,6156
5794,6113,6154
5795,6111,6152
5796,6109,6150
5797,6107,6148
5798,6106,6146
5799,6104,6144
5800,6102,6142
5801,6100,6140
5802,6099,6138
5803,6097,6136
5804,6095,6134
5805,6093,6132
5806,6092,6130
5875,5982,6007
5876,5981,6005
5877,5979,6003
5878,5978,6002
5879,5977,6000
5880,5975,5998
5881,5974,5997
5882,5972,5995
5883,5971,5993
5884,5969,5992
5885,5968,5990
5886,5967,5988
5887,5965,5987
5888,5964,5985
5889,5962,5983
5890,5961,5982
5891,5960,5980
5892,5958,5978
5893,5957,5977
5894,5956,5975
5895,5954,5973
5896,5953,5972
5897,5952,5970
5898,5950,5968
5899,5949,5967
5900,5948,5965
5901,5946,5963
5902,5945,5962
5903,5944,5960
5904,5942,5959
5905,5941,5957
5906,5940,5955
5907,5938,5954
5908,5937,5952
5909,5936,5950
5910,5935,5949
5911,5933,5947
5912,5932,5945
5913,5931,5944
5914,5930,5942
5915,5928,5940
5916,5927,5939
5917,5926,5937
5918,5925,5935
5919,5924,5934
5920,5922,5932
5921,5921,5930
5922,5920,5929
5923,5919,5927
5924,5918,5925
5925,5917,5923
5926,5916,5922
5927,5915,5920
5928,5914,5918
5929,5913,5916
5930,5912,5914
5747,6204,6252
5746,6206,6255
5745,6208,6257
5744,6210,6259
5743,6213,6261
5742,6215,6264
5741,6217,6266
5740,6219,6268
5739,6221,6270
5738,6223,6273
5737,6226,6275
5736,6228,6277
5735,6230,6280
5734,6232,6282
5733,6234,6284
5732,6237,6287
5731,6239,6289
5730,6241,6291
5729,6243,6294
5728,6246,6296
5727,6248,6298
5726,6250,6301
5725,6252,6303
5724,6255,6305
5723,6257,6308
5722,6259,6310
5721,6262,6313
5720,6264,6315
5719,6266,6317
5718,6269,6320
5717,6271,6322
5716,6273,6325
5715,6276,6327
5714,6278,6330
5713,6280,6332
5712,6283,6334
5711,6285,6337
5710,6288,6339
5709,6290,6342
5708,6293,6344
5707,6295,6347
5706,6298,6349
5705,6300,6352
5704,6303,6354
5703,6305,6357
5702,6308,6359
5701,6310,6362
5700,6313,6365
5699,6315,6367
5698,6318,6370
5697,6320,6372
5696,6323,6375
5695,6326,6377
5694,6328,6380
5693,6331,6383
5692,6334,6385
5691,6336,6388
5690,6339,6391
5689,6342,6393
5688,6345,6396
5687,6347,6398
5686,6350,6401
5685,6353,6404
5684,6356,6406
5683,6358,6409
5682,6361,6412
5681,6364,6414
5680,6367,6417
5679,6370,6420
5678,6373,6423
5677,6376,6425
5676,6379,6428
5675,6382,6431
5674,6385,6433
