5854,6734,6757
5855,6724,6760
5856,6717,6760
5857,6710,6759
5858,6704,6758
5859,6698,6756
5860,6692,6754
5861,6687,6752
5862,6682,6749
5863,6678,6746
5864,6673,6743
5865,6669,6740
5866,6664,6737
5867,6660,6734
5868,6656,6730
5869,6653,6727
7419,9706,9713
9705,7367,7465
5870,6649,6723
7420,9707,9713
9706,7362,7463
5871,6645,6719
7421,9708,9712
9707,7357,7461
5872,6642,6715
7422,9709,9712
9708,7353,7459
5873,6638,6712
9709,7349,7457
5874,6635,6708
9710,7345,7454
5875,6632,6704
9711,7341,7451
5876,6628,6699
9712,7337,7448
5877,6625,6695
9726,7334,7373
7415,9706,9712
9701,7391,7469
5891,6593,6629
9713,7334,7445
5878,6622,6691
9714,7331,7442
5879,6620,6687
9715,7329,7438
5880,6617,6682
9716,7327,7435
5881,6614,6678
9717,7325,7431
5882,6611,6674
9718,7323,7426
5883,6609,6669
9719,7322,7422
5884,6606,6664
9720,7321,7417
5885,6604,6660
9721,7321,7412
9722,7321,7406
9723,7323,7399
7412,9707,9709
9698,7415,7467
5888,6598,6645
9724,7325,7392
7413,9706,9710
9699,7406,7468
5889,6596,6640
9725,7328,7384
7414,9706,9711
9700,7398,7469
5890,6595,6635
5887,6600,6650
9697,7425,7464
5886,6602,6655
9696,7440,7456
7416,9706,9712
9702,7385,7468
5892,6592,6623
7417,9706,9712
9703,7379,7467
5893,6592,6617
7418,9706,9713
9704,7373,7466
5894,6593,6610
