7798,8669,8670
7799,8667,8671
7800,8667,8672
7801,8666,8672
7802,8666,8673
7803,8665,8673
7804,8665,8673
7805,8665,8674
7806,8664,8674
7807,8664,8674
7808,8664,8674
7809,8664,8675
7810,8664,8675
7811,8663,8675
7812,8663,8675
7813,8663,8675
7814,8663,8675
7815,8663,8676
7816,8663,8676
7817,8663,8676
7818,8663,8676
7819,8662,8676
7820,8662,8676
7821,8662,8676
7822,8662,8676
7823,8662,8676
7824,8662,8676
7825,8662,8676
5579,6344,6407
5628,6250,6257
5627,6250,6262
5626,6250,6266
5625,6251,6270
5624,6252,6274
5623,6253,6277
5622,6255,6280
5621,6256,6284
5620,6258,6287
5619,6259,6290
5618,6261,6293
5617,6262,6296
5616,6264,6299
5615,6266,6303
5614,6267,6306
5613,6269,6309
5612,6271,6312
5611,6273,6315
5610,6275,6318
5609,6276,6321
5608,6278,6323
5607,6280,6326
5606,6282,6329
5605,6284,6332
5604,6286,6335
5583,6334,6395
5582,6336,6398
5581,6339,6401
5603,6288,6338
5577,6349,6412
5580,6341,6404
5602,6290,6341
5576,6352,6415
5601,6292,6344
5575,6354,6418
5600,6295,6347
5574,6357,6421
5584,6331,6393
5585,6329,6390
5586,6326,6387
5587,6324,6384
5588,6321,6381
5589,6319,6378
5590,6317,6376
5591,6314,6373
5592,6312,6370
5593,6310,6367
5594,6308,6364
5569,6371,6435
5595,6305,6361
5570,6368,6432
5596,6303,6358
5571,6365,6429
5597,6301,6355
5572,6363,6426
5598,6299,6353
5573,6360,6424
5599,6297,6350
5578,6346,6410
5568,6374,6437
5567,6377,6440
5566,6380,6443
7852,8666,8672
5565,6383,6445
7851,8665,8673
5564,6386,6448
7850,8665,8673
5563,6389,6451
7849,8665,8673
5562,6392,6453
7848,8664,8674
5561,6395,6456
7847,8664,8674
5560,6398,6459
7846,8664,8674
5559,6402,6461
7845,8664,8674
5558,6405,6464
7844,8664,8674
5557,6408,6466
7843,8663,8675
5556,6412,6469
7842,8663,8675
5555,6415,6471
7841,8663,8675
5554,6419,6473
7840,8663,8675
7609,9704,9706
5553,6422,6476
7839,8663,8675
7608,9703,9707
5552,6426,6478
7838,8663,8675
7607,9703,9707
5551,6429,6480
7837,8663,8675
7606,9703,9708
5550,6433,6483
7836,8663,8676
7605,9703,9708
5549,6437,6485
7835,8662,8676
7604,9703,9708
5548,6441,6487
7834,8662,8676
7603,9703,9708
5547,6445,6489
7833,8662,8676
7602,9703,9708
5546,6450,6490
7832,8662,8676
7601,9704,9707
5545,6454,6492
7831,8662,8676
5544,6459,6493
7830,8662,8676
7856,8668,8669
5543,6464,6494
7829,8662,8676
7855,8667,8670
5542,6469,6495
7828,8662,8676
7854,8667,8671
5541,6475,6495
7827,8662,8676
7853,8666,8672
5540,6483,6494
7826,8662,8676
