7748,8672,8675
7749,8671,8675
7750,8670,8676
7751,8670,8677
7752,8669,8677
7753,8669,8677
7754,8669,8678
7755,8668,8678
7756,8668,8678
7757,8668,8678
7758,8668,8679
7759,8668,8679
7760,8667,8679
7761,8667,8679
7762,8667,8679
7763,8667,8679
7764,8667,8680
7765,8667,8680
7766,8667,8680
7767,8667,8680
7768,8667,8680
7769,8667,8680
7770,8667,8680
7771,8667,8680
7797,8672,8674
7796,8671,8675
7795,8671,8676
7794,8670,8676
7793,8670,8677
7792,8669,8677
7791,8669,8678
7790,8669,8678
7789,8668,8678
7788,8668,8678
7787,8668,8679
7786,8668,8679
5656,6230,6257
5655,6232,6259
5644,6251,6291
5643,6253,6294
5642,6255,6297
5641,6257,6299
5640,6258,6302
5639,6260,6305
5638,6262,6308
5637,6264,6310
5636,6266,6313
5635,6268,6316
5634,6271,6319
5633,6273,6322
5632,6275,6324
5631,6277,6327
5630,6279,6330
5629,6281,6333
5628,6283,6335
5627,6285,6338
5645,6249,6288
7592,9710,9711
5620,6301,6358
7779,8667,8680
5646,6247,6285
7593,9708,9712
5621,6299,6355
7780,8667,8680
5647,6245,6283
7594,9708,9712
5562,6489,6499
5622,6296,6352
7781,8667,8679
5648,6244,6280
7595,9707,9712
5563,6482,6501
5623,6294,6349
7782,8667,8679
5649,6242,6277
7596,9707,9713
5564,6476,6500
5624,6292,6347
7783,8667,8679
5654,6233,6262
7601,9709,9710
5569,6452,6493
5653,6235,6265
7600,9708,9711
5568,6456,6495
5610,6325,6385
5652,6237,6268
7599,9707,9712
5567,6461,6497
5609,6328,6388
5651,6238,6271
7598,9707,9712
5566,6465,6498
5626,6288,6341
7785,8668,8679
5608,6330,6391
5650,6240,6274
7597,9707,9712
5565,6470,6499
5625,6290,6344
7784,8667,8679
5611,6323,6383
5612,6320,6380
5613,6318,6377
7772,8667,8680
5614,6315,6374
7773,8667,8680
5615,6313,6371
7774,8667,8680
5616,6310,6369
7775,8667,8680
5617,6308,6366
7776,8667,8680
5618,6306,6363
7777,8667,8680
5619,6303,6360
7778,8667,8680
5657,6229,6253
5658,6227,6250
5659,6226,6247
5660,6225,6244
5661,6224,6241
5662,6223,6237
5663,6222,6234
5664,6222,6230
5607,6333,6394
5606,6335,6396
5605,6338,6399
5604,6340,6402
5603,6343,6405
5602,6346,6408
5601,6348,6410
5600,6351,6413
5599,6354,6416
5598,6356,6419
5597,6359,6421
5596,6362,6424
5595,6365,6427
5594,6368,6430
5593,6371,6432
5592,6373,6435
5591,6376,6438
5590,6379,6441
5589,6382,6443
5588,6385,6446
5587,6388,6449
5586,6391,6451
5585,6395,6454
5584,6398,6457
5583,6401,6459
5582,6404,6462
5581,6408,6465
5580,6411,6467
5579,6414,6470
5578,6418,6472
5577,6421,6475
5576,6425,6477
5575,6428,6480
5574,6432,6482
5573,6436,6484
5572,6440,6487
5571,6444,6489
5570,6448,6491
