8911,8056,8059
8912,8054,8059
8913,8052,8058
8914,8050,8058
8915,8048,8057
8916,8046,8056
8917,8044,8055
8918,8042,8054
8919,8040,8053
8920,8039,8052
8921,8037,8051
7637,9678,9680
8922,8035,8050
7638,9677,9680
8923,8034,8049
7639,9676,9681
8924,8032,8048
7640,9676,9681
8925,8030,8047
7641,9676,9681
8926,8028,8046
7642,9676,9680
8927,8027,8044
7643,9676,9680
8928,8025,8043
7644,9676,9679
8929,8023,8042
8930,8022,8041
8931,8020,8040
8932,8018,8039
8933,8017,8037
8934,8015,8036
8935,8014,8035
8936,8012,8034
8937,8010,8032
8938,8009,8031
8939,8007,8030
8940,8005,8029
8941,8004,8027
8942,8002,8026
8943,8000,8025
8944,7999,8024
8945,7997,8022
8946,7996,8021
8947,7994,8020
8948,7992,8018
8949,7991,8017
8950,7989,8016
8951,7987,8014
8952,7986,8013
8953,7984,8012
8954,7983,8010
8955,7981,8009
8956,7979,8008
8957,7978,8006
8958,7976,8005
8959,7974,8004
8960,7973,8002
8961,7971,8001
8962,7969,7999
8963,7968,7998
8964,7966,7997
8965,7965,7995
8966,7963,7994
8967,7961,7992
8968,7960,7991
8969,7958,7990
8970,7956,7988
8971,7955,7987
8972,7953,7985
8973,7951,7984
8974,7950,7982
8975,7948,7981
8976,7947,7979
8977,7945,7978
8978,7943,7976
8979,7942,7975
8980,7940,7973
8981,7938,7972
8982,7937,7970
8983,7935,7969
8984,7933,7967
8985,7932,7966
8986,7930,7964
8987,7929,7963
8988,7927,7961
8989,7925,7960
8990,7924,7958
8991,7922,7956
8992,7920,7955
8993,7919,7953
8994,7917,7952
8995,7915,7950
8996,7914,7949
8997,7912,7947
8998,7910,7945
8999,7909,7944
9000,7907,7942
9001,7905,7940
9002,7904,7939
9015,7882,7917
9014,7884,7918
9013,7886,7920
9012,7887,7922
9011,7889,7924
9010,7891,7925
9009,7892,7927
9008,7894,7929
9007,7896,7930
9006,7897,7932
9005,7899,7934
9004,7900,7935
9003,7902,7937
9016,7881,7915
5461,6325,6381
9017,7879,7913
5462,6323,6378
9018,7877,7911
5463,6322,6374
5421,6455,6457
9019,7876,7909
5464,6320,6371
5422,6444,6464
9020,7874,7908
5465,6319,6367
5423,6437,6465
9021,7873,7906
5466,6317,6364
5424,6431,6465
9022,7871,7904
5467,6316,6360
5425,6426,6465
9023,7869,7902
5468,6314,6357
5426,6422,6465
9024,7868,7900
5469,6313,6353
5427,6417,6464
9025,7866,7899
5470,6312,6349
5428,6413,6462
9026,7864,7897
5471,6311,6345
5429,6409,6461
9027,7863,7895
5472,6311,6341
5430,6406,6460
9028,7861,7893
5473,6310,6336
5431,6402,6458
9029,7860,7891
5474,6310,6332
5432,6398,6456
9030,7858,7889
5475,6311,6326
5433,6395,6455
9031,7856,7887
5434,6392,6453
9032,7855,7885
5435,6388,6451
9033,7853,7883
5436,6385,6449
9034,7852,7881
5437,6382,6446
9035,7850,7879
5438,6379,6444
9036,7848,7877
5439,6376,6442
9037,7847,7875
5440,6373,6440
9038,7845,7873
5441,6371,6437
9039,7844,7871
5442,6368,6435
9040,7842,7869
5443,6365,6432
9041,7841,7867
5444,6363,6430
9042,7839,7865
5445,6360,6427
9043,7838,7863
5446,6357,6425
9044,7836,7861
5447,6355,6422
9045,7835,7858
5448,6352,6419
9046,7833,7856
5449,6350,6417
9047,7832,7854
5450,6348,6414
9048,7831,7852
5451,6345,6411
9049,7829,7849
5452,6343,6408
9050,7828,7847
5453,6341,6405
9051,7827,7845
5454,6339,6402
9052,7825,7842
5455,6337,6399
9053,7824,7840
5456,6335,6396
9054,7823,7837
5457,6333,6393
9055,7822,7834
5458,6331,6390
9056,7821,7831
5459,6329,6387
9057,7821,7828
5460,6327,6384
9058,7822,7823
