6941,8729,8729
6942,8729,8730
6943,8728,8730
6944,8728,8730
6945,8728,8731
6946,8728,8731
6947,8728,8731
6948,8728,8731
6949,8728,8732
6950,8728,8732
6951,8728,8732
6952,8728,8732
6953,8728,8732
6954,8728,8733
6955,8728,8733
6956,8728,8733
6957,8729,8733
6958,8729,8733
6959,8729,8733
6960,8729,8734
6961,8729,8734
6962,8729,8734
6963,8729,8734
6964,8729,8734
6965,8729,8734
6966,8729,8734
6967,8729,8735
6968,8729,8735
6969,8729,8735
6970,8729,8735
6971,8730,8735
6972,8730,8735
6973,8730,8735
6974,8730,8735
6975,8730,8735
6976,8730,8736
6977,8730,8736
6978,8730,8736
6979,8730,8736
5853,6583,6594
6996,8732,8737
5852,6582,6602
6995,8732,8737
5851,6582,6609
6994,8732,8737
5850,6583,6615
6993,8732,8737
5849,6585,6621
6992,8732,8737
5848,6586,6626
6991,8732,8737
5847,6588,6632
9657,7322,7419
6990,8731,8737
9651,7382,7412
5841,6602,6662
6984,8731,8736
9652,7368,7417
5842,6600,6657
6985,8731,8736
5844,6595,6647
9654,7347,7421
6987,8731,8736
7012,8735,8736
5843,6597,6652
9653,7357,7420
6986,8731,8736
7011,8735,8736
7010,8735,8736
7009,8734,8737
5840,6605,6667
6983,8731,8736
7008,8734,8737
5839,6608,6672
6982,8731,8736
7007,8734,8737
5838,6611,6677
6981,8730,8736
7006,8734,8737
5837,6614,6682
6980,8730,8736
7005,8734,8737
5836,6617,6687
7004,8733,8737
5835,6620,6691
7003,8733,8737
5834,6623,6696
7002,8733,8737
5833,6626,6701
7001,8733,8737
5832,6629,6706
7000,8733,8737
5845,6593,6642
9655,7338,7421
6988,8731,8736
7013,8735,8736
5846,6590,6637
9656,7329,7420
6989,8731,8737
5831,6633,6710
6999,8733,8737
5830,6636,6715
6998,8732,8737
5829,6640,6720
6997,8732,8737
5828,6643,6725
5827,6647,6729
9681,7278,7292
5826,6651,6734
9680,7262,7313
5825,6655,6738
9679,7256,7325
5824,6658,6743
9678,7252,7334
5823,6662,6748
9677,7250,7343
5822,6667,6752
9676,7248,7350
5821,6671,6756
9675,7248,7356
5820,6675,6761
9674,7248,7362
5819,6679,6765
9673,7249,7368
5818,6684,6769
9672,7250,7373
5817,6689,6774
9671,7252,7378
5816,6693,6778
9670,7255,7382
5815,6698,6782
9669,7258,7387
5814,6703,6786
9668,7261,7391
5813,6709,6789
9667,7265,7394
5812,6714,6793
9666,7269,7398
5811,6720,6796
9665,7273,7401
5810,6726,6799
9664,7278,7404
5809,6732,6802
9663,7283,7407
5808,6738,6805
9662,7289,7410
5807,6745,6807
9661,7294,7412
5806,6753,6808
9660,7301,7414
5805,6761,6809
9659,7307,7416
5804,6771,6808
9658,7314,7418
5803,6784,6804
7443,9716,9723
7444,9717,9723
7445,9717,9723
7446,9718,9722
7447,9719,9722
7442,9716,9723
7441,9716,9722
7440,9716,9722
7439,9716,9721
7438,9716,9721
7437,9717,9719
