5506,6398,6459
5507,6394,6457
5508,6391,6454
5509,6388,6452
5510,6385,6449
5511,6382,6447
5512,6379,6444
5513,6376,6442
5514,6373,6439
5515,6370,6436
5516,6368,6434
5517,6365,6431
5518,6362,6428
5519,6360,6425
5520,6357,6423
5521,6354,6420
5558,6289,6297
5557,6288,6303
5556,6288,6308
5555,6289,6312
5554,6289,6316
5553,6290,6320
5552,6292,6324
5551,6293,6327
5550,6294,6331
5549,6296,6334
5548,6297,6338
5547,6299,6341
5546,6300,6344
5545,6302,6348
5544,6304,6351
5543,6306,6354
5542,6308,6357
5541,6309,6360
5540,6311,6364
5539,6313,6367
5538,6315,6370
5537,6317,6373
5536,6319,6376
5535,6321,6379
5534,6324,6382
5533,6326,6385
5532,6328,6388
5531,6330,6391
5530,6332,6394
5529,6335,6397
5528,6337,6400
5527,6339,6403
5526,6342,6406
5525,6344,6408
5524,6347,6411
5523,6349,6414
5522,6352,6417
7618,9694,9696
7619,9693,9697
7620,9692,9697
7621,9692,9697
7626,9694,9694
7625,9692,9696
7624,9692,9696
7623,9692,9697
5490,6467,6481
8060,8641,8650
8059,8641,8650
8058,8641,8650
8057,8641,8651
8056,8641,8651
8055,8641,8651
8054,8641,8651
8053,8641,8652
8052,8641,8652
8051,8641,8652
8050,8641,8652
8049,8641,8653
8048,8641,8653
8047,8641,8653
8046,8641,8653
8045,8641,8653
8044,8641,8654
8043,8641,8654
8042,8641,8654
8041,8641,8654
8040,8641,8654
8039,8641,8654
8038,8641,8655
8037,8641,8655
8036,8641,8655
8035,8641,8655
8034,8641,8655
8033,8641,8655
8032,8641,8656
8031,8641,8656
8014,8642,8658
8013,8642,8658
8012,8642,8658
8011,8642,8658
8010,8642,8658
8009,8642,8659
8008,8642,8659
8007,8643,8659
8006,8643,8659
8005,8643,8659
8004,8643,8659
8003,8643,8659
7622,9692,9697
8002,8643,8659
8015,8642,8658
8016,8642,8658
8017,8642,8658
8018,8642,8658
8019,8642,8657
8020,8642,8657
8021,8642,8657
8022,8642,8657
8023,8642,8657
8024,8641,8657
8025,8641,8657
8026,8641,8657
8027,8641,8656
8028,8641,8656
8029,8641,8656
8030,8641,8656
5491,6460,6483
8061,8641,8650
5492,6454,6483
8062,8641,8649
5493,6448,6482
8063,8641,8649
5494,6443,6482
8064,8641,8649
5495,6439,6480
8065,8641,8649
5496,6434,6479
8066,8641,8648
5497,6430,6477
8067,8641,8648
5498,6426,6476
8068,8641,8648
5499,6422,6474
8069,8642,8647
5500,6418,6472
8070,8642,8647
5501,6415,6470
8071,8642,8646
5502,6411,6468
8072,8642,8646
5503,6408,6466
8073,8642,8645
5504,6404,6464
8074,8643,8645
5505,6401,6461
8075,8643,8644
8001,8643,8659
8000,8643,8659
7999,8643,8659
7998,8643,8659
7997,8643,8659
7996,8643,8660
7995,8644,8660
7994,8644,8660
7993,8644,8660
7992,8644,8660
7991,8644,8660
7990,8644,8660
7989,8644,8660
7988,8644,8660
7987,8644,8660
7986,8645,8660
7985,8645,8660
7984,8645,8660
7983,8645,8660
7982,8645,8660
7981,8645,8660
7980,8645,8660
7979,8645,8660
7978,8646,8660
7977,8646,8660
7976,8646,8660
7975,8646,8660
7974,8646,8660
7973,8646,8660
7972,8647,8660
7971,8647,8660
7970,8647,8660
7969,8647,8660
7968,8647,8660
7967,8648,8660
7966,8648,8660
7965,8648,8659
7964,8648,8659
7963,8648,8659
7962,8649,8659
7961,8649,8659
7960,8649,8659
7959,8649,8659
7958,8650,8659
7957,8650,8658
7956,8650,8658
7955,8651,8658
7954,8651,8658
7953,8652,8657
7952,8652,8657
7951,8653,8656
7950,8653,8656
