9724,7337,7360
9723,7327,7375
9722,7323,7384
9721,7320,7392
9720,7318,7399
9719,7318,7405
9718,7318,7411
9717,7318,7416
9716,7319,7421
9715,7320,7425
5875,6624,6694
5874,6627,6698
5873,6630,6702
5872,6634,6706
5882,6605,6663
9705,7352,7457
7419,9707,9713
9695,7416,7463
5885,6599,6648
5883,6603,6658
9703,7361,7461
7417,9706,9713
9706,7347,7455
7420,9707,9713
9696,7407,7465
5886,6597,6643
9694,7428,7459
5884,6601,6653
9704,7356,7459
7418,9706,9713
9707,7343,7453
7421,9707,9713
9697,7399,7466
5887,6595,6638
9708,7339,7450
7422,9708,9713
9698,7391,7466
5888,6594,6633
9709,7335,7447
7423,9709,9712
9710,7332,7444
7424,9711,9711
5881,6608,6667
5871,6637,6710
5880,6610,6672
9700,7378,7465
5890,6592,6621
7414,9707,9711
5879,6613,6676
9699,7385,7466
5889,6593,6627
7413,9708,9709
9714,7322,7430
5878,6616,6681
9713,7324,7433
5877,6618,6685
9712,7326,7437
5876,6621,6690
9711,7329,7441
9701,7372,7464
7415,9706,9712
5891,6591,6615
9702,7367,7463
7416,9706,9712
5892,6592,6607
5870,6640,6714
5869,6644,6718
5868,6647,6722
5867,6651,6726
5866,6655,6729
5865,6659,6733
5864,6663,6736
5863,6667,6740
5862,6671,6743
5861,6676,6746
5860,6680,6749
5859,6685,6752
5858,6690,6754
5857,6695,6757
5856,6701,6759
5855,6707,6760
5854,6713,6761
5853,6720,6762
5852,6729,6761
5851,6739,6758
