7228,8723,8725
7229,8722,8726
7230,8722,8727
7231,8721,8727
7232,8721,8727
7233,8720,8728
7234,8720,8728
7235,8720,8728
7236,8719,8729
7237,8719,8729
7238,8719,8729
7239,8719,8729
7240,8718,8729
7241,8718,8729
7242,8718,8730
7243,8718,8730
7244,8718,8730
7245,8717,8730
7246,8717,8730
7247,8717,8730
7248,8717,8730
7249,8717,8730
7250,8717,8730
7251,8717,8730
7252,8717,8730
7253,8717,8730
7254,8716,8730
7255,8716,8730
7256,8716,8730
7257,8716,8730
7258,8716,8730
7259,8716,8730
7260,8716,8730
7289,8722,8723
7288,8721,8724
7287,8720,8725
7286,8719,8726
7285,8719,8726
7284,8719,8726
7283,8718,8727
7282,8718,8727
7281,8718,8727
7280,8718,8728
7279,8717,8728
7278,8717,8728
7277,8717,8728
7276,8717,8729
7275,8717,8729
7274,8717,8729
7273,8717,8729
7272,8717,8729
7271,8716,8729
7270,8716,8730
7269,8716,8730
7268,8716,8730
7267,8716,8730
7266,8716,8730
7265,8716,8730
7264,8716,8730
7263,8716,8730
7262,8716,8730
7261,8716,8730
6384,8481,8491
7467,9726,9727
6385,8481,8492
7468,9725,9728
6386,8482,8493
7469,9724,9729
6387,8482,8494
7470,9724,9729
6388,8483,8495
7471,9724,9730
6389,8483,8496
7472,9724,9730
6390,8484,8497
7473,9724,9730
6391,8485,8498
7474,9724,9730
6392,8485,8499
7475,9725,9730
6393,8486,8500
7476,9725,9730
6394,8486,8501
7477,9726,9729
6395,8487,8502
6396,8487,8503
6397,8488,8504
6398,8489,8505
6399,8489,8506
6400,8490,8507
6401,8491,8508
6402,8491,8509
6403,8492,8510
6404,8492,8511
6405,8493,8511
6498,8555,8579
6497,8554,8579
6496,8554,8578
6495,8553,8577
6494,8552,8577
6493,8552,8576
6492,8551,8576
6491,8550,8575
6490,8550,8574
6489,8549,8574
6488,8548,8573
6487,8548,8573
6486,8547,8572
6485,8546,8571
6484,8546,8571
6483,8545,8570
6482,8544,8569
6481,8544,8569
6480,8543,8568
6479,8542,8567
6478,8542,8567
6477,8541,8566
6476,8540,8566
6475,8540,8565
6499,8556,8580
5737,6902,6938
6508,8562,8585
6500,8556,8580
5738,6881,6947
6509,8562,8586
6501,8557,8581
5739,6866,6950
6510,8563,8586
6502,8558,8582
5740,6853,6950
6511,8564,8587
6503,8558,8582
5741,6842,6948
6512,8564,8587
6504,8559,8583
5742,6832,6944
6513,8565,8588
6505,8560,8583
5743,6823,6940
6514,8566,8588
5744,6814,6935
6515,8566,8589
5745,6806,6929
6516,8567,8589
5746,6798,6923
9601,7308,7330
6517,8568,8590
5747,6791,6916
9602,7284,7340
6518,8569,8590
5748,6784,6910
9603,7267,7344
6519,8569,8591
5749,6777,6903
9604,7253,7345
6520,8570,8591
5750,6770,6896
9605,7239,7345
6521,8571,8592
5751,6764,6889
9606,7227,7345
6522,8571,8592
5752,6758,6882
9607,7215,7344
6523,8572,8593
5753,6752,6875
9608,7203,7342
6524,8573,8593
5754,6746,6868
9609,7193,7340
6525,8573,8594
5755,6740,6861
9610,7183,7337
6526,8574,8594
5756,6735,6854
9611,7173,7335
6527,8575,8595
5757,6729,6847
9612,7165,7332
6528,8575,8595
5758,6724,6841
9613,7157,7328
6529,8576,8596
5759,6719,6834
9614,7150,7324
6530,8577,8596
5760,6714,6827
9615,7144,7320
6531,8577,8597
5761,6709,6821
9616,7138,7316
6532,8578,8597
5762,6704,6814
9617,7134,7312
6533,8579,8598
5766,6685,6789
6375,8477,8480
9621,7125,7290
6537,8582,8600
5767,6681,6782
6376,8477,8482
9622,7125,7283
6538,8582,8600
5793,6589,6638
6564,8603,8608
5768,6677,6776
6377,8478,8483
9623,7126,7276
6539,8583,8601
5794,6587,6633
6565,8605,8608
5769,6672,6770
6378,8478,8484
9624,7128,7269
6540,8584,8601
5795,6584,6627
6566,8606,8608
5770,6668,6764
6379,8478,8486
9625,7131,7260
6541,8585,8601
5796,6581,6622
5771,6664,6758
6380,8479,8487
9626,7136,7250
6542,8585,8602
5797,6579,6617
5772,6660,6752
6381,8479,8488
9627,7143,7239
6543,8586,8602
5798,6577,6611
5773,6656,6746
6382,8480,8489
9628,7153,7224
6544,8587,8603
5799,6575,6606
5774,6652,6741
6383,8480,8490
9629,7173,7200
6545,8588,8603
5800,6573,6600
5775,6648,6735
6546,8588,8603
5801,6571,6594
5776,6645,6729
6547,8589,8604
5802,6570,6588
5777,6641,6724
6548,8590,8604
5803,6570,6580
5778,6637,6718
6549,8591,8605
5779,6634,6712
6550,8591,8605
5780,6630,6707
6551,8592,8605
5781,6626,6701
6552,8593,8606
5782,6623,6696
6553,8594,8606
9618,7130,7307
5763,6699,6808
6534,8580,8598
5783,6620,6691
6554,8594,8606
9619,7128,7302
5764,6694,6801
6535,8580,8599
5784,6616,6685
6555,8595,8607
9620,7126,7296
5765,6690,6795
6536,8581,8599
5785,6613,6680
6556,8596,8607
5786,6610,6675
6557,8597,8607
5787,6607,6669
6558,8598,8607
5788,6604,6664
6559,8599,8608
5789,6601,6659
6560,8599,8608
5790,6598,6654
6561,8600,8608
5791,6595,6648
6562,8601,8608
5792,6592,6643
6563,8602,8608
6506,8560,8584
6507,8561,8584
6474,8539,8564
6473,8538,8564
6472,8537,8563
6471,8537,8562
6470,8536,8562
6469,8535,8561
6468,8535,8560
6467,8534,8560
6466,8533,8559
6465,8533,8558
6464,8532,8557
6463,8531,8557
6462,8531,8556
6461,8530,8555
6460,8529,8555
6459,8529,8554
6458,8528,8553
6457,8527,8553
6456,8527,8552
6455,8526,8551
6454,8525,8550
6453,8525,8550
6452,8524,8549
6451,8523,8548
6450,8523,8548
6449,8522,8547
6448,8521,8546
6447,8521,8545
6446,8520,8545
6445,8519,8544
6444,8519,8543
6443,8518,8542
6442,8517,8542
6441,8517,8541
6440,8516,8540
6439,8515,8539
6438,8515,8539
6437,8514,8538
6436,8513,8537
6435,8513,8536
6434,8512,8536
6433,8511,8535
6432,8511,8534
6431,8510,8533
6430,8509,8532
6429,8509,8532
6428,8508,8531
6427,8507,8530
6426,8507,8529
6425,8506,8528
6424,8505,8528
6423,8505,8527
6422,8504,8526
6421,8503,8525
6420,8503,8524
6419,8502,8523
6418,8502,8523
6417,8501,8522
6416,8500,8521
6415,8500,8520
6414,8499,8519
6413,8498,8518
6412,8498,8518
6411,8497,8517
6410,8496,8516
6409,8496,8515
6408,8495,8514
6407,8494,8513
6406,8494,8512
