8551,8472,8473
8552,8471,8473
8553,8470,8472
8554,8469,8472
8555,8469,8471
8556,8468,8471
8557,8467,8470
8558,8466,8470
8559,8465,8469
8560,8465,8469
8561,8464,8468
8562,8463,8468
8563,8462,8467
8564,8462,8467
8565,8461,8466
8566,8460,8466
8567,8459,8465
8568,8459,8465
8569,8458,8464
8570,8457,8463
8571,8456,8463
8572,8455,8462
8573,8455,8462
8574,8454,8461
8575,8453,8461
8576,8453,8460
8577,8452,8459
8578,8451,8459
8579,8450,8458
8580,8450,8458
8581,8449,8457
8582,8448,8456
8583,8447,8456
8584,8447,8455
8585,8446,8455
8586,8445,8454
8587,8444,8453
8588,8444,8453
8589,8443,8452
8590,8442,8451
8591,8441,8451
8592,8441,8450
8593,8440,8450
8594,8439,8449
8595,8438,8448
8596,8438,8448
8597,8437,8447
8598,8436,8446
8599,8435,8446
8727,8331,8348
8726,8332,8349
8725,8332,8350
8724,8333,8351
8723,8334,8352
8722,8335,8353
8721,8336,8353
8720,8337,8354
8719,8338,8355
8718,8339,8356
8717,8340,8357
8716,8340,8358
7961,8653,8654
7962,8652,8655
7963,8651,8655
7964,8650,8656
8736,8323,8340
7965,8650,8656
8737,8322,8339
7966,8650,8656
8738,8321,8339
7967,8649,8656
8739,8320,8338
7968,8649,8657
8740,8319,8337
7969,8649,8657
8741,8318,8336
7970,8648,8657
8742,8317,8335
7971,8648,8657
8743,8316,8334
7972,8648,8657
8744,8315,8333
7973,8647,8657
8745,8314,8332
7974,8647,8658
8746,8313,8331
7975,8647,8658
8747,8312,8330
7976,8647,8658
8748,8312,8330
7977,8646,8658
8749,8311,8329
7978,8646,8658
8750,8310,8328
7979,8646,8658
8751,8309,8327
7980,8646,8658
8752,8308,8326
7981,8646,8658
8753,8307,8325
7982,8645,8658
8754,8306,8324
7983,8645,8658
8755,8305,8323
7984,8645,8658
8756,8304,8322
7985,8645,8658
7986,8645,8658
7987,8644,8658
7988,8644,8658
7989,8644,8658
7990,8644,8658
7991,8644,8658
7992,8644,8658
7993,8644,8658
7994,8643,8658
7995,8643,8658
7996,8643,8658
7997,8643,8658
7998,8643,8658
7999,8643,8658
8000,8643,8658
8001,8642,8658
8002,8642,8658
8003,8642,8658
8004,8642,8658
8005,8642,8658
8006,8642,8658
8007,8642,8658
8008,8642,8658
8009,8642,8658
8010,8641,8658
8011,8641,8658
8012,8641,8658
8013,8641,8657
8014,8641,8657
8015,8641,8657
8016,8641,8657
8036,8639,8655
8037,8639,8655
8068,8637,8650
8609,8428,8439
8038,8639,8655
8069,8637,8649
8610,8427,8439
8039,8639,8655
8070,8637,8649
8611,8426,8438
8040,8639,8655
8071,8637,8649
8612,8425,8437
8041,8639,8654
8072,8637,8649
8613,8425,8437
8042,8639,8654
8073,8637,8649
8614,8424,8436
8043,8639,8654
8074,8637,8648
8615,8423,8435
8044,8639,8654
8075,8637,8648
8616,8422,8434
8045,8639,8654
8076,8637,8648
8617,8422,8434
8046,8639,8654
8077,8637,8648
8618,8421,8433
8047,8638,8654
8078,8637,8647
8619,8420,8432
8048,8638,8653
8079,8637,8647
8620,8419,8432
8049,8638,8653
8080,8637,8647
8621,8419,8431
8050,8638,8653
8081,8637,8647
8622,8418,8430
8757,8303,8321
8051,8638,8653
8082,8637,8646
8623,8417,8430
8758,8302,8320
8052,8638,8653
8083,8637,8646
8624,8416,8429
8759,8301,8319
8053,8638,8653
8084,8637,8646
8625,8416,8428
8760,8300,8318
8054,8638,8652
8085,8637,8646
8626,8415,8428
8761,8299,8318
8055,8638,8652
8086,8637,8645
8627,8414,8427
8762,8298,8317
8056,8638,8652
8087,8637,8645
8628,8413,8426
8763,8297,8316
8088,8637,8645
8629,8412,8426
8764,8297,8315
8800,8261,8280
8799,8262,8281
8798,8263,8282
8797,8264,8283
8796,8265,8284
8795,8266,8285
8794,8267,8286
8777,8284,8302
8100,8639,8640
8641,8403,8417
8776,8285,8303
8099,8638,8641
8640,8404,8418
8775,8286,8304
8098,8638,8641
8639,8405,8418
8774,8287,8305
8097,8638,8642
8638,8405,8419
8773,8288,8306
8067,8637,8650
8608,8429,8440
8096,8638,8642
8637,8406,8420
8772,8289,8307
8066,8638,8650
8607,8429,8441
8095,8638,8642
8636,8407,8421
8771,8290,8308
8094,8638,8643
8635,8408,8421
8770,8291,8309
8093,8637,8643
8634,8409,8422
8769,8292,8310
8092,8637,8644
8633,8409,8423
8768,8293,8311
8091,8637,8644
8632,8410,8423
8767,8294,8312
8090,8637,8644
8631,8411,8424
8766,8295,8313
8089,8637,8644
8630,8412,8425
8765,8296,8314
8778,8283,8301
8779,8282,8300
8780,8281,8299
8781,8280,8298
8782,8279,8297
8783,8278,8296
8784,8277,8296
8785,8276,8295
8786,8275,8294
8787,8274,8293
8788,8273,8292
8789,8272,8291
8790,8271,8290
8791,8270,8289
8792,8269,8288
8793,8268,8287
8065,8638,8650
8606,8430,8441
8035,8639,8655
8064,8638,8651
8605,8431,8442
8034,8639,8655
8063,8638,8651
8604,8432,8443
8033,8639,8655
8062,8638,8651
8603,8432,8443
8032,8639,8656
8061,8638,8651
8602,8433,8444
8031,8640,8656
8060,8638,8651
8601,8434,8444
8030,8640,8656
8059,8638,8651
8600,8435,8445
8029,8640,8656
8058,8638,8652
8028,8640,8656
8057,8638,8652
8027,8640,8656
8732,8326,8344
7623,9691,9696
8705,8350,8367
8733,8325,8343
7624,9691,9696
8706,8349,8366
8734,8324,8342
7625,9691,9696
8707,8348,8365
8735,8323,8341
7626,9692,9695
8708,8347,8365
8731,8327,8345
7622,9691,9696
8704,8351,8368
8730,8328,8346
7621,9691,9696
8703,8352,8369
8729,8329,8347
7620,9692,9696
8702,8353,8370
8728,8330,8347
7619,9693,9696
8701,8354,8370
8017,8641,8657
8018,8641,8657
8019,8641,8657
8020,8640,8657
8021,8640,8657
8022,8640,8657
8023,8640,8657
8024,8640,8657
8025,8640,8656
8026,8640,8656
8801,8260,8279
8802,8259,8278
8803,8258,8277
8804,8257,8276
8805,8256,8274
8806,8255,8273
8807,8254,8272
8808,8253,8271
8809,8252,8270
8810,8251,8269
8811,8250,8268
8812,8249,8267
8813,8248,8266
5487,6468,6479
8814,8247,8265
5488,6460,6482
8815,8246,8264
5489,6454,6482
8816,8245,8263
5490,6448,6482
8817,8244,8262
5491,6443,6481
8818,8243,8261
5492,6439,6480
8819,8242,8260
5493,6434,6479
8820,8241,8259
5494,6430,6477
8821,8240,8258
5495,6426,6475
8822,8239,8257
5496,6422,6474
8823,8238,8256
5497,6418,6472
8824,8237,8255
5498,6415,6470
8825,8236,8254
5499,6411,6468
8826,8235,8253
5500,6407,6466
8827,8234,8251
5501,6404,6463
8828,8233,8250
5502,6401,6461
8829,8232,8249
5503,6397,6459
8830,8231,8248
5504,6394,6457
8831,8230,8247
5505,6391,6454
8832,8229,8246
5506,6388,6452
8833,8228,8245
5507,6385,6449
8834,8227,8244
5508,6382,6447
8835,8225,8243
5509,6379,6444
8836,8224,8242
5510,6376,6441
8837,8223,8241
5511,6373,6439
8838,8222,8239
5512,6370,6436
8839,8221,8238
5513,6368,6434
8840,8220,8237
5514,6365,6431
8841,8219,8236
5515,6362,6428
8842,8218,8235
5516,6359,6425
8843,8217,8234
5517,6357,6423
8844,8216,8233
5518,6354,6420
8845,8215,8232
5519,6352,6417
8846,8214,8231
5520,6349,6414
8847,8213,8229
5521,6347,6411
8848,8212,8228
5522,6344,6408
8849,8211,8227
5523,6342,6406
8850,8210,8226
5524,6339,6403
8851,8208,8225
5525,6337,6400
8852,8207,8224
5526,6335,6397
8853,8206,8223
5527,6332,6394
8854,8205,8222
5528,6330,6391
8855,8204,8220
5529,6328,6388
8856,8203,8219
5530,6326,6385
8857,8202,8218
5531,6324,6382
8858,8201,8217
5532,6322,6379
8859,8200,8216
5533,6319,6376
8860,8199,8215
5534,6317,6373
8861,8198,8214
5535,6315,6370
8862,8197,8212
5536,6313,6367
8863,8196,8211
5537,6311,6363
8864,8194,8210
5538,6310,6360
8865,8193,8209
5539,6308,6357
8866,8192,8208
5540,6306,6354
8867,8191,8206
5541,6304,6351
8868,8190,8205
5542,6302,6347
8869,8189,8204
5543,6301,6344
8870,8188,8203
5544,6299,6341
8871,8187,8202
5545,6298,6337
8872,8186,8201
5546,6296,6334
8873,8185,8199
5547,6295,6330
8874,8183,8198
5548,6293,6327
8875,8182,8197
5549,6292,6323
8876,8181,8196
5550,6291,6319
8877,8180,8195
5551,6290,6315
8878,8179,8193
5552,6290,6311
8879,8178,8192
5553,6289,6306
8880,8177,8191
5554,6290,6301
8881,8176,8190
8882,8175,8188
8883,8174,8187
8884,8172,8186
8885,8171,8185
8886,8170,8184
8887,8169,8182
8888,8168,8181
8889,8167,8180
8890,8166,8178
8891,8165,8177
8892,8164,8176
8893,8162,8175
8894,8161,8173
8895,8160,8172
8896,8159,8171
8897,8158,8170
8898,8157,8168
8899,8156,8167
8900,8155,8166
8901,8154,8164
8902,8152,8163
8903,8151,8162
8904,8150,8160
8905,8149,8159
8906,8148,8158
8907,8147,8156
8908,8146,8155
8909,8145,8154
8910,8144,8152
8911,8143,8151
8912,8142,8149
8913,8141,8148
8914,8139,8147
8915,8138,8145
8916,8137,8144
8917,8136,8142
8918,8135,8141
8919,8134,8139
8920,8133,8138
8921,8132,8136
8922,8132,8135
8923,8131,8133
8924,8130,8131
8715,8341,8359
8714,8342,8359
8713,8343,8360
8712,8344,8361
8711,8345,8362
8710,8346,8363
8709,8347,8364
8700,8354,8371
8699,8355,8372
8698,8356,8373
8697,8357,8374
8696,8358,8374
8695,8359,8375
8694,8360,8376
8693,8360,8377
8692,8361,8378
8691,8362,8379
8690,8363,8379
8689,8364,8380
8688,8365,8381
8687,8365,8382
8686,8366,8383
8685,8367,8383
8684,8368,8384
8683,8369,8385
8682,8370,8386
8681,8371,8387
8680,8371,8387
8679,8372,8388
8678,8373,8389
8677,8374,8390
8676,8375,8391
8675,8376,8391
8674,8376,8392
8673,8377,8393
8672,8378,8394
8671,8379,8394
8670,8380,8395
8669,8380,8396
8668,8381,8397
8667,8382,8398
8666,8383,8398
8665,8384,8399
8664,8385,8400
8663,8385,8401
8662,8386,8401
8661,8387,8402
8660,8388,8403
8659,8389,8404
8658,8389,8404
8657,8390,8405
8656,8391,8406
8655,8392,8407
8654,8393,8407
8653,8393,8408
8652,8394,8409
8651,8395,8410
8650,8396,8410
8649,8397,8411
8648,8397,8412
8647,8398,8413
8646,8399,8413
8645,8400,8414
8644,8401,8415
8643,8401,8415
8642,8402,8416
