6816,8703,8704
6817,8703,8705
6818,8702,8706
6819,8702,8707
6820,8702,8707
6821,8702,8708
6822,8702,8709
6823,8702,8709
6824,8702,8710
6825,8702,8710
6826,8702,8711
6827,8702,8711
6828,8702,8711
6829,8702,8712
6830,8702,8712
6831,8702,8713
6832,8703,8713
6833,8703,8713
6834,8703,8714
6835,8703,8714
6836,8703,8715
6837,8703,8715
6838,8703,8715
6839,8703,8716
6840,8703,8716
6841,8704,8716
6842,8704,8717
6843,8704,8717
6844,8704,8717
6845,8704,8718
6846,8704,8718
6847,8704,8718
6848,8705,8719
6849,8705,8719
6850,8705,8719
6851,8705,8720
6852,8705,8720
6853,8705,8720
6854,8705,8720
6855,8706,8721
6856,8706,8721
6857,8706,8721
6858,8706,8722
6859,8706,8722
6860,8706,8722
6861,8706,8722
6862,8707,8723
6863,8707,8723
6864,8707,8723
6865,8707,8724
6866,8707,8724
6867,8707,8724
6868,8708,8724
6869,8708,8725
6870,8708,8725
6871,8708,8725
6872,8708,8725
6873,8708,8725
6874,8708,8726
6875,8709,8726
6929,8717,8736
6930,8717,8736
6931,8717,8736
6932,8717,8736
6933,8717,8736
6934,8717,8736
6935,8717,8736
6936,8717,8737
6937,8718,8737
6938,8718,8737
7016,8725,8743
7015,8725,8743
7014,8725,8743
7013,8725,8743
7012,8725,8743
7011,8725,8743
7010,8725,8743
7009,8725,8743
7008,8725,8743
7007,8725,8743
6990,8723,8742
6884,8710,8728
5802,6729,6808
7087,8731,8742
6991,8723,8742
6885,8710,8728
5803,6723,6804
7088,8731,8742
6992,8723,8742
6886,8710,8728
5804,6717,6801
7089,8731,8742
7006,8725,8743
7103,8734,8740
7005,8725,8743
6899,8712,8731
5817,6657,6743
7102,8734,8740
7004,8724,8743
6898,8712,8731
5816,6661,6748
7101,8734,8740
7003,8724,8743
6897,8712,8731
5815,6665,6753
7100,8733,8740
7002,8724,8743
6896,8712,8730
5814,6669,6757
7099,8733,8741
7001,8724,8742
6895,8712,8730
5813,6674,6762
7098,8733,8741
7000,8724,8742
6894,8712,8730
5812,6678,6766
7097,8733,8741
6999,8724,8742
6893,8711,8730
5811,6682,6771
7096,8733,8741
6998,8724,8742
6892,8711,8730
5810,6687,6776
7095,8732,8741
6997,8724,8742
6891,8711,8729
5809,6692,6780
7094,8732,8741
6996,8724,8742
6890,8711,8729
5808,6696,6784
7093,8732,8742
6995,8724,8742
6889,8711,8729
5807,6701,6789
7092,8732,8742
6994,8724,8742
6888,8711,8729
5806,6706,6793
7091,8732,8742
6993,8724,8742
6887,8710,8729
5805,6712,6797
7090,8732,8742
6939,8718,8737
9644,7367,7405
7074,8730,8743
6916,8715,8734
5834,6601,6660
6915,8715,8734
5833,6604,6665
6914,8714,8733
5832,6607,6670
6913,8714,8733
5831,6610,6675
6912,8714,8733
5830,6612,6680
6911,8714,8733
5829,6615,6685
7108,8737,8737
6878,8709,8727
5796,6772,6821
7081,8730,8743
6906,8713,8732
7447,9718,9724
5824,6632,6709
6879,8709,8727
5797,6763,6821
7082,8731,8743
6907,8713,8732
7448,9718,9724
5825,6628,6705
6880,8709,8727
5798,6755,6819
7083,8731,8743
6908,8714,8733
7449,9718,9724
5826,6625,6700
6909,8714,8733
5827,6622,6695
7450,9719,9724
6881,8710,8727
5799,6748,6817
7084,8731,8743
7107,8736,8738
6877,8709,8726
5795,6782,6820
6945,8719,8738
9650,7307,7410
7080,8730,8743
6905,8713,8732
5823,6635,6714
7446,9717,9724
7106,8735,8739
6876,8709,8726
5794,6796,6816
6944,8718,8738
9649,7315,7411
7079,8730,8743
6904,8713,8732
5822,6639,6719
7445,9717,9724
7105,8735,8739
6903,8713,8732
5821,6642,6724
7444,9717,9723
7104,8734,8739
6902,8713,8731
5820,6646,6729
7443,9718,9723
6901,8713,8731
5819,6649,6734
7442,9718,9722
6900,8712,8731
5818,6653,6738
7441,9719,9720
6940,8718,8737
9645,7353,7409
7075,8730,8743
6917,8715,8734
5835,6598,6655
6941,8718,8737
9646,7342,7411
7076,8730,8743
6918,8715,8734
5836,6596,6650
6942,8718,8737
9647,7332,7412
7077,8730,8743
6919,8715,8734
5837,6594,6645
6943,8718,8737
9648,7323,7411
7078,8730,8743
6920,8715,8734
5838,6591,6640
6921,8715,8735
5839,6589,6635
6922,8716,8735
5840,6587,6629
6984,8723,8741
6923,8716,8735
5841,6585,6624
6985,8723,8741
6924,8716,8735
5842,6583,6618
6986,8723,8742
6925,8716,8735
5843,6582,6613
6987,8723,8742
6926,8716,8735
5844,6581,6606
6988,8723,8742
6882,8710,8728
5800,6741,6814
7085,8731,8743
6927,8716,8735
5845,6580,6600
6989,8723,8742
6883,8710,8728
5801,6735,6811
7086,8731,8742
6928,8716,8736
5846,6581,6592
6910,8714,8733
5828,6619,6690
7451,9720,9723
7017,8725,8743
7018,8726,8743
7019,8726,8743
7020,8726,8743
7021,8726,8743
7022,8726,8743
7023,8726,8743
7024,8726,8743
7025,8726,8744
7026,8726,8744
7027,8726,8744
7028,8726,8744
7029,8726,8744
7030,8726,8744
7031,8726,8744
7032,8727,8744
7033,8727,8744
7034,8727,8744
7035,8727,8744
7036,8727,8744
7037,8727,8744
7038,8727,8744
7039,8727,8744
7040,8727,8744
7041,8727,8744
7042,8727,8744
7043,8727,8744
7044,8727,8744
7045,8727,8744
7046,8728,8744
7047,8728,8744
7048,8728,8744
7049,8728,8744
7050,8728,8744
7051,8728,8744
7052,8728,8744
7053,8728,8744
7054,8728,8744
7055,8728,8744
7056,8728,8744
7057,8728,8744
7058,8728,8744
7059,8728,8744
7060,8729,8744
7061,8729,8744
7062,8729,8744
7063,8729,8744
7064,8729,8744
7065,8729,8744
7066,8729,8744
7067,8729,8744
7068,8729,8744
7069,8729,8744
7070,8729,8743
7071,8729,8743
7072,8730,8743
7073,8730,8743
6983,8723,8741
6982,8723,8741
6981,8722,8741
6980,8722,8741
6979,8722,8741
6978,8722,8741
6977,8722,8741
6976,8722,8741
6975,8722,8741
6974,8722,8741
6973,8722,8741
6972,8722,8740
6971,8721,8740
6970,8721,8740
6969,8721,8740
9673,7254,7293
6968,8721,8740
9672,7245,7308
6967,8721,8740
9671,7240,7319
6966,8721,8740
9670,7236,7328
6965,8721,8740
9669,7234,7336
6964,8721,8740
9668,7233,7343
6963,8721,8740
9667,7233,7349
6962,8721,8740
9666,7234,7355
6961,8720,8739
9665,7235,7360
6960,8720,8739
9664,7237,7365
6959,8720,8739
9663,7239,7370
6958,8720,8739
9662,7242,7375
6957,8720,8739
9661,7245,7379
6956,8720,8739
9660,7249,7383
6955,8720,8739
9659,7253,7387
6954,8720,8739
9658,7257,7390
6953,8720,8739
9657,7262,7393
6952,8719,8738
9656,7267,7396
6951,8719,8738
9655,7273,7399
6950,8719,8738
9654,7279,7402
6949,8719,8738
9653,7285,7404
6948,8719,8738
9652,7292,7406
6947,8719,8738
9651,7299,7408
6946,8719,8738
