5750,7626,7628
5749,7620,7627
5748,7616,7626
5747,7611,7623
5746,7607,7621
5745,7603,7619
5744,7599,7616
5743,7595,7614
5742,7591,7611
5741,7587,7608
5740,7583,7606
5739,7579,7603
5738,7575,7600
5737,7571,7597
5736,7567,7594
5735,7563,7591
5734,7558,7588
5733,7554,7585
5732,7550,7582
5731,7546,7579
5730,7542,7576
5729,7538,7573
5728,7534,7570
5727,7529,7567
5727,6562,6564
5726,7525,7563
5726,6563,6570
5725,7521,7560
5725,6565,6576
5724,7516,7557
5724,6568,6581
5723,7512,7553
5723,6571,6586
5722,7508,7550
5722,6573,6591
5721,7503,7547
5721,6577,6595
7520,9729,9732
5720,7499,7543
5720,6580,6600
7519,9728,9732
5719,7494,7540
5719,6583,6605
7518,9728,9733
7418,8702,8704
7419,8701,8705
7420,8700,8706
7421,8700,8706
7422,8699,8707
7423,8699,8707
7424,8699,8707
7425,8698,8708
7426,8698,8708
7427,8698,8708
7428,8698,8708
7429,8697,8709
7450,8698,8708
7449,8698,8708
7448,8697,8708
7447,8697,8708
7446,8697,8708
7445,8697,8709
7444,8697,8709
7443,8697,8709
7442,8697,8709
7441,8697,8709
7440,8697,8709
7439,8697,8709
7438,8697,8709
7451,8698,8707
7452,8698,8707
7453,8699,8707
5655,7004,7115
7454,8699,8706
5656,6978,7141
7455,8700,8706
5657,6958,7161
7456,8700,8705
5718,7490,7536
5718,6586,6610
7517,9727,9733
7437,8697,8709
7436,8697,8709
7435,8697,8709
7434,8697,8709
7433,8697,8709
7432,8697,8709
7431,8697,8709
7430,8697,8709
5680,7252,7366
5680,6753,6852
9535,6824,7109
5679,7242,7360
5679,6759,6862
9534,6818,7090
5678,7231,7354
5678,6765,6873
9533,6812,7067
5677,7220,7348
5677,6771,6885
9532,6806,7042
5676,7207,7342
5676,6778,6897
9531,6801,7018
5675,7194,7335
5675,6784,6911
9530,6795,6996
5674,7179,7329
5674,6791,6926
9529,6790,6976
5673,7162,7322
5673,6797,6942
9528,6785,6958
5672,7142,7315
5672,6804,6962
9527,6781,6941
7516,9727,9733
5717,7485,7533
5717,6590,6615
5671,7116,7308
5671,6812,6988
9526,6776,6925
7515,9727,9733
5716,7480,7529
5716,6593,6620
5670,7060,7300
5670,6819,7045
9525,6771,6911
7514,9727,9733
5715,7476,7525
5715,6596,6625
5669,6827,7293
9524,6767,6896
7513,9727,9733
5714,7471,7522
5714,6600,6630
5668,6835,7285
9523,6763,6883
7512,9728,9732
5713,7466,7518
5713,6603,6635
5667,6843,7276
9522,6759,6870
7511,9728,9731
5712,7461,7514
5712,6607,6640
5666,6851,7268
9521,6755,6858
7510,9729,9730
5711,7456,7510
5711,6611,6645
5665,6860,7259
9520,6752,6846
5710,7451,7507
5710,6614,6650
5664,6870,7249
9519,6748,6834
5709,7446,7503
5709,6618,6655
5663,6880,7240
9518,6745,6823
5708,7441,7499
5708,6622,6660
5662,6890,7229
9517,6743,6811
5707,7436,7495
5707,6626,6666
5661,6901,7218
9516,6740,6800
5706,7431,7491
5706,6630,6671
5660,6913,7206
9515,6738,6788
5705,7425,7487
5705,6634,6676
5659,6926,7193
7458,8703,8703
9514,6737,6776
5704,7420,7483
5704,6638,6682
5658,6941,7178
7457,8701,8704
9513,6738,6763
5703,7415,7479
5703,6642,6688
9536,6830,7122
5681,7262,7372
5681,6747,6842
9537,6837,7130
5682,7271,7378
5682,6742,6833
9538,6844,7135
5683,7280,7383
5683,6736,6824
9539,6851,7138
5684,7289,7389
5684,6731,6815
9540,6858,7138
5685,7297,7394
5685,6725,6807
9541,6866,7137
5686,7305,7400
5686,6720,6799
9542,6875,7135
5687,7313,7405
5687,6715,6791
9543,6883,7131
5688,7320,7410
5688,6710,6784
9544,6893,7126
5689,7327,7415
5689,6705,6776
9545,6903,7120
5690,7335,7420
5690,6700,6769
9546,6914,7112
5691,7342,7425
5691,6695,6762
9547,6927,7103
5692,7348,7430
5692,6690,6755
9548,6941,7092
5693,7355,7434
5693,6685,6748
9549,6958,7078
5694,7361,7439
5694,6681,6742
9550,6983,7056
5695,7368,7444
5695,6676,6735
5696,7374,7448
5696,6672,6729
5697,7380,7453
5697,6667,6723
5698,7386,7457
5698,6663,6717
5699,7392,7462
5699,6659,6711
5700,7398,7466
5700,6654,6705
5701,7403,7470
5701,6650,6699
5702,7409,7474
5702,6646,6693
