7608,9702,9707
5552,6415,6471
7609,9703,9706
5553,6412,6469
7610,9703,9705
5554,6408,6466
5555,6405,6464
5556,6402,6461
5557,6398,6459
7806,8667,8671
7807,8666,8671
7808,8666,8672
7809,8665,8672
7810,8665,8673
7811,8664,8673
7812,8664,8673
7813,8664,8673
7814,8664,8674
7815,8663,8674
7816,8663,8674
7817,8663,8674
7818,8663,8674
7819,8663,8675
7820,8662,8675
7821,8662,8675
7822,8662,8675
7823,8662,8675
7824,8662,8675
7825,8662,8675
7826,8662,8675
7827,8662,8675
7828,8662,8675
7829,8662,8675
7830,8662,8675
7831,8662,8675
7832,8662,8675
7607,9702,9707
5551,6419,6474
7864,8668,8669
5578,6339,6401
7606,9702,9707
5550,6422,6476
7863,8667,8670
5577,6341,6404
7605,9702,9707
5549,6426,6478
7862,8666,8671
5576,6344,6407
7845,8662,8675
5559,6392,6454
7844,8662,8675
5558,6395,6456
7843,8662,8675
7842,8662,8675
7841,8662,8675
7840,8662,8675
7839,8662,8675
7838,8662,8675
7837,8662,8675
7836,8662,8675
7835,8662,8675
7834,8662,8675
7833,8662,8675
7846,8662,8675
5560,6389,6451
7847,8662,8675
5561,6386,6448
7848,8662,8674
5562,6383,6446
7849,8662,8674
5563,6380,6443
5537,6485,6492
7850,8663,8674
5564,6377,6440
5538,6476,6494
7851,8663,8674
5565,6374,6437
5539,6470,6495
7852,8663,8674
5566,6371,6435
5540,6464,6494
7853,8663,8674
5567,6368,6432
5541,6459,6493
7854,8663,8673
5568,6365,6429
5542,6454,6492
7855,8663,8673
5569,6363,6427
5543,6450,6490
7856,8664,8673
5570,6360,6424
5544,6446,6488
7857,8664,8673
5571,6357,6421
5545,6441,6487
7858,8664,8672
5572,6354,6418
7602,9704,9706
5546,6437,6485
7859,8665,8672
5573,6352,6415
7603,9703,9707
5547,6433,6482
7860,8665,8672
5574,6349,6413
7604,9702,9707
5548,6430,6480
7861,8665,8671
5575,6346,6410
7805,8668,8670
5579,6336,6398
5580,6334,6396
5581,6331,6393
5582,6329,6390
5583,6326,6387
5584,6324,6384
5585,6322,6381
5586,6319,6379
5587,6317,6376
5588,6315,6373
5589,6312,6370
5590,6310,6367
5591,6308,6364
5592,6306,6361
5593,6303,6358
5594,6301,6356
5595,6299,6353
5596,6297,6350
5597,6295,6347
5598,6293,6344
5599,6291,6341
5600,6289,6338
5601,6287,6335
5602,6285,6332
5603,6283,6329
5604,6281,6326
5605,6279,6323
5606,6277,6320
5607,6275,6317
5608,6273,6314
5609,6271,6311
5610,6270,6308
5611,6268,6305
5612,6266,6302
5613,6265,6299
5614,6263,6296
5615,6261,6293
5616,6260,6289
5617,6259,6286
5618,6257,6283
5619,6256,6279
5620,6255,6276
5621,6254,6272
5622,6253,6268
5623,6253,6264
5624,6254,6259
