5771,6564,6572
5770,6564,6579
5769,6566,6585
5768,6568,6591
5767,6570,6596
5766,6572,6602
5765,6575,6607
5764,6578,6612
5763,6580,6617
5762,6583,6622
5761,6586,6628
5760,6589,6633
5759,6592,6638
5758,6595,6643
5757,6598,6649
5756,6601,6654
5755,6605,6659
5754,6608,6665
5753,6611,6670
5752,6615,6675
5751,6618,6681
5750,6622,6687
5749,6625,6692
5748,6629,6698
5747,6632,6704
5709,6829,7235
7332,8709,8719
5710,6821,7242
7333,8708,8719
5711,6814,7247
7334,8708,8719
5712,6807,7059
5712,7157,7251
7335,8708,8720
5713,6800,7023
5713,7196,7254
7336,8708,8720
5714,6793,6999
5714,7229,7253
7337,8708,8720
5715,6786,6979
7338,8708,8720
5716,6780,6962
7339,8707,8720
5717,6774,6947
7340,8707,8720
5718,6767,6934
7341,8707,8720
5719,6761,6921
7342,8707,8720
5720,6756,6909
7343,8707,8720
5721,6750,6898
7344,8707,8720
5722,6744,6887
7345,8707,8720
5723,6739,6877
7346,8707,8720
5746,6636,6709
7369,8712,8714
5745,6640,6715
7368,8711,8715
5744,6644,6721
7367,8710,8716
5743,6648,6727
7366,8710,8716
5742,6652,6733
7365,8709,8717
5741,6656,6740
7364,8709,8717
5740,6660,6746
7363,8709,8717
5739,6664,6752
7362,8709,8718
5738,6668,6759
7361,8708,8718
5737,6672,6765
7360,8708,8718
5736,6676,6772
7359,8708,8719
5735,6681,6779
7358,8708,8719
5734,6685,6786
7357,8708,8719
5733,6690,6793
7356,8707,8719
5732,6694,6801
7355,8707,8719
5731,6699,6808
7354,8707,8719
5730,6704,6816
7353,8707,8720
5729,6708,6824
7352,8707,8720
5728,6713,6832
7351,8707,8720
5727,6718,6840
7350,8707,8720
5726,6723,6849
7349,8707,8720
5725,6728,6858
7348,8707,8720
5724,6734,6867
7347,8707,8720
7486,9728,9730
7487,9727,9731
7488,9727,9732
7489,9726,9732
7490,9726,9732
7491,9726,9732
7496,9729,9731
7495,9728,9732
7494,9727,9732
7493,9727,9732
7492,9726,9733
5955,8009,8010
5956,8010,8013
5957,8011,8015
5958,8012,8018
5959,8013,8020
5960,8014,8022
5961,8016,8024
5962,8017,8026
5963,8018,8028
5964,8020,8030
5965,8021,8032
5966,8022,8034
5967,8024,8036
5968,8025,8038
5969,8027,8040
5970,8028,8042
5971,8030,8044
5972,8031,8046
5973,8032,8047
5974,8034,8049
5975,8035,8051
5976,8037,8053
5977,8038,8055
5978,8040,8057
5979,8041,8058
5980,8043,8060
5981,8044,8062
5982,8046,8064
5983,8047,8066
5984,8048,8067
5985,8050,8069
5986,8051,8071
5987,8053,8073
5988,8054,8074
5989,8056,8076
5990,8057,8078
5991,8059,8079
5992,8060,8081
5993,8062,8083
5994,8063,8085
5995,8064,8086
5996,8066,8088
5997,8067,8090
5998,8069,8091
5999,8070,8093
6000,8072,8095
6001,8073,8096
6002,8075,8098
6003,8076,8100
6004,8077,8101
6005,8079,8103
6006,8080,8104
6007,8082,8106
6008,8083,8108
6009,8085,8109
6010,8086,8111
6011,8087,8112
6012,8089,8114
6013,8090,8116
6014,8092,8117
6015,8093,8119
6016,8095,8120
6017,8096,8122
6226,8355,8372
6225,8354,8372
6224,8353,8371
6223,8352,8370
6222,8350,8369
6221,8349,8368
6220,8348,8367
6219,8347,8366
6218,8346,8366
6217,8345,8365
6216,8343,8364
6215,8342,8363
6214,8341,8362
6213,8340,8361
6212,8339,8360
6211,8338,8359
6210,8337,8358
6209,8335,8358
6208,8334,8357
6207,8333,8356
6206,8332,8355
6205,8331,8354
6204,8330,8353
6203,8329,8352
6202,8327,8351
6201,8326,8350
6200,8325,8349
6199,8324,8348
6198,8323,8347
6197,8322,8346
6196,8321,8345
6195,8319,8344
6194,8318,8343
6193,8317,8342
6192,8316,8342
6191,8315,8341
6190,8314,8340
6189,8313,8339
6188,8311,8338
6187,8310,8337
6186,8309,8336
6185,8308,8335
6184,8307,8334
6183,8306,8333
6182,8305,8332
6181,8303,8331
6180,8302,8330
6179,8301,8329
6178,8300,8328
6177,8299,8327
6176,8298,8326
6175,8296,8324
6174,8295,8323
6173,8294,8322
6172,8293,8321
6171,8292,8320
6170,8291,8319
6169,8290,8318
6168,8288,8317
6125,8237,8269
6126,8239,8270
6127,8240,8271
6128,8241,8273
6150,8267,8298
9579,7046,7275
5697,6977,7096
6238,8369,8382
6151,8268,8299
9580,7033,7272
5698,6954,7119
6239,8371,8382
6152,8270,8300
9581,7023,7269
5699,6936,7137
7322,8713,8715
6240,8372,8383
6153,8271,8301
9582,7016,7266
5700,6921,7152
7323,8712,8716
6241,8373,8384
6154,8272,8302
9583,7012,7262
5701,6907,7165
7324,8712,8717
6242,8375,8384
6157,8276,8305
9586,7008,7248
5704,6873,7196
7327,8710,8718
6245,8379,8386
6158,8277,8307
9587,7009,7242
5705,6864,7205
7328,8710,8718
6246,8380,8387
6159,8278,8308
9588,7012,7236
5706,6854,7214
7329,8709,8718
6247,8382,8387
6160,8279,8309
9589,7015,7230
5707,6846,7222
7330,8709,8719
6248,8383,8387
6161,8280,8310
9590,7019,7222
5708,6837,7229
7331,8709,8719
6249,8385,8387
6162,8281,8311
9591,7025,7214
6163,8283,8312
9592,7031,7205
6164,8284,8313
9593,7039,7195
6165,8285,8314
9594,7049,7184
6166,8286,8315
9595,7062,7169
6167,8287,8316
9596,7080,7150
6156,8274,8304
9585,7008,7253
5703,6884,7187
7326,8710,8718
6244,8377,8386
6155,8273,8303
9584,7009,7258
5702,6895,7176
7325,8711,8717
6243,8376,8385
6129,8242,8274
6130,8243,8275
6131,8245,8276
6132,8246,8277
6133,8247,8278
6134,8248,8280
6135,8249,8281
6136,8251,8282
6137,8252,8283
6138,8253,8284
6139,8254,8285
6140,8255,8287
6141,8257,8288
6142,8258,8289
9572,7235,7250
6231,8361,8376
6143,8259,8290
9573,7192,7270
6232,8362,8377
6144,8260,8291
9574,7162,7276
6233,8363,8378
6145,8261,8292
9575,7134,7278
6234,8365,8379
6146,8263,8293
9576,7108,7279
6235,8366,8379
6147,8264,8294
9577,7084,7278
6236,8367,8380
6148,8265,8296
9578,7063,7277
5696,7021,7054
6237,8368,8381
6149,8266,8297
6227,8356,8373
6228,8357,8374
6229,8359,8375
6230,8360,8376
6124,8236,8268
6123,8235,8267
6122,8234,8266
6121,8232,8264
6120,8231,8263
6119,8230,8262
6118,8229,8261
6117,8228,8260
6116,8226,8258
6115,8225,8257
6114,8224,8256
6113,8223,8255
6112,8221,8253
6111,8220,8252
6110,8219,8251
6109,8218,8250
6108,8216,8249
6107,8215,8247
6106,8214,8246
6105,8213,8245
6104,8212,8244
6103,8210,8242
6102,8209,8241
6101,8208,8240
6100,8207,8239
6099,8205,8237
6098,8204,8236
6097,8203,8235
6096,8201,8234
6095,8200,8232
6094,8199,8231
6093,8198,8230
6092,8196,8228
6091,8195,8227
6090,8194,8226
6089,8193,8225
6088,8191,8223
6087,8190,8222
6086,8189,8221
6085,8187,8219
6084,8186,8218
6083,8185,8217
6082,8184,8215
6081,8182,8214
6080,8181,8213
6079,8180,8211
6078,8178,8210
6077,8177,8209
6076,8176,8207
6075,8175,8206
6074,8173,8205
6073,8172,8203
6072,8171,8202
6071,8169,8201
6070,8168,8199
6069,8167,8198
6068,8165,8197
6067,8164,8195
6066,8163,8194
6065,8162,8192
6064,8160,8191
6063,8159,8190
6062,8158,8188
6061,8156,8187
6060,8155,8186
6059,8154,8184
6058,8152,8183
6057,8151,8181
6056,8150,8180
6055,8148,8179
6054,8147,8177
6053,8146,8176
6052,8144,8174
6051,8143,8173
6050,8142,8171
6049,8140,8170
6048,8139,8169
6047,8137,8167
6046,8136,8166
6045,8135,8164
6044,8133,8163
6043,8132,8161
6042,8131,8160
6041,8129,8158
6040,8128,8157
6039,8127,8155
6038,8125,8154
6037,8124,8152
6036,8122,8151
6035,8121,8149
6034,8120,8148
6033,8118,8147
6032,8117,8145
6031,8116,8143
6030,8114,8142
6029,8113,8140
6028,8111,8139
6027,8110,8137
6026,8109,8136
6025,8107,8134
6024,8106,8133
6023,8104,8131
6022,8103,8130
6021,8102,8128
6020,8100,8127
6019,8099,8125
6018,8097,8124
