7260,8721,8721
7261,8719,8722
7262,8719,8723
7263,8718,8724
7264,8718,8724
7265,8717,8724
7266,8717,8725
7267,8716,8725
7268,8716,8725
7269,8716,8725
7270,8716,8726
7271,8715,8726
7272,8715,8726
7273,8715,8726
7274,8715,8726
7275,8715,8726
7276,8714,8727
7277,8714,8727
7278,8714,8727
7279,8714,8727
7280,8714,8727
7281,8714,8727
7282,8714,8727
7283,8714,8727
7284,8713,8727
7285,8713,8727
7286,8713,8727
7287,8713,8727
7288,8713,8727
7289,8713,8727
7315,8718,8721
7314,8717,8722
7313,8717,8722
7312,8716,8723
7311,8716,8723
7310,8715,8724
7309,8715,8724
7308,8715,8724
7307,8715,8725
7306,8714,8725
7305,8714,8725
7304,8714,8725
7303,8714,8725
7302,8714,8726
7301,8714,8726
7300,8714,8726
7299,8714,8726
7298,8713,8726
7297,8713,8726
7296,8713,8727
7295,8713,8727
7294,8713,8727
7293,8713,8727
7292,8713,8727
7291,8713,8727
7290,8713,8727
6264,8386,8386
6265,8385,8389
5724,6934,6984
6266,8386,8390
5725,6911,6998
6267,8386,8392
5726,6894,7003
6268,8387,8393
5727,6880,7005
6269,8387,8395
5728,6868,7003
6270,8388,8396
5729,6857,7000
6271,8388,8397
5730,6846,6995
6272,8389,8399
5731,6837,6988
6273,8390,8400
5732,6828,6981
6274,8390,8401
5733,6820,6973
6275,8391,8402
5734,6812,6964
6276,8392,8403
5735,6804,6956
6277,8392,8405
5736,6797,6947
6278,8393,8406
5737,6790,6938
6279,8394,8407
5738,6783,6929
6280,8395,8408
5739,6776,6920
6281,8395,8409
5740,6770,6911
6282,8396,8410
5741,6764,6903
6377,8472,8498
6283,8397,8412
5742,6758,6894
6378,8473,8499
6284,8398,8413
5743,6752,6886
6379,8473,8500
6285,8398,8414
5744,6746,6878
6380,8474,8501
6286,8399,8415
5745,6740,6870
6381,8475,8502
6287,8400,8416
5746,6735,6862
6382,8476,8502
6288,8401,8417
5747,6729,6854
6383,8477,8503
6289,8401,8418
5748,6724,6847
6384,8477,8504
6290,8402,8419
5749,6719,6839
7474,9725,9729
6392,8484,8510
6298,8408,8428
5757,6682,6784
7475,9725,9730
6393,8485,8511
6299,8409,8429
5758,6677,6777
7476,9725,9731
6394,8485,8511
6300,8410,8430
5759,6673,6771
7477,9725,9731
6395,8486,8512
6301,8411,8431
5760,6669,6765
7478,9725,9731
6396,8487,8513
6302,8412,8432
5761,6665,6759
7479,9725,9731
6397,8488,8513
6303,8412,8433
5762,6661,6752
7480,9725,9731
6398,8489,8514
6304,8413,8434
5763,6657,6746
7481,9726,9731
6399,8489,8515
6305,8414,8435
5764,6653,6740
7482,9726,9730
6400,8490,8516
6306,8415,8436
5765,6649,6735
7483,9727,9730
6401,8491,8516
6307,8416,8437
5766,6645,6729
6402,8492,8517
6308,8416,8438
5767,6641,6723
6403,8493,8518
6309,8417,8439
5768,6637,6717
6404,8493,8518
6310,8418,8440
5769,6634,6712
6291,8403,8420
5750,6714,6832
6405,8494,8519
6311,8419,8441
5770,6630,6706
6292,8404,8421
5751,6709,6825
6312,8420,8442
5771,6627,6700
6385,8478,8505
6293,8404,8422
5752,6704,6818
6313,8420,8443
5772,6623,6695
6294,8405,8423
5753,6700,6811
6314,8421,8444
5773,6620,6689
6295,8406,8425
5754,6695,6804
6315,8422,8445
5774,6616,6684
6296,8407,8426
5755,6690,6797
6297,8408,8427
5756,6686,6790
6386,8479,8505
6387,8480,8506
6388,8481,8507
6389,8481,8508
6390,8482,8508
7473,9726,9728
6391,8483,8509
6406,8495,8520
6407,8496,8521
6408,8496,8521
6409,8497,8522
6410,8498,8523
6411,8499,8523
6412,8500,8524
6413,8500,8525
6414,8501,8525
6415,8502,8526
6416,8503,8527
6417,8504,8527
6418,8504,8528
6419,8505,8529
6420,8506,8529
6421,8507,8530
6422,8508,8531
6423,8508,8531
6424,8509,8532
6425,8510,8533
6426,8511,8533
6427,8512,8534
6428,8512,8535
6429,8513,8535
6430,8514,8536
6431,8515,8536
6432,8516,8537
6433,8516,8538
6434,8517,8538
6435,8518,8539
6436,8519,8539
6437,8520,8540
6438,8521,8541
6439,8521,8541
6440,8522,8542
6441,8523,8542
6442,8524,8543
6443,8525,8543
6444,8525,8544
6445,8526,8545
6446,8527,8545
6447,8528,8546
6448,8529,8546
6449,8530,8547
6450,8530,8547
6451,8531,8548
6452,8532,8548
6453,8533,8549
6454,8534,8549
6455,8535,8550
6456,8536,8550
6457,8536,8551
6458,8537,8551
6459,8538,8552
6460,8539,8552
6461,8540,8553
6462,8541,8553
6463,8542,8553
6464,8543,8554
6465,8544,8554
6466,8545,8555
6467,8546,8555
6468,8547,8555
6469,8548,8556
6470,8549,8556
6471,8550,8556
6472,8551,8556
6473,8553,8556
6474,8554,8555
6376,8471,8498
6375,8470,8497
6374,8469,8496
9619,7146,7184
6373,8469,8495
9618,7126,7207
6372,8468,8494
9617,7116,7222
6371,8467,8494
9616,7108,7233
6370,8466,8493
9615,7102,7243
6369,8465,8492
9614,7098,7252
6368,8465,8491
9613,7096,7260
6367,8464,8490
9612,7094,7267
6366,8463,8490
9611,7093,7274
6365,8462,8489
9610,7094,7280
6364,8461,8488
9609,7095,7286
6363,8461,8487
9608,7098,7291
6362,8460,8486
9607,7101,7296
6361,8459,8486
9606,7106,7300
6360,8458,8485
9605,7112,7305
6359,8457,8484
9604,7119,7309
6358,8457,8483
9603,7127,7312
6357,8456,8482
9602,7136,7316
6356,8455,8481
9601,7146,7319
6355,8454,8481
9600,7157,7321
6354,8453,8480
9599,7169,7323
6353,8453,8479
9598,7182,7325
6352,8452,8478
9597,7195,7326
6351,8451,8477
9596,7210,7327
6350,8450,8476
9595,7225,7327
6349,8449,8475
9594,7242,7325
6348,8449,8475
9593,7260,7321
6347,8448,8474
9592,7286,7310
6346,8447,8473
6345,8446,8472
6344,8445,8471
6343,8445,8470
6342,8444,8469
6341,8443,8469
6340,8442,8468
6339,8441,8467
6338,8441,8466
6337,8440,8465
6336,8439,8464
6335,8438,8463
5793,6568,6580
6334,8437,8462
5792,6569,6587
6333,8436,8461
5791,6570,6593
6332,8436,8460
5790,6572,6599
6331,8435,8460
5789,6574,6604
6330,8434,8459
5788,6576,6610
6329,8433,8458
5787,6578,6615
6328,8432,8457
5786,6581,6620
6327,8432,8456
5785,6583,6626
6326,8431,8455
5784,6586,6631
6325,8430,8454
5783,6589,6636
6324,8429,8453
5782,6592,6641
6323,8428,8452
5781,6594,6647
6322,8428,8451
5780,6597,6652
6321,8427,8450
5779,6600,6657
6320,8426,8449
5778,6603,6662
6319,8425,8448
5777,6607,6668
6318,8424,8447
5776,6610,6673
6317,8424,8446
5775,6613,6678
6316,8423,8446
