8934,8008,8010
8935,8005,8010
8936,8002,8010
8937,8000,8009
8938,7998,8008
8939,7996,8007
8940,7994,8006
8941,7992,8005
8942,7990,8004
8943,7988,8003
8944,7986,8002
8945,7984,8001
8946,7983,8000
8947,7981,7999
8948,7979,7998
8949,7977,7996
8950,7975,7995
8951,7974,7994
8952,7972,7993
8953,7970,7992
8954,7968,7990
8955,7966,7989
8956,7965,7988
8957,7963,7986
8958,7961,7985
8959,7959,7984
8960,7958,7983
8961,7956,7981
8962,7954,7980
8963,7952,7979
8964,7951,7977
8965,7949,7976
8966,7947,7975
8967,7945,7973
8968,7944,7972
8969,7942,7970
8970,7940,7969
8971,7938,7968
8972,7937,7966
8973,7935,7965
8974,7933,7963
8975,7931,7962
8976,7930,7960
8977,7928,7959
8978,7926,7958
8979,7925,7956
8980,7923,7955
8981,7921,7953
8982,7919,7952
8983,7918,7950
8984,7916,7949
8985,7914,7947
8986,7912,7946
8987,7911,7944
8988,7909,7943
8989,7907,7941
8990,7905,7939
8991,7904,7938
8992,7902,7936
8993,7900,7935
8994,7899,7933
7647,9674,9676
7646,9673,9677
9003,7883,7919
9044,7815,7842
5446,6330,6389
9002,7885,7920
9043,7816,7844
5445,6332,6392
9001,7887,7922
9000,7888,7924
8999,7890,7925
8998,7892,7927
8997,7893,7928
8996,7895,7930
8995,7897,7932
9004,7881,7917
9005,7880,7915
9006,7878,7914
9007,7876,7912
5410,6444,6459
9008,7874,7910
5411,6436,6462
9009,7873,7909
5412,6430,6462
9010,7871,7907
5413,6425,6462
9011,7869,7905
5414,6420,6462
9012,7868,7903
5415,6416,6461
9013,7866,7902
5416,6412,6460
9014,7864,7900
7642,9673,9678
5441,6340,6404
9039,7822,7853
5417,6408,6459
9015,7862,7898
7643,9673,9678
5442,6338,6401
9040,7821,7851
5418,6404,6458
9016,7861,7896
7644,9673,9678
5443,6336,6398
9041,7819,7848
5419,6400,6456
9017,7859,7895
7645,9673,9677
5444,6334,6395
9042,7818,7846
5420,6397,6455
9018,7857,7893
7641,9674,9678
5440,6342,6407
9038,7824,7855
7640,9675,9677
5439,6344,6410
9037,7826,7857
5421,6393,6453
9019,7856,7891
5422,6390,6451
9020,7854,7889
5423,6387,6449
9021,7852,7887
5424,6384,6447
9022,7851,7886
5425,6381,6445
9023,7849,7884
5426,6378,6443
9024,7847,7882
5427,6375,6441
9025,7846,7880
5428,6372,6438
9026,7844,7878
5429,6369,6436
9027,7842,7876
5430,6366,6434
9028,7840,7874
5431,6364,6431
9029,7839,7873
5432,6361,6429
9030,7837,7871
5433,6359,6426
9031,7836,7869
5434,6356,6423
9032,7834,7867
5435,6354,6421
9033,7832,7865
5436,6351,6418
9034,7831,7863
5437,6349,6415
9035,7829,7861
5438,6347,6413
9036,7827,7859
5447,6328,6386
9045,7813,7840
5448,6326,6383
9046,7812,7838
5449,6325,6379
9047,7810,7835
5450,6323,6376
9048,7809,7833
5451,6321,6373
9049,7807,7831
5452,6320,6369
9050,7806,7828
5453,6319,6366
9051,7804,7826
5454,6317,6362
9052,7803,7824
5455,6316,6359
9053,7802,7821
5456,6315,6355
9054,7801,7818
5457,6314,6351
9055,7799,7816
5458,6313,6347
9056,7798,7813
5459,6312,6343
9057,7797,7810
5460,6312,6338
9058,7797,7807
5461,6312,6333
9059,7796,7804
5462,6314,6327
9060,7798,7798
