5661,7018,7109
5837,7837,7838
5836,7833,7837
5705,6663,6727
5705,7372,7469
5704,6668,6733
5704,7366,7465
5703,6672,6739
5703,7360,7460
5702,6676,6746
5702,7354,7455
5701,6681,6753
5701,7347,7451
5700,6686,6760
5700,7341,7446
5699,6690,6767
5699,7334,7441
5698,6695,6774
5698,7327,7436
5697,6700,6781
5697,7320,7431
5696,6705,6789
5696,7313,7426
5695,6709,6796
5695,7305,7421
5694,6715,6804
5694,7297,7416
5693,6720,6813
5693,7289,7411
5692,6725,6821
5692,7281,7405
5691,6730,6830
5691,7272,7400
5690,6735,6839
5690,7263,7395
5689,6741,6849
5689,7254,7389
5688,6746,6859
5688,7244,7383
5687,6752,6870
5687,7233,7377
5686,6758,6881
5686,7222,7371
5685,6764,6893
5685,7210,7365
5684,6770,6906
5684,7197,7359
5683,6776,6920
5683,7183,7353
5682,6782,6937
5682,7167,7346
5681,6789,6955
5681,7149,7340
5680,6796,6979
5680,7126,7333
5679,6802,7014
5679,7090,7326
5678,6809,7319
5677,6817,7312
5676,6824,7304
5675,6832,7296
5674,6840,7288
5673,6848,7280
5672,6857,7271
5671,6866,7262
5670,6876,7252
5669,6886,7242
5668,6896,7231
5667,6908,7219
5666,6920,7207
5665,6933,7193
5664,6949,7178
5663,6966,7161
7512,9727,9733
5713,6631,6680
5713,7417,7503
7513,9727,9733
5714,6627,6674
5714,7422,7508
7514,9728,9733
5715,6623,6669
5715,7428,7512
7515,9728,9732
5716,6619,6663
5716,7433,7516
7516,9729,9731
5717,6615,6658
5717,7438,7520
7511,9727,9733
5712,6635,6685
5712,7412,7499
7510,9727,9733
5711,6638,6691
5711,7407,7495
7509,9727,9733
5710,6642,6697
5710,7401,7491
7508,9727,9732
5709,6647,6703
5709,7396,7487
7507,9728,9732
5708,6651,6708
5708,7390,7482
7506,9729,9731
5707,6655,6714
5707,7384,7478
5662,6987,7139
5706,6659,6721
5706,7378,7474
5718,6612,6653
5718,7443,7523
5719,6608,6648
5719,7447,7527
5720,6605,6642
5720,7452,7531
5721,6601,6637
5721,7457,7535
5722,6598,6632
5722,7462,7539
5723,6594,6627
5723,7466,7543
5724,6591,6622
5724,7471,7546
5725,6588,6617
5725,7475,7550
5726,6584,6612
5726,7480,7554
5727,6581,6607
5727,7484,7557
5728,6578,6602
5728,7489,7561
5729,6575,6597
5729,7493,7565
5730,6572,6592
5730,7497,7568
5731,6569,6587
5731,7502,7572
5732,6567,6582
5732,7506,7575
5733,6564,6577
5733,7510,7579
5734,6562,6572
5734,7514,7582
5735,6560,6566
5735,7518,7585
5736,7522,7589
5737,7526,7592
5738,7530,7595
5739,7534,7599
5740,7538,7602
5741,7542,7605
5742,7546,7609
9530,6805,6842
5743,7550,7612
9531,6802,6862
5744,7554,7615
9532,6803,6881
5745,7557,7618
9533,6804,6899
5746,7561,7621
9534,6806,6918
5747,7565,7624
9535,6809,6938
5748,7569,7628
9536,6812,6960
5749,7572,7631
9537,6816,6984
5750,7576,7634
9538,6820,7012
5751,7579,7637
9539,6824,7046
5752,7583,7640
9540,6828,7085
5753,7587,7643
9541,6833,7122
5754,7590,7646
9542,6838,7145
5755,7594,7649
9543,6844,7158
5756,7597,7652
9544,6849,7165
5757,7601,7655
9545,6855,7169
5758,7604,7658
9546,6861,7170
5759,7607,7660
9547,6867,7170
5760,7611,7663
9548,6874,7168
5761,7614,7666
9549,6881,7166
5762,7618,7669
9550,6889,7162
5763,7621,7672
9551,6897,7157
5764,7624,7675
9552,6906,7152
5765,7627,7677
9553,6915,7146
5766,7631,7680
9554,6925,7138
5767,7634,7683
9555,6936,7129
5768,7637,7686
9556,6949,7119
5769,7640,7689
9557,6964,7106
5770,7644,7691
9558,6982,7089
5771,7647,7694
9559,7011,7062
5772,7650,7697
5773,7653,7699
5774,7656,7702
5775,7659,7705
5776,7663,7707
5777,7666,7710
5778,7669,7712
7402,8704,8706
5779,7672,7715
7403,8703,8707
5780,7675,7718
7404,8702,8707
5781,7678,7720
7405,8702,8708
5782,7681,7723
7406,8701,8708
5783,7684,7725
7407,8701,8709
5784,7687,7728
7408,8700,8709
5785,7690,7730
7409,8700,8709
5786,7693,7733
7410,8700,8710
5787,7696,7735
7411,8700,8710
5788,7699,7738
7412,8699,8710
5789,7702,7740
7413,8699,8710
5790,7705,7743
7414,8699,8710
5791,7707,7745
7415,8699,8710
5792,7710,7747
7416,8699,8711
5793,7713,7750
7417,8699,8711
5794,7716,7752
7418,8699,8711
5795,7719,7755
7419,8698,8711
5796,7722,7757
7420,8698,8711
5797,7725,7759
7421,8698,8711
5798,7727,7762
7422,8698,8711
5799,7730,7764
7423,8698,8711
5800,7733,7766
7424,8698,8711
5801,7736,7768
7425,8698,8711
5802,7739,7771
7426,8698,8711
5803,7741,7773
7427,8698,8711
5804,7744,7775
7428,8698,8710
5805,7747,7777
7429,8699,8710
5806,7750,7780
7430,8699,8710
5807,7753,7782
7431,8699,8710
5808,7755,7784
7432,8699,8710
5809,7758,7786
7433,8699,8710
5810,7761,7788
7434,8699,8710
5811,7763,7791
7435,8700,8709
5812,7766,7793
7436,8700,8709
5813,7769,7795
7437,8700,8709
5814,7772,7797
7438,8700,8708
5815,7774,7799
7439,8701,8708
5816,7777,7801
7440,8701,8707
5817,7780,7803
7441,8702,8707
5818,7782,7805
7442,8703,8706
5819,7785,7807
7443,8704,8704
5820,7788,7809
5821,7791,7811
5822,7793,7813
5823,7796,7815
5824,7799,7817
5825,7801,7819
5826,7804,7821
5827,7807,7823
5828,7809,7825
5829,7812,7827
5830,7815,7828
5831,7818,7830
5832,7821,7832
5833,7823,7833
5834,7826,7835
5835,7829,7836
