5704,6587,6591
5703,6590,6596
5702,6593,6601
5701,6597,6606
5700,6600,6610
5699,6604,6615
5698,6608,6620
5697,6611,6625
5696,6615,6630
5695,6619,6634
5694,6623,6639
5693,6627,6644
5692,6631,6649
5691,6635,6654
5690,6640,6659
5689,6644,6664
5681,6680,6707
7480,8695,8704
5682,6676,6702
7481,8695,8704
9480,6614,6681
5683,6671,6696
7482,8695,8703
9481,6617,6687
5684,6666,6691
7483,8696,8703
9482,6621,6693
5685,6662,6685
7484,8696,8703
9483,6624,6699
5686,6657,6680
7485,8697,8702
9484,6628,6705
5687,6653,6675
7486,8697,8701
9485,6632,6711
5688,6648,6669
7487,8698,8700
9486,6635,6718
9487,6639,6724
5657,6831,6886
9512,6756,6930
7456,8695,8704
9488,6643,6730
5658,6822,6876
9513,6762,6942
7457,8695,8705
9489,6647,6737
5659,6814,6866
9514,6768,6954
7458,8694,8705
9490,6651,6743
5680,6685,6713
7479,8694,8704
5656,6840,6897
7455,8695,8704
9511,6750,6919
5679,6690,6719
7478,8694,8705
5655,6849,6909
7454,8695,8704
9510,6745,6908
5678,6695,6725
7477,8694,8705
5654,6859,6921
7453,8696,8704
9509,6739,6898
5677,6700,6731
7476,8694,8705
5653,6870,6934
7452,8696,8703
9508,6734,6888
5652,6881,6948
7451,8697,8703
9507,6728,6878
5651,6893,6963
7450,8697,8702
9506,6723,6868
5650,6907,6979
7449,8698,8701
9505,6718,6859
5649,6923,6994
7448,8700,8700
9504,6713,6850
5648,6943,7006
9503,6708,6841
7529,9730,9730
5647,6974,7002
9502,6703,6833
7528,9728,9731
9501,6698,6824
7527,9727,9732
9500,6694,6816
7526,9727,9732
9499,6689,6808
7525,9727,9733
9498,6685,6800
7524,9727,9733
9497,6680,6793
7523,9727,9733
9496,6676,6785
7522,9727,9732
5664,6777,6821
9519,6802,7016
7463,8694,8706
9495,6671,6778
7521,9727,9732
5663,6784,6830
9518,6795,7004
7462,8694,8705
9494,6667,6771
7520,9727,9732
5662,6791,6838
9517,6788,6992
7461,8694,8705
9493,6663,6764
7519,9728,9731
5661,6798,6847
9516,6781,6979
7460,8694,8705
9492,6659,6757
5660,6806,6856
9515,6775,6966
7459,8694,8705
9491,6655,6750
5665,6770,6813
7464,8694,8706
9520,6809,7027
5666,6764,6805
7465,8693,8706
9521,6817,7037
5667,6757,6798
7466,8693,8706
9522,6825,7045
5668,6751,6790
7467,8693,8706
9523,6834,7052
5669,6745,6783
7468,8693,8706
9524,6843,7056
5670,6739,6776
7469,8693,8706
9525,6852,7058
5671,6733,6769
7470,8693,8706
9526,6862,7058
5672,6727,6763
7471,8693,8706
9527,6873,7056
5673,6722,6756
7472,8694,8705
9528,6886,7052
5674,6716,6750
7473,8694,8705
9529,6899,7045
5675,6711,6743
7474,8694,8705
9530,6915,7035
5676,6706,6737
7475,8694,8705
9531,6936,7020
9479,6610,6676
9478,6607,6670
9477,6604,6664
9476,6600,6658
9475,6597,6653
9474,6594,6647
9473,6591,6642
9472,6588,6636
9471,6585,6631
9470,6582,6625
9469,6579,6620
9468,6577,6614
9467,6574,6609
9466,6572,6603
9465,6569,6597
9464,6567,6592
9463,6565,6586
9462,6564,6579
9461,6564,6572
