6761,8687,8688
6762,8686,8689
6763,8686,8690
6764,8686,8691
6765,8686,8691
6766,8686,8692
6767,8686,8693
6768,8686,8693
6769,8686,8694
6770,8686,8695
6771,8686,8695
6772,8686,8696
6773,8686,8696
6774,8686,8697
6775,8686,8697
6776,8686,8698
6777,8687,8698
6778,8687,8699
6779,8687,8699
6780,8687,8700
6781,8687,8700
6782,8687,8700
6783,8687,8701
6784,8688,8701
6785,8688,8702
6786,8688,8702
6787,8688,8703
6788,8688,8703
6789,8689,8703
6790,8689,8704
6791,8689,8704
6792,8689,8705
6793,8689,8705
6794,8689,8705
6795,8690,8706
6796,8690,8706
6797,8690,8707
6798,8690,8707
6799,8690,8707
6800,8691,8708
6801,8691,8708
6802,8691,8708
6803,8691,8709
6804,8692,8709
6805,8692,8709
6806,8692,8710
6807,8692,8710
6808,8692,8710
6809,8693,8711
6810,8693,8711
6811,8693,8711
6812,8693,8712
6813,8693,8712
6814,8694,8712
6815,8694,8713
6816,8694,8713
6817,8694,8713
6818,8694,8714
6819,8695,8714
6820,8695,8714
6821,8695,8714
6822,8695,8715
6823,8696,8715
6824,8696,8715
6825,8696,8716
6826,8696,8716
6827,8696,8716
6828,8697,8716
6829,8697,8717
6830,8697,8717
6831,8697,8717
6832,8697,8718
6833,8698,8718
6834,8698,8718
6835,8698,8718
6836,8698,8719
6837,8699,8719
6838,8699,8719
6839,8699,8719
6840,8699,8720
6841,8699,8720
6842,8700,8720
6843,8700,8720
6844,8700,8721
6845,8700,8721
6846,8700,8721
6847,8701,8721
6848,8701,8722
6849,8701,8722
6850,8701,8722
6851,8702,8722
6852,8702,8722
6853,8702,8723
6854,8702,8723
6855,8702,8723
6856,8703,8723
6857,8703,8724
6858,8703,8724
6859,8703,8724
6860,8703,8724
6861,8704,8724
6862,8704,8725
6863,8704,8725
6864,8704,8725
6865,8704,8725
6866,8705,8725
6867,8705,8726
6868,8705,8726
6869,8705,8726
5788,6804,6825
6870,8705,8726
5789,6790,6830
6871,8706,8726
5790,6779,6830
6872,8706,8727
5791,6770,6830
6873,8706,8727
5792,6762,6828
6874,8706,8727
5793,6755,6826
6875,8706,8727
5794,6748,6823
6876,8707,8727
5795,6741,6820
6877,8707,8727
5796,6735,6816
6878,8707,8728
5797,6729,6813
6879,8707,8728
5798,6723,6809
6880,8707,8728
5799,6717,6805
6881,8708,8728
5800,6712,6801
6882,8708,8728
5801,6707,6796
6883,8708,8729
5802,6702,6792
6884,8708,8729
7015,8724,8742
7016,8724,8742
7017,8724,8742
7018,8725,8742
7019,8725,8742
7020,8725,8742
7021,8725,8742
7022,8725,8742
7023,8725,8742
7024,8725,8742
7025,8725,8743
7026,8725,8743
7027,8725,8743
7028,8725,8743
7029,8725,8743
7030,8725,8743
7031,8725,8743
7032,8725,8743
7033,8725,8743
7034,8725,8743
7035,8725,8743
7036,8725,8743
7037,8725,8743
7038,8725,8743
7039,8725,8743
7040,8726,8743
7041,8726,8743
7042,8726,8743
7043,8726,8743
7044,8726,8743
7045,8726,8743
7046,8726,8743
7047,8726,8743
7048,8726,8743
7049,8726,8744
7050,8726,8744
7051,8726,8744
7052,8726,8744
7053,8726,8744
7054,8726,8744
7055,8726,8744
7056,8726,8744
7057,8726,8744
7058,8726,8744
7059,8726,8744
7060,8726,8744
7061,8726,8744
7141,8736,8736
7140,8734,8737
7139,8734,8737
7138,8733,8738
7137,8733,8738
7136,8733,8739
7135,8732,8739
7134,8732,8739
7133,8732,8740
7132,8732,8740
7131,8731,8740
7130,8731,8740
7129,8731,8740
7128,8731,8741
7127,8731,8741
7126,8731,8741
7125,8730,8741
7124,8730,8741
7123,8730,8741
7122,8730,8742
7121,8730,8742
7090,8727,8744
7089,8727,8744
7088,8727,8744
7087,8727,8744
7086,8727,8744
7085,8727,8744
7084,8727,8744
7083,8727,8744
7082,8727,8744
7081,8727,8744
7080,8727,8744
7079,8727,8744
7078,8727,8744
7077,8727,8744
7076,8727,8744
7075,8727,8744
7062,8726,8744
7063,8726,8744
7064,8726,8744
7065,8726,8744
7066,8726,8744
7067,8726,8744
7068,8727,8744
7069,8727,8744
7070,8727,8744
7071,8727,8744
7072,8727,8744
7073,8727,8744
7074,8727,8744
7091,8727,8744
7092,8728,8744
7093,8728,8744
7094,8728,8744
7095,8728,8744
7096,8728,8744
7097,8728,8744
7098,8728,8743
7099,8728,8743
7100,8728,8743
7101,8728,8743
7102,8728,8743
7103,8728,8743
7104,8728,8743
7105,8728,8743
7106,8728,8743
7107,8728,8743
7108,8729,8743
7109,8729,8743
7110,8729,8743
7111,8729,8743
7112,8729,8743
7113,8729,8743
7114,8729,8742
7115,8729,8742
7116,8729,8742
7117,8729,8742
7118,8729,8742
7119,8730,8742
7120,8730,8742
7014,8724,8742
7013,8724,8742
7012,8724,8742
7011,8724,8742
7010,8724,8742
7009,8724,8742
7008,8724,8742
7007,8724,8742
7006,8724,8741
7005,8724,8741
7004,8724,8741
7003,8724,8741
7002,8724,8741
7001,8723,8741
7000,8723,8741
6999,8723,8741
6998,8723,8741
6997,8723,8741
6996,8723,8741
6995,8723,8741
6994,8723,8741
6993,8723,8741
6992,8723,8741
6991,8723,8740
6990,8723,8740
6989,8723,8740
6988,8723,8740
6987,8722,8740
6986,8722,8740
6985,8722,8740
6984,8722,8740
6983,8722,8740
6982,8722,8740
6981,8722,8740
6980,8722,8740
6979,8722,8740
6978,8722,8740
6977,8722,8739
6976,8721,8739
6975,8721,8739
6974,8721,8739
6973,8721,8739
6972,8721,8739
6971,8721,8739
6970,8721,8739
6969,8721,8739
6968,8721,8739
6967,8721,8739
6966,8720,8739
6965,8720,8738
6964,8720,8738
9668,7245,7286
6963,8720,8738
9667,7235,7301
6962,8720,8738
9666,7230,7311
6961,8720,8738
9665,7226,7321
6960,8720,8738
9664,7224,7328
6959,8720,8738
9663,7223,7336
6958,8720,8738
9662,7223,7342
6957,8719,8738
9661,7224,7348
6956,8719,8738
9660,7225,7354
6955,8719,8738
9659,7227,7359
6954,8719,8737
9658,7229,7364
6953,8719,8737
9657,7232,7368
6952,8719,8737
9656,7235,7372
6951,8719,8737
9655,7239,7376
6950,8719,8737
9654,7243,7380
6949,8718,8737
9653,7248,7384
6948,8718,8737
9652,7253,7387
6947,8718,8737
9651,7258,7390
6946,8718,8737
9650,7264,7393
6945,8718,8737
9649,7270,7396
6944,8718,8737
9648,7277,7398
6943,8718,8736
9647,7284,7400
6942,8718,8736
9646,7292,7402
6941,8717,8736
9645,7299,7403
6940,8717,8736
9644,7308,7404
6939,8717,8736
9643,7317,7405
6938,8717,8736
9642,7326,7405
6937,8717,8736
9641,7336,7404
6936,8717,8736
9640,7348,7402
6935,8717,8736
9639,7362,7398
6934,8716,8735
6933,8716,8735
6932,8716,8735
6931,8716,8735
6930,8716,8735
6929,8716,8735
6928,8716,8735
6927,8715,8735
6926,8715,8735
6925,8715,8734
6924,8715,8734
5841,6579,6593
6923,8715,8734
5840,6579,6600
6922,8715,8734
5839,6580,6607
6921,8715,8734
5838,6581,6613
6920,8714,8734
5837,6583,6619
6919,8714,8734
5836,6585,6624
6918,8714,8734
5835,6587,6630
6917,8714,8733
5834,6589,6635
6916,8714,8733
5833,6591,6640
6915,8714,8733
5832,6593,6645
6914,8713,8733
5831,6596,6650
7454,9721,9724
6913,8713,8733
5830,6598,6655
7453,9720,9724
6912,8713,8733
5829,6601,6660
7452,9719,9725
6911,8713,8733
5828,6604,6666
7451,9719,9725
6910,8713,8733
5827,6607,6671
7450,9718,9725
6909,8713,8732
5826,6610,6676
7449,9718,9725
6908,8712,8732
5825,6613,6681
7448,9718,9724
6907,8712,8732
5824,6616,6685
7447,9718,9724
6906,8712,8732
5823,6619,6690
7446,9718,9724
6905,8712,8732
5822,6622,6695
7445,9719,9723
6904,8712,8732
5821,6625,6700
7444,9720,9721
6903,8712,8732
5820,6628,6705
6902,8711,8731
5819,6632,6710
6901,8711,8731
5818,6635,6715
6900,8711,8731
5817,6639,6720
6899,8711,8731
5816,6642,6725
6898,8711,8731
5815,6646,6730
6897,8710,8731
5814,6650,6735
6896,8710,8731
5813,6654,6740
6895,8710,8730
5812,6658,6745
6894,8710,8730
5811,6662,6749
6893,8710,8730
5810,6666,6754
6892,8710,8730
5809,6670,6759
6891,8709,8730
5808,6674,6764
6890,8709,8730
5807,6678,6769
6889,8709,8729
5806,6683,6773
6888,8709,8729
5805,6687,6778
6887,8709,8729
5804,6692,6783
6886,8708,8729
5803,6697,6787
6885,8708,8729
