5622,6503,6515
5623,6497,6514
5624,6491,6513
5625,6486,6511
5626,6482,6509
5627,6477,6507
5628,6473,6505
5629,6469,6502
5630,6465,6500
5631,6461,6497
5632,6457,6495
5633,6453,6492
5634,6449,6490
5635,6445,6487
5636,6442,6485
5637,6438,6482
5638,6434,6479
5639,6431,6477
5640,6427,6474
5641,6424,6471
5642,6421,6469
5643,6417,6466
5644,6414,6463
5645,6411,6460
5646,6407,6458
5647,6404,6455
5648,6401,6452
5649,6398,6449
5650,6395,6447
5651,6392,6444
5652,6389,6441
5653,6386,6438
5654,6383,6436
5655,6380,6433
5656,6377,6430
5657,6374,6428
5658,6371,6425
5659,6368,6422
5660,6365,6419
5661,6362,6417
5662,6359,6414
5663,6356,6411
5664,6354,6409
5665,6351,6406
5666,6348,6403
5667,6345,6401
5668,6343,6398
5669,6340,6395
5670,6337,6393
5671,6334,6390
5672,6332,6387
5673,6329,6385
5674,6326,6382
5675,6324,6379
5676,6321,6377
5677,6319,6374
5678,6316,6371
5679,6314,6369
5680,6311,6366
5681,6308,6364
5682,6306,6361
5683,6303,6359
5684,6301,6356
5685,6298,6353
5686,6296,6351
5687,6294,6348
5688,6291,6346
5689,6289,6343
5690,6286,6341
5691,6284,6338
5692,6281,6336
5693,6279,6333
5694,6277,6331
5695,6274,6328
5696,6272,6326
5697,6270,6323
5698,6267,6321
5699,6265,6318
5700,6263,6316
5820,6050,6050
5819,6050,6054
5818,6051,6056
5817,6052,6059
5816,6053,6061
5815,6054,6064
5814,6055,6066
5813,6056,6068
5812,6057,6070
5811,6059,6072
5810,6060,6074
5809,6061,6077
5808,6063,6079
5807,6064,6081
5806,6066,6083
5805,6067,6085
5804,6068,6087
5803,6070,6089
5802,6071,6091
5801,6073,6093
5800,6074,6095
5799,6076,6097
5798,6077,6099
5797,6079,6101
5796,6080,6103
5795,6082,6106
5794,6084,6108
5793,6085,6110
5792,6087,6112
5791,6088,6114
5790,6090,6116
5789,6091,6118
5788,6093,6120
5787,6095,6122
5786,6096,6124
5785,6098,6126
5784,6099,6128
5783,6101,6130
5782,6103,6132
5781,6104,6134
5780,6106,6136
5779,6108,6138
5778,6109,6141
7629,8681,8684
5724,6210,6258
7630,8680,8685
5725,6208,6256
7631,8680,8685
5726,6206,6254
7632,8679,8686
5727,6204,6251
7633,8679,8686
5728,6202,6249
7634,8678,8687
5729,6200,6247
7635,8678,8687
5730,6198,6245
7636,8678,8687
5731,6196,6242
7637,8677,8688
5732,6194,6240
7638,8677,8688
5733,6192,6238
7639,8677,8688
5734,6190,6236
7661,8678,8687
5756,6148,6187
7660,8678,8688
5755,6150,6189
7659,8677,8688
5754,6152,6191
7658,8677,8688
5753,6154,6193
7657,8677,8688
5752,6155,6196
5709,6242,6294
7656,8677,8688
5751,6157,6198
5708,6245,6296
7655,8677,8688
5750,6159,6200
5707,6247,6299
7654,8677,8689
5749,6161,6202
5706,6249,6301
7653,8677,8689
5748,6163,6204
5705,6251,6303
7652,8677,8689
5747,6165,6207
5704,6254,6306
7651,8676,8689
5746,6167,6209
5703,6256,6308
7650,8676,8689
5745,6169,6211
5702,6258,6311
7649,8676,8689
5744,6171,6213
7662,8678,8687
5757,6146,6185
7663,8678,8687
5758,6144,6183
7664,8679,8687
5759,6143,6181
7665,8679,8686
5760,6141,6178
7666,8680,8686
5761,6139,6176
7667,8680,8685
5762,6137,6174
7668,8681,8684
5763,6135,6172
5701,6260,6313
7648,8676,8689
5743,6172,6215
7647,8676,8689
5742,6174,6218
7646,8676,8689
5741,6176,6220
7645,8676,8689
5740,6178,6222
7644,8677,8689
5739,6180,6224
7643,8677,8689
5738,6182,6227
7642,8677,8688
5737,6184,6229
7641,8677,8688
5736,6186,6231
7640,8677,8688
5735,6188,6233
5710,6240,6291
5711,6238,6289
5712,6236,6287
5713,6234,6284
5714,6232,6282
5715,6229,6279
5716,6227,6277
5717,6225,6275
5718,6223,6272
5719,6221,6270
5720,6219,6268
5721,6217,6265
5722,6215,6263
5723,6212,6261
5764,6134,6170
5765,6132,6168
5766,6130,6166
5767,6128,6164
7567,9719,9721
5768,6127,6161
7568,9718,9722
5769,6125,6159
7569,9718,9723
5770,6123,6157
7570,9717,9723
5771,6121,6155
7571,9717,9723
5772,6120,6153
7572,9717,9723
5773,6118,6151
7573,9717,9723
5774,6116,6149
7574,9717,9722
5775,6114,6147
7575,9718,9722
5776,6113,6145
7576,9719,9721
5777,6111,6143
