8114,8628,8628
8115,8627,8628
8116,8626,8629
8117,8625,8629
8118,8625,8629
8119,8625,8629
8120,8624,8629
8121,8624,8629
8122,8623,8629
8123,8623,8629
8124,8623,8629
8125,8622,8629
8126,8622,8629
8127,8622,8629
8128,8621,8629
8129,8621,8629
8130,8621,8629
8131,8620,8629
8132,8620,8629
8133,8620,8629
8134,8619,8629
8135,8619,8629
8136,8619,8628
8137,8618,8628
8138,8618,8628
8139,8618,8628
8140,8618,8628
8141,8617,8628
8142,8617,8628
8143,8617,8628
8144,8616,8628
8145,8616,8627
8146,8616,8627
8147,8616,8627
8148,8615,8627
8149,8615,8627
8150,8615,8627
8151,8615,8627
8152,8614,8627
8153,8614,8626
8154,8614,8626
8155,8613,8626
8156,8613,8626
8157,8613,8626
8158,8613,8626
8159,8612,8625
8160,8612,8625
8161,8612,8625
8162,8612,8625
8163,8611,8625
8164,8611,8625
8165,8611,8625
8166,8610,8624
8167,8610,8624
8168,8610,8624
8169,8610,8624
8170,8609,8624
8171,8609,8623
8172,8609,8623
8173,8609,8623
8174,8608,8623
8175,8608,8623
8176,8608,8623
8177,8607,8622
8178,8607,8622
8179,8607,8622
8180,8607,8622
8181,8606,8622
8182,8606,8621
8183,8606,8621
8184,8606,8621
8185,8605,8621
8186,8605,8621
8187,8605,8620
8188,8604,8620
8189,8604,8620
8190,8604,8620
8191,8604,8619
8192,8603,8619
8193,8603,8619
8194,8603,8619
8195,8603,8619
8196,8602,8618
8197,8602,8618
8198,8602,8618
8199,8601,8618
8200,8601,8617
8201,8601,8617
8202,8601,8617
8203,8600,8617
8204,8600,8617
8205,8600,8616
8206,8599,8616
8207,8599,8616
8208,8599,8616
8209,8599,8615
8210,8598,8615
8211,8598,8615
8212,8598,8615
8213,8597,8614
8214,8597,8614
8215,8597,8614
8216,8597,8614
8217,8596,8613
8218,8596,8613
8219,8596,8613
8220,8595,8613
8221,8595,8612
8222,8595,8612
8223,8595,8612
8224,8594,8612
8225,8594,8611
8226,8594,8611
8227,8593,8611
8228,8593,8611
8229,8593,8610
8230,8592,8610
8231,8592,8610
8232,8592,8610
8233,8592,8609
8234,8591,8609
8235,8591,8609
8236,8591,8608
8237,8590,8608
8238,8590,8608
8239,8590,8608
8240,8589,8607
8241,8589,8607
8242,8589,8607
8243,8589,8606
8244,8588,8606
8245,8588,8606
8246,8588,8606
8247,8587,8605
8248,8587,8605
8249,8587,8605
8250,8586,8604
8251,8586,8604
8252,8586,8604
8253,8585,8604
8254,8585,8603
8255,8585,8603
8256,8584,8603
8257,8584,8602
8258,8584,8602
8259,8583,8602
8260,8583,8601
8261,8583,8601
8262,8582,8601
8263,8582,8601
8264,8582,8600
8265,8581,8600
8266,8581,8600
8267,8581,8599
8268,8580,8599
8269,8580,8599
8270,8580,8598
8271,8579,8598
8272,8579,8598
8273,8579,8597
8274,8578,8597
8275,8578,8597
8276,8578,8596
8277,8577,8596
8278,8577,8596
8279,8577,8595
8280,8576,8595
8281,8576,8595
8282,8576,8595
8283,8575,8594
8284,8575,8594
8285,8575,8594
8286,8574,8593
8287,8574,8593
8288,8574,8593
8289,8573,8592
8290,8573,8592
8291,8573,8591
8292,8572,8591
8293,8572,8591
8294,8571,8590
8295,8571,8590
8296,8571,8590
8297,8570,8589
8298,8570,8589
8299,8570,8589
8300,8569,8588
8301,8569,8588
8302,8569,8588
8303,8568,8587
8304,8568,8587
8305,8567,8587
8306,8567,8586
8307,8567,8586
8308,8566,8586
8309,8566,8585
8310,8566,8585
8311,8565,8584
8312,8565,8584
8313,8564,8584
8314,8564,8583
8315,8564,8583
8316,8563,8583
8317,8563,8582
8318,8563,8582
8319,8562,8581
8320,8562,8581
8321,8561,8581
8322,8561,8580
8323,8561,8580
8324,8560,8580
8325,8560,8579
8326,8559,8579
8327,8559,8578
8328,8559,8578
8329,8558,8578
8330,8558,8577
8331,8557,8577
8332,8557,8576
8333,8557,8576
8334,8556,8576
8335,8556,8575
8336,8555,8575
8337,8555,8575
8338,8555,8574
8339,8554,8574
8340,8554,8573
8341,8553,8573
8342,8553,8573
8343,8553,8572
8344,8552,8572
8345,8552,8571
8346,8551,8571
8347,8551,8570
8348,8551,8570
8349,8550,8570
8350,8550,8569
8351,8549,8569
8352,8549,8568
8353,8548,8568
8354,8548,8568
8355,8548,8567
8356,8547,8567
8357,8547,8566
8358,8546,8566
8359,8546,8565
8360,8545,8565
8361,8545,8565
8362,8545,8564
8363,8544,8564
8364,8544,8563
8365,8543,8563
8366,8543,8563
8367,8542,8562
8368,8542,8562
8369,8542,8561
8370,8541,8561
8371,8541,8560
8372,8540,8560
8373,8540,8559
8374,8539,8559
8375,8539,8559
8376,8538,8558
8377,8538,8558
8378,8538,8557
8379,8537,8557
8380,8537,8556
8381,8536,8556
8382,8536,8555
8383,8535,8555
8384,8535,8555
8385,8534,8554
8386,8534,8554
8387,8533,8553
8388,8533,8553
8389,8533,8552
8390,8532,8552
8391,8532,8551
8392,8531,8551
8393,8531,8550
8394,8530,8550
8395,8530,8549
8396,8529,8549
8397,8529,8549
8398,8528,8548
8399,8528,8548
8400,8527,8547
8401,8527,8547
8402,8526,8546
8403,8526,8546
8404,8525,8545
8405,8525,8545
8406,8525,8544
8407,8524,8544
8408,8524,8543
8409,8523,8543
8410,8523,8542
8411,8522,8542
8412,8522,8541
8413,8521,8541
8414,8521,8540
8415,8520,8540
8416,8520,8539
8417,8519,8539
8418,8519,8538
8419,8518,8538
8420,8518,8537
8421,8517,8537
8422,8517,8536
8423,8516,8536
8424,8516,8535
8425,8515,8535
8426,8515,8534
8427,8514,8534
8428,8514,8533
8429,8513,8533
8430,8513,8532
8431,8512,8532
8432,8512,8531
8433,8511,8531
8434,8511,8530
8435,8510,8530
8436,8510,8529
8437,8509,8529
8438,8509,8528
8439,8508,8528
8440,8507,8527
8441,8507,8527
8442,8506,8526
8443,8506,8526
8444,8505,8525
8445,8505,8524
8446,8504,8524
8447,8504,8523
8448,8503,8523
8449,8503,8522
8450,8502,8522
8451,8502,8521
8452,8501,8521
8453,8501,8520
8454,8500,8520
8455,8500,8519
8456,8499,8519
8457,8498,8518
8458,8498,8517
8459,8497,8517
8460,8497,8516
8461,8496,8516
8462,8496,8515
8463,8495,8515
8464,8495,8514
8465,8494,8514
8466,8494,8513
8467,8493,8512
8468,8492,8512
8469,8492,8511
8470,8491,8511
8471,8491,8510
8472,8490,8510
8473,8490,8509
8474,8489,8509
8475,8489,8508
8476,8488,8507
8477,8487,8507
8478,8487,8506
8479,8486,8506
8480,8486,8505
8481,8485,8505
8482,8485,8504
8483,8484,8503
8768,8262,8286
8769,8261,8285
8770,8260,8284
8771,8259,8283
8772,8258,8282
8773,8257,8281
8774,8256,8280
8775,8255,8279
8776,8254,8278
8777,8253,8277
8778,8252,8276
8779,8251,8275
8780,8250,8274
8781,8249,8273
8782,8248,8272
8783,8247,8271
8784,8245,8270
8785,8244,8269
8786,8243,8268
8787,8242,8267
8788,8241,8266
5462,6456,6474
8789,8240,8265
5463,6449,6475
8790,8239,8264
5464,6444,6476
8791,8238,8263
5465,6438,6475
8792,8237,8262
5466,6434,6474
8793,8236,8261
5467,6429,6473
8794,8235,8260
5468,6425,6472
8795,8234,8259
5469,6421,6471
8796,8233,8258
5470,6417,6469
8797,8232,8257
5471,6413,6467
8798,8231,8256
5472,6410,6465
8799,8230,8255
5473,6406,6464
8800,8229,8254
5474,6402,6462
8801,8227,8253
5475,6399,6459
8802,8226,8252
5476,6396,6457
8803,8225,8251
5477,6393,6455
8804,8224,8250
5478,6389,6453
8805,8223,8249
5479,6386,6450
8806,8222,8248
5480,6383,6448
8807,8221,8247
5481,6380,6446
8808,8220,8246
5482,6377,6443
8809,8219,8245
5483,6374,6441
8810,8218,8244
5484,6372,6438
8811,8217,8243
5485,6369,6435
8812,8216,8242
5486,6366,6433
8813,8214,8241
5487,6363,6430
8814,8213,8240
5488,6361,6428
8815,8212,8239
5489,6358,6425
8816,8211,8238
5490,6356,6422
8817,8210,8236
5491,6353,6419
8818,8209,8235
5492,6351,6416
8819,8208,8234
5493,6348,6414
8820,8207,8233
5494,6346,6411
8821,8206,8232
5495,6343,6408
8822,8204,8231
5496,6341,6405
8823,8203,8230
5497,6339,6402
8824,8202,8229
5498,6337,6399
8825,8201,8228
5499,6334,6396
8826,8200,8227
5500,6332,6393
8827,8199,8226
5501,6330,6390
8828,8198,8225
5502,6328,6387
8829,8197,8224
5503,6326,6384
8830,8195,8223
5504,6324,6381
8831,8194,8222
5505,6322,6378
8832,8193,8220
5506,6320,6375
8833,8192,8219
5507,6318,6371
8834,8191,8218
5508,6316,6368
8835,8190,8217
5509,6315,6365
8836,8189,8216
5510,6313,6362
8837,8188,8215
5511,6311,6358
8838,8186,8214
5512,6310,6355
8839,8185,8213
5513,6308,6351
8840,8184,8212
5514,6307,6348
8841,8183,8211
5515,6305,6344
8842,8182,8210
5516,6304,6341
8843,8181,8208
5517,6303,6337
8844,8179,8207
5518,6302,6333
8845,8178,8206
5519,6301,6329
8846,8177,8205
5520,6300,6325
8847,8176,8204
5521,6300,6320
8848,8175,8203
5522,6300,6315
8849,8174,8202
5523,6302,6308
8850,8173,8201
8851,8171,8200
8852,8170,8198
8853,8169,8197
8854,8168,8196
8855,8167,8195
8856,8165,8194
8857,8164,8193
8858,8163,8192
8859,8162,8190
8860,8161,8189
8861,8160,8188
8862,8158,8187
8863,8157,8186
8864,8156,8185
8865,8155,8184
8866,8154,8182
8867,8152,8181
8868,8151,8180
8869,8150,8179
8870,8149,8178
8871,8148,8177
8872,8146,8175
8873,8145,8174
8874,8144,8173
8875,8143,8172
8876,8141,8171
8877,8140,8170
8878,8139,8168
8879,8138,8167
8880,8137,8166
8881,8135,8165
8882,8134,8164
8883,8133,8162
8884,8132,8161
8885,8130,8160
8886,8129,8159
9024,7948,7952
9023,7949,7955
9022,7949,7957
9021,7950,7959
9020,7951,7961
9019,7953,7964
9018,7954,7966
9017,7955,7968
9016,7956,7970
9015,7957,7972
9014,7959,7973
8945,8053,8082
8944,8054,8084
8943,8055,8085
8942,8057,8087
8941,8058,8088
8940,8060,8089
8939,8061,8091
8938,8062,8092
8937,8064,8093
8936,8065,8095
8935,8066,8096
8934,8068,8098
8933,8069,8099
8932,8070,8100
8931,8071,8102
8930,8073,8103
8929,8074,8104
8928,8075,8106
8927,8077,8107
8926,8078,8108
8925,8079,8110
8924,8081,8111
8923,8082,8112
8922,8083,8114
8921,8085,8115
8920,8086,8116
8919,8087,8117
8918,8089,8119
8917,8090,8120
8916,8091,8121
8899,8113,8143
8898,8114,8144
8897,8115,8145
8896,8117,8147
8895,8118,8148
8894,8119,8149
8893,8120,8150
8892,8122,8152
8891,8123,8153
8890,8124,8154
8889,8125,8155
8888,8127,8156
8887,8128,8158
8900,8112,8142
8901,8110,8140
8902,8109,8139
8903,8108,8138
8904,8107,8137
8905,8105,8135
8906,8104,8134
8907,8103,8133
8908,8101,8132
8909,8100,8130
8910,8099,8129
8911,8098,8128
8912,8096,8126
8913,8095,8125
8914,8094,8124
8915,8092,8123
8946,8051,8081
8947,8050,8080
8948,8049,8078
8949,8047,8077
8950,8046,8075
8951,8045,8074
8952,8043,8073
8953,8042,8071
8954,8041,8070
8955,8039,8068
8956,8038,8067
8957,8037,8065
8958,8035,8064
8959,8034,8063
8960,8032,8061
8961,8031,8060
8962,8030,8058
8963,8028,8057
8964,8027,8055
8965,8026,8054
8966,8024,8052
8967,8023,8051
8968,8021,8049
8969,8020,8048
8970,8019,8046
8971,8017,8045
8972,8016,8043
8973,8015,8042
8974,8013,8040
8975,8012,8039
8976,8010,8037
8977,8009,8036
8978,8008,8034
8979,8006,8033
8980,8005,8031
8981,8003,8029
8982,8002,8028
8983,8001,8026
8984,7999,8025
8985,7998,8023
8986,7996,8022
8987,7995,8020
8988,7994,8018
8989,7992,8017
8990,7991,8015
8991,7990,8014
8992,7988,8012
8993,7987,8010
8994,7985,8009
8995,7984,8007
8996,7983,8005
8997,7981,8004
8998,7980,8002
8999,7979,8000
9000,7977,7999
9001,7976,7997
9002,7974,7995
9003,7973,7993
9004,7972,7992
9005,7970,7990
9006,7969,7988
9007,7968,7986
9008,7966,7985
9009,7965,7983
9010,7964,7981
9011,7962,7979
9012,7961,7977
9013,7960,7975
8767,8263,8287
8766,8264,8288
8765,8265,8289
8764,8266,8290
8763,8267,8291
8762,8268,8292
8761,8269,8292
8760,8270,8293
8759,8271,8294
8758,8272,8295
8757,8273,8296
8756,8274,8297
8755,8275,8298
8754,8276,8299
8753,8277,8300
8752,8278,8301
8751,8279,8302
8750,8280,8303
8749,8281,8304
8748,8282,8305
8747,8283,8306
8746,8284,8307
8745,8285,8307
8744,8286,8308
7634,9686,9688
8743,8287,8309
7633,9686,9689
8742,8288,8310
7632,9685,9690
8741,8289,8311
7631,9685,9690
8740,8290,8312
7630,9685,9690
8739,8291,8313
7629,9685,9690
8738,8292,8314
7628,9686,9690
8737,8292,8315
7627,9687,9690
8736,8293,8316
7626,9688,9689
8735,8294,8317
8734,8295,8318
8733,8296,8318
8732,8297,8319
8731,8298,8320
8730,8299,8321
8729,8300,8322
8728,8301,8323
8727,8302,8324
8726,8303,8325
8725,8304,8326
8724,8305,8327
8723,8306,8327
8722,8307,8328
8721,8308,8329
8720,8309,8330
8719,8309,8331
8718,8310,8332
8717,8311,8333
8716,8312,8334
8715,8313,8335
8714,8314,8335
8713,8315,8336
8712,8316,8337
8711,8317,8338
8710,8318,8339
8709,8319,8340
8708,8320,8341
8707,8320,8342
8706,8321,8342
8705,8322,8343
8704,8323,8344
8703,8324,8345
8702,8325,8346
8701,8326,8347
8700,8327,8348
8699,8328,8348
8698,8329,8349
8697,8329,8350
8696,8330,8351
8695,8331,8352
8694,8332,8353
8693,8333,8354
8692,8334,8354
8691,8335,8355
8690,8336,8356
8689,8336,8357
8688,8337,8358
8687,8338,8359
8686,8339,8360
8685,8340,8360
8684,8341,8361
8683,8342,8362
8682,8343,8363
8681,8343,8364
8680,8344,8365
8679,8345,8365
8678,8346,8366
8677,8347,8367
8676,8348,8368
8675,8349,8369
8674,8349,8370
8673,8350,8370
8672,8351,8371
8671,8352,8372
8670,8353,8373
8669,8354,8374
8668,8354,8374
8667,8355,8375
8666,8356,8376
8665,8357,8377
8664,8358,8378
8663,8359,8378
8662,8359,8379
8661,8360,8380
8660,8361,8381
8659,8362,8382
8658,8363,8383
8657,8364,8383
8656,8364,8384
8655,8365,8385
8654,8366,8386
8653,8367,8387
8652,8368,8387
8651,8368,8388
8650,8369,8389
8649,8370,8390
8648,8371,8390
8647,8372,8391
8646,8373,8392
8645,8373,8393
8644,8374,8394
8643,8375,8394
8642,8376,8395
8641,8377,8396
8640,8377,8397
8639,8378,8398
8638,8379,8398
8637,8380,8399
8636,8380,8400
8635,8381,8401
8634,8382,8401
8633,8383,8402
8632,8384,8403
8631,8384,8404
8630,8385,8404
8629,8386,8405
8628,8387,8406
8627,8388,8407
8626,8388,8408
8625,8389,8408
8624,8390,8409
8623,8391,8410
8622,8391,8411
8621,8392,8411
8620,8393,8412
8619,8394,8413
8618,8394,8414
8617,8395,8414
8616,8396,8415
8615,8397,8416
8614,8397,8417
8613,8398,8417
8612,8399,8418
8611,8400,8419
8610,8400,8420
8609,8401,8420
8608,8402,8421
8607,8403,8422
8606,8403,8423
8605,8404,8423
8604,8405,8424
8603,8406,8425
8602,8406,8425
8601,8407,8426
8600,8408,8427
8599,8409,8428
8598,8409,8428
8597,8410,8429
8596,8411,8430
8595,8411,8431
8594,8412,8431
8593,8413,8432
8592,8414,8433
8591,8414,8433
8590,8415,8434
8589,8416,8435
8588,8417,8436
8587,8417,8436
8586,8418,8437
8585,8419,8438
8584,8419,8438
8583,8420,8439
8582,8421,8440
8581,8421,8440
8580,8422,8441
8579,8423,8442
8578,8424,8443
8577,8424,8443
8576,8425,8444
8575,8426,8445
8574,8426,8445
8573,8427,8446
8572,8428,8447
8571,8428,8447
8570,8429,8448
8569,8430,8449
8568,8431,8450
8567,8431,8450
8566,8432,8451
8565,8433,8452
8564,8433,8452
8563,8434,8453
8562,8435,8454
8561,8435,8454
8560,8436,8455
8559,8437,8456
8558,8437,8456
8557,8438,8457
8556,8439,8458
8555,8439,8458
8554,8440,8459
8553,8441,8460
8552,8441,8460
8551,8442,8461
8550,8443,8462
8549,8443,8462
8548,8444,8463
8547,8445,8464
8546,8445,8464
8545,8446,8465
8544,8447,8466
8543,8447,8466
8542,8448,8467
8541,8449,8468
8540,8449,8468
8539,8450,8469
8538,8450,8470
8537,8451,8470
8536,8452,8471
8535,8452,8472
8534,8453,8472
8533,8454,8473
8532,8454,8473
8531,8455,8474
8530,8456,8475
8529,8456,8475
8528,8457,8476
8527,8457,8477
8526,8458,8477
8525,8459,8478
8524,8459,8479
8523,8460,8479
8522,8461,8480
8521,8461,8480
8520,8462,8481
8519,8462,8482
8518,8463,8482
8517,8464,8483
8516,8464,8484
8515,8465,8484
8514,8466,8485
8513,8466,8485
8512,8467,8486
8511,8467,8487
8510,8468,8487
8509,8469,8488
8508,8469,8488
8507,8470,8489
8506,8470,8490
8505,8471,8490
8504,8472,8491
8503,8472,8492
8502,8473,8492
8501,8473,8493
8500,8474,8493
8499,8475,8494
8498,8475,8495
8497,8476,8495
8496,8476,8496
8495,8477,8496
8494,8478,8497
8493,8478,8498
8492,8479,8498
8491,8479,8499
8490,8480,8499
8489,8480,8500
8488,8481,8500
8487,8482,8501
8486,8482,8502
8485,8483,8502
8484,8483,8503
