7482,9727,9730
7483,9726,9731
7484,9726,9731
7485,9726,9732
7486,9726,9732
7492,9729,9730
7491,9728,9731
7490,9727,9732
7489,9726,9732
7488,9726,9732
7487,9726,9732
6072,8178,8179
6073,8178,8182
6074,8179,8184
6075,8180,8186
6076,8181,8187
6077,8182,8189
6078,8183,8191
6079,8184,8193
6080,8185,8194
6081,8186,8196
6082,8187,8197
6083,8188,8199
6084,8189,8201
6085,8190,8202
6086,8191,8204
6087,8192,8205
6088,8193,8207
6089,8194,8208
6090,8195,8210
6091,8196,8211
6092,8197,8213
6093,8199,8214
6094,8200,8216
6095,8201,8217
6096,8202,8219
6097,8203,8220
6098,8204,8222
6099,8205,8223
6100,8206,8224
6101,8208,8226
6102,8209,8227
6103,8210,8229
6104,8211,8230
6105,8212,8231
6106,8213,8233
6107,8214,8234
6108,8215,8236
6109,8217,8237
6110,8218,8238
6111,8219,8240
6112,8220,8241
6113,8221,8242
6114,8222,8244
6115,8223,8245
6116,8225,8247
6117,8226,8248
6118,8227,8249
6119,8228,8251
6120,8229,8252
6121,8230,8253
6122,8231,8254
6123,8232,8256
6124,8234,8257
6125,8235,8258
6126,8236,8260
6127,8237,8261
6128,8238,8262
6129,8239,8264
6130,8240,8265
6131,8241,8266
6132,8243,8267
6133,8244,8269
6134,8245,8270
6135,8246,8271
6136,8247,8272
6137,8248,8274
6138,8249,8275
6139,8250,8276
6140,8252,8277
6141,8253,8279
6142,8254,8280
6143,8255,8281
6144,8256,8282
6145,8257,8284
6146,8258,8285
6147,8259,8286
6148,8260,8287
6149,8262,8289
6150,8263,8290
6151,8264,8291
6152,8265,8292
6153,8266,8293
6154,8267,8295
6155,8268,8296
6156,8269,8297
6157,8270,8298
6158,8272,8299
6159,8273,8301
6160,8274,8302
6161,8275,8303
6162,8276,8304
6163,8277,8305
6164,8278,8306
6165,8279,8308
6166,8280,8309
6167,8281,8310
6168,8282,8311
6169,8284,8312
6170,8285,8313
6171,8286,8315
6172,8287,8316
6173,8288,8317
6174,8289,8318
6175,8290,8319
6176,8291,8320
6177,8292,8321
6178,8293,8322
6179,8294,8324
6180,8295,8325
6181,8297,8326
6182,8298,8327
6183,8299,8328
6184,8300,8329
6185,8301,8330
6186,8302,8331
6187,8303,8332
6188,8304,8334
6189,8305,8335
6190,8306,8336
6191,8307,8337
6192,8308,8338
6193,8309,8339
6194,8310,8340
6195,8312,8341
6196,8313,8342
6197,8314,8343
6198,8315,8344
6199,8316,8345
6200,8317,8346
6201,8318,8348
6202,8319,8349
6203,8320,8350
6204,8321,8351
6205,8322,8352
6206,8323,8353
6207,8324,8354
6208,8325,8355
6209,8326,8356
6210,8327,8357
6211,8328,8358
6212,8329,8359
6213,8330,8360
6214,8332,8361
6328,8453,8453
6327,8450,8453
6326,8449,8453
6325,8447,8453
6324,8446,8453
6323,8445,8452
6322,8443,8452
6321,8442,8451
9604,7109,7154
9603,7087,7178
9602,7074,7193
9601,7065,7205
9600,7057,7216
9599,7051,7225
9598,7047,7233
9597,7043,7241
6282,8401,8424
5741,6687,6791
9596,7041,7247
6281,8400,8423
5740,6691,6798
9595,7040,7254
6280,8399,8422
5739,6696,6805
9594,7039,7260
6279,8398,8421
5738,6701,6813
9593,7040,7265
6278,8397,8420
5737,6705,6820
9592,7042,7270
6277,8396,8420
5736,6710,6828
9591,7046,7274
6276,8395,8419
5735,6715,6836
9590,7051,7279
6275,8394,8418
5734,6720,6844
9589,7059,7282
6274,8393,8417
5733,6725,6852
9588,7068,7286
6273,8392,8416
5732,6730,6861
9587,7079,7289
6272,8391,8415
5731,6736,6870
9586,7093,7291
6271,8390,8415
5730,6741,6879
9585,7108,7294
9584,7126,7295
9583,7144,7296
5750,6649,6732
6291,8410,8431
5742,6682,6784
6283,8402,8425
9579,7237,7282
5768,6588,6633
6309,8429,8444
5743,6678,6777
6284,8403,8425
9580,7209,7291
5769,6585,6627
6310,8430,8445
5744,6674,6770
6285,8404,8426
9581,7186,7295
5770,6582,6622
6311,8431,8445
5745,6670,6764
6286,8405,8427
9582,7165,7296
5771,6580,6617
6312,8432,8446
5746,6665,6757
6287,8406,8428
5772,6577,6612
6313,8433,8447
5747,6661,6751
6288,8407,8429
5773,6574,6606
6314,8434,8447
5748,6657,6745
6289,8408,8429
5774,6572,6601
6315,8435,8448
5749,6653,6738
6290,8409,8430
5775,6570,6595
6316,8436,8449
5776,6568,6590
6317,8438,8449
6238,8356,8385
7320,8710,8722
5751,6645,6726
6292,8411,8432
5777,6566,6584
6318,8439,8450
6265,8384,8409
5724,6776,6944
7347,8711,8719
5778,6565,6578
6319,8440,8450
6266,8385,8410
5725,6770,6932
7348,8712,8719
5760,6613,6675
6301,8420,8438
6267,8386,8411
5726,6764,6920
7349,8712,8718
5762,6606,6664
6303,8422,8440
6269,8388,8413
5728,6752,6899
7351,8713,8717
6270,8389,8414
5729,6747,6889
7352,8715,8716
5761,6610,6670
6302,8421,8439
6268,8387,8412
5727,6758,6909
7350,8713,8718
5763,6603,6659
6304,8424,8441
5764,6600,6654
6305,8425,8441
5765,6597,6648
6306,8426,8442
5766,6594,6643
6307,8427,8443
5767,6591,6638
6308,8428,8443
5759,6616,6681
6300,8419,8438
6245,8363,8391
7327,8709,8722
5758,6620,6686
6299,8418,8437
6244,8362,8390
7326,8709,8722
5757,6623,6692
6298,8417,8436
6243,8361,8389
7325,8709,8722
5756,6627,6697
6297,8416,8435
6242,8360,8389
7324,8709,8722
5755,6630,6703
6296,8415,8435
6241,8359,8388
7323,8709,8722
5754,6634,6709
6295,8414,8434
6240,8358,8387
7322,8709,8722
5753,6638,6714
6294,8413,8433
6239,8357,8386
7321,8709,8722
6320,8441,8451
5779,6567,6569
5752,6642,6720
6293,8412,8432
6264,8383,8409
7346,8711,8719
5723,6783,6957
7319,8710,8722
6237,8355,8384
6263,8382,8408
7345,8711,8720
5722,6789,6971
7318,8710,8722
6236,8354,8383
6262,8381,8407
7344,8710,8720
5721,6796,6986
7317,8710,8722
6235,8353,8382
6261,8380,8406
7343,8710,8720
5720,6803,7003
7316,8710,8722
6234,8352,8381
6260,8379,8405
7342,8710,8721
5719,6810,7022
7315,8710,8722
6233,8351,8380
6259,8378,8404
7341,8710,8721
5718,6818,7043
7314,8711,8721
6232,8350,8379
6258,8377,8403
7340,8710,8721
5717,6825,7068
7313,8711,8721
6231,8349,8378
6257,8376,8402
7339,8710,8721
5716,6833,7094
7312,8711,8721
6230,8348,8377
6256,8375,8401
7338,8709,8721
5715,6842,7118
7311,8711,8721
6229,8347,8376
6255,8374,8400
7337,8709,8722
5714,6851,7131
7310,8712,8721
6228,8346,8375
6254,8373,8400
7336,8709,8722
5713,6860,7136
7309,8712,8720
6227,8345,8374
6253,8372,8399
7335,8709,8722
5712,6870,7135
7308,8712,8720
6226,8344,8373
6252,8371,8398
7334,8709,8722
5711,6881,7132
7307,8713,8720
6225,8343,8372
6251,8370,8397
7333,8709,8722
5710,6892,7126
7306,8713,8719
6224,8342,8371
6250,8369,8396
7332,8709,8722
5709,6905,7118
7305,8714,8719
6223,8341,8370
6249,8368,8395
7331,8709,8722
5708,6919,7107
7304,8714,8718
6222,8340,8369
6248,8367,8394
7330,8709,8722
5707,6936,7094
7303,8715,8717
6221,8339,8368
6247,8366,8393
7329,8709,8722
5706,6957,7076
6220,8338,8367
6246,8365,8392
7328,8709,8722
5705,6989,7046
6219,8337,8366
6215,8333,8362
6216,8334,8363
6217,8335,8364
6218,8336,8365
