5683,7003,7109
5684,6976,7136
5685,6956,7156
5686,6939,7173
5687,6925,7188
5688,6912,7201
5689,6900,7213
5690,6889,7225
5691,6879,7235
5692,6869,7245
5693,6860,7255
5694,6851,7264
5695,6842,7273
5696,6834,7281
5697,6826,7289
5698,6819,7297
5699,6812,7305
5700,6805,7312
5701,6798,7319
5702,7124,7326
5702,6791,7018
5703,7153,7333
5703,6785,6988
5704,7175,7340
5704,6778,6966
5705,7192,7346
5705,6772,6948
5706,7208,7352
5706,6766,6933
5707,7221,7359
5707,6760,6918
5708,7234,7365
5708,6754,6905
5709,7245,7371
5709,6749,6893
5710,7256,7377
5710,6743,6882
5711,7267,7382
5711,6738,6872
5712,7276,7388
5712,6733,6861
5713,7286,7394
5713,6727,6852
5714,7294,7399
5714,6722,6843
5715,7303,7404
5715,6717,6834
5716,7311,7410
5716,6712,6825
5717,7319,7415
5717,6707,6817
5718,7327,7420
5718,6703,6809
5719,7334,7425
5719,6698,6801
5720,7341,7430
5720,6693,6793
5721,7348,7435
5721,6689,6786
5722,7355,7440
5722,6684,6779
5723,7362,7445
5723,6680,6771
5724,7368,7450
5724,6675,6764
5725,7374,7454
5725,6671,6758
5726,7381,7459
5726,6667,6751
5727,7387,7464
5727,6663,6744
5728,7393,7468
5728,6658,6738
5774,7592,7641
9562,7117,7233
5775,7596,7644
9563,7049,7241
5776,7599,7648
9564,6994,7245
5777,7602,7651
9565,6970,7246
5778,7606,7654
9566,6958,7246
5779,7609,7657
9567,6952,7244
5780,7612,7660
9568,6949,7242
5781,7616,7663
9569,6948,7240
5782,7619,7666
9570,6948,7237
5783,7622,7669
9571,6950,7233
5784,7625,7672
9572,6952,7229
5785,7628,7675
9573,6956,7224
5786,7632,7678
9574,6960,7218
5787,7635,7681
9575,6965,7212
5788,7638,7684
9576,6970,7206
5789,7641,7687
9577,6977,7199
5790,7644,7690
9578,6984,7191
5791,7647,7693
9579,6992,7182
5792,7650,7696
9580,7002,7172
5793,7653,7699
9581,7014,7160
5794,7656,7702
9582,7028,7146
5795,7659,7705
9583,7047,7126
5796,7662,7707
5797,7665,7710
5798,7668,7713
5799,7671,7716
5800,7674,7719
5801,7677,7721
5802,7679,7724
5803,7682,7727
5804,7685,7730
5805,7688,7732
5806,7691,7735
5807,7693,7738
5808,7696,7741
5809,7699,7743
5810,7702,7746
5811,7704,7749
5812,7707,7751
5813,7710,7754
5814,7713,7757
5815,7715,7759
5816,7718,7762
5817,7721,7764
5818,7723,7767
5819,7726,7769
5820,7728,7772
5821,7731,7775
5822,7734,7777
5823,7736,7780
5824,7739,7782
5825,7741,7785
5826,7744,7787
5827,7746,7790
5828,7749,7792
5829,7751,7795
5830,7754,7797
5831,7756,7799
5832,7759,7802
5833,7761,7804
5834,7764,7807
5835,7766,7809
5836,7769,7812
5837,7771,7814
5838,7773,7816
5839,7776,7819
5840,7778,7821
5841,7781,7823
5842,7783,7826
5843,7785,7828
5844,7788,7830
5845,7790,7833
5846,7792,7835
5847,7795,7837
5848,7797,7840
5849,7799,7842
5850,7802,7844
5851,7804,7847
5852,7806,7849
5853,7808,7851
5854,7811,7853
5855,7813,7856
5856,7815,7858
5857,7817,7860
5858,7820,7862
5859,7822,7864
5860,7824,7867
5861,7826,7869
5862,7829,7871
5863,7831,7873
5864,7833,7875
5865,7835,7877
5866,7837,7880
5867,7839,7882
5868,7842,7884
5869,7844,7886
7493,9729,9730
5870,7846,7888
7494,9728,9731
5871,7848,7890
7495,9727,9732
5872,7850,7892
7496,9727,9732
5873,7852,7894
7497,9727,9733
5874,7854,7897
7498,9727,9733
5875,7857,7899
7499,9727,9733
5876,7859,7901
7500,9727,9733
5877,7861,7903
7501,9727,9733
5878,7863,7905
7502,9728,9732
5879,7865,7907
7503,9729,9732
5880,7867,7909
5881,7869,7911
5882,7871,7913
5883,7873,7915
5884,7875,7917
5885,7877,7919
5886,7879,7921
5887,7881,7923
5888,7883,7925
5889,7885,7927
5890,7887,7929
5891,7889,7931
5892,7891,7933
5893,7893,7935
5894,7895,7937
5895,7897,7939
5896,7899,7941
5897,7901,7943
5898,7903,7945
6040,8141,8171
6039,8140,8170
6038,8138,8168
6037,8137,8167
6036,8135,8166
6035,8134,8164
6034,8132,8163
6033,8131,8162
6032,8129,8160
6031,8128,8159
6030,8126,8158
6029,8125,8156
6028,8123,8155
6027,8122,8154
6026,8120,8152
6025,8119,8151
6024,8117,8150
6023,8116,8148
6022,8114,8147
6021,8113,8146
6020,8111,8144
6019,8110,8143
6018,8108,8142
6017,8107,8140
6016,8105,8139
6015,8104,8137
6014,8102,8136
6013,8101,8135
6012,8099,8133
6011,8098,8132
6010,8096,8130
6009,8095,8129
6008,8093,8128
6007,8091,8126
6006,8090,8125
6005,8088,8123
6004,8087,8122
6003,8085,8120
6002,8084,8119
6001,8082,8117
6000,8081,8116
5973,8037,8075
5747,7488,7547
5747,6590,6631
7370,8704,8717
6085,8206,8225
5974,8039,8077
5748,7493,7551
5748,6587,6626
7371,8704,8717
6086,8208,8226
5975,8041,8078
5749,7497,7555
5749,6584,6621
7372,8704,8717
6087,8209,8227
5976,8042,8080
5750,7501,7559
5750,6581,6615
7373,8704,8717
6088,8211,8228
5977,8044,8082
5751,7506,7562
5751,6578,6610
7374,8704,8717
6089,8212,8229
5999,8079,8115
5773,7589,7638
7396,8709,8711
5998,8078,8113
5772,7585,7635
7395,8708,8712
6110,8246,8247
5997,8076,8112
5771,7582,7631
7394,8707,8713
6109,8243,8247
5996,8074,8110
5770,7578,7628
7393,8706,8713
6108,8241,8246
5995,8073,8109
5769,7575,7625
7392,8706,8714
6107,8240,8246
5994,8071,8107
5768,7571,7622
7391,8706,8714
6106,8238,8245
5993,8070,8106
5767,7568,7618
7390,8705,8714
6105,8236,8244
5992,8068,8104
5766,7564,7615
7389,8705,8715
6104,8235,8244
5991,8066,8103
5765,7560,7612
7388,8705,8715
6103,8233,8243
5746,7484,7543
5746,6593,6636
7369,8704,8716
6084,8205,8224
5972,8036,8074
5978,8046,8083
5752,7510,7566
5752,6575,6605
7375,8704,8717
6090,8213,8230
5979,8047,8085
5753,7514,7570
5753,6572,6600
7376,8704,8717
6091,8215,8231
5980,8049,8086
5754,7518,7573
5754,6570,6595
7377,8704,8716
6092,8216,8232
5981,8050,8088
5755,7522,7577
5755,6567,6590
7378,8704,8716
6093,8218,8233
5982,8052,8089
5756,7526,7580
5756,6565,6584
7379,8704,8716
6094,8219,8234
5983,8054,8091
5757,7530,7584
5757,6563,6578
7380,8704,8716
6095,8221,8235
5984,8055,8092
5758,7534,7588
5758,6562,6572
7381,8704,8716
6096,8222,8236
5985,8057,8094
5759,7538,7591
5759,6563,6564
7382,8704,8716
6097,8224,8237
5986,8059,8095
5760,7542,7595
7383,8704,8716
6098,8225,8238
5987,8060,8097
5761,7546,7598
7384,8704,8716
6099,8227,8239
5988,8062,8098
5762,7549,7601
7385,8704,8716
6100,8228,8240
5989,8063,8100
5763,7553,7605
7386,8705,8715
6101,8230,8241
5990,8065,8101
5764,7557,7608
7387,8705,8715
6102,8231,8242
5745,7479,7539
5745,6596,6641
7368,8704,8716
6083,8203,8223
5971,8034,8072
5970,8033,8071
5744,7475,7536
5744,6599,6647
7367,8704,8716
6082,8202,8222
5969,8031,8069
5743,7470,7532
5743,6603,6652
7366,8704,8716
6081,8200,8220
5968,8029,8067
5742,7466,7528
5742,6606,6657
7365,8705,8716
6080,8199,8219
5967,8028,8066
5741,7461,7524
5741,6609,6663
7364,8705,8716
6079,8198,8218
5966,8026,8064
5740,7456,7520
5740,6613,6668
7363,8705,8716
6078,8196,8217
5965,8024,8063
5739,7451,7516
5739,6616,6673
7362,8705,8716
6077,8195,8216
5964,8023,8061
5738,7446,7512
5738,6620,6679
7361,8705,8716
6076,8193,8215
5963,8021,8059
5737,7441,7507
5737,6624,6684
7360,8706,8715
6075,8192,8214
5962,8019,8058
5736,7436,7503
5736,6627,6690
7359,8706,8715
6074,8190,8213
5961,8018,8056
5735,7431,7499
5735,6631,6696
7358,8706,8715
6073,8189,8211
5960,8016,8055
5734,7426,7495
5734,6635,6702
7357,8707,8714
6072,8187,8210
5959,8014,8053
5733,7421,7490
5733,6639,6707
7356,8707,8714
6071,8186,8209
5732,7415,7486
5732,6642,6713
7355,8708,8714
6070,8185,8208
5731,7410,7482
5731,6646,6719
7354,8708,8713
6069,8183,8207
5730,7404,7477
5730,6650,6726
7353,8709,8712
6068,8182,8206
5729,7398,7473
5729,6654,6732
7352,8710,8711
6067,8180,8204
6041,8143,8172
6042,8144,8174
6043,8146,8175
6044,8147,8176
6045,8148,8177
6046,8150,8179
6047,8151,8180
6048,8153,8181
6049,8154,8182
6050,8156,8184
6051,8157,8185
6052,8159,8186
6053,8160,8187
6054,8162,8189
6055,8163,8190
6056,8164,8191
6057,8166,8192
6058,8167,8194
6059,8169,8195
6060,8170,8196
6061,8172,8197
6062,8173,8198
6063,8175,8200
6064,8176,8201
6065,8177,8202
6066,8179,8203
5958,8012,8051
5957,8011,8050
5956,8009,8048
5955,8007,8046
5954,8006,8045
5953,8004,8043
5952,8002,8042
5951,8001,8040
5950,7999,8038
5949,7997,8037
5948,7995,8035
5947,7994,8033
5946,7992,8032
5945,7990,8030
5944,7988,8028
5943,7987,8026
5942,7985,8025
5941,7983,8023
5940,7981,8021
5939,7980,8020
5938,7978,8018
5937,7976,8016
5936,7974,8014
5935,7972,8013
5934,7971,8011
5933,7969,8009
5932,7967,8007
5931,7965,8006
5930,7964,8004
5929,7962,8002
5928,7960,8000
5927,7958,7999
5926,7956,7997
5925,7954,7995
5924,7953,7993
5923,7951,7992
5922,7949,7990
5921,7947,7988
5920,7945,7986
5919,7943,7984
5918,7942,7982
5917,7940,7981
5916,7938,7979
5915,7936,7977
5914,7934,7975
5913,7932,7973
5912,7930,7971
5911,7928,7970
5910,7926,7968
5909,7925,7966
5908,7923,7964
5907,7921,7962
5906,7919,7960
5905,7917,7958
5904,7915,7956
5903,7913,7954
5902,7911,7953
5901,7909,7951
5900,7907,7949
5899,7905,7947
