8848,8159,8161
8849,8158,8161
8850,8156,8160
8994,7945,7978
8993,7947,7980
8992,7948,7981
8991,7950,7983
8990,7951,7984
8989,7953,7986
8988,7954,7988
8987,7956,7989
8986,7957,7991
8985,7959,7992
8984,7960,7994
8983,7962,7995
8982,7964,7997
8981,7965,7998
8980,7967,8000
8979,7968,8001
8978,7970,8003
8977,7971,8005
8976,7973,8006
8975,7974,8008
8974,7976,8009
8973,7977,8011
8972,7979,8012
8971,7980,8013
5494,6307,6327
5493,6307,6332
5492,6307,6336
5491,6308,6340
5490,6309,6344
5489,6310,6348
8970,7982,8015
5488,6311,6352
8969,7983,8016
5487,6312,6356
5486,6314,6359
5485,6315,6363
5484,6317,6366
5483,6319,6369
9038,7878,7899
5440,6444,6469
5482,6320,6373
9037,7880,7901
5439,6451,6468
5481,6322,6376
9036,7881,7903
5480,6324,6379
9035,7883,7905
5479,6326,6382
9022,7902,7930
5466,6354,6421
9023,7900,7928
5467,6352,6418
9024,7899,7926
5468,6349,6415
9025,7897,7925
7633,9681,9684
5469,6347,6412
9026,7896,7923
7634,9681,9685
5470,6345,6410
9027,7894,7921
7635,9680,9685
5471,6342,6407
9028,7893,7919
7636,9680,9685
5472,6340,6404
9029,7891,7917
7637,9680,9685
5473,6338,6401
9030,7890,7915
7638,9680,9684
5474,6336,6398
9031,7889,7913
7639,9680,9684
5475,6334,6395
9032,7887,7911
7640,9681,9683
5476,6332,6392
9033,7886,7909
5477,6330,6389
9034,7884,7907
5478,6328,6386
5495,6307,6321
9021,7904,7932
5465,6357,6423
9020,7905,7934
5464,6359,6426
9019,7907,7936
5463,6362,6429
9018,7908,7937
5462,6364,6431
9017,7910,7939
5461,6367,6434
9016,7911,7941
5460,6370,6436
9015,7913,7943
5459,6372,6439
9014,7914,7944
5458,6375,6441
9013,7916,7946
5457,6378,6444
9012,7917,7948
5456,6381,6446
9011,7919,7950
5455,6384,6448
9010,7920,7951
5454,6387,6451
9009,7922,7953
5453,6390,6453
9008,7923,7955
5452,6394,6455
9050,7866,7869
9007,7925,7957
5451,6397,6457
9049,7866,7873
9006,7927,7958
5450,6400,6459
9048,7866,7876
9005,7928,7960
5449,6404,6461
9047,7867,7878
9004,7930,7962
5448,6408,6462
9046,7868,7881
9003,7931,7963
5447,6411,6464
9045,7869,7883
9002,7933,7965
5446,6415,6466
9044,7871,7886
9001,7934,7967
5445,6419,6467
9043,7872,7888
9000,7936,7968
5444,6423,6468
9042,7873,7890
8999,7937,7970
5443,6428,6469
9041,7874,7892
8998,7939,7972
5442,6433,6470
9040,7876,7895
8997,7940,7973
5441,6438,6470
9039,7877,7897
8996,7942,7975
8995,7944,7976
8968,7985,8018
8967,7986,8019
8966,7988,8021
8965,7989,8022
8964,7991,8024
8963,7992,8025
8962,7994,8027
8961,7995,8028
8960,7997,8029
8959,7998,8031
8958,8000,8032
8957,8001,8034
8956,8003,8035
8955,8004,8037
8954,8006,8038
8953,8007,8039
8952,8009,8041
8951,8010,8042
8950,8012,8044
8949,8013,8045
8948,8015,8046
8947,8016,8048
8946,8018,8049
8945,8019,8050
8944,8021,8052
8943,8022,8053
8942,8024,8055
8941,8025,8056
8940,8027,8057
8939,8028,8059
8938,8030,8060
8937,8031,8061
8936,8033,8063
8935,8034,8064
8934,8035,8065
8933,8037,8066
8932,8038,8068
8931,8040,8069
8930,8041,8070
8929,8043,8072
8928,8044,8073
8927,8046,8074
8926,8047,8076
8925,8049,8077
8924,8050,8078
8923,8051,8079
8922,8053,8081
8921,8054,8082
8920,8056,8083
8919,8057,8085
8918,8059,8086
8917,8060,8087
8916,8062,8088
8915,8063,8090
8914,8064,8091
8913,8066,8092
8912,8067,8093
8911,8069,8094
8910,8070,8096
8909,8072,8097
8908,8073,8098
8907,8074,8099
8906,8076,8101
8905,8077,8102
8904,8079,8103
8903,8080,8104
8902,8081,8105
8901,8083,8107
8900,8084,8108
8899,8086,8109
8898,8087,8110
8897,8089,8111
8896,8090,8113
8895,8091,8114
8894,8093,8115
8893,8094,8116
8892,8096,8117
8891,8097,8118
8890,8098,8119
8889,8100,8121
8888,8101,8122
8887,8103,8123
8886,8104,8124
8885,8105,8125
8884,8107,8126
8883,8108,8127
8882,8110,8129
8881,8111,8130
8880,8112,8131
8879,8114,8132
8878,8115,8133
8877,8117,8134
8876,8118,8135
8875,8119,8136
8874,8121,8137
8873,8122,8138
8872,8124,8139
8871,8125,8140
8870,8126,8142
8869,8128,8143
8868,8129,8144
8867,8131,8145
8866,8132,8146
8865,8133,8147
8864,8135,8148
8863,8136,8149
8862,8138,8150
8861,8139,8151
8860,8141,8152
8859,8142,8153
8858,8144,8154
8857,8145,8155
8856,8146,8155
8855,8148,8156
8854,8149,8157
8853,8151,8158
8852,8153,8159
8851,8154,8160
