9606,7102,7173
9605,7087,7191
9604,7076,7205
9603,7068,7216
9602,7062,7225
9601,7057,7234
9600,7053,7242
6107,8222,8222
6108,8222,8225
6109,8222,8227
6110,8223,8229
6111,8224,8230
6112,8224,8232
6113,8225,8234
6114,8226,8235
6115,8227,8237
6116,8228,8238
6117,8229,8240
6118,8230,8241
6119,8231,8243
6120,8232,8244
6121,8233,8246
6122,8234,8247
6123,8235,8249
6124,8236,8250
6125,8237,8252
6126,8238,8253
6127,8239,8254
6128,8240,8256
6129,8241,8257
6130,8242,8259
6131,8243,8260
6132,8244,8261
6133,8245,8263
6134,8246,8264
6135,8247,8265
6136,8248,8267
6137,8250,8268
6138,8251,8269
6139,8252,8271
6140,8253,8272
6141,8254,8273
6142,8255,8275
6143,8256,8276
6144,8257,8277
6145,8258,8279
6146,8259,8280
6147,8260,8281
6148,8261,8282
6149,8262,8284
6150,8263,8285
6151,8264,8286
6152,8265,8287
6153,8266,8289
6154,8268,8290
6155,8269,8291
6156,8270,8292
6157,8271,8294
6158,8272,8295
5738,6712,6832
6279,8395,8421
5737,6717,6840
6278,8394,8421
5736,6722,6848
6277,8393,8420
5735,6728,6856
6276,8392,8419
5734,6733,6865
6275,8391,8418
5733,6738,6874
6274,8390,8417
5732,6744,6883
6273,8389,8416
5731,6749,6892
6272,8388,8415
5730,6755,6902
6271,8387,8414
5729,6761,6913
6270,8386,8413
5728,6767,6923
6269,8385,8413
5727,6773,6935
6268,8384,8412
5726,6779,6946
6267,8383,8411
5725,6786,6959
6266,8382,8410
5724,6792,6972
6265,8381,8409
7480,9728,9729
6195,8311,8338
7481,9727,9730
6196,8312,8339
7482,9726,9731
6197,8313,8340
5761,6618,6684
6302,8417,8441
6248,8364,8393
7330,8710,8722
5749,6663,6754
6290,8405,8431
5762,6615,6678
6303,8418,8441
5708,6984,7035
6249,8365,8394
7331,8710,8722
5750,6659,6748
6291,8406,8432
5763,6611,6673
6304,8419,8442
5709,6951,7064
6250,8366,8395
7332,8710,8722
5751,6655,6742
6292,8407,8433
5764,6608,6668
6305,8420,8443
5710,6931,7080
6251,8367,8396
7333,8710,8722
5752,6651,6736
6293,8408,8433
5723,6799,6987
6264,8380,8408
7346,8715,8716
5777,6571,6599
6318,8433,8453
5722,6806,7002
6263,8379,8407
7345,8714,8718
5776,6573,6604
6317,8432,8452
5721,6814,7018
6262,8378,8406
7344,8713,8718
5775,6576,6610
6316,8431,8451
5720,6822,7036
6261,8377,8405
7343,8713,8719
5774,6578,6615
6315,8430,8451
5719,6830,7055
6260,8376,8404
7342,8712,8719
5773,6581,6620
6314,8429,8450
5718,6838,7073
6259,8375,8403
7341,8712,8720
5772,6584,6625
6313,8428,8449
5717,6847,7089
6258,8374,8403
7340,8712,8720
5771,6587,6631
6312,8427,8448
5716,6856,7100
6257,8373,8402
7339,8711,8721
5770,6589,6636
6311,8426,8448
5715,6866,7106
6256,8372,8401
7338,8711,8721
5769,6592,6641
6310,8425,8447
5714,6876,7107
6255,8371,8400
7337,8711,8721
5768,6595,6646
6309,8424,8446
5713,6888,7105
6254,8370,8399
7336,8711,8721
5767,6598,6652
6308,8423,8445
5712,6900,7100
6253,8369,8398
7335,8710,8722
5766,6602,6657
6307,8422,8445
5765,6605,6662
6306,8421,8444
5711,6914,7092
6252,8368,8397
7334,8710,8722
5753,6647,6730
6294,8409,8434
5754,6643,6724
6295,8410,8435
5755,6640,6718
6296,8411,8436
6243,8359,8388
7325,8710,8723
5756,6636,6712
6297,8412,8437
6244,8360,8389
7326,8710,8723
5757,6632,6706
6298,8413,8437
6245,8361,8390
7327,8710,8723
5758,6629,6701
6299,8414,8438
6246,8362,8391
7328,8710,8723
5759,6625,6695
6300,8415,8439
6247,8363,8392
7329,8710,8723
5760,6622,6689
6301,8416,8440
5748,6667,6761
6289,8404,8430
5747,6672,6767
6288,8403,8429
5746,6676,6774
6287,8403,8428
5745,6680,6781
6286,8402,8427
5744,6684,6788
6285,8401,8427
7490,9728,9731
6205,8321,8349
5743,6689,6794
6284,8400,8426
7489,9727,9731
6204,8320,8348
5742,6693,6802
6283,8399,8425
7488,9726,9732
6203,8319,8347
5741,6698,6809
6282,8398,8424
7487,9726,9732
6202,8318,8346
5740,6703,6816
6281,8397,8423
7486,9726,9732
6201,8317,8345
5739,6708,6824
6280,8396,8422
7485,9726,9732
6200,8316,8344
7484,9726,9732
6199,8315,8343
7483,9726,9731
6198,8314,8342
5778,6569,6593
6319,8434,8454
5779,6567,6588
6320,8435,8454
5780,6566,6581
6321,8436,8455
5781,6566,6574
6322,8437,8456
6323,8438,8457
6324,8439,8457
6325,8440,8458
6326,8441,8459
6327,8442,8459
6328,8443,8460
6329,8444,8461
6330,8445,8461
6331,8446,8462
6332,8447,8463
6333,8448,8463
6334,8449,8464
9581,7251,7285
6335,8450,8465
9582,7222,7296
6336,8451,8465
9583,7200,7300
6337,8452,8466
9584,7180,7301
6338,8453,8467
9585,7160,7302
6339,8454,8467
9586,7142,7301
6340,8455,8468
9587,7126,7299
6341,8456,8468
9588,7110,7297
6342,8457,8469
9589,7096,7295
6343,8458,8469
9590,7084,7292
6344,8459,8470
9591,7074,7289
6345,8460,8470
9592,7066,7285
6346,8462,8471
9593,7060,7281
6347,8463,8471
9594,7055,7277
6348,8464,8472
9595,7052,7272
6349,8465,8472
9596,7050,7267
6350,8467,8473
9597,7049,7261
6351,8468,8473
9598,7049,7255
6352,8469,8473
9599,7051,7249
6353,8471,8473
7324,8710,8723
6242,8358,8387
7323,8710,8723
6241,8357,8386
7322,8710,8723
6240,8356,8385
7321,8710,8723
6239,8355,8384
7320,8710,8723
6238,8354,8383
7319,8710,8723
6237,8353,8382
7318,8710,8723
6236,8352,8381
7317,8710,8723
6235,8351,8380
7316,8710,8723
6234,8350,8379
7315,8710,8723
6233,8349,8378
7314,8710,8723
6232,8348,8377
7313,8710,8723
6231,8347,8376
7312,8710,8723
6230,8346,8375
7311,8711,8723
6229,8345,8374
7310,8711,8723
6228,8344,8373
7309,8711,8722
6227,8343,8372
7308,8711,8722
6226,8342,8371
7307,8711,8722
6225,8341,8370
7306,8712,8722
6224,8340,8369
7305,8712,8722
6223,8339,8368
7304,8712,8722
6222,8338,8367
7303,8712,8721
6221,8337,8366
7302,8713,8721
6220,8336,8365
7301,8713,8721
6219,8335,8364
7300,8713,8720
6218,8334,8363
7299,8714,8720
6217,8333,8362
7298,8715,8719
6216,8332,8361
7297,8715,8719
6215,8331,8360
7296,8716,8718
6214,8330,8359
6213,8329,8358
6212,8328,8357
6211,8327,8356
6210,8326,8355
6209,8325,8354
6208,8324,8352
6207,8323,8351
6206,8322,8350
6194,8310,8337
6193,8309,8336
6192,8308,8335
6191,8306,8334
6190,8305,8333
6189,8304,8332
6188,8303,8330
6187,8302,8329
6186,8301,8328
6185,8300,8327
6184,8299,8326
6183,8298,8325
6182,8297,8324
6181,8296,8322
6180,8295,8321
6179,8294,8320
6178,8293,8319
6177,8292,8318
6176,8291,8317
6175,8290,8315
6174,8289,8314
6173,8288,8313
6172,8287,8312
6171,8286,8311
6170,8284,8310
6169,8283,8308
6168,8282,8307
6167,8281,8306
6166,8280,8305
6165,8279,8304
6164,8278,8302
6163,8277,8301
6162,8276,8300
6161,8275,8299
6160,8274,8297
6159,8273,8296
