5848,6746,6757
5849,6733,6763
5850,6724,6764
5851,6717,6764
5852,6710,6763
5853,6704,6761
5854,6699,6759
5855,6693,6757
5856,6688,6754
5857,6683,6752
5858,6678,6749
5859,6674,6746
5860,6670,6743
5861,6665,6739
5862,6661,6736
5863,6657,6732
5864,6653,6729
5865,6650,6725
7415,9708,9711
9701,7355,7458
5866,6646,6721
7416,9707,9712
9702,7350,7456
5867,6642,6717
7417,9707,9713
9703,7346,7453
5868,6639,6713
7418,9707,9713
9704,7341,7451
5869,6636,6709
7419,9707,9714
9705,7337,7448
5870,6632,6705
7420,9707,9714
9706,7334,7446
5871,6629,6701
9721,7328,7364
9696,7384,7464
5886,6593,6631
9720,7322,7376
9695,7392,7464
5885,6594,6636
7421,9707,9714
9707,7330,7443
5872,6626,6697
7422,9708,9714
9708,7327,7439
5873,6623,6692
7423,9708,9714
9709,7324,7436
5874,6620,6688
7424,9709,9713
9710,7321,7432
5875,6617,6684
7425,9711,9712
9711,7319,7428
5876,6614,6679
9712,7317,7424
5877,6612,6675
9713,7316,7420
5878,6609,6670
9714,7315,7415
5879,6607,6666
9715,7314,7410
5880,6604,6661
9716,7314,7405
9717,7314,7399
9718,7316,7392
9693,7408,7462
5883,6598,6646
9719,7318,7385
9694,7399,7464
5884,6596,6641
5882,6600,6651
9692,7418,7460
5881,6602,6656
9691,7432,7453
9697,7378,7463
5887,6592,6625
9698,7372,7462
5888,6591,6619
9699,7366,7461
5889,6591,6612
9700,7360,7459
5890,6593,6604
