5663,7028,7099
5664,6993,7134
5665,6971,7157
5666,6953,7175
5667,6937,7191
5668,6923,7205
5669,6911,7217
5670,6899,7229
5671,6888,7240
5672,6878,7250
5673,6869,7260
5674,6859,7269
5675,6851,7278
5676,6842,7287
5677,6834,7295
5678,6826,7303
5679,6819,7311
5680,6812,7318
5681,6805,7325
5682,7102,7332
5682,6798,7003
5683,7133,7339
5683,6791,6973
5684,7154,7346
5684,6784,6951
5685,7172,7352
5685,6778,6933
5686,7188,7359
5686,6772,6917
5687,7201,7365
5687,6766,6903
5688,7214,7371
5688,6760,6891
5689,7226,7377
5689,6754,6879
5690,7237,7383
5690,6748,6868
5691,7247,7389
5691,6743,6857
5724,7458,7540
5724,6599,6636
5723,7453,7536
5723,6603,6641
5722,7448,7532
5722,6606,6647
5721,7444,7528
5721,6610,6652
5720,7439,7524
5720,6613,6657
5725,7463,7544
5725,6596,6631
5726,7467,7547
5726,6593,6626
5738,7519,7590
5738,6560,6564
5693,7266,7400
5693,6732,6837
5739,7523,7594
5694,7275,7405
5694,6727,6828
5740,7527,7597
5695,7283,7411
5695,6721,6820
5741,7531,7600
5696,7292,7416
5696,6716,6811
9548,6864,7180
5761,7604,7663
9549,6870,7180
5762,7607,7665
9550,6876,7179
5763,7610,7668
9551,6883,7176
5764,7614,7671
5745,7546,7613
5700,7322,7436
5700,6697,6780
5742,7535,7604
5765,7617,7674
9552,6890,7173
5697,7300,7421
5697,6711,6803
5743,7539,7607
5698,7307,7426
5698,6706,6795
5744,7542,7610
5699,7315,7431
5699,6701,6787
5867,7895,7898
5866,7891,7897
5865,7888,7896
5864,7886,7894
5863,7883,7893
5862,7880,7891
7506,9728,9732
5707,7368,7470
5707,6665,6732
5861,7878,7890
7505,9728,9731
5706,7362,7465
5706,6669,6738
5860,7875,7888
5705,7356,7460
5705,6674,6745
5859,7873,7887
9536,6822,6895
5749,7561,7626
5704,7349,7456
5704,6678,6752
5858,7870,7885
9535,6824,6872
5748,7557,7623
5703,7343,7451
5703,6683,6758
5857,7868,7883
5747,7554,7620
5702,7336,7446
5702,6687,6765
5856,7865,7882
5746,7550,7617
5701,7329,7441
5701,6692,6772
5855,7863,7880
5737,7515,7587
5737,6561,6570
5760,7600,7660
9547,6859,7178
5692,7257,7394
5692,6737,6847
7515,9730,9731
5716,7418,7508
5716,6628,6679
5732,7494,7569
5732,6574,6596
5755,7583,7645
9542,6835,7072
7510,9727,9733
5711,7391,7487
5711,6648,6707
5733,7498,7573
5733,6571,6591
5756,7586,7648
9543,6839,7121
7511,9727,9733
5712,7397,7491
5712,6644,6702
5734,7502,7576
5734,6568,6586
5757,7590,7651
9544,6844,7152
7512,9728,9733
5713,7402,7496
5713,6640,6696
5735,7506,7580
5735,6565,6581
5758,7593,7654
9545,6848,7166
7513,9728,9733
5714,7408,7500
5714,6636,6690
5736,7511,7583
5736,6563,6576
5759,7597,7657
9546,6853,7174
7514,9729,9732
5715,7413,7504
5715,6632,6684
5731,7489,7566
5731,6577,6601
5754,7579,7642
9541,6832,7028
7509,9727,9733
5710,7386,7483
5710,6652,6713
5730,7485,7562
5730,6580,6606
5753,7576,7639
9540,6828,6994
7508,9727,9733
5709,7380,7478
5709,6656,6719
5729,7481,7558
5729,6583,6611
5752,7572,7635
9539,6825,6965
7507,9727,9733
5708,7374,7474
5708,6661,6726
5728,7476,7555
5728,6586,6616
5751,7569,7632
9538,6823,6940
5727,7472,7551
5727,6589,6621
5750,7565,7629
9537,6822,6917
9553,6897,7168
5766,7620,7677
9554,6905,7163
5767,7624,7680
9555,6914,7157
5768,7627,7683
9556,6923,7151
5769,7630,7685
9557,6933,7143
5770,7633,7688
9558,6945,7133
5771,7637,7691
9559,6957,7122
5772,7640,7694
9560,6972,7109
5773,7643,7696
9561,6992,7091
7397,8704,8707
5774,7646,7699
9562,7026,7058
7398,8703,8708
5775,7649,7702
7399,8703,8708
5776,7652,7705
7400,8702,8709
5777,7655,7707
7401,8702,8709
5778,7658,7710
7402,8701,8710
5779,7662,7713
7403,8701,8710
5780,7665,7715
7404,8701,8710
5781,7668,7718
7405,8700,8710
5782,7671,7721
7406,8700,8711
5783,7674,7723
7407,8700,8711
5784,7677,7726
7408,8700,8711
5785,7680,7728
7409,8700,8711
5786,7683,7731
7410,8699,8711
5787,7685,7733
7411,8699,8711
5788,7688,7736
7412,8699,8711
5789,7691,7738
7413,8699,8711
5790,7694,7741
7414,8699,8711
5791,7697,7743
7415,8699,8711
5792,7700,7746
7416,8699,8711
5793,7703,7748
7417,8699,8711
5794,7706,7751
7418,8699,8711
5795,7709,7753
7419,8699,8711
5796,7711,7756
7420,8699,8711
5797,7714,7758
7421,8699,8711
5798,7717,7761
7422,8699,8711
5799,7720,7763
7423,8699,8711
5800,7723,7765
7424,8699,8711
5801,7725,7768
7425,8699,8711
5802,7728,7770
7426,8699,8711
5803,7731,7773
7427,8700,8711
5804,7734,7775
7428,8700,8710
5805,7736,7777
7429,8700,8710
5806,7739,7780
7430,8700,8710
5807,7742,7782
7431,8700,8710
5808,7744,7784
7432,8701,8709
5809,7747,7786
7433,8701,8709
5810,7750,7789
7434,8701,8708
5811,7752,7791
7435,8702,8708
5812,7755,7793
7436,8702,8707
5813,7758,7795
7437,8703,8707
5814,7760,7798
7438,8705,8705
5815,7763,7800
5816,7766,7802
5817,7768,7804
5818,7771,7807
5819,7773,7809
5820,7776,7811
5821,7779,7813
5822,7781,7815
5823,7784,7817
5824,7786,7819
5825,7789,7822
5826,7791,7824
5827,7794,7826
5828,7796,7828
5829,7799,7830
5830,7801,7832
5831,7804,7834
5832,7806,7836
5833,7809,7838
5834,7811,7840
5835,7814,7842
5836,7816,7844
5837,7819,7846
5838,7821,7848
5839,7824,7850
5840,7826,7852
5841,7829,7854
5842,7831,7856
5843,7834,7858
5844,7836,7860
5845,7838,7862
5846,7841,7864
5847,7843,7865
5848,7846,7867
5849,7848,7869
5850,7851,7871
5851,7853,7873
5852,7856,7875
5853,7858,7876
5854,7860,7878
5719,7434,7520
5719,6617,6662
5718,7429,7516
5718,6621,6668
5717,7424,7512
5717,6625,6673
