5466,6316,6320
5465,6313,6328
5464,6312,6334
5463,6312,6339
5462,6312,6343
7639,9676,9677
7640,9675,9678
7641,9674,9679
7642,9674,9679
7643,9673,9679
7644,9673,9678
8929,8019,8022
7645,9674,9678
8930,8016,8022
7646,9674,9677
8931,8014,8021
8932,8012,8020
9001,7891,7927
5461,6313,6347
9059,7802,7808
5460,6314,6351
9058,7802,7812
5459,6315,6355
9057,7803,7815
5458,6316,6359
9056,7804,7818
5457,6317,6363
9055,7805,7821
5456,6319,6366
9054,7806,7823
5455,6320,6370
9053,7807,7826
5454,6322,6373
9052,7809,7828
5453,6323,6377
9051,7810,7831
5452,6325,6380
9050,7811,7833
5451,6327,6383
9049,7813,7835
5450,6328,6386
9048,7814,7838
5449,6330,6389
9047,7816,7840
5448,6332,6392
9046,7817,7842
5447,6334,6396
9045,7818,7845
5446,6336,6399
9044,7820,7847
5445,6338,6401
9043,7822,7849
5444,6340,6404
9042,7823,7851
5443,6342,6407
9041,7825,7853
5442,6345,6410
9040,7826,7855
5441,6347,6413
9039,7828,7857
5440,6349,6416
9038,7829,7859
5439,6352,6418
9037,7831,7861
5438,6354,6421
9036,7833,7863
5437,6356,6424
9035,7834,7865
5436,6359,6426
9034,7836,7867
5435,6362,6429
9033,7837,7869
5434,6364,6431
9032,7839,7871
5433,6367,6434
9031,7841,7873
5416,6425,6463
9014,7869,7905
5415,6431,6463
9013,7871,7906
5414,6436,6462
9012,7873,7908
5413,6444,6460
9011,7874,7910
9010,7876,7912
9009,7878,7913
9008,7879,7915
9007,7881,7917
9006,7883,7918
9005,7884,7920
9004,7886,7922
9003,7888,7923
9002,7890,7925
5417,6421,6463
9015,7867,7903
5418,6416,6462
9016,7866,7901
5419,6412,6461
9017,7864,7899
5420,6408,6460
9018,7862,7898
5421,6404,6458
9019,7861,7896
5422,6401,6457
9020,7859,7894
5423,6397,6455
9021,7857,7892
5424,6394,6453
9022,7856,7890
5425,6390,6451
9023,7854,7888
5426,6387,6449
9024,7852,7887
5427,6384,6447
9025,7851,7885
5428,6381,6445
9026,7849,7883
5429,6378,6443
9027,7847,7881
5430,6375,6441
9028,7846,7879
5431,6372,6439
9029,7844,7877
5432,6370,6436
9030,7842,7875
9000,7893,7928
8999,7895,7930
8998,7896,7931
8997,7898,7933
8996,7900,7935
8995,7901,7936
8994,7903,7938
8993,7905,7939
8992,7907,7941
8991,7908,7943
8990,7910,7944
8989,7912,7946
8988,7913,7947
8987,7915,7949
8986,7917,7950
8985,7919,7952
8984,7920,7953
8983,7922,7955
8982,7924,7956
8981,7925,7958
8980,7927,7959
8979,7929,7961
8978,7930,7962
8977,7932,7964
8976,7934,7965
8975,7936,7967
8974,7937,7968
8973,7939,7970
8972,7941,7971
8971,7942,7972
8970,7944,7974
8969,7946,7975
8968,7948,7977
8967,7949,7978
8966,7951,7979
8965,7953,7981
8964,7954,7982
8963,7956,7984
8962,7958,7985
8961,7960,7986
8960,7961,7988
8959,7963,7989
8958,7965,7990
8957,7966,7992
8956,7968,7993
8955,7970,7994
8954,7972,7995
8953,7973,7997
8952,7975,7998
8951,7977,7999
8950,7979,8001
8949,7980,8002
8948,7982,8003
8947,7984,8004
8946,7986,8005
8945,7987,8007
8944,7989,8008
8943,7991,8009
8942,7993,8010
8941,7995,8011
8940,7996,8012
8939,7998,8013
8938,8000,8015
8937,8002,8016
8936,8004,8017
8935,8006,8018
8934,8008,8019
8933,8010,8019
