9717,7388,7478
9718,7382,7477
9719,7377,7475
9720,7373,7473
9721,7369,7471
9722,7364,7469
9723,7361,7467
9724,7357,7464
9725,7354,7461
9739,7350,7389
9738,7345,7399
9737,7342,7407
9736,7340,7414
9735,7339,7420
9734,7338,7426
5896,6607,6664
9731,7340,7440
5895,6610,6668
9730,7342,7444
5894,6612,6673
9729,7344,7448
5893,6614,6677
9728,7346,7452
5892,6617,6681
9727,7348,7455
9726,7351,7458
9713,7412,7480
5903,6595,6628
5877,6668,6736
5888,6629,6698
7412,9703,9709
5878,6664,6733
5889,6626,6694
7413,9703,9709
5879,6660,6730
5890,6623,6690
7414,9704,9709
5880,6656,6727
5891,6620,6686
7415,9705,9708
9712,7419,7480
5902,6596,6634
5876,6673,6739
9711,7428,7478
5901,6598,6639
5875,6677,6742
9710,7438,7475
5900,6599,6645
5874,6682,6744
7411,9702,9709
5887,6632,6702
9709,7452,7468
5899,6601,6650
5873,6687,6746
7410,9702,9709
5886,6635,6706
5898,6603,6654
9733,7339,7431
5872,6692,6748
5897,6605,6659
9732,7339,7435
5881,6652,6724
7405,9704,9705
5871,6698,6750
9714,7405,7480
5904,6595,6622
9715,7399,7480
5905,6595,6615
9716,7393,7479
5906,6598,6606
7409,9702,9709
5885,6638,6709
7408,9702,9708
5884,6641,6713
7407,9702,9707
5883,6645,6717
7406,9703,9707
5882,6649,6720
5870,6704,6751
5869,6711,6751
5868,6719,6750
5867,6729,6747
