5485,6309,6324
5484,6309,6329
5483,6309,6334
5482,6309,6339
5481,6310,6343
5480,6311,6347
5479,6312,6351
5478,6313,6354
5477,6314,6358
5476,6316,6362
5475,6317,6365
5474,6319,6368
5473,6320,6372
5472,6322,6375
5471,6324,6378
5470,6325,6382
5469,6327,6385
5468,6329,6388
5467,6331,6391
5466,6333,6394
5465,6335,6397
5464,6337,6400
5463,6339,6403
5462,6342,6406
5461,6344,6409
5460,6346,6412
5459,6349,6415
5458,6351,6417
8885,8103,8105
8886,8101,8104
8887,8099,8104
8888,8097,8103
8889,8095,8102
8890,8093,8102
8891,8092,8101
8892,8090,8100
8893,8088,8099
8894,8087,8098
8895,8085,8097
8896,8083,8096
8897,8082,8095
8898,8080,8094
8899,8079,8093
8900,8077,8092
8901,8075,8091
8902,8074,8090
8903,8072,8088
8904,8071,8087
8905,8069,8086
8906,8068,8085
8907,8066,8084
8908,8065,8083
8909,8063,8082
8910,8062,8081
8911,8060,8079
8912,8058,8078
8913,8057,8077
8914,8055,8076
8915,8054,8075
8916,8052,8074
8917,8051,8072
8918,8049,8071
8919,8048,8070
8928,8034,8059
8929,8032,8058
8930,8031,8056
8931,8029,8055
8932,8028,8054
8933,8026,8053
8934,8025,8051
8935,8023,8050
8936,8022,8049
5436,6418,6465
9034,7868,7895
8922,8043,8066
7637,9678,9683
5435,6423,6466
9033,7869,7897
8921,8045,8068
7636,9679,9683
5434,6427,6467
9032,7871,7899
8920,8046,8069
7635,9680,9682
5433,6432,6468
9031,7872,7900
5432,6437,6468
9030,7874,7902
5431,6444,6467
9029,7875,7904
5430,6452,6464
9028,7877,7906
9027,7878,7908
9026,7880,7910
9025,7882,7912
9024,7883,7914
9023,7885,7916
9022,7886,7917
9021,7888,7919
9020,7889,7921
9019,7891,7923
9018,7893,7925
9017,7894,7926
9016,7896,7928
9015,7897,7930
9014,7899,7932
9013,7901,7933
9012,7902,7935
9011,7904,7937
9010,7905,7939
9009,7907,7940
9008,7909,7942
9007,7910,7944
9006,7912,7945
9005,7913,7947
8986,7944,7978
8985,7945,7979
8984,7947,7981
8987,7942,7976
8988,7940,7975
9000,7921,7955
9001,7920,7954
8999,7923,7957
8927,8036,8060
7642,9679,9681
5441,6399,6458
9039,7860,7884
8998,7925,7959
8926,8037,8061
7641,9678,9682
5440,6403,6459
9038,7862,7887
9004,7915,7949
9003,7917,7950
9002,7918,7952
8989,7939,7973
8990,7937,7971
8991,7936,7970
8992,7934,7968
8993,7933,7967
8994,7931,7965
8923,8042,8065
7638,9678,9683
5437,6414,6464
9035,7866,7893
8995,7929,7964
8924,8040,8064
7639,9678,9683
5438,6410,6463
9036,7865,7891
8996,7928,7962
8925,8039,8063
7640,9678,9682
5439,6407,6461
9037,7863,7889
8997,7926,7960
5442,6396,6456
9040,7859,7882
5443,6393,6454
9041,7857,7880
5444,6389,6452
9042,7856,7878
5445,6386,6450
9043,7854,7876
5446,6383,6447
9044,7853,7874
5447,6380,6445
9045,7852,7872
5448,6377,6443
9046,7850,7869
5449,6374,6441
9047,7849,7867
5450,6372,6438
9048,7848,7865
5451,6369,6436
9049,7846,7862
5452,6366,6433
9050,7845,7860
5453,6363,6431
9051,7844,7857
5454,6361,6428
9052,7843,7855
5455,6358,6425
9053,7842,7852
5456,6356,6423
9054,7842,7848
5457,6353,6420
9055,7842,7844
8983,7948,7982
8982,7950,7984
8981,7952,7985
8980,7953,7987
8979,7955,7988
8978,7956,7990
8977,7958,7991
8976,7959,7993
8975,7961,7994
8974,7963,7996
8973,7964,7997
8972,7966,7999
8971,7967,8000
8970,7969,8002
8969,7971,8003
8968,7972,8005
8967,7974,8006
8966,7975,8008
8965,7977,8009
8964,7978,8011
8963,7980,8012
8962,7981,8013
8961,7983,8015
8960,7985,8016
8959,7986,8018
8958,7988,8019
8957,7989,8020
8956,7991,8022
8955,7992,8023
8954,7994,8025
8953,7996,8026
8952,7997,8027
8951,7999,8029
8950,8000,8030
8949,8002,8031
8948,8003,8033
8947,8005,8034
8946,8006,8035
8945,8008,8037
8944,8009,8038
8943,8011,8040
8942,8013,8041
8941,8014,8042
8940,8016,8043
8939,8017,8045
8938,8019,8046
8937,8020,8047
