5665,6513,6522
5666,6508,6520
5667,6503,6518
5668,6498,6516
5669,6494,6513
5670,6490,6511
5671,6485,6508
5672,6481,6506
5673,6477,6503
5674,6474,6500
5675,6470,6498
5676,6466,6495
5677,6462,6492
5678,6459,6489
5679,6455,6487
5680,6451,6484
5681,6448,6481
5682,6444,6478
5683,6441,6475
5684,6438,6473
5685,6434,6470
5686,6431,6467
5687,6428,6464
5688,6424,6461
5689,6421,6458
5690,6418,6456
5691,6415,6453
5692,6412,6450
5693,6408,6447
5694,6405,6445
5695,6402,6442
5696,6399,6439
5697,6396,6436
5698,6393,6434
5699,6390,6431
5700,6387,6428
5701,6384,6425
5702,6381,6423
5703,6378,6420
5704,6375,6417
5705,6372,6414
5706,6370,6412
5707,6367,6409
5708,6364,6406
5709,6361,6404
5710,6358,6401
5711,6355,6398
5712,6353,6396
5713,6350,6393
5714,6347,6391
5715,6344,6388
5716,6342,6385
5717,6339,6383
5718,6336,6380
5719,6334,6378
5720,6331,6375
5721,6328,6372
5722,6326,6370
5723,6323,6367
5724,6321,6365
5725,6318,6362
5726,6315,6360
5727,6313,6357
5728,6310,6355
5729,6308,6352
5730,6305,6350
5731,6303,6347
5732,6300,6345
5733,6298,6342
5734,6295,6340
5735,6293,6338
5736,6290,6335
5737,6288,6333
5738,6285,6330
5739,6283,6328
5740,6281,6325
5741,6278,6323
5742,6276,6321
5743,6273,6318
5744,6271,6316
5745,6269,6313
5746,6266,6311
5747,6264,6309
5748,6262,6306
5749,6259,6304
5750,6257,6302
5751,6255,6299
5752,6252,6297
5753,6250,6295
5754,6248,6293
5755,6245,6290
5756,6243,6288
5757,6241,6286
5758,6239,6283
5759,6236,6281
5760,6234,6279
5761,6232,6277
5762,6230,6274
5763,6228,6272
5764,6225,6270
5765,6223,6268
5766,6221,6265
5767,6219,6263
5768,6217,6261
5769,6214,6259
5770,6212,6257
5771,6210,6254
5772,6208,6252
5773,6206,6250
5774,6204,6248
5775,6202,6246
5776,6199,6244
5777,6197,6241
5778,6195,6239
5779,6193,6237
5780,6191,6235
5781,6189,6233
5782,6187,6231
5783,6185,6229
5784,6183,6227
5785,6181,6225
5786,6179,6222
5787,6177,6220
5788,6175,6218
5789,6173,6216
5790,6171,6214
5791,6169,6212
5792,6167,6210
5793,6165,6208
5794,6163,6206
5795,6161,6204
5796,6159,6202
5797,6157,6200
5798,6155,6198
5799,6153,6196
5800,6151,6194
5801,6149,6192
5802,6147,6190
5803,6145,6188
5804,6143,6186
5805,6141,6184
5806,6139,6182
5807,6137,6180
5808,6135,6178
5809,6133,6176
5810,6132,6174
5811,6130,6172
5812,6128,6170
5813,6126,6168
5814,6124,6166
5815,6122,6164
5816,6120,6162
5817,6118,6160
5818,6117,6158
5819,6115,6156
5820,6113,6155
5821,6111,6153
5822,6109,6151
5823,6107,6149
5824,6106,6147
5825,6104,6145
5826,6102,6143
5827,6100,6141
5828,6098,6139
5829,6096,6138
5830,6095,6136
5831,6093,6134
5832,6091,6132
5833,6089,6130
5834,6087,6128
5835,6086,6126
5836,6084,6125
5837,6082,6123
5838,6080,6121
5839,6079,6119
5840,6077,6117
5841,6075,6115
5842,6073,6114
5843,6072,6112
5844,6070,6110
5845,6068,6108
5846,6066,6106
5847,6065,6105
5848,6063,6103
5849,6061,6101
5850,6060,6099
5851,6058,6098
5852,6056,6096
5853,6054,6094
5854,6053,6092
5855,6051,6091
5856,6049,6089
5857,6048,6087
5858,6046,6085
5859,6044,6084
5860,6043,6082
5861,6041,6080
5862,6039,6078
5863,6038,6077
5864,6036,6075
5865,6034,6073
5866,6033,6071
5867,6031,6070
5868,6030,6068
5869,6028,6066
6528,5386,5386
6527,5386,5387
6526,5387,5387
6525,5387,5388
6524,5388,5389
6523,5388,5389
6522,5389,5390
6521,5389,5391
6520,5390,5391
6519,5390,5392
6518,5391,5393
6517,5391,5393
6516,5392,5394
6515,5392,5395
6514,5393,5396
6513,5394,5396
6512,5394,5397
6511,5395,5398
6510,5395,5398
6509,5396,5399
6508,5396,5400
6507,5397,5400
6506,5398,5401
6505,5398,5402
6504,5399,5402
6503,5399,5403
6502,5400,5404
6501,5400,5404
6500,5401,5405
6499,5402,5406
6498,5402,5406
6497,5403,5407
6496,5403,5408
6495,5404,5408
6494,5405,5409
6493,5405,5410
6492,5406,5410
6491,5406,5411
6490,5407,5412
6489,5408,5412
6488,5408,5413
6487,5409,5414
6486,5409,5414
6485,5410,5415
6484,5411,5416
6483,5411,5416
6482,5412,5417
6481,5412,5418
6480,5413,5418
7588,8688,8691
6479,5414,5419
7587,8687,8692
6478,5414,5420
7586,8687,8692
6477,5415,5420
7585,8686,8693
6476,5415,5421
7584,8686,8693
6475,5416,5422
7583,8685,8694
6474,5417,5423
7582,8685,8694
6473,5417,5423
7581,8685,8694
6472,5418,5424
7580,8684,8694
6471,5419,5425
7579,8684,8695
6470,5419,5425
7578,8684,8695
6469,5420,5426
7577,8684,8695
6468,5420,5427
7576,8684,8695
6467,5421,5427
7575,8684,8695
6466,5422,5428
7574,8683,8695
6465,5422,5429
7573,8683,8695
6464,5423,5429
7572,8683,8695
6463,5424,5430
7571,8683,8695
6462,5424,5431
7570,8683,8695
6461,5425,5431
7569,8683,8695
6460,5425,5432
7568,8683,8695
6459,5426,5433
7567,8683,8695
6458,5427,5434
7566,8683,8695
6457,5427,5434
7565,8683,8695
6456,5428,5435
7564,8684,8695
6455,5429,5436
7563,8684,8695
6454,5429,5436
7562,8684,8695
6453,5430,5437
7561,8684,8695
6452,5431,5438
7560,8684,8695
6451,5431,5438
7559,8684,8694
6450,5432,5439
7558,8684,8694
6449,5432,5440
7557,8685,8694
6448,5433,5441
7556,9724,9727
7556,8685,8694
6447,5434,5441
7555,9723,9728
7555,8685,8693
6446,5434,5442
7554,9723,9728
7554,8686,8693
6445,5435,5443
7553,9723,9728
7553,8686,8692
6444,5436,5443
7552,9723,9728
7552,8687,8692
6443,5436,5444
7551,9723,9728
7551,8688,8691
6442,5437,5445
7550,9723,9728
6441,5438,5445
7549,9723,9728
6440,5438,5446
7548,9724,9727
6439,5439,5447
7547,9725,9726
6438,5440,5448
6437,5440,5448
6436,5441,5449
6435,5442,5450
6434,5442,5450
6433,5443,5451
6432,5444,5452
6431,5444,5453
6430,5445,5453
6429,5446,5454
6428,5446,5455
6427,5447,5455
6426,5448,5456
6425,5448,5457
6424,5449,5458
6423,5450,5458
6422,5450,5459
6421,5451,5460
6420,5452,5461
6419,5452,5461
6418,5453,5462
6417,5454,5463
6416,5454,5463
6415,5455,5464
6414,5456,5465
6413,5456,5466
6412,5457,5466
6411,5458,5467
6126,5698,5721
6125,5699,5722
6124,5700,5723
6123,5701,5724
6122,5702,5725
6121,5703,5726
6120,5704,5727
6119,5705,5728
6118,5706,5729
6117,5707,5731
6116,5708,5732
6115,5709,5733
6114,5710,5734
6113,5711,5735
6112,5712,5736
6111,5713,5737
6110,5714,5738
6109,5715,5739
6108,5716,5740
6107,5717,5742
6106,5718,5743
6105,5719,5744
6104,5721,5745
6103,5722,5746
6102,5723,5747
6101,5724,5748
6100,5725,5749
6099,5726,5750
6098,5727,5752
6097,5728,5753
6096,5729,5754
6095,5730,5755
6094,5731,5756
6093,5732,5757
6092,5733,5758
6091,5734,5760
6090,5736,5761
6089,5737,5762
6088,5738,5763
6087,5739,5764
6086,5740,5765
6085,5741,5766
6084,5742,5768
6083,5743,5769
6082,5744,5770
6081,5745,5771
6080,5747,5772
6079,5748,5773
6078,5749,5774
6077,5750,5776
6076,5751,5777
6075,5752,5778
6074,5753,5779
6073,5754,5780
6072,5755,5781
6071,5757,5783
6070,5758,5784
6069,5759,5785
6068,5760,5786
6067,5761,5787
6066,5762,5789
6065,5763,5790
6064,5764,5791
6063,5766,5792
6062,5767,5793
6061,5768,5794
6060,5769,5796
6059,5770,5797
6058,5771,5798
6057,5772,5799
6056,5773,5800
6055,5775,5802
6054,5776,5803
6053,5777,5804
6052,5778,5805
6051,5779,5806
6050,5780,5808
6049,5782,5809
6048,5783,5810
6047,5784,5811
6046,5785,5813
6045,5786,5814
6044,5787,5815
6043,5789,5816
6042,5790,5817
6041,5791,5819
6040,5792,5820
6039,5793,5821
6038,5794,5822
6037,5796,5824
6036,5797,5825
6035,5798,5826
6034,5799,5827
6033,5800,5829
6032,5802,5830
6031,5803,5831
6030,5804,5832
6029,5805,5834
6028,5806,5835
6027,5808,5836
6026,5809,5837
6025,5810,5839
6024,5811,5840
6023,5812,5841
6022,5814,5842
6021,5815,5844
6020,5816,5845
6019,5817,5846
6018,5818,5848
6017,5820,5849
6016,5821,5850
6015,5822,5851
6014,5823,5853
6013,5825,5854
6012,5826,5855
6011,5827,5856
6010,5828,5858
6009,5829,5859
6008,5831,5860
6007,5832,5862
6006,5833,5863
6005,5834,5864
6004,5836,5866
6003,5837,5867
6002,5838,5868
6001,5839,5870
6000,5841,5871
5999,5842,5872
5998,5843,5873
5997,5844,5875
5928,5938,5972
5927,5939,5974
5926,5940,5975
5925,5942,5977
5924,5943,5978
5923,5945,5980
5922,5946,5981
5921,5948,5983
5920,5949,5984
5919,5951,5986
5918,5952,5987
5917,5954,5989
5916,5955,5990
5915,5956,5992
5914,5958,5993
5913,5959,5995
5912,5961,5997
5911,5962,5998
5910,5964,6000
5909,5965,6001
5908,5967,6003
5907,5968,6004
5906,5970,6006
5905,5971,6008
5904,5973,6009
5903,5974,6011
5902,5976,6012
5901,5977,6014
5900,5979,6015
5899,5981,6017
5882,6007,6045
5881,6009,6046
5880,6010,6048
5879,6012,6050
5878,6013,6051
5877,6015,6053
5876,6017,6055
5875,6018,6056
5874,6020,6058
5873,6021,6060
5872,6023,6061
5871,6025,6063
5870,6026,6065
5883,6005,6043
5884,6004,6041
5885,6002,6040
5886,6001,6038
5887,5999,6036
5888,5998,6035
5889,5996,6033
5890,5994,6031
5891,5993,6030
5892,5991,6028
5893,5990,6027
5894,5988,6025
5895,5987,6023
5896,5985,6022
5897,5984,6020
5898,5982,6019
5929,5936,5971
5930,5935,5969
5931,5933,5968
5932,5932,5966
5933,5930,5965
5934,5929,5963
5935,5928,5962
5936,5926,5960
5937,5925,5959
5938,5923,5957
5939,5922,5956
5940,5920,5954
5941,5919,5953
5942,5918,5951
5943,5916,5950
5944,5915,5948
5945,5913,5947
5946,5912,5946
5947,5911,5944
5948,5909,5943
5949,5908,5941
5950,5907,5940
5951,5905,5938
5952,5904,5937
5953,5902,5935
5954,5901,5934
5955,5900,5933
5956,5898,5931
5957,5897,5930
5958,5896,5928
5959,5894,5927
5960,5893,5925
5961,5892,5924
5962,5890,5923
5963,5889,5921
5964,5887,5920
5965,5886,5918
5966,5885,5917
5967,5883,5916
5968,5882,5914
5969,5881,5913
5970,5879,5911
5971,5878,5910
5972,5877,5909
5973,5876,5907
5974,5874,5906
5975,5873,5905
5976,5872,5903
5977,5870,5902
5978,5869,5900
5979,5868,5899
5980,5866,5898
5981,5865,5896
5982,5864,5895
5983,5862,5894
5984,5861,5892
5985,5860,5891
5986,5859,5890
5987,5857,5888
5988,5856,5887
5989,5855,5885
5990,5853,5884
5991,5852,5883
5992,5851,5881
5993,5850,5880
5994,5848,5879
5995,5847,5877
5996,5846,5876
6127,5697,5720
6128,5696,5719
6129,5694,5718
6130,5693,5716
6131,5692,5715
6132,5691,5714
6133,5690,5713
6134,5689,5712
6135,5688,5711
6136,5687,5710
6137,5686,5709
6138,5685,5708
6139,5684,5707
6140,5683,5706
6141,5682,5705
6142,5681,5704
6143,5680,5703
6144,5679,5702
6145,5678,5701
6146,5677,5700
6147,5676,5698
6148,5675,5697
6149,5674,5696
6150,5673,5695
6151,5672,5694
6152,5671,5693
6153,5670,5692
6154,5669,5691
6155,5668,5690
6156,5667,5689
6157,5666,5688
6158,5665,5687
6159,5665,5686
6160,5664,5685
6161,5663,5684
6162,5662,5683
6163,5661,5682
6164,5660,5681
6165,5659,5680
6166,5658,5679
6167,5657,5678
6168,5656,5677
6169,5655,5676
6170,5654,5675
6171,5653,5674
6172,5652,5673
6173,5651,5672
6174,5650,5671
6175,5649,5670
6176,5648,5669
6177,5647,5668
6178,5646,5667
6179,5645,5666
6180,5644,5665
6181,5643,5664
6182,5642,5663
6183,5641,5662
6184,5641,5661
6185,5640,5660
6186,5639,5659
6187,5638,5658
6188,5637,5657
6189,5636,5656
6190,5635,5655
6191,5634,5654
6192,5633,5653
6193,5632,5652
6194,5631,5651
6195,5630,5650
6196,5629,5649
6197,5628,5648
6198,5627,5647
6199,5627,5646
6200,5626,5645
6201,5625,5644
6202,5624,5643
6203,5623,5642
6204,5622,5641
6205,5621,5640
6206,5620,5639
6207,5619,5638
6208,5618,5637
6209,5617,5636
6210,5616,5636
6211,5616,5635
6212,5615,5634
6213,5614,5633
6214,5613,5632
6215,5612,5631
6216,5611,5630
6217,5610,5629
6218,5609,5628
6219,5608,5627
6220,5607,5626
6221,5607,5625
6222,5606,5624
6223,5605,5623
6224,5604,5622
6225,5603,5621
6226,5602,5620
6227,5601,5619
6228,5600,5619
6229,5599,5618
6230,5599,5617
6231,5598,5616
6232,5597,5615
6233,5596,5614
6234,5595,5613
6235,5594,5612
6236,5593,5611
6237,5592,5610
6238,5592,5609
6239,5591,5608
6240,5590,5607
6241,5589,5607
6242,5588,5606
6243,5587,5605
6244,5586,5604
6245,5585,5603
6246,5585,5602
6247,5584,5601
6248,5583,5600
6249,5582,5599
6250,5581,5598
6251,5580,5597
6252,5579,5597
6253,5579,5596
6254,5578,5595
6255,5577,5594
6256,5576,5593
6257,5575,5592
6258,5574,5591
6259,5574,5590
6260,5573,5589
6261,5572,5588
6262,5571,5588
6263,5570,5587
6264,5569,5586
6265,5568,5585
6266,5568,5584
6267,5567,5583
6268,5566,5582
6269,5565,5581
6270,5564,5580
6271,5563,5580
6272,5563,5579
6273,5562,5578
6274,5561,5577
6275,5560,5576
6276,5559,5575
6277,5558,5574
6278,5558,5573
6279,5557,5573
6280,5556,5572
6281,5555,5571
6282,5554,5570
6283,5554,5569
6284,5553,5568
6285,5552,5567
6286,5551,5567
6287,5550,5566
6288,5549,5565
6289,5549,5564
6290,5548,5563
6291,5547,5562
6292,5546,5561
6293,5545,5561
6294,5545,5560
6295,5544,5559
6296,5543,5558
6297,5542,5557
6298,5541,5556
6299,5541,5555
6300,5540,5555
6301,5539,5554
6302,5538,5553
6303,5537,5552
6304,5537,5551
6305,5536,5550
6306,5535,5550
6307,5534,5549
6308,5533,5548
6309,5533,5547
6310,5532,5546
6311,5531,5545
6312,5530,5545
6313,5529,5544
6314,5529,5543
6315,5528,5542
6316,5527,5541
6317,5526,5540
6318,5526,5540
6319,5525,5539
6320,5524,5538
6321,5523,5537
6322,5522,5536
6323,5522,5535
6324,5521,5535
6325,5520,5534
6326,5519,5533
6327,5519,5532
6328,5518,5531
6329,5517,5531
6330,5516,5530
6331,5516,5529
6332,5515,5528
6333,5514,5527
6334,5513,5526
6335,5512,5526
6336,5512,5525
6337,5511,5524
6338,5510,5523
6339,5509,5522
6340,5509,5522
6341,5508,5521
6342,5507,5520
6343,5506,5519
6344,5506,5518
6345,5505,5518
6346,5504,5517
6347,5503,5516
6348,5503,5515
6349,5502,5514
6350,5501,5514
6351,5500,5513
6352,5500,5512
6353,5499,5511
6354,5498,5510
6355,5497,5510
6356,5497,5509
6357,5496,5508
6358,5495,5507
6359,5495,5507
6360,5494,5506
6361,5493,5505
6362,5492,5504
6363,5492,5503
6364,5491,5503
6365,5490,5502
6366,5489,5501
6367,5489,5500
6368,5488,5500
6369,5487,5499
6370,5487,5498
6371,5486,5497
6372,5485,5496
6373,5484,5496
6374,5484,5495
6375,5483,5494
6376,5482,5493
6377,5481,5493
6378,5481,5492
6379,5480,5491
6380,5479,5490
6381,5479,5490
6382,5478,5489
6383,5477,5488
6384,5476,5487
6385,5476,5487
6386,5475,5486
6387,5474,5485
6388,5474,5484
6389,5473,5483
6390,5472,5483
6391,5472,5482
6392,5471,5481
6393,5470,5480
6394,5469,5480
6395,5469,5479
6396,5468,5478
6397,5467,5477
6398,5467,5477
6399,5466,5476
6400,5465,5475
6401,5465,5475
6402,5464,5474
6403,5463,5473
6404,5462,5472
6405,5462,5472
6406,5461,5471
6407,5460,5470
6408,5460,5469
6409,5459,5469
6410,5458,5468
