8404,8548,8549
8405,8548,8549
8406,8547,8548
8407,8546,8548
8408,8546,8548
8409,8545,8548
8410,8544,8547
8411,8544,8547
8412,8543,8547
8413,8542,8546
8414,8542,8546
8415,8541,8546
8416,8541,8545
8417,8540,8545
8418,8540,8544
8419,8539,8544
8420,8538,8544
8421,8538,8543
8422,8537,8543
8423,8537,8542
8424,8536,8542
8425,8536,8542
8426,8535,8541
8427,8534,8541
8428,8534,8540
8429,8533,8540
8430,8533,8540
8431,8532,8539
8432,8532,8539
8433,8531,8538
8434,8530,8538
8435,8530,8538
8436,8529,8537
8437,8529,8537
8438,8528,8536
8439,8528,8536
8440,8527,8535
8441,8527,8535
8442,8526,8535
8443,8525,8534
8444,8525,8534
8445,8524,8533
8446,8524,8533
8447,8523,8532
8448,8523,8532
8449,8522,8531
8450,8521,8531
8451,8521,8530
8452,8520,8530
8453,8520,8530
8454,8519,8529
8455,8519,8529
8456,8518,8528
8457,8517,8528
8458,8517,8527
8459,8516,8527
8460,8516,8526
8461,8515,8526
8462,8515,8525
8463,8514,8525
8464,8513,8524
8465,8513,8524
8466,8512,8523
8467,8512,8523
8468,8511,8522
8469,8510,8522
8470,8510,8521
8471,8509,8521
8472,8509,8520
8473,8508,8520
8474,8508,8519
8475,8507,8519
8476,8506,8518
8477,8506,8518
8478,8505,8517
8479,8505,8517
8480,8504,8516
8481,8503,8516
8482,8503,8515
8483,8502,8515
8484,8502,8514
8485,8501,8514
8486,8500,8513
8487,8500,8513
8488,8499,8512
8489,8499,8512
8490,8498,8511
8491,8497,8511
8492,8497,8510
8493,8496,8510
8494,8496,8509
8495,8495,8509
8496,8494,8508
8497,8494,8508
8498,8493,8507
8499,8492,8507
8500,8492,8506
8501,8491,8505
8502,8491,8505
8503,8490,8504
8504,8489,8504
8505,8489,8503
8506,8488,8503
8507,8488,8502
8508,8487,8502
8509,8486,8501
8510,8486,8501
8511,8485,8500
8512,8484,8499
8513,8484,8499
8514,8483,8498
8515,8483,8498
8516,8482,8497
8517,8481,8497
8518,8481,8496
8519,8480,8496
8520,8479,8495
8521,8479,8494
8522,8478,8494
8523,8477,8493
8524,8477,8493
8525,8476,8492
8526,8476,8492
8527,8475,8491
8528,8474,8490
8529,8474,8490
8530,8473,8489
8531,8472,8489
8532,8472,8488
8533,8471,8487
8534,8470,8487
8535,8470,8486
8536,8469,8486
8537,8468,8485
8538,8468,8484
8539,8467,8484
8540,8467,8483
8541,8466,8483
8542,8465,8482
8543,8465,8481
8544,8464,8481
8545,8463,8480
8546,8463,8480
8547,8462,8479
8548,8461,8478
8549,8461,8478
8550,8460,8477
8551,8459,8477
8552,8459,8476
8553,8458,8475
8554,8457,8475
8555,8457,8474
8556,8456,8474
8557,8455,8473
8558,8455,8472
8559,8454,8472
8560,8453,8471
8561,8452,8470
8562,8452,8470
8563,8451,8469
8564,8450,8469
8565,8450,8468
8566,8449,8467
8567,8448,8467
8568,8448,8466
8569,8447,8465
8570,8446,8465
8571,8446,8464
8572,8445,8463
8573,8444,8463
8574,8444,8462
8575,8443,8461
8576,8442,8461
8577,8441,8460
8578,8441,8459
8579,8440,8459
8580,8439,8458
8581,8439,8458
8582,8438,8457
8583,8437,8456
8584,8437,8456
8585,8436,8455
8586,8435,8454
8587,8434,8454
8588,8434,8453
8589,8433,8452
8590,8432,8452
8591,8432,8451
8592,8431,8450
8593,8430,8450
8594,8429,8449
8595,8429,8448
8596,8428,8447
8597,8427,8447
8598,8427,8446
8599,8426,8445
8600,8425,8445
8601,8424,8444
8602,8424,8443
8603,8423,8443
8604,8422,8442
8605,8421,8441
8606,8421,8441
8607,8420,8440
8608,8419,8439
8609,8418,8438
8610,8418,8438
8611,8417,8437
8612,8416,8436
8613,8416,8436
8614,8415,8435
8615,8414,8434
8616,8413,8434
8617,8413,8433
8618,8412,8432
8619,8411,8431
8620,8410,8431
8621,8410,8430
8622,8409,8429
8623,8408,8429
8624,8407,8428
8625,8407,8427
8626,8406,8426
8627,8405,8426
8628,8404,8425
8629,8403,8424
8630,8403,8423
8631,8402,8423
8632,8401,8422
8633,8400,8421
8634,8400,8421
8635,8399,8420
8636,8398,8419
8637,8397,8418
8638,8397,8418
8639,8396,8417
8640,8395,8416
8641,8394,8415
8642,8393,8415
8643,8393,8414
8644,8392,8413
8645,8391,8412
8646,8390,8412
8647,8390,8411
8648,8389,8410
8649,8388,8409
8650,8387,8409
8651,8386,8408
8652,8386,8407
8653,8385,8406
8654,8384,8405
8655,8383,8405
8656,8382,8404
8657,8382,8403
8658,8381,8402
8659,8380,8402
8660,8379,8401
8661,8378,8400
8662,8378,8399
8663,8377,8398
8664,8376,8398
8665,8375,8397
8666,8374,8396
8667,8374,8395
8668,8373,8395
8963,8070,8072
8962,8071,8074
8961,8072,8076
8960,8073,8078
8959,8074,8080
8958,8075,8082
8957,8076,8083
8956,8077,8085
8955,8078,8086
8954,8079,8088
8953,8080,8090
8952,8081,8091
8951,8082,8093
8950,8084,8094
8949,8085,8096
8948,8086,8097
8947,8087,8099
8946,8088,8100
8945,8089,8102
8944,8091,8103
8943,8092,8105
7996,8645,8654
7997,8644,8654
7998,8644,8654
7999,8644,8654
8000,8644,8654
8001,8643,8654
8002,8643,8654
8003,8643,8654
8004,8643,8654
8005,8642,8654
8006,8642,8654
8007,8642,8654
8008,8642,8654
8009,8642,8654
8010,8641,8654
8011,8641,8655
8012,8641,8655
8013,8641,8655
8014,8641,8655
8015,8640,8655
8016,8640,8654
8017,8640,8654
8018,8640,8654
8019,8640,8654
8020,8640,8654
8021,8639,8654
8022,8639,8654
8023,8639,8654
8024,8639,8654
8025,8639,8654
8026,8639,8654
8027,8638,8654
8028,8638,8654
8029,8638,8654
8030,8638,8654
8031,8638,8654
8032,8638,8654
8033,8638,8654
8034,8637,8654
8035,8637,8654
8036,8637,8654
8037,8637,8654
8038,8637,8653
8039,8637,8653
8040,8637,8653
8041,8637,8653
8042,8636,8653
8043,8636,8653
8044,8636,8653
8045,8636,8653
8046,8636,8653
8047,8636,8653
8048,8636,8653
8049,8636,8652
8050,8635,8652
8176,8623,8624
8717,8331,8354
8175,8623,8625
8716,8332,8355
8174,8623,8625
8715,8333,8356
8173,8623,8626
8714,8334,8357
8172,8623,8626
8713,8335,8357
8171,8623,8626
8712,8335,8358
8170,8623,8627
8711,8336,8359
8169,8623,8627
8710,8337,8360
8168,8623,8627
8709,8338,8361
8167,8623,8628
8708,8339,8362
8166,8623,8628
8707,8340,8363
8165,8623,8629
8706,8341,8363
8164,8623,8629
8705,8342,8364
8163,8624,8629
8704,8342,8365
8162,8624,8630
8703,8343,8366
8161,8624,8630
8702,8344,8367
8160,8624,8630
8701,8345,8368
8159,8624,8630
8700,8346,8368
8158,8624,8631
8699,8347,8369
8157,8624,8631
8698,8348,8370
8156,8624,8631
8697,8348,8371
8155,8624,8632
8696,8349,8372
8154,8624,8632
8695,8350,8373
8153,8624,8632
8694,8351,8373
8152,8625,8633
8693,8352,8374
8151,8625,8633
8692,8353,8375
8150,8625,8633
8691,8354,8376
8149,8625,8633
8690,8354,8377
8148,8625,8634
8689,8355,8378
8147,8625,8634
8688,8356,8378
8146,8625,8634
8687,8357,8379
8145,8625,8634
8686,8358,8380
8144,8625,8635
8685,8359,8381
8143,8625,8635
8684,8359,8382
8133,8626,8638
8674,8368,8390
8132,8627,8638
8673,8369,8391
8131,8627,8638
8672,8369,8391
8130,8627,8638
8671,8370,8392
8129,8627,8639
8670,8371,8393
8128,8627,8639
8669,8372,8394
8127,8627,8639
8126,8627,8639
8125,8627,8639
8124,8627,8640
8123,8627,8640
8122,8628,8640
8121,8628,8640
8120,8628,8641
8119,8628,8641
8118,8628,8641
8117,8628,8641
8793,8259,8283
8116,8628,8641
8792,8260,8284
8115,8628,8642
8791,8261,8285
8114,8628,8642
8790,8262,8286
8113,8629,8642
8789,8263,8287
8112,8629,8642
8788,8264,8288
8111,8629,8643
8787,8265,8289
8757,8294,8318
8081,8632,8648
8110,8629,8643
8786,8266,8290
8756,8295,8319
8080,8632,8648
8109,8629,8643
8785,8267,8291
8755,8296,8320
8079,8632,8648
8108,8629,8643
8784,8268,8292
8754,8297,8321
8078,8632,8649
8107,8629,8643
8783,8269,8293
8753,8298,8322
8077,8632,8649
8106,8629,8644
8782,8270,8294
8752,8299,8323
8076,8632,8649
8105,8629,8644
8781,8271,8295
8751,8300,8323
8075,8633,8649
8104,8629,8644
8780,8272,8296
8103,8630,8644
8779,8273,8297
8102,8630,8644
8778,8274,8298
8083,8632,8648
8759,8293,8316
8082,8632,8648
8758,8293,8317
8084,8632,8648
8760,8292,8315
8134,8626,8637
8675,8367,8389
8085,8631,8647
8761,8291,8314
8135,8626,8637
8676,8366,8388
8136,8626,8637
8677,8365,8387
8137,8626,8637
8678,8364,8387
8138,8626,8636
8679,8364,8386
8074,8633,8649
8750,8301,8324
8142,8626,8635
8683,8360,8383
8073,8633,8649
8749,8302,8325
8141,8626,8636
8682,8361,8383
8072,8633,8650
8748,8303,8326
8140,8626,8636
8681,8362,8384
8139,8626,8636
8680,8363,8385
8086,8631,8647
8762,8290,8313
8087,8631,8647
8763,8289,8312
8744,8307,8330
8068,8633,8650
8745,8306,8329
8069,8633,8650
8746,8305,8328
8070,8633,8650
8747,8304,8327
8071,8633,8650
8067,8633,8650
8743,8308,8331
8066,8634,8650
8742,8308,8332
8065,8634,8650
8741,8309,8333
8064,8634,8651
8740,8310,8334
8063,8634,8651
8739,8311,8334
8062,8634,8651
8738,8312,8335
8061,8634,8651
7628,9691,9693
8737,8313,8336
8060,8634,8651
7627,9690,9694
8736,8314,8337
8059,8634,8651
7626,9690,9695
8735,8315,8338
8058,8634,8651
7625,9690,9695
8734,8316,8339
8057,8635,8652
7624,9690,9695
8733,8317,8340
8056,8635,8652
7623,9690,9695
8732,8318,8341
8055,8635,8652
7622,9691,9695
8731,8318,8342
8054,8635,8652
7621,9691,9694
8730,8319,8343
8053,8635,8652
7620,9693,9693
8729,8320,8343
8052,8635,8652
8728,8321,8344
8051,8635,8652
8727,8322,8345
8764,8288,8311
8088,8631,8647
8765,8287,8310
8089,8631,8647
8766,8286,8309
8090,8631,8647
8767,8285,8308
8091,8631,8646
8768,8284,8307
8092,8631,8646
8769,8283,8306
8093,8631,8646
8770,8282,8306
8094,8631,8646
8771,8281,8305
8095,8630,8646
8772,8280,8304
8096,8630,8646
8773,8279,8303
8097,8630,8645
8774,8278,8302
8098,8630,8645
8775,8277,8301
8099,8630,8645
8776,8276,8300
8100,8630,8645
8777,8275,8299
8101,8630,8645
7995,8645,8653
7994,8645,8653
7993,8646,8653
7992,8646,8653
7991,8646,8653
7990,8647,8652
7989,8647,8652
7988,8648,8652
7987,8648,8651
7986,8649,8651
8718,8330,8353
8719,8329,8352
8720,8328,8351
8721,8327,8350
8722,8327,8350
8723,8326,8349
8724,8325,8348
8725,8324,8347
8726,8323,8346
8794,8258,8282
8795,8257,8281
8796,8256,8280
8797,8255,8279
8798,8254,8278
8799,8253,8277
8800,8252,8276
8801,8251,8275
8802,8250,8274
8803,8249,8273
8804,8248,8272
8805,8247,8271
8806,8246,8270
8807,8245,8269
5481,6472,6474
8808,8244,8268
5482,6461,6480
8809,8243,8267
5483,6454,6481
8810,8242,8266
5484,6449,6481
8811,8241,8265
5485,6443,6480
8812,8240,8264
5486,6439,6479
8813,8239,8263
5487,6434,6478
8814,8238,8261
5488,6430,6476
8815,8237,8260
5489,6426,6475
8816,8236,8259
5490,6422,6473
8817,8235,8258
5491,6418,6471
8818,8234,8257
5492,6414,6469
8819,8233,8256
5493,6411,6467
8820,8232,8255
5494,6407,6465
8821,8231,8254
5495,6404,6463
8822,8230,8253
5496,6400,6461
8823,8228,8252
5497,6397,6459
8824,8227,8251
5498,6394,6456
8825,8226,8250
5499,6391,6454
8826,8225,8249
5500,6388,6451
8827,8224,8248
5501,6385,6449
8828,8223,8247
5502,6382,6447
8829,8222,8246
5503,6379,6444
8830,8221,8244
5504,6376,6441
8831,8220,8243
5505,6373,6439
8832,8219,8242
5506,6370,6436
8833,8218,8241
5507,6367,6433
8834,8217,8240
5508,6365,6431
8835,8216,8239
5509,6362,6428
8836,8215,8238
5510,6359,6425
8837,8214,8237
5511,6357,6423
8838,8213,8236
5512,6354,6420
8839,8211,8235
5513,6351,6417
8840,8210,8234
5514,6349,6414
8841,8209,8232
5515,6347,6411
8842,8208,8231
5516,6344,6408
8843,8207,8230
5517,6342,6406
8844,8206,8229
5518,6339,6403
8845,8205,8228
5519,6337,6400
8846,8204,8227
5520,6335,6397
8847,8203,8226
5521,6332,6394
8848,8202,8225
5522,6330,6391
8849,8201,8224
5523,6328,6388
8850,8199,8222
5524,6326,6385
8851,8198,8221
5525,6324,6382
8852,8197,8220
5526,6322,6379
8853,8196,8219
5527,6320,6376
8854,8195,8218
5528,6318,6373
8855,8194,8217
5529,6316,6369
8856,8193,8216
5530,6314,6366
8857,8192,8215
5531,6312,6363
8858,8191,8213
5532,6310,6360
8859,8190,8212
5533,6308,6357
8860,8188,8211
5534,6306,6353
8861,8187,8210
5535,6305,6350
8862,8186,8209
5536,6303,6347
8863,8185,8208
5537,6301,6343
8864,8184,8206
5538,6300,6340
8865,8183,8205
5539,6298,6336
8866,8182,8204
5540,6297,6333
8867,8181,8203
5541,6296,6329
8868,8179,8202
5542,6295,6326
8869,8178,8201
5543,6294,6322
8870,8177,8199
5544,6293,6318
8871,8176,8198
5545,6292,6313
8872,8175,8197
5546,6292,6309
8873,8174,8196
5547,6293,6303
8874,8173,8195
8875,8172,8194
8876,8170,8192
8877,8169,8191
8878,8168,8190
8879,8167,8189
8880,8166,8188
8881,8165,8186
8882,8164,8185
8883,8162,8184
8884,8161,8183
8885,8160,8182
8886,8159,8180
8887,8158,8179
8888,8157,8178
8889,8156,8177
8890,8154,8175
8891,8153,8174
8892,8152,8173
8893,8151,8172
8894,8150,8170
8895,8149,8169
8896,8147,8168
8897,8146,8167
8898,8145,8165
8899,8144,8164
8900,8143,8163
8901,8142,8162
8902,8140,8160
8903,8139,8159
8904,8138,8158
8905,8137,8157
8906,8136,8155
8907,8134,8154
8908,8133,8153
8909,8132,8151
8910,8131,8150
8911,8130,8149
8912,8129,8147
8913,8127,8146
8914,8126,8145
8915,8125,8144
8916,8124,8142
8917,8123,8141
8918,8121,8140
8919,8120,8138
8920,8119,8137
8921,8118,8136
8922,8117,8134
8923,8115,8133
8924,8114,8132
8925,8113,8130
8926,8112,8129
8927,8111,8127
8928,8110,8126
8929,8108,8125
8930,8107,8123
8931,8106,8122
8932,8105,8121
8933,8104,8119
8934,8102,8118
8935,8101,8116
8936,8100,8115
8937,8099,8113
8938,8098,8112
8939,8096,8111
8940,8095,8109
8941,8094,8108
8942,8093,8106
