7593,9709,9710
7594,9708,9711
7595,9707,9712
7596,9707,9712
7597,9707,9712
7602,9708,9710
7601,9707,9711
7600,9707,9711
7599,9706,9712
7598,9706,9712
5559,6492,6497
5560,6483,6500
5561,6476,6500
5562,6471,6499
5563,6466,6498
5564,6461,6496
5565,6457,6495
5566,6452,6493
5567,6448,6491
5568,6444,6489
5569,6440,6487
5570,6436,6484
5571,6432,6482
5572,6429,6480
5573,6425,6477
5574,6421,6475
5575,6418,6473
5576,6414,6470
5577,6411,6467
5578,6408,6465
5579,6404,6462
5580,6401,6460
5581,6398,6457
5582,6395,6454
5583,6392,6452
5584,6388,6449
7754,8671,8674
5595,6357,6419
7755,8670,8675
5596,6354,6416
7756,8670,8676
5597,6351,6413
7757,8669,8676
5598,6348,6411
7758,8669,8677
5599,6346,6408
7759,8669,8677
5600,6343,6405
7760,8668,8677
5601,6340,6402
7761,8668,8677
5602,6338,6400
7762,8668,8678
5603,6335,6397
7763,8668,8678
5604,6333,6394
7764,8667,8678
5605,6330,6391
7765,8667,8678
5606,6328,6388
7766,8667,8679
5607,6325,6386
7767,8667,8679
5608,6323,6383
7768,8667,8679
5609,6320,6380
7769,8667,8679
5610,6318,6377
7770,8666,8679
5611,6315,6374
7771,8666,8679
5612,6313,6372
7772,8666,8679
5613,6311,6369
7773,8666,8679
5614,6308,6366
7774,8666,8679
5615,6306,6363
7775,8666,8679
5616,6304,6361
7790,8667,8679
5631,6271,6319
7789,8667,8679
5630,6273,6322
7788,8667,8679
5629,6275,6324
7787,8667,8679
5628,6277,6327
7786,8666,8679
5627,6279,6330
7785,8666,8679
5626,6281,6333
7784,8666,8679
5625,6284,6335
7783,8666,8679
5624,6286,6338
7782,8666,8679
5623,6288,6341
7781,8666,8679
5622,6290,6344
7780,8666,8679
5621,6292,6347
7779,8666,8679
5620,6295,6349
7778,8666,8679
5619,6297,6352
7791,8667,8679
5632,6269,6316
7792,8667,8678
5633,6267,6313
7793,8667,8678
5634,6265,6310
7794,8668,8678
5635,6263,6308
7795,8668,8678
5636,6261,6305
7796,8668,8678
5637,6259,6302
7797,8668,8677
5638,6257,6299
7798,8669,8677
5639,6255,6296
7799,8669,8677
5640,6253,6293
7800,8669,8676
5641,6252,6291
7801,8670,8676
5642,6250,6288
7802,8670,8675
5643,6248,6285
7803,8671,8675
5644,6246,6282
7804,8672,8674
5645,6244,6279
7777,8666,8679
5618,6299,6355
7776,8666,8679
5617,6301,6358
5646,6243,6276
5647,6241,6273
5648,6239,6270
5649,6238,6268
5650,6236,6265
5651,6235,6262
5652,6233,6259
5653,6232,6255
5654,6230,6252
5655,6229,6249
5656,6228,6246
5657,6227,6242
5658,6226,6239
5659,6226,6235
5660,6227,6229
5594,6359,6422
5593,6362,6425
5592,6365,6427
5591,6368,6430
5590,6371,6433
5589,6374,6436
5588,6376,6438
5587,6379,6441
5586,6382,6444
5585,6385,6446
