7902,8655,8669
7903,8655,8669
7904,8655,8669
7905,8655,8669
7906,8654,8669
7907,8654,8669
7908,8654,8669
7950,8659,8661
5539,6371,6436
5540,6368,6433
5541,6365,6431
5542,6363,6428
5543,6360,6425
5544,6357,6422
7901,8655,8669
5588,6276,6281
7900,8655,8669
5587,6274,6287
7899,8655,8669
5586,6274,6291
7898,8655,8669
5585,6275,6296
7897,8655,8669
5584,6276,6299
7896,8655,8669
5583,6277,6303
7895,8655,8669
5582,6278,6307
7894,8655,8669
5581,6279,6310
7893,8656,8669
5580,6281,6314
7892,8656,8669
5579,6282,6317
7891,8656,8669
5578,6284,6320
7890,8656,8669
5577,6285,6324
7889,8656,8669
5576,6287,6327
7888,8656,8668
5575,6289,6330
7887,8657,8668
5574,6290,6333
7886,8657,8668
5573,6292,6337
7885,8657,8668
5572,6294,6340
7884,8657,8668
5571,6296,6343
7883,8657,8668
5570,6298,6346
7882,8658,8668
5569,6300,6349
7881,8658,8667
5568,6302,6352
7880,8658,8667
5567,6304,6355
5545,6355,6419
5546,6352,6417
7610,9700,9700
5554,6332,6394
5547,6349,6414
7611,9698,9701
5555,6330,6391
5553,6335,6397
7615,9697,9702
5559,6321,6379
5552,6337,6400
7614,9697,9702
5558,6323,6382
5549,6344,6408
5551,6339,6402
7613,9697,9702
5557,6325,6385
5548,6347,6411
5550,6342,6405
7612,9697,9702
5556,6327,6388
7873,8662,8664
7616,9697,9702
5560,6318,6376
7874,8661,8665
7617,9697,9701
5561,6316,6373
7875,8660,8665
7618,9697,9700
5562,6314,6370
7876,8660,8666
5563,6312,6367
7877,8659,8666
5564,6310,6364
7878,8659,8667
5565,6308,6361
7879,8658,8667
5566,6306,6358
5538,6374,6439
5537,6377,6441
5536,6380,6444
7949,8658,8662
5535,6383,6447
7948,8658,8663
5534,6386,6449
7947,8658,8663
5533,6389,6452
7946,8657,8664
5532,6392,6454
7945,8657,8664
5531,6395,6457
7944,8657,8664
5530,6398,6459
7943,8656,8665
5529,6401,6462
7942,8656,8665
5528,6405,6464
7941,8656,8665
5527,6408,6467
7940,8656,8665
5526,6412,6469
7939,8656,8666
5525,6415,6471
7938,8656,8666
5524,6419,6473
7937,8655,8666
5523,6422,6475
7936,8655,8666
5522,6426,6478
7935,8655,8667
5521,6430,6479
7934,8655,8667
5520,6434,6481
7933,8655,8667
5519,6438,6483
7932,8655,8667
5518,6443,6485
7931,8655,8667
5517,6447,6486
7930,8655,8667
5516,6452,6487
7929,8655,8668
5515,6457,6488
7928,8655,8668
5514,6463,6488
7927,8655,8668
5513,6469,6488
7926,8654,8668
5512,6478,6485
7925,8654,8668
7909,8654,8669
7910,8654,8669
7911,8654,8669
7912,8654,8669
7913,8654,8669
7914,8654,8669
7915,8654,8669
7916,8654,8669
7917,8654,8669
7918,8654,8669
7919,8654,8669
7920,8654,8669
7921,8654,8669
7922,8654,8668
7923,8654,8668
7924,8654,8668
