9613,7318,7358
9614,7301,7363
9615,7287,7365
9616,7275,7366
9617,7263,7366
9618,7253,7365
9619,7242,7364
9620,7233,7362
9621,7224,7360
9622,7215,7357
9623,7207,7355
9641,7192,7234
9640,7179,7252
9639,7171,7265
9638,7166,7275
9637,7163,7284
9636,7161,7292
9635,7160,7299
5753,6877,6884
5754,6852,6898
5755,6837,6900
5756,6826,6900
5757,6816,6898
5758,6806,6896
5759,6798,6892
5760,6790,6888
5761,6782,6884
5762,6775,6879
5763,6768,6874
5764,6761,6869
5765,6755,6863
5766,6749,6858
5767,6743,6852
5768,6737,6846
5769,6732,6840
5770,6726,6835
5771,6721,6829
5772,6716,6823
5773,6711,6817
5774,6706,6811
5775,6701,6805
5776,6696,6799
5777,6691,6794
5778,6687,6788
5815,6573,6584
5814,6573,6592
5813,6574,6598
5812,6575,6604
5811,6577,6610
5810,6579,6615
5809,6581,6621
5808,6584,6626
5807,6586,6631
5806,6589,6637
5805,6591,6642
5804,6594,6647
5803,6597,6652
5802,6599,6658
5801,6602,6663
5800,6605,6668
5799,6608,6673
5798,6611,6678
5797,6615,6684
5796,6618,6689
5795,6621,6694
5794,6625,6699
5793,6628,6705
5792,6631,6710
5791,6635,6715
5790,6639,6721
5789,6642,6726
5788,6646,6732
5787,6650,6737
5786,6654,6743
5785,6657,6748
5784,6661,6754
5783,6665,6759
5782,6670,6765
5781,6674,6771
5780,6678,6776
5779,6682,6782
6500,8563,8565
6501,8563,8567
6502,8563,8568
6503,8563,8569
6504,8563,8570
6505,8564,8571
6506,8564,8572
6507,8564,8573
6508,8565,8574
6633,8628,8649
6632,8627,8648
6631,8627,8648
6630,8626,8648
6629,8626,8647
6628,8625,8647
6627,8625,8646
6626,8624,8646
6625,8624,8646
6624,8623,8645
6623,8623,8645
6622,8622,8644
6621,8621,8644
6620,8621,8643
6619,8620,8643
6618,8620,8643
6612,8617,8640
7247,8723,8731
6611,8616,8639
7246,8722,8731
6610,8616,8639
7245,8722,8731
6609,8615,8638
7244,8722,8731
6608,8615,8638
7243,8722,8732
6607,8614,8638
7242,8722,8732
6606,8613,8637
7241,8721,8732
6605,8613,8637
7240,8721,8732
6604,8612,8636
7239,8721,8733
6603,8612,8636
7238,8721,8733
6602,8611,8635
7237,8721,8733
6601,8611,8635
7236,8721,8733
6600,8610,8634
7235,8721,8733
6599,8610,8634
7234,8720,8733
6598,8609,8633
7233,8720,8734
6597,8609,8633
7232,8720,8734
6678,8656,8660
7219,8720,8735
6679,8657,8660
7220,8720,8735
7222,8720,8735
7223,8720,8735
7224,8720,8734
7225,8720,8734
7226,8720,8734
6592,8606,8630
7227,8720,8734
6593,8607,8631
7228,8720,8734
6594,8607,8631
7229,8720,8734
6595,8608,8632
7230,8720,8734
6596,8608,8632
7231,8720,8734
6613,8617,8640
7248,8723,8730
6614,8618,8641
7249,8723,8730
6615,8618,8641
7250,8724,8729
6616,8619,8642
7251,8724,8729
6617,8619,8642
7252,8725,8728
6677,8655,8661
7218,8720,8735
6676,8654,8661
7217,8720,8735
9634,7159,7306
7470,9725,9728
6672,8651,8660
7213,8720,8735
6675,8653,8661
7216,8720,8735
9633,7160,7312
7469,9724,9728
6671,8650,8660
7212,8720,8735
6674,8652,8660
7215,8720,8735
9632,7162,7318
7468,9723,9729
6670,8650,8660
7211,8720,8735
6673,8652,8660
7214,8720,8735
9631,7164,7323
7467,9723,9729
6669,8649,8660
7210,8720,8735
9630,7167,7328
7466,9723,9729
6668,8648,8660
7209,8720,8735
9629,7171,7333
7465,9722,9729
6667,8648,8659
7208,8721,8735
9628,7175,7337
7464,9722,9729
6666,8647,8659
7207,8721,8735
9627,7181,7341
7463,9722,9728
6665,8646,8659
7206,8721,8735
9626,7186,7345
7462,9723,9728
9625,7193,7348
7461,9723,9727
9624,7200,7352
7460,9724,9726
7221,8720,8735
6680,8658,8660
6634,8629,8649
6635,8629,8650
6636,8630,8650
6637,8630,8650
7179,8727,8729
6638,8631,8651
7180,8727,8730
6639,8631,8651
7181,8726,8730
6640,8632,8651
7182,8726,8731
6641,8632,8652
7183,8725,8731
6642,8633,8652
7184,8725,8732
6643,8633,8652
7185,8724,8732
6644,8634,8653
7186,8724,8732
6645,8635,8653
7187,8724,8732
6646,8635,8653
7188,8724,8733
6647,8636,8654
7189,8723,8733
6648,8636,8654
7190,8723,8733
6649,8637,8654
7191,8723,8733
6650,8637,8655
7192,8723,8733
6651,8638,8655
7193,8722,8734
6652,8639,8655
7194,8722,8734
6653,8639,8656
7195,8722,8734
6654,8640,8656
7196,8722,8734
6655,8640,8656
7197,8722,8734
6656,8641,8657
7198,8722,8734
6657,8641,8657
7199,8721,8734
6658,8642,8657
7200,8721,8734
6659,8643,8657
7201,8721,8734
6660,8643,8658
7202,8721,8734
6661,8644,8658
7203,8721,8735
6662,8644,8658
7204,8721,8735
6663,8645,8659
7205,8721,8735
6664,8646,8659
6591,8606,8630
6590,8605,8629
6589,8604,8629
6588,8604,8628
6587,8603,8628
6586,8603,8627
6585,8602,8626
6584,8602,8626
6583,8601,8625
6582,8601,8625
6581,8600,8624
6580,8600,8624
6579,8599,8623
6578,8599,8623
6577,8598,8622
6576,8598,8622
6575,8597,8621
6574,8597,8620
6573,8596,8620
6572,8596,8619
6571,8595,8619
6570,8594,8618
6569,8594,8617
6568,8593,8617
6567,8593,8616
6566,8592,8616
6565,8592,8615
6564,8591,8615
6563,8591,8614
6562,8590,8613
6561,8590,8613
6560,8589,8612
6559,8589,8612
6558,8588,8611
6557,8588,8610
6556,8587,8610
6555,8587,8609
6554,8586,8608
6553,8586,8608
6552,8585,8607
6551,8585,8606
6550,8584,8606
6549,8584,8605
6548,8583,8605
6547,8583,8604
6546,8582,8603
6545,8582,8603
6544,8581,8602
6543,8581,8601
6542,8580,8601
6541,8580,8600
6540,8579,8599
6539,8579,8599
6538,8578,8598
6537,8578,8597
6536,8577,8596
6535,8577,8596
6534,8576,8595
6533,8576,8594
6532,8575,8594
6531,8575,8593
6530,8574,8592
6529,8574,8591
6528,8573,8591
6527,8573,8590
6526,8572,8589
6525,8572,8588
6524,8571,8588
6523,8571,8587
6522,8570,8586
6521,8570,8585
6520,8569,8585
6519,8569,8584
6518,8569,8583
6517,8568,8582
6516,8568,8581
6515,8567,8581
6514,8567,8580
6513,8566,8579
6512,8566,8578
6511,8566,8577
6510,8565,8576
6509,8565,8575
