5714,6570,6572
5713,6572,6578
5712,6575,6583
5711,6578,6588
5710,6581,6593
5709,6584,6597
5708,6587,6602
5707,6591,6607
5706,6594,6612
5705,6598,6616
5704,6602,6621
5703,6605,6626
5702,6609,6631
5701,6613,6636
5700,6617,6641
5699,6621,6646
5698,6624,6651
5697,6628,6656
5696,6633,6661
5695,6637,6666
5694,6641,6671
5693,6645,6677
5692,6649,6682
5691,6654,6688
5690,6658,6693
5689,6662,6699
5688,6667,6705
5687,6672,6710
5686,6676,6716
5685,6681,6722
5684,6686,6728
7446,8696,8706
9502,6690,6789
7445,8696,8705
9501,6686,6781
7444,8696,8705
9500,6682,6773
7526,9729,9731
7443,8697,8705
9499,6678,6765
7525,9728,9732
7442,8697,8704
9498,6674,6758
7524,9728,9732
7441,8698,8704
9497,6670,6750
7523,9727,9733
7440,8698,8703
9496,6667,6743
7522,9727,9733
7439,8699,8703
9495,6663,6736
7521,9727,9733
7438,8701,8701
9494,6659,6729
7520,9727,9733
9493,6656,6722
5670,6762,6830
7469,8695,8706
9525,6811,7054
7519,9727,9732
9492,6653,6715
5669,6768,6839
7468,8695,8706
9524,6805,7040
7518,9727,9732
9491,6650,6708
5668,6775,6848
7467,8695,8706
9523,6798,7025
7517,9728,9732
9490,6646,6701
5648,6998,7089
7447,8696,8706
9503,6694,6797
5649,6969,7118
7448,8695,8706
9504,6698,6805
5667,6781,6858
7466,8695,8706
9522,6791,7010
7516,9729,9731
9489,6643,6694
9488,6641,6687
9487,6638,6680
9486,6635,6673
5654,6892,7192
9509,6720,6850
7453,8695,8707
9485,6633,6666
5653,6904,7180
9508,6716,6840
7452,8695,8707
9484,6631,6659
9529,6842,7085
7473,8697,8704
5674,6738,6797
5652,6917,7168
9507,6711,6831
7451,8695,8706
9483,6630,6651
9528,6834,7081
7472,8696,8705
5673,6744,6805
5651,6932,7154
9506,6707,6822
7450,8695,8706
9482,6630,6642
9527,6826,7074
7471,8696,8705
5672,6750,6813
5650,6949,7138
9505,6702,6813
7449,8695,8706
7470,8696,8705
9526,6819,7065
5671,6756,6821
7474,8697,8704
5675,6732,6789
9530,6851,7087
5676,6727,6782
7475,8698,8703
9531,6860,7088
5677,6721,6774
7476,8698,8703
9532,6870,7086
5678,6716,6767
7477,8699,8702
9533,6881,7082
5679,6711,6761
9534,6892,7077
5680,6706,6754
9535,6905,7070
5681,6700,6747
9536,6920,7060
5682,6695,6741
9537,6939,7046
5683,6691,6735
9538,6966,7023
5666,6788,6868
7465,8695,8706
9521,6785,6994
5665,6795,6879
7464,8695,8706
9520,6779,6979
5664,6802,6890
7463,8695,8706
9519,6773,6965
5663,6809,6903
5663,7248,7252
7462,8695,8707
9518,6767,6951
5662,6817,6916
5662,7227,7253
7461,8695,8707
9517,6761,6938
5661,6825,6931
5661,7209,7248
7460,8694,8707
9516,6756,6925
5660,6833,6947
5660,7190,7242
7459,8694,8707
9515,6750,6913
5656,6870,7211
7455,8695,8707
9511,6730,6869
5655,6880,7202
7454,8695,8707
9510,6725,6859
7456,8695,8707
9512,6735,6880
5657,6860,7030
5657,7103,7220
7457,8694,8707
9513,6740,6890
5658,6851,6991
5658,7143,7228
7458,8694,8707
9514,6745,6901
5659,6842,6967
5659,7169,7236
