5651,6514,6520
5652,6507,6520
5653,6502,6518
5654,6497,6516
5655,6493,6514
5656,6488,6512
5657,6484,6509
5658,6480,6507
5659,6476,6504
5660,6472,6502
5661,6468,6499
5662,6464,6496
5663,6460,6494
5664,6456,6491
5665,6453,6488
5666,6449,6485
5667,6446,6483
5668,6442,6480
5669,6439,6477
5670,6435,6474
5671,6432,6472
5672,6428,6469
5673,6425,6466
5674,6422,6463
5675,6419,6460
5676,6415,6458
5677,6412,6455
5678,6409,6452
5679,6406,6449
5680,6403,6447
5681,6399,6444
5682,6396,6441
5683,6393,6438
5684,6390,6436
5685,6387,6433
5686,6384,6430
5687,6381,6427
5688,6378,6425
5689,6375,6422
5690,6372,6419
5691,6370,6417
5692,6367,6414
5693,6364,6411
5694,6361,6408
5695,6358,6406
5696,6355,6403
5697,6353,6401
5698,6350,6398
5699,6347,6395
5700,6344,6393
5701,6342,6390
5702,6339,6387
5703,6336,6385
5704,6334,6382
5705,6331,6380
5706,6328,6377
5707,6326,6374
5708,6323,6372
5709,6320,6369
5710,6318,6367
5711,6315,6364
5712,6313,6362
5713,6310,6359
5714,6307,6357
5715,6305,6354
5716,6302,6352
5717,6300,6349
5718,6297,6347
5719,6295,6344
5720,6292,6342
5721,6290,6339
5722,6288,6337
5723,6285,6334
5724,6283,6332
5725,6280,6329
5726,6278,6327
5727,6275,6325
5728,6273,6322
5729,6271,6320
5730,6268,6317
5731,6266,6315
5732,6264,6313
5733,6261,6310
5734,6259,6308
5735,6257,6305
5736,6254,6303
5737,6252,6301
5738,6250,6298
5739,6247,6296
5740,6245,6294
5741,6243,6291
5742,6241,6289
5743,6238,6287
5744,6236,6284
5745,6234,6282
5746,6232,6280
5747,6230,6278
5748,6227,6275
5749,6225,6273
5750,6223,6271
5751,6221,6269
5752,6219,6266
5753,6216,6264
5754,6214,6262
5755,6212,6260
5756,6210,6257
5757,6208,6255
5758,6206,6253
5759,6204,6251
5760,6202,6249
5761,6199,6246
5762,6197,6244
5763,6195,6242
5764,6193,6240
5765,6191,6238
5766,6189,6236
5767,6187,6233
5768,6185,6231
5769,6183,6229
5770,6181,6227
5771,6179,6225
5772,6177,6223
5773,6175,6221
5774,6173,6219
5775,6171,6216
5776,6169,6214
5777,6167,6212
5778,6165,6210
5779,6163,6208
5780,6161,6206
5781,6159,6204
5782,6157,6202
5783,6155,6200
5784,6153,6198
5785,6151,6196
5786,6149,6194
6051,5774,5775
6050,5775,5777
6049,5776,5778
6048,5776,5780
6047,5777,5781
6046,5778,5783
6045,5779,5784
6044,5780,5786
6043,5781,5787
6042,5782,5788
6041,5783,5790
6040,5784,5791
6039,5785,5792
6038,5786,5794
6037,5787,5795
6036,5788,5796
6035,5789,5798
6034,5790,5799
6033,5791,5800
6032,5792,5802
6031,5793,5803
6030,5794,5804
6029,5795,5806
6028,5797,5807
6027,5798,5808
6026,5799,5810
6025,5800,5811
6024,5801,5812
6023,5802,5814
6022,5803,5815
6021,5804,5816
6020,5805,5818
6019,5806,5819
6018,5808,5820
6017,5809,5822
6016,5810,5823
6015,5811,5824
6014,5812,5826
6013,5813,5827
6012,5814,5828
6011,5815,5830
6010,5817,5831
6009,5818,5832
6008,5819,5834
6007,5820,5835
6006,5821,5836
6005,5822,5838
6004,5823,5839
6003,5825,5840
6002,5826,5842
6001,5827,5843
6000,5828,5844
5999,5829,5846
5998,5830,5847
5997,5832,5848
5996,5833,5850
5995,5834,5851
5994,5835,5852
5863,6015,6050
5862,6016,6052
5861,6018,6054
5860,6020,6056
5859,6021,6057
5858,6023,6059
5857,6024,6061
5856,6026,6062
5855,6028,6064
5854,6029,6066
5853,6031,6068
5852,6032,6069
5851,6034,6071
5850,6036,6073
5849,6037,6075
5848,6039,6076
5847,6041,6078
5846,6042,6080
5845,6044,6082
5844,6046,6083
5843,6047,6085
5842,6049,6087
5841,6050,6089
5840,6052,6091
5839,6054,6092
5838,6056,6094
5837,6057,6096
5836,6059,6098
5796,6130,6174
5807,6110,6152
5808,6108,6150
5787,6147,6192
5809,6106,6148
5788,6145,6190
5810,6104,6146
5789,6143,6188
5811,6102,6144
5790,6141,6186
5812,6101,6142
5791,6139,6184
5813,6099,6140
5792,6138,6182
5814,6097,6139
5793,6136,6180
5815,6095,6137
5794,6134,6178
5835,6061,6100
5834,6062,6101
5833,6064,6103
5832,6066,6105
5831,6067,6107
5830,6069,6109
5829,6071,6111
5816,6093,6135
5795,6132,6176
5817,6092,6133
5818,6090,6131
5797,6128,6172
5819,6088,6129
5798,6126,6170
5820,6086,6127
5799,6124,6168
5821,6085,6125
5800,6123,6166
5822,6083,6123
5801,6121,6164
5823,6081,6122
5802,6119,6162
5824,6079,6120
5803,6117,6160
5825,6078,6118
5804,6115,6158
5826,6076,6116
5805,6113,6156
5827,6074,6114
5806,6111,6154
5828,6072,6112
5864,6013,6049
5865,6012,6047
5866,6010,6045
5867,6009,6044
5868,6007,6042
5869,6005,6040
5870,6004,6039
5871,6002,6037
5872,6001,6035
5873,5999,6034
5874,5998,6032
5875,5996,6030
5876,5995,6029
5877,5993,6027
5878,5992,6025
5879,5990,6024
5880,5989,6022
5881,5987,6020
5882,5986,6019
5883,5984,6017
5884,5982,6015
5885,5981,6014
5886,5979,6012
5887,5978,6011
5888,5977,6009
5889,5975,6007
5890,5974,6006
5891,5972,6004
5892,5971,6003
5893,5969,6001
5894,5968,5999
5895,5966,5998
5896,5965,5996
5897,5963,5995
5898,5962,5993
5899,5960,5991
5900,5959,5990
5901,5957,5988
5902,5956,5987
5903,5955,5985
5904,5953,5983
5905,5952,5982
5906,5950,5980
5907,5949,5979
5908,5947,5977
5909,5946,5976
5910,5945,5974
5911,5943,5973
5912,5942,5971
5913,5940,5969
5914,5939,5968
5915,5937,5966
5916,5936,5965
5917,5935,5963
5918,5933,5962
5919,5932,5960
5920,5930,5959
5921,5929,5957
5922,5928,5956
5923,5926,5954
5924,5925,5953
5925,5924,5951
5926,5922,5950
5927,5921,5948
5928,5919,5947
5929,5918,5945
7553,9724,9724
5930,5917,5944
7554,9723,9726
5931,5915,5942
7555,9722,9726
5932,5914,5941
7556,9721,9727
5933,5913,5939
7557,9721,9727
5934,5911,5938
7558,9721,9727
5935,5910,5936
7559,9721,9727
5936,5909,5935
7560,9721,9727
5937,5907,5933
7561,9722,9726
5938,5906,5932
7562,9722,9726
5939,5905,5930
7563,9723,9724
5940,5903,5929
5941,5902,5927
5942,5901,5926
5943,5899,5924
5944,5898,5923
5945,5897,5921
5946,5895,5920
5947,5894,5919
5948,5893,5917
5949,5891,5916
5950,5890,5914
5951,5889,5913
7575,8686,8689
5952,5887,5911
7576,8685,8689
5953,5886,5910
7577,8684,8690
5954,5885,5908
7578,8684,8691
5955,5884,5907
7579,8683,8691
5956,5882,5906
7580,8683,8691
5957,5881,5904
7581,8683,8692
5958,5880,5903
7582,8682,8692
5959,5878,5901
7583,8682,8692
5960,5877,5900
7584,8682,8692
5961,5876,5898
7585,8682,8693
5962,5875,5897
7586,8682,8693
5963,5873,5896
7587,8681,8693
5964,5872,5894
7588,8681,8693
5965,5871,5893
7589,8681,8693
5966,5869,5891
7590,8681,8693
5967,5868,5890
7591,8681,8693
5968,5867,5888
7592,8681,8693
5969,5866,5887
7593,8681,8693
5970,5864,5886
7594,8681,8693
5971,5863,5884
7595,8681,8693
5972,5862,5883
7596,8681,8693
5973,5861,5881
7597,8681,8693
5974,5859,5880
7598,8681,8693
5975,5858,5879
7599,8681,8693
5976,5857,5877
7600,8681,8693
5977,5856,5876
7601,8682,8693
5978,5855,5874
7602,8682,8693
5979,5853,5873
7603,8682,8693
5980,5852,5872
7604,8682,8692
5981,5851,5870
7605,8682,8692
5982,5850,5869
7606,8683,8692
5983,5848,5868
7607,8683,8692
5984,5847,5866
7608,8683,8691
5985,5846,5865
7609,8684,8691
5986,5845,5863
7610,8684,8690
5987,5844,5862
7611,8685,8690
5988,5842,5861
7612,8686,8689
5989,5841,5859
7613,8687,8688
5990,5840,5858
5991,5839,5857
5992,5838,5855
5993,5836,5854
