7591,9710,9711
7592,9709,9712
7593,9708,9713
7594,9708,9713
7595,9708,9713
7600,9709,9710
7599,9708,9712
7598,9708,9712
7597,9708,9713
7596,9707,9713
5565,6488,6501
5566,6481,6501
5567,6475,6501
5568,6470,6500
5569,6465,6498
5570,6460,6497
5571,6456,6495
5572,6452,6493
5573,6448,6491
5574,6443,6489
5575,6440,6487
5576,6436,6484
5577,6432,6482
5578,6428,6479
5579,6425,6477
5580,6421,6475
5581,6418,6472
5582,6414,6470
5583,6411,6467
5584,6407,6464
5585,6404,6462
5586,6401,6459
5587,6398,6456
5588,6395,6454
5589,6391,6451
5590,6388,6448
5591,6385,6446
5617,6315,6374
7776,8668,8680
5616,6317,6377
7775,8668,8680
5615,6320,6380
7774,8668,8680
5614,6322,6382
7773,8667,8680
5613,6325,6385
7772,8667,8680
5612,6327,6388
7771,8667,8680
5611,6330,6391
7770,8667,8680
5618,6313,6371
7777,8668,8680
7742,8672,8675
5619,6310,6368
7778,8668,8679
7743,8671,8676
5620,6308,6366
7779,8668,8679
7744,8671,8676
7745,8670,8677
7746,8670,8677
7747,8669,8678
7748,8669,8678
7749,8669,8678
7750,8669,8679
7751,8668,8679
5592,6382,6443
7752,8668,8679
5593,6379,6440
7753,8668,8679
5594,6376,6438
7754,8668,8679
5595,6373,6435
7755,8668,8680
5596,6370,6432
7756,8668,8680
5597,6368,6429
7757,8668,8680
5598,6365,6427
7758,8667,8680
5599,6362,6424
7759,8667,8680
5600,6359,6421
7760,8667,8680
5601,6356,6418
7761,8667,8680
5602,6354,6416
7769,8667,8680
5610,6332,6393
7768,8667,8680
5609,6335,6396
7767,8667,8680
5608,6338,6399
7766,8667,8680
5607,6340,6402
7780,8668,8679
5621,6305,6363
7781,8669,8679
5622,6303,6360
7782,8669,8679
5623,6301,6357
7783,8669,8678
5624,6298,6355
7784,8669,8678
5625,6296,6352
7785,8670,8678
5626,6294,6349
7786,8670,8678
5627,6292,6346
7787,8670,8677
5628,6289,6344
7788,8671,8677
5629,6287,6341
7789,8672,8676
5630,6285,6338
7790,8672,8675
5631,6283,6335
7765,8667,8680
5606,6343,6405
7764,8667,8680
5605,6345,6407
7763,8667,8680
5604,6348,6410
7762,8667,8680
5603,6351,6413
5632,6281,6333
5633,6278,6330
5634,6276,6327
5635,6274,6324
5636,6272,6322
5637,6270,6319
5638,6268,6316
5639,6266,6313
5640,6264,6311
5641,6262,6308
5642,6260,6305
5643,6258,6302
5644,6256,6300
5645,6254,6297
5646,6252,6294
5647,6250,6291
5648,6248,6289
5649,6246,6286
5650,6245,6283
5651,6243,6280
5652,6241,6277
5653,6239,6275
5654,6237,6272
5655,6236,6269
5656,6234,6266
5657,6232,6263
5658,6231,6260
5659,6229,6257
5660,6228,6254
5661,6226,6252
5662,6225,6249
5663,6223,6246
5664,6222,6242
5665,6221,6239
5666,6219,6236
5667,6219,6233
5668,6218,6229
5669,6218,6225
