5654,6512,6521
5655,6506,6519
5656,6501,6518
5657,6496,6516
5658,6492,6513
5659,6488,6511
5660,6483,6509
5661,6479,6506
5662,6475,6503
5663,6471,6501
5664,6467,6498
5665,6464,6496
5666,6460,6493
5667,6456,6490
5668,6453,6487
5669,6449,6485
5670,6445,6482
5671,6442,6479
5672,6438,6476
5673,6435,6473
5674,6432,6471
5675,6428,6468
5676,6425,6465
5677,6422,6462
5678,6418,6460
5679,6415,6457
5680,6412,6454
5681,6409,6451
5682,6406,6448
5683,6402,6446
5684,6399,6443
5685,6396,6440
5686,6393,6437
5687,6390,6435
5688,6387,6432
5689,6384,6429
5690,6381,6426
5691,6378,6424
5692,6375,6421
5693,6372,6418
5694,6370,6416
5695,6367,6413
5696,6364,6410
5697,6361,6408
5698,6358,6405
5699,6355,6402
5700,6353,6400
5701,6350,6397
5702,6347,6394
5703,6344,6392
5704,6342,6389
5705,6339,6387
5706,6336,6384
5707,6333,6381
5708,6331,6379
5709,6328,6376
5710,6326,6374
5711,6323,6371
5712,6320,6368
5713,6318,6366
5714,6315,6363
5715,6313,6361
5716,6310,6358
5717,6307,6356
5718,6305,6353
5719,6302,6351
5720,6300,6348
5721,6297,6346
5722,6295,6343
5723,6292,6341
5724,6290,6338
5725,6288,6336
5726,6285,6334
5727,6283,6331
5728,6280,6329
5729,6278,6326
5730,6275,6324
5731,6273,6321
5732,6271,6319
5733,6268,6317
5734,6266,6314
5735,6264,6312
5736,6261,6309
5737,6259,6307
5738,6257,6305
5739,6254,6302
5740,6252,6300
5741,6250,6298
5742,6247,6295
5743,6245,6293
5744,6243,6291
5745,6241,6288
5746,6238,6286
5747,6236,6284
5748,6234,6282
5749,6232,6279
5750,6229,6277
5751,6227,6275
5752,6225,6273
5753,6223,6270
5754,6221,6268
5755,6219,6266
5756,6216,6264
5757,6214,6261
5758,6212,6259
5759,6210,6257
5760,6208,6255
5761,6206,6253
5762,6204,6250
5763,6201,6248
5764,6199,6246
5765,6197,6244
5766,6195,6242
5767,6193,6239
5768,6191,6237
5769,6189,6235
5770,6187,6233
5771,6185,6231
5772,6183,6229
5773,6181,6227
5774,6179,6224
5775,6177,6222
5776,6175,6220
5777,6173,6218
5778,6171,6216
5779,6169,6214
5780,6167,6212
5781,6165,6210
5782,6163,6208
5783,6161,6206
5784,6159,6204
5785,6157,6202
5786,6155,6200
5787,6153,6197
5788,6151,6195
5789,6149,6193
5790,6147,6191
5791,6145,6189
5792,6143,6187
5793,6141,6185
5794,6139,6183
5795,6137,6181
5796,6135,6179
5797,6134,6177
5798,6132,6175
6098,5726,5726
6097,5726,5727
6096,5727,5729
6095,5727,5730
6094,5728,5731
6093,5729,5733
6092,5730,5734
6091,5731,5735
6090,5732,5737
6089,5733,5738
6088,5734,5739
6087,5735,5740
6086,5736,5742
6085,5736,5743
6084,5737,5744
6083,5738,5745
6082,5739,5747
6081,5740,5748
6080,5741,5749
6079,5742,5750
6078,5743,5752
6077,5744,5753
6076,5745,5754
6075,5746,5755
6074,5747,5757
6073,5748,5758
6072,5749,5759
6071,5750,5760
6070,5751,5762
6069,5752,5763
6068,5753,5764
6067,5755,5765
6066,5756,5766
6065,5757,5768
6064,5758,5769
6063,5759,5770
6062,5760,5771
6061,5761,5773
6060,5762,5774
6059,5763,5775
6058,5764,5776
6057,5765,5778
6056,5766,5779
5925,5927,5957
5924,5928,5958
5923,5930,5960
5922,5931,5961
5921,5932,5963
5920,5934,5964
5919,5935,5966
5918,5937,5967
5917,5938,5969
5916,5939,5970
5915,5941,5972
5914,5942,5973
5913,5944,5975
5912,5945,5976
5911,5947,5978
5910,5948,5980
5909,5949,5981
5908,5951,5983
5907,5952,5984
5906,5954,5986
5905,5955,5987
5904,5957,5989
5903,5958,5990
5902,5960,5992
5901,5961,5994
5900,5963,5995
5899,5964,5997
5898,5965,5998
5897,5967,6000
5896,5968,6002
5895,5970,6003
5894,5971,6005
5893,5973,6006
5892,5974,6008
5891,5976,6010
5890,5977,6011
5889,5979,6013
5888,5980,6014
5887,5982,6016
5886,5983,6018
5885,5985,6019
5884,5986,6021
5883,5988,6023
5882,5989,6024
5881,5991,6026
5880,5993,6027
5879,5994,6029
5878,5996,6031
5877,5997,6032
5876,5999,6034
5875,6000,6036
5874,6002,6037
5873,6003,6039
5872,6005,6041
5871,6006,6042
5870,6008,6044
5869,6010,6046
5868,6011,6047
5867,6013,6049
5866,6014,6051
5865,6016,6052
5864,6018,6054
5863,6019,6056
5862,6021,6058
5861,6022,6059
5860,6024,6061
5859,6026,6063
5858,6027,6064
5827,6079,6120
5826,6081,6122
5825,6083,6123
5824,6084,6125
5823,6086,6127
5822,6088,6129
5821,6090,6131
5820,6091,6133
5819,6093,6135
5818,6095,6137
5817,6097,6138
5816,6099,6140
5815,6100,6142
5814,6102,6144
5813,6104,6146
5812,6106,6148
5799,6130,6173
5800,6128,6171
5801,6126,6169
5802,6124,6167
5803,6122,6165
5804,6120,6163
5805,6119,6162
5806,6117,6160
5807,6115,6158
5808,6113,6156
5809,6111,6154
5810,6109,6152
5811,6108,6150
5828,6077,6118
5829,6076,6116
5830,6074,6114
5831,6072,6112
5832,6070,6111
5833,6069,6109
5834,6067,6107
5835,6065,6105
5836,6064,6103
5837,6062,6102
5838,6060,6100
5839,6059,6098
5840,6057,6096
5841,6055,6094
5842,6053,6093
5843,6052,6091
5844,6050,6089
5845,6048,6087
5846,6047,6085
5847,6045,6084
5848,6043,6082
5849,6042,6080
5850,6040,6078
5851,6039,6077
5852,6037,6075
5853,6035,6073
5854,6034,6071
5855,6032,6070
5856,6030,6068
5857,6029,6066
5926,5925,5955
5927,5924,5954
5928,5923,5952
7552,9724,9725
5929,5921,5951
7553,9723,9726
5930,5920,5949
7554,9722,9727
5931,5918,5948
7555,9722,9727
5932,5917,5946
7556,9721,9727
5933,5916,5945
7557,9721,9727
5934,5914,5943
7558,9721,9727
5935,5913,5942
7559,9722,9727
5936,5912,5940
7560,9722,9726
5937,5910,5939
7561,9723,9726
5938,5909,5937
5939,5908,5936
5940,5906,5934
5941,5905,5933
5942,5903,5931
5943,5902,5930
5944,5901,5928
5945,5899,5927
5946,5898,5926
7570,8686,8689
5947,5897,5924
7571,8685,8690
5948,5895,5923
7572,8685,8690
5949,5894,5921
7573,8684,8691
5950,5893,5920
7574,8684,8691
5951,5891,5918
7575,8683,8692
5952,5890,5917
7576,8683,8692
5953,5889,5915
7577,8683,8692
5954,5888,5914
7578,8683,8693
5955,5886,5913
7579,8682,8693
5956,5885,5911
7580,8682,8693
5957,5884,5910
7581,8682,8693
5958,5882,5908
7582,8682,8693
5959,5881,5907
7583,8682,8693
5960,5880,5905
7584,8682,8693
5961,5878,5904
7585,8682,8694
5962,5877,5903
7586,8682,8694
5963,5876,5901
7587,8682,8694
5964,5874,5900
7588,8682,8694
5965,5873,5898
7589,8682,8694
5966,5872,5897
7590,8682,8694
5967,5871,5896
7591,8682,8694
5968,5869,5894
7592,8682,8694
5969,5868,5893
7593,8682,8694
5970,5867,5891
7594,8682,8693
5971,5866,5890
7595,8682,8693
5972,5864,5889
7596,8682,8693
5973,5863,5887
7597,8682,8693
5974,5862,5886
7598,8682,8693
5975,5860,5884
7599,8683,8693
5976,5859,5883
7600,8683,8693
5977,5858,5882
7601,8683,8692
5978,5857,5880
7602,8683,8692
5979,5855,5879
7603,8684,8692
5980,5854,5878
7604,8684,8691
5981,5853,5876
7605,8685,8691
5982,5852,5875
7606,8685,8690
5983,5850,5873
7607,8686,8689
5984,5849,5872
7608,8687,8688
5985,5848,5871
5986,5847,5869
5987,5846,5868
5988,5844,5867
5989,5843,5865
5990,5842,5864
5991,5841,5863
5992,5839,5861
5993,5838,5860
5994,5837,5859
5995,5836,5857
5996,5835,5856
5997,5833,5855
5998,5832,5853
5999,5831,5852
6000,5830,5851
6001,5828,5849
6002,5827,5848
6003,5826,5847
6004,5825,5845
6005,5824,5844
6006,5823,5843
6007,5821,5841
6008,5820,5840
6009,5819,5839
6010,5818,5837
6011,5817,5836
6012,5815,5835
6013,5814,5833
6014,5813,5832
6015,5812,5831
6016,5811,5830
6017,5810,5828
6018,5808,5827
6019,5807,5826
6020,5806,5824
6021,5805,5823
6022,5804,5822
6023,5803,5820
6024,5802,5819
6025,5800,5818
6026,5799,5817
6027,5798,5815
6028,5797,5814
6029,5796,5813
6030,5795,5812
6031,5794,5810
6032,5792,5809
6033,5791,5808
6034,5790,5806
6035,5789,5805
6036,5788,5804
6037,5787,5803
6038,5786,5801
6039,5785,5800
6040,5783,5799
6041,5782,5798
6042,5781,5796
6043,5780,5795
6044,5779,5794
6045,5778,5793
6046,5777,5791
6047,5776,5790
6048,5775,5789
6049,5774,5788
6050,5773,5786
6051,5771,5785
6052,5770,5784
6053,5769,5783
6054,5768,5781
6055,5767,5780
