5875,6723,6743
5876,6713,6746
7401,9702,9703
5877,6706,6746
7402,9701,9704
5878,6699,6746
7403,9700,9705
5879,6693,6745
7404,9700,9706
5880,6688,6743
7405,9700,9706
5881,6683,6741
7406,9700,9707
5882,6678,6739
7407,9700,9707
5883,6673,6737
7408,9701,9707
5884,6669,6734
7409,9701,9707
5885,6665,6732
7410,9702,9707
5886,6660,6729
7411,9703,9706
5887,6657,6726
5888,6653,6723
9724,7401,7486
5889,6649,6719
9725,7395,7485
5890,6645,6716
9726,7390,7483
5891,6642,6712
9727,7386,7482
5892,6639,6709
9728,7381,7480
5893,6635,6705
9729,7377,7478
5894,6632,6701
9730,7373,7476
5895,6629,6698
9731,7369,7473
5896,6626,6694
9732,7366,7471
5897,6623,6690
9747,7361,7396
9722,7412,7487
5912,6597,6615
9746,7355,7406
9721,7419,7487
5911,6596,6623
9733,7363,7468
5898,6620,6686
9734,7360,7465
5899,6618,6681
9735,7357,7462
5900,6615,6677
9736,7355,7459
5901,6613,6673
9737,7353,7455
5902,6610,6669
9738,7351,7451
5903,6608,6664
9739,7350,7447
5904,6606,6659
9740,7349,7443
5905,6604,6655
9741,7348,7438
5906,6602,6650
9742,7348,7433
9743,7349,7428
9744,7350,7421
9719,7434,7485
5909,6598,6634
9745,7352,7415
9720,7426,7487
5910,6597,6629
5908,6599,6640
9718,7444,7482
5907,6600,6645
9717,7457,7476
9723,7406,7487
5913,6603,6603
