9671,7293,7415
9672,7288,7412
9673,7284,7409
9674,7280,7405
9688,7280,7317
9687,7272,7331
9686,7267,7341
9685,7264,7349
9684,7262,7357
9683,7262,7363
9682,7262,7370
9681,7262,7375
9680,7263,7380
9679,7265,7385
9678,7267,7390
9677,7270,7394
9676,7273,7398
9675,7276,7402
5812,6771,6795
9661,7361,7429
5851,6596,6649
9660,7371,7428
5850,6599,6654
7443,9718,9720
9659,7383,7425
5849,6601,6659
7442,9717,9721
5837,6637,6716
5836,6641,6720
5843,6618,6688
7436,9714,9721
7438,9715,9721
5845,6612,6678
5844,6615,6683
7437,9714,9721
7439,9715,9721
5846,6609,6674
7440,9715,9721
5847,6606,6669
7441,9716,9721
9658,7399,7416
5848,6604,6664
5842,6621,6693
7435,9715,9720
5841,6624,6697
7434,9715,9719
5840,6627,6702
7433,9716,9718
5839,6631,6707
5835,6644,6725
5838,6634,6711
5834,6648,6729
9662,7352,7430
5852,6594,6644
9663,7344,7429
5853,6592,6639
9664,7336,7429
5854,6590,6633
9665,7329,7427
5855,6588,6628
9666,7322,7426
5856,6586,6623
9667,7315,7424
5857,6585,6617
9668,7309,7422
5858,6584,6611
9669,7304,7420
5859,6584,6604
9670,7298,7418
5860,6585,6596
5833,6652,6734
5832,6656,6738
5831,6660,6743
5830,6664,6747
5829,6668,6751
5828,6672,6755
5827,6676,6760
5826,6681,6764
5825,6685,6768
5824,6690,6771
5823,6695,6775
5822,6700,6779
5821,6705,6782
5820,6711,6785
5819,6716,6788
5818,6722,6791
5817,6729,6794
5816,6735,6796
5815,6743,6797
5814,6750,6798
5813,6759,6798
