6847,8711,8712
6848,8711,8713
6849,8710,8714
6850,8710,8714
6851,8710,8715
6852,8710,8715
6853,8710,8716
6854,8710,8716
6855,8710,8717
6856,8710,8717
6857,8710,8718
6858,8710,8718
6859,8710,8718
6860,8710,8719
6861,8710,8719
6862,8710,8719
6863,8710,8720
6864,8710,8720
6865,8710,8721
6866,8711,8721
6867,8711,8721
6868,8711,8722
6869,8711,8722
6870,8711,8722
6871,8711,8722
6872,8711,8723
6873,8711,8723
6874,8711,8723
6875,8711,8724
6876,8712,8724
6877,8712,8724
6878,8712,8724
7016,8727,8743
7015,8727,8743
7014,8727,8743
7013,8727,8743
7012,8727,8743
7011,8726,8743
7010,8726,8743
6933,8719,8736
6932,8718,8735
6931,8718,8735
6934,8719,8736
6879,8712,8725
5797,6792,6812
7082,8735,8740
6935,8719,8736
6880,8712,8725
5798,6779,6816
7083,8735,8740
6936,8719,8736
6881,8712,8725
5799,6769,6817
7084,8735,8739
6882,8712,8726
5800,6760,6816
7085,8736,8739
6883,8712,8726
5801,6752,6815
7086,8736,8739
6884,8712,8726
5802,6745,6813
7087,8737,8738
6885,8713,8726
5803,6738,6810
6886,8713,8727
5804,6732,6807
6887,8713,8727
5805,6726,6804
6888,8713,8727
5806,6720,6800
6889,8713,8727
5807,6714,6797
6890,8713,8728
5808,6709,6793
6891,8713,8728
5809,6704,6789
6892,8713,8728
5810,6699,6785
6893,8714,8728
5811,6694,6781
6894,8714,8728
5812,6689,6776
6895,8714,8729
5813,6684,6772
6896,8714,8729
5814,6680,6768
6897,8714,8729
5815,6676,6763
6898,8714,8729
5816,6671,6759
6899,8714,8730
7440,9718,9721
5817,6667,6754
6900,8714,8730
7441,9717,9722
5818,6663,6749
6901,8715,8730
7442,9717,9722
5819,6659,6745
6902,8715,8730
7443,9717,9723
5820,6655,6740
6903,8715,8730
7444,9717,9723
5821,6651,6735
6904,8715,8731
7445,9717,9723
5822,6647,6731
6991,8725,8742
6930,8718,8735
5848,6581,6595
6905,8715,8731
7446,9717,9724
5823,6644,6726
6992,8725,8742
6906,8715,8731
7447,9718,9724
5824,6640,6721
6993,8725,8742
6907,8715,8731
7448,9718,9723
5825,6637,6716
6994,8725,8742
6908,8715,8731
7449,9719,9723
5826,6633,6711
7009,8726,8742
6984,8724,8741
7081,8734,8740
6923,8717,8734
5841,6590,6637
7008,8726,8742
7080,8734,8740
6922,8717,8734
5840,6592,6642
6995,8725,8742
6909,8716,8732
7450,9720,9722
5827,6630,6707
6996,8725,8742
6910,8716,8732
5828,6626,6702
6997,8725,8742
6911,8716,8732
5829,6623,6697
6998,8725,8742
6912,8716,8732
5830,6620,6692
6999,8725,8742
6913,8716,8732
5831,6617,6687
7000,8726,8742
6914,8716,8732
5832,6614,6682
7001,8726,8742
6915,8716,8733
5833,6611,6677
7002,8726,8742
6916,8716,8733
5834,6608,6672
7003,8726,8742
6917,8717,8733
5835,6605,6668
7004,8726,8742
7005,8726,8742
7006,8726,8742
7078,8734,8741
6920,8717,8733
5838,6597,6653
7007,8726,8742
7079,8734,8740
6921,8717,8734
5839,6595,6647
6919,8717,8733
5837,6600,6658
7077,8734,8741
6918,8717,8733
5836,6602,6663
7076,8733,8741
6985,8724,8741
6924,8717,8734
5842,6588,6632
6986,8724,8741
6987,8724,8741
6926,8718,8734
5844,6584,6621
6988,8724,8741
6927,8718,8735
5845,6583,6615
6989,8725,8741
6928,8718,8735
5846,6581,6609
6990,8725,8741
6929,8718,8735
5847,6581,6603
7017,8727,8743
7018,8727,8743
7019,8727,8743
7020,8727,8743
7021,8727,8743
7022,8727,8743
7023,8728,8743
7024,8728,8743
7025,8728,8743
7026,8728,8743
7027,8728,8743
7028,8728,8743
7029,8728,8743
7030,8728,8743
7031,8728,8743
7032,8728,8743
7033,8728,8743
7034,8728,8743
7035,8729,8743
7036,8729,8743
7037,8729,8743
7038,8729,8743
7039,8729,8743
7040,8729,8743
7041,8729,8743
7042,8729,8743
7043,8729,8743
7044,8729,8743
7045,8729,8743
7046,8730,8743
7047,8730,8743
7048,8730,8743
7049,8730,8743
7050,8730,8743
7051,8730,8743
7052,8730,8743
7053,8730,8743
7054,8730,8743
7055,8730,8743
7056,8731,8743
7057,8731,8743
7058,8731,8743
7059,8731,8743
7060,8731,8742
7061,8731,8742
7062,8731,8742
7063,8731,8742
7064,8732,8742
7065,8732,8742
7066,8732,8742
7067,8732,8742
7068,8732,8742
7069,8732,8742
7070,8732,8742
7071,8732,8742
7072,8733,8741
7073,8733,8741
7074,8733,8741
7075,8733,8741
6983,8724,8741
6982,8724,8741
6981,8724,8741
6980,8724,8741
6979,8724,8741
6978,8723,8741
6977,8723,8740
6976,8723,8740
6975,8723,8740
6974,8723,8740
6973,8723,8740
6972,8723,8740
9676,7270,7284
6971,8723,8740
9675,7253,7305
6970,8723,8740
9674,7247,7318
6969,8723,8740
9673,7243,7327
6968,8722,8740
9672,7240,7335
6967,8722,8740
9671,7239,7343
6966,8722,8739
9670,7238,7349
6965,8722,8739
9669,7238,7355
6964,8722,8739
9668,7239,7361
6963,8722,8739
9667,7241,7366
6962,8722,8739
9666,7243,7371
6961,8722,8739
9665,7245,7376
6960,8722,8739
9664,7248,7380
6959,8722,8739
9663,7252,7384
6958,8721,8739
9662,7255,7388
6957,8721,8739
9661,7260,7392
6956,8721,8738
9660,7264,7395
6955,8721,8738
9659,7269,7398
6954,8721,8738
9658,7275,7401
6953,8721,8738
9657,7280,7404
6952,8721,8738
9656,7286,7406
6951,8721,8738
9655,7293,7408
6950,8721,8738
9654,7300,7410
6949,8720,8738
9653,7307,7412
6948,8720,8738
9652,7314,7413
6947,8720,8737
9651,7322,7414
6946,8720,8737
9650,7331,7415
6945,8720,8737
9649,7340,7414
6944,8720,8737
9648,7351,7413
6943,8720,8737
9647,7362,7411
6942,8720,8737
9646,7377,7405
6941,8719,8737
6940,8719,8737
6939,8719,8736
6938,8719,8736
6937,8719,8736
5843,6586,6626
6925,8718,8734
