7015,8729,8741
7014,8729,8741
7013,8729,8741
7012,8729,8741
6995,8727,8740
6889,8718,8723
5807,6729,6803
6996,8727,8741
6890,8718,8723
5808,6723,6800
6997,8728,8741
6891,8718,8723
5809,6717,6797
7011,8729,8741
7010,8729,8741
7009,8729,8741
7008,8729,8741
7007,8729,8741
7006,8728,8741
7005,8728,8741
7004,8728,8741
7003,8728,8741
7002,8728,8741
6896,8718,8725
5814,6691,6777
7001,8728,8741
6895,8718,8725
5813,6696,6781
7000,8728,8741
6894,8718,8725
5812,6701,6785
6999,8728,8741
6893,8718,8724
5811,6706,6789
6998,8728,8741
6892,8718,8724
5810,6711,6793
5800,6788,6808
5801,6775,6812
6884,8719,8720
5802,6765,6813
6885,8719,8721
5803,6756,6812
6886,8719,8721
5804,6749,6811
6994,8727,8740
6888,8718,8722
5806,6735,6806
6934,8721,8734
5851,6584,6589
6933,8721,8734
6935,8721,8734
6993,8727,8740
6887,8718,8722
5805,6742,6809
6932,8721,8733
5850,6581,6599
6992,8727,8740
6931,8721,8733
5849,6581,6606
6991,8727,8740
6930,8721,8733
5848,6582,6612
6990,8727,8740
6929,8721,8733
5847,6584,6618
6898,8718,8726
5816,6682,6769
7439,9717,9721
6989,8727,8740
6928,8721,8733
5846,6585,6624
6897,8718,8726
5815,6686,6773
7438,9719,9719
6988,8727,8740
6927,8721,8733
5845,6587,6629
6984,8726,8740
6985,8726,8740
6924,8720,8732
5842,6594,6645
6986,8726,8740
6925,8720,8732
5843,6591,6640
6987,8727,8740
6926,8721,8732
5844,6589,6634
7016,8729,8741
7017,8730,8741
7018,8730,8741
7019,8730,8741
7020,8730,8741
7021,8730,8741
7022,8730,8741
7023,8730,8741
7024,8730,8741
7025,8730,8741
7026,8731,8741
7027,8731,8741
7028,8731,8741
7029,8731,8741
7030,8731,8741
7031,8731,8741
7032,8731,8741
7033,8731,8741
7034,8731,8741
7035,8732,8741
7036,8732,8741
7037,8732,8741
7038,8732,8741
7039,8732,8741
7040,8732,8741
7041,8732,8741
7042,8733,8741
7043,8733,8741
7044,8733,8741
7045,8733,8741
7046,8733,8741
7047,8733,8740
7048,8734,8740
7049,8734,8740
7050,8734,8740
7051,8734,8740
7052,8734,8740
7053,8734,8740
7054,8735,8740
7055,8735,8739
7056,8735,8739
7057,8736,8739
7058,8736,8739
7059,8736,8738
7060,8737,8738
6983,8726,8740
6982,8726,8740
6981,8726,8740
6980,8726,8739
6979,8726,8739
6978,8726,8739
6977,8726,8739
6976,8726,8739
6975,8725,8739
6974,8725,8739
9678,7263,7301
6973,8725,8739
9677,7254,7316
6972,8725,8739
9676,7249,7326
6971,8725,8739
9675,7246,7335
6970,8725,8739
9674,7244,7343
6969,8725,8738
9673,7243,7350
6968,8725,8738
9672,7243,7356
6967,8725,8738
9671,7244,7362
6966,8725,8738
9670,7245,7367
6965,8724,8738
9669,7247,7372
6964,8724,8738
9668,7249,7377
6963,8724,8738
9667,7251,7381
6962,8724,8738
9666,7255,7385
6961,8724,8738
9665,7258,7389
6960,8724,8737
9664,7262,7393
6959,8724,8737
9663,7266,7396
6958,8724,8737
9662,7271,7400
6957,8724,8737
9661,7276,7403
6956,8724,8737
9660,7282,7405
6955,8723,8737
9659,7287,7408
6954,8723,8737
9658,7294,7410
6953,8723,8737
9657,7300,7412
6952,8723,8736
9656,7307,7414
6951,8723,8736
9655,7314,7416
6950,8723,8736
9654,7322,7417
6949,8723,8736
9653,7330,7418
6948,8723,8736
9652,7339,7418
6947,8723,8736
9651,7348,7417
6946,8723,8736
9650,7359,7416
6945,8722,8736
9649,7372,7412
6944,8722,8735
9648,7393,7400
6943,8722,8735
6942,8722,8735
6941,8722,8735
6940,8722,8735
6939,8722,8735
6938,8722,8734
6937,8722,8734
6936,8722,8734
5841,6596,6650
6923,8720,8732
5840,6599,6655
6922,8720,8732
5839,6601,6660
6921,8720,8731
5838,6604,6665
6920,8720,8731
5837,6607,6670
6919,8720,8731
5836,6609,6675
6918,8720,8731
5835,6612,6680
6917,8720,8731
5834,6615,6684
6916,8720,8730
5833,6618,6689
6915,8720,8730
5832,6621,6694
6914,8719,8730
5831,6625,6699
6913,8719,8730
5830,6628,6704
6912,8719,8730
5829,6631,6709
6911,8719,8729
5828,6635,6713
6910,8719,8729
5827,6638,6718
6909,8719,8729
5826,6642,6723
7449,9720,9721
6908,8719,8729
7448,9719,9722
5825,6645,6728
6907,8719,8728
5824,6649,6732
7447,9718,9723
6906,8719,8728
5823,6653,6737
7446,9717,9723
6905,8719,8728
5822,6657,6742
7445,9717,9723
6904,8719,8728
5821,6661,6746
7444,9717,9723
6903,8719,8727
5820,6665,6751
7443,9716,9723
6902,8719,8727
5819,6669,6755
7442,9716,9723
6901,8718,8727
5818,6673,6760
7441,9716,9722
6900,8718,8726
5817,6677,6764
7440,9717,9722
6899,8718,8726
