8089,8632,8634
8090,8631,8634
8091,8631,8634
8092,8630,8634
8093,8630,8635
8094,8630,8635
8095,8629,8635
8096,8629,8635
8097,8628,8635
8098,8628,8635
8099,8628,8635
8100,8627,8635
8101,8627,8635
8102,8627,8635
8103,8626,8635
8104,8626,8635
8105,8626,8635
8106,8625,8635
8107,8625,8635
8108,8625,8635
8109,8625,8635
8110,8624,8635
8111,8624,8635
8112,8624,8634
8113,8623,8634
8114,8623,8634
8115,8623,8634
8116,8623,8634
8117,8622,8634
8118,8622,8634
8119,8622,8634
8120,8622,8634
8121,8621,8634
8122,8621,8634
8123,8621,8634
8124,8621,8633
8125,8620,8633
8126,8620,8633
8127,8620,8633
8128,8620,8633
8129,8619,8633
8130,8619,8633
8131,8619,8633
8132,8619,8632
8133,8618,8632
8134,8618,8632
8135,8618,8632
8136,8618,8632
8137,8617,8632
8138,8617,8632
8139,8617,8632
8140,8617,8631
8141,8616,8631
8142,8616,8631
8143,8616,8631
8144,8616,8631
8145,8615,8631
8146,8615,8630
8147,8615,8630
8148,8615,8630
8149,8614,8630
8150,8614,8630
8151,8614,8630
8152,8614,8629
8153,8613,8629
8154,8613,8629
8155,8613,8629
8156,8613,8629
8157,8612,8629
8158,8612,8628
8159,8612,8628
8160,8612,8628
8161,8611,8628
8162,8611,8628
8163,8611,8628
8164,8611,8627
8165,8610,8627
8166,8610,8627
8167,8610,8627
8168,8610,8627
8169,8610,8626
8170,8609,8626
8171,8609,8626
8172,8609,8626
8173,8609,8626
8174,8608,8625
8175,8608,8625
8176,8608,8625
8177,8608,8625
8178,8607,8625
8179,8607,8624
8180,8607,8624
8181,8606,8624
8182,8606,8624
8183,8606,8624
8184,8606,8623
8185,8605,8623
8186,8605,8623
8187,8605,8623
8188,8605,8622
8189,8604,8622
8190,8604,8622
8191,8604,8622
8192,8604,8622
8193,8603,8621
8194,8603,8621
8195,8603,8621
8196,8603,8621
8197,8602,8620
8198,8602,8620
8199,8602,8620
8200,8602,8620
8201,8601,8620
8202,8601,8619
8203,8601,8619
8204,8600,8619
8205,8600,8619
8206,8600,8618
8207,8600,8618
8208,8599,8618
8209,8599,8618
8210,8599,8617
8211,8599,8617
8212,8598,8617
8213,8598,8617
8214,8598,8616
8215,8597,8616
8216,8597,8616
8217,8597,8616
8218,8597,8615
8219,8596,8615
8220,8596,8615
8221,8596,8615
8222,8595,8614
8223,8595,8614
8224,8595,8614
8225,8595,8613
8226,8594,8613
8227,8594,8613
8228,8594,8613
8229,8593,8612
8230,8593,8612
8231,8593,8612
8232,8593,8612
8233,8592,8611
8234,8592,8611
8235,8592,8611
8236,8591,8611
8237,8591,8610
8238,8591,8610
8239,8591,8610
8240,8590,8609
8241,8590,8609
8242,8590,8609
8243,8589,8609
8244,8589,8608
8245,8589,8608
8246,8588,8608
8247,8588,8607
8248,8588,8607
8249,8587,8607
8250,8587,8607
8251,8587,8606
8252,8587,8606
8253,8586,8606
8254,8586,8605
8255,8586,8605
8256,8585,8605
8257,8585,8604
8258,8585,8604
8259,8584,8604
8260,8584,8604
8261,8584,8603
8262,8583,8603
8263,8583,8603
8264,8583,8602
8265,8582,8602
8266,8582,8602
8267,8582,8601
8268,8581,8601
8269,8581,8601
8270,8581,8600
8271,8580,8600
8272,8580,8600
8273,8580,8599
8274,8579,8599
8275,8579,8599
8276,8579,8599
8277,8578,8598
8278,8578,8598
8279,8578,8598
8280,8577,8597
8281,8577,8597
8282,8577,8597
8283,8576,8596
8284,8576,8596
8285,8576,8596
8286,8575,8595
8287,8575,8595
8288,8575,8595
8289,8574,8594
8290,8574,8594
8291,8574,8594
8292,8573,8593
8293,8573,8593
8294,8573,8593
8295,8572,8592
8296,8572,8592
8297,8571,8592
8298,8571,8591
8299,8571,8591
8300,8570,8590
8301,8570,8590
8302,8570,8590
8303,8569,8589
8304,8569,8589
8305,8569,8589
8306,8568,8588
8307,8568,8588
8308,8567,8588
8309,8567,8587
8310,8567,8587
8311,8566,8587
8312,8566,8586
8313,8566,8586
8314,8565,8585
8315,8565,8585
8316,8564,8585
8317,8564,8584
8318,8564,8584
8319,8563,8584
8320,8563,8583
8321,8563,8583
8322,8562,8582
8323,8562,8582
8324,8561,8582
8325,8561,8581
8326,8561,8581
8327,8560,8581
8328,8560,8580
8329,8559,8580
8330,8559,8579
8331,8559,8579
8332,8558,8579
8333,8558,8578
8334,8557,8578
8335,8557,8578
8336,8557,8577
8337,8556,8577
8338,8556,8576
8339,8555,8576
8340,8555,8576
8341,8555,8575
8342,8554,8575
8343,8554,8574
8344,8553,8574
8345,8553,8574
8346,8553,8573
8347,8552,8573
8348,8552,8572
8349,8551,8572
8350,8551,8572
8351,8551,8571
8352,8550,8571
8353,8550,8570
8354,8549,8570
8355,8549,8569
8356,8548,8569
8357,8548,8569
8358,8548,8568
8359,8547,8568
8360,8547,8567
8361,8546,8567
8362,8546,8567
8363,8545,8566
8364,8545,8566
8365,8545,8565
8366,8544,8565
8367,8544,8564
8368,8543,8564
8369,8543,8564
8370,8542,8563
8371,8542,8563
8372,8541,8562
8373,8541,8562
8374,8541,8561
8375,8540,8561
8376,8540,8561
8377,8539,8560
8378,8539,8560
8379,8538,8559
8380,8538,8559
8381,8537,8558
8382,8537,8558
8383,8537,8557
8384,8536,8557
8385,8536,8557
8386,8535,8556
8387,8535,8556
8388,8534,8555
8389,8534,8555
8390,8533,8554
8391,8533,8554
8392,8532,8553
8393,8532,8553
8394,8531,8552
8395,8531,8552
8396,8531,8552
8397,8530,8551
8398,8530,8551
8399,8529,8550
8400,8529,8550
8401,8528,8549
8402,8528,8549
8403,8527,8548
8404,8527,8548
8405,8526,8547
8406,8526,8547
8407,8525,8546
8408,8525,8546
8409,8524,8545
8410,8524,8545
8411,8523,8544
8412,8523,8544
8413,8522,8543
8414,8522,8543
8415,8521,8542
8416,8521,8542
8417,8520,8541
8418,8520,8541
8419,8519,8541
8420,8519,8540
8421,8518,8540
8422,8518,8539
8423,8517,8539
8424,8517,8538
8425,8516,8538
8426,8516,8537
8427,8515,8537
8428,8515,8536
8429,8514,8536
8430,8514,8535
8431,8513,8535
8432,8513,8534
8433,8512,8534
8434,8512,8533
8435,8511,8532
8436,8511,8532
8437,8510,8531
8438,8510,8531
8439,8509,8530
8440,8509,8530
8441,8508,8529
8442,8508,8529
8443,8507,8528
8444,8507,8528
8445,8506,8527
8446,8506,8527
8447,8505,8526
8448,8505,8526
8449,8504,8525
8450,8503,8525
8451,8503,8524
8452,8502,8524
8453,8502,8523
8454,8501,8523
8455,8501,8522
8456,8500,8521
8457,8500,8521
8458,8499,8520
8459,8499,8520
8460,8498,8519
8461,8498,8519
8462,8497,8518
8463,8496,8518
8464,8496,8517
8465,8495,8517
8466,8495,8516
8467,8494,8515
8468,8494,8515
8469,8493,8514
8470,8493,8514
8471,8492,8513
8472,8491,8513
8473,8491,8512
8474,8490,8512
8475,8490,8511
8476,8489,8510
8477,8489,8510
8478,8488,8509
8479,8487,8509
8480,8487,8508
8481,8486,8508
8482,8486,8507
8483,8485,8506
8484,8485,8506
8485,8484,8505
8486,8483,8505
8487,8483,8504
8488,8482,8504
8489,8482,8503
8490,8481,8502
8491,8481,8502
8492,8480,8501
8493,8479,8501
8494,8479,8500
8495,8478,8499
8496,8478,8499
8497,8477,8498
8498,8476,8498
8499,8476,8497
8500,8475,8497
8501,8475,8496
8502,8474,8495
8503,8473,8495
8504,8473,8494
8505,8472,8494
8506,8472,8493
8507,8471,8492
8508,8470,8492
8509,8470,8491
8510,8469,8491
8511,8469,8490
8512,8468,8489
8513,8467,8489
8514,8467,8488
8515,8466,8487
8516,8466,8487
8517,8465,8486
8518,8464,8486
8519,8464,8485
8520,8463,8484
8521,8462,8484
8522,8462,8483
8523,8461,8483
8524,8461,8482
8525,8460,8481
8526,8459,8481
8527,8459,8480
8528,8458,8479
8529,8457,8479
8530,8457,8478
8531,8456,8477
8532,8456,8477
8533,8455,8476
8534,8454,8476
8535,8454,8475
8536,8453,8474
8537,8452,8474
8538,8452,8473
8539,8451,8472
8540,8450,8472
8541,8450,8471
8542,8449,8470
8543,8448,8470
8544,8448,8469
8545,8447,8468
8546,8447,8468
8547,8446,8467
8548,8445,8467
8549,8445,8466
8550,8444,8465
9019,7961,7964
9018,7962,7967
9017,7962,7969
9016,7963,7971
9015,7964,7974
9014,7965,7976
9013,7967,7978
9012,7968,7980
9011,7969,7982
9010,7970,7984
9009,7971,7985
9008,7973,7987
9007,7974,7989
9006,7975,7991
9005,7976,7993
9004,7978,7995
9003,7979,7996
9002,7980,7998
9001,7982,8000
9000,7983,8002
8999,7984,8003
8998,7986,8005
8997,7987,8007
8996,7988,8008
8995,7990,8010
8994,7991,8012
8993,7992,8013
8992,7994,8015
8991,7995,8017
8990,7996,8018
8989,7998,8020
8988,7999,8022
8987,8000,8023
8986,8002,8025
8985,8003,8026
8984,8005,8028
8983,8006,8030
8982,8007,8031
8981,8009,8033
8980,8010,8034
8979,8011,8036
8978,8013,8037
8977,8014,8039
8976,8015,8041
8975,8017,8042
8974,8018,8044
8973,8020,8045
8972,8021,8047
8971,8022,8048
8970,8024,8050
8969,8025,8051
8968,8026,8053
8967,8028,8054
8966,8029,8056
8965,8030,8057
8964,8032,8059
8963,8033,8060
8962,8035,8062
8961,8036,8063
8960,8037,8065
8959,8039,8066
8958,8040,8067
8957,8041,8069
8956,8043,8070
8955,8044,8072
8954,8045,8073
8953,8047,8075
8952,8048,8076
8951,8049,8077
8950,8051,8079
8949,8052,8080
8948,8053,8082
8947,8055,8083
8946,8056,8085
8945,8057,8086
8944,8059,8087
8943,8060,8089
8942,8061,8090
8941,8063,8091
8940,8064,8093
8939,8065,8094
8938,8067,8096
8937,8068,8097
8936,8069,8098
8935,8071,8100
8934,8072,8101
8933,8073,8102
8932,8075,8104
8931,8076,8105
8930,8077,8106
8929,8078,8108
8928,8080,8109
8927,8081,8110
8926,8082,8112
8925,8084,8113
8924,8085,8114
8923,8086,8116
8922,8088,8117
8714,8316,8339
8897,8119,8149
8715,8315,8338
8898,8118,8148
8716,8314,8338
8899,8117,8146
8717,8313,8337
8900,8116,8145
8718,8312,8336
8901,8114,8144
8719,8311,8335
8902,8113,8143
8720,8311,8334
8903,8112,8141
8721,8310,8333
8904,8111,8140
8722,8309,8332
8905,8109,8139
8723,8308,8331
8906,8108,8138
8724,8307,8331
8907,8107,8136
8725,8306,8330
8908,8106,8135
8726,8305,8329
8909,8104,8134
8727,8304,8328
8728,8303,8327
8729,8302,8326
8709,8321,8344
8912,8100,8130
8730,8301,8325
8710,8320,8343
8913,8099,8129
8731,8300,8324
8711,8319,8342
8914,8098,8127
8732,8299,8323
8712,8318,8341
8915,8097,8126
8733,8298,8322
8713,8317,8340
8916,8095,8125
8917,8094,8124
8918,8093,8122
7627,9687,9691
8736,8296,8320
8919,8091,8121
7628,9686,9691
8737,8295,8319
8920,8090,8120
7629,9686,9691
8738,8294,8318
8921,8089,8118
7630,9686,9691
8739,8293,8317
8866,8157,8186
8771,8261,8287
8865,8158,8187
8770,8262,8288
8864,8159,8188
8769,8263,8289
8752,8280,8305
8751,8281,8306
8750,8282,8307
8749,8283,8308
8748,8284,8309
8747,8285,8310
8746,8286,8310
8745,8287,8311
8744,8288,8312
8743,8289,8313
7633,9687,9689
8742,8290,8314
7632,9686,9690
8741,8291,8315
7631,9686,9691
8740,8292,8316
8753,8279,8304
8835,8193,8221
5508,6322,6378
8754,8278,8303
5523,6299,6326
8850,8176,8204
8836,8192,8220
5509,6320,6375
8755,8277,8302
5524,6299,6321
8851,8175,8203
8837,8191,8219
5510,6318,6372
8756,8276,8301
5525,6299,6316
8852,8174,8202
8838,8190,8218
5511,6316,6368
8757,8275,8300
8839,8188,8217
5512,6314,6365
8758,8274,8299
8854,8171,8200
8840,8187,8215
5513,6313,6362
8759,8273,8298
8855,8170,8199
8841,8186,8214
5514,6311,6358
8760,8272,8297
8856,8169,8198
8842,8185,8213
5515,6309,6355
8761,8271,8296
8857,8168,8196
8843,8184,8212
5516,6308,6352
8762,8270,8295
8858,8167,8195
8844,8183,8211
5517,6306,6348
8763,8269,8294
8859,8165,8194
8845,8182,8210
5518,6305,6345
8764,8268,8293
8860,8164,8193
8846,8180,8209
5519,6304,6341
8765,8267,8293
8861,8163,8192
8847,8179,8208
5520,6302,6337
8766,8266,8292
8862,8162,8191
8848,8178,8207
5521,6301,6334
8767,8265,8291
8863,8161,8190
8849,8177,8205
5522,6300,6330
8768,8264,8290
8911,8102,8131
8735,8297,8321
7626,9687,9690
8708,8321,8345
8896,8121,8150
8910,8103,8133
8734,8297,8321
7625,9689,9689
8707,8322,8346
8895,8122,8151
8894,8123,8153
8893,8124,8154
8853,8172,8201
5526,6300,6311
8772,8260,8286
8867,8156,8185
8868,8155,8184
8869,8154,8183
8870,8152,8181
8871,8151,8180
8872,8150,8179
8873,8149,8178
8874,8148,8177
8875,8146,8176
8876,8145,8174
8877,8144,8173
8878,8143,8172
8879,8141,8171
8880,8140,8170
8881,8139,8168
8882,8138,8167
8883,8137,8166
8884,8135,8165
8885,8134,8164
8886,8133,8162
8887,8132,8161
8888,8130,8160
8889,8129,8159
8890,8128,8158
8891,8127,8156
8892,8126,8155
5507,6324,6381
8834,8194,8222
5506,6326,6384
8833,8195,8223
5505,6328,6387
8832,8196,8224
5504,6330,6390
8831,8197,8225
5503,6332,6393
8830,8199,8226
5502,6334,6396
8829,8200,8227
5501,6337,6399
8828,8201,8229
5500,6339,6402
8827,8202,8230
5499,6341,6405
8826,8203,8231
5498,6344,6408
8825,8204,8232
5497,6346,6411
8824,8205,8233
5496,6348,6414
8823,8206,8234
5495,6351,6417
8822,8207,8235
5494,6353,6419
8821,8209,8236
5493,6356,6422
8820,8210,8237
5492,6358,6425
8819,8211,8238
5491,6361,6428
8818,8212,8239
5490,6364,6430
8817,8213,8240
5489,6366,6433
8816,8214,8241
5488,6369,6436
8815,8215,8242
5487,6372,6438
8814,8216,8243
5486,6375,6441
8813,8217,8244
5485,6378,6443
8812,8218,8245
5484,6380,6446
8811,8220,8247
5483,6383,6448
8810,8221,8248
5482,6387,6451
8809,8222,8249
5481,6390,6453
8808,8223,8250
5480,6393,6455
8807,8224,8251
5479,6396,6457
8806,8225,8252
5478,6399,6460
8805,8226,8253
5477,6403,6462
8804,8227,8254
5476,6406,6464
8803,8228,8255
5475,6410,6466
8802,8229,8256
5474,6413,6468
8801,8230,8257
5473,6417,6469
8800,8231,8258
5472,6421,6471
8799,8232,8259
5471,6425,6473
8798,8233,8260
5470,6429,6474
8797,8234,8261
5469,6434,6475
8796,8236,8262
5468,6439,6476
8795,8237,8263
5467,6444,6476
8794,8238,8264
5466,6449,6476
8793,8239,8265
5465,6456,6475
8792,8240,8266
5464,6467,6469
8791,8241,8267
8790,8242,8268
8789,8243,8269
8788,8244,8270
8787,8245,8271
8786,8246,8272
8785,8247,8273
8784,8248,8274
8783,8249,8275
8782,8250,8276
8781,8251,8277
8780,8252,8278
8779,8253,8279
8778,8254,8280
8777,8255,8281
8776,8256,8282
8775,8257,8283
8774,8258,8284
8773,8259,8285
8706,8323,8346
8705,8324,8347
8704,8325,8348
8703,8326,8349
8702,8327,8350
8701,8328,8351
8700,8329,8352
8699,8329,8352
8698,8330,8353
8697,8331,8354
8696,8332,8355
8695,8333,8356
8694,8334,8357
8693,8335,8358
8692,8336,8358
8691,8336,8359
8690,8337,8360
8689,8338,8361
8688,8339,8362
8687,8340,8363
8686,8341,8363
8685,8342,8364
8684,8343,8365
8683,8343,8366
8682,8344,8367
8681,8345,8368
8680,8346,8368
8679,8347,8369
8678,8348,8370
8677,8349,8371
8676,8349,8372
8675,8350,8373
8674,8351,8373
8673,8352,8374
8672,8353,8375
8671,8354,8376
8670,8354,8377
8669,8355,8378
8668,8356,8378
8667,8357,8379
8666,8358,8380
8665,8359,8381
8664,8359,8382
8663,8360,8382
8662,8361,8383
8661,8362,8384
8660,8363,8385
8659,8364,8386
8658,8364,8386
8657,8365,8387
8656,8366,8388
8655,8367,8389
8654,8368,8390
8653,8368,8390
8652,8369,8391
8651,8370,8392
8650,8371,8393
8649,8372,8394
8648,8372,8394
8647,8373,8395
8646,8374,8396
8645,8375,8397
8644,8376,8397
8643,8376,8398
8642,8377,8399
8641,8378,8400
8640,8379,8401
8639,8380,8401
8638,8380,8402
8637,8381,8403
8636,8382,8404
8635,8383,8404
8634,8383,8405
8633,8384,8406
8632,8385,8407
8631,8386,8408
8630,8387,8408
8629,8387,8409
8628,8388,8410
8627,8389,8411
8626,8390,8411
8625,8390,8412
8624,8391,8413
8623,8392,8414
8622,8393,8414
8621,8394,8415
8620,8394,8416
8619,8395,8417
8618,8396,8417
8617,8397,8418
8616,8397,8419
8615,8398,8420
8614,8399,8420
8613,8400,8421
8612,8400,8422
8611,8401,8423
8610,8402,8423
8609,8403,8424
8608,8403,8425
8607,8404,8426
8606,8405,8426
8605,8405,8427
8604,8406,8428
8603,8407,8428
8602,8408,8429
8601,8408,8430
8600,8409,8431
8599,8410,8431
8598,8411,8432
8597,8411,8433
8596,8412,8434
8595,8413,8434
8594,8414,8435
8593,8414,8436
8592,8415,8436
8591,8416,8437
8590,8416,8438
8589,8417,8439
8588,8418,8439
8587,8419,8440
8586,8419,8441
8585,8420,8441
8584,8421,8442
8583,8421,8443
8582,8422,8443
8581,8423,8444
8580,8423,8445
8579,8424,8446
8578,8425,8446
8577,8426,8447
8576,8426,8448
8575,8427,8448
8574,8428,8449
8573,8428,8450
8572,8429,8450
8571,8430,8451
8570,8430,8452
8569,8431,8452
8568,8432,8453
8567,8432,8454
8566,8433,8454
8565,8434,8455
8564,8435,8456
8563,8435,8457
8562,8436,8457
8561,8437,8458
8560,8437,8459
8559,8438,8459
8558,8439,8460
8557,8439,8461
8556,8440,8461
8555,8441,8462
8554,8441,8463
8553,8442,8463
8552,8443,8464
8551,8443,8465
