5624,6465,6501
5625,6461,6498
5626,6457,6496
5627,6453,6493
5628,6450,6491
5629,6446,6488
5630,6442,6486
5631,6439,6483
5632,6435,6480
5633,6431,6478
5634,6428,6475
5635,6424,6472
5636,6421,6470
5637,6418,6467
5638,6414,6464
5639,6411,6462
5640,6408,6459
5641,6405,6456
5642,6401,6453
5643,6398,6451
5644,6395,6448
5645,6392,6445
5646,6389,6442
5647,6386,6440
5648,6383,6437
5649,6380,6434
5650,6377,6432
5651,6374,6429
5652,6371,6426
5653,6368,6423
5654,6365,6421
5655,6362,6418
5656,6359,6415
5657,6357,6413
5658,6354,6410
5659,6351,6407
5660,6348,6404
5661,6346,6402
5662,6343,6399
5663,6340,6396
5664,6337,6394
5665,6335,6391
5666,6332,6388
5667,6329,6386
5668,6327,6383
5669,6324,6380
5670,6322,6378
5671,6319,6375
5672,6316,6373
5673,6314,6370
5674,6311,6367
5675,6309,6365
5676,6306,6362
5677,6304,6359
5678,6301,6357
5679,6299,6354
5680,6296,6352
5681,6294,6349
5682,6291,6347
5683,6289,6344
5684,6287,6342
5685,6284,6339
5686,6282,6336
5687,6279,6334
5688,6277,6331
5689,6275,6329
5690,6272,6326
5798,6077,6079
5797,6077,6082
5796,6078,6085
5795,6079,6088
5794,6080,6090
5793,6081,6093
5792,6082,6095
5791,6084,6097
5790,6085,6099
5789,6086,6102
5788,6088,6104
5787,6089,6106
5786,6090,6108
5785,6092,6110
5784,6093,6113
5783,6095,6115
5782,6096,6117
5781,6098,6119
5770,6115,6143
5769,6117,6145
5768,6119,6147
5767,6120,6149
5771,6114,6141
7570,9718,9721
5772,6112,6139
7571,9717,9722
5773,6110,6136
7572,9717,9722
5774,6109,6134
7573,9716,9722
5775,6107,6132
7574,9716,9722
5691,6270,6324
5780,6099,6121
7579,9719,9719
5779,6101,6123
7578,9717,9721
5778,6102,6126
7577,9717,9721
5777,6104,6128
7576,9717,9722
5776,6106,6130
7575,9716,9722
5692,6268,6321
7639,8680,8683
5734,6179,6222
5693,6266,6319
7640,8679,8684
5735,6177,6219
5694,6263,6316
7641,8679,8685
5736,6176,6217
5695,6261,6314
7642,8678,8685
5737,6174,6215
5696,6259,6311
7643,8678,8685
5738,6172,6213
5697,6256,6309
7644,8677,8686
5739,6170,6211
5698,6254,6306
7645,8677,8686
5740,6168,6208
7646,8677,8686
5741,6166,6206
7647,8677,8687
5742,6164,6204
7648,8676,8687
5743,6162,6202
7649,8676,8687
5744,6161,6199
7650,8676,8687
5745,6159,6197
7671,8677,8687
5766,6122,6151
7670,8677,8687
5765,6124,6154
7669,8676,8687
5764,6125,6156
7668,8676,8687
5763,6127,6158
7667,8676,8688
5762,6129,6160
7666,8676,8688
5761,6130,6162
7665,8676,8688
5760,6132,6164
7664,8676,8688
5759,6134,6167
7663,8676,8688
5758,6135,6169
7662,8676,8688
5757,6137,6171
7661,8676,8688
5756,6139,6173
7660,8676,8688
5755,6141,6175
7659,8676,8688
5754,6143,6177
5616,6506,6513
7672,8677,8687
5617,6499,6513
7673,8677,8686
5618,6493,6512
7674,8678,8686
5619,6488,6511
7675,8678,8686
5620,6483,6509
7676,8679,8685
5621,6478,6507
7677,8679,8685
5622,6474,6505
7678,8680,8684
5623,6470,6503
7679,8681,8683
7658,8676,8688
5753,6144,6180
7657,8676,8688
5752,6146,6182
7656,8676,8688
5751,6148,6184
7655,8676,8688
5750,6150,6186
7654,8676,8688
5749,6151,6188
7653,8676,8688
5748,6153,6191
7652,8676,8688
5747,6155,6193
7651,8676,8687
5746,6157,6195
5699,6252,6304
5700,6250,6302
5701,6247,6299
5702,6245,6297
5703,6243,6294
5704,6241,6292
5705,6239,6289
5706,6237,6287
5707,6234,6285
5708,6232,6282
5709,6230,6280
5710,6228,6277
5711,6226,6275
5712,6224,6273
5713,6222,6270
5714,6220,6268
5715,6217,6266
5716,6215,6263
5717,6213,6261
5718,6211,6259
5719,6209,6256
5720,6207,6254
5721,6205,6252
5722,6203,6249
5723,6201,6247
5724,6199,6245
5725,6197,6242
5726,6195,6240
5727,6193,6238
5728,6191,6235
5729,6189,6233
5730,6187,6231
5731,6185,6229
5732,6183,6226
5733,6181,6224
