7423,9712,9714
7424,9711,9715
7425,9711,9716
7426,9711,9717
7427,9711,9717
7428,9711,9717
7433,9714,9716
7432,9713,9717
7431,9712,9717
7430,9711,9717
7429,9711,9717
5832,6751,6775
5833,6741,6777
5834,6732,6778
5835,6725,6777
5836,6718,6775
5837,6712,6774
5838,6706,6771
5839,6701,6769
5840,6696,6766
5841,6690,6763
5842,6686,6760
5843,6681,6756
5844,6676,6753
5845,6672,6749
5846,6668,6746
5847,6663,6742
5848,6659,6738
5849,6656,6734
5850,6652,6730
5851,6648,6726
9687,7328,7439
5852,6644,6722
9688,7323,7437
5853,6641,6718
9689,7319,7434
5854,6637,6713
9690,7314,7431
5855,6634,6709
9691,7311,7428
5856,6631,6705
9706,7311,7337
9681,7364,7448
5871,6592,6634
9705,7302,7352
9680,7371,7449
5870,6594,6639
9692,7307,7425
5857,6627,6700
9693,7304,7422
5858,6624,6696
9694,7301,7418
5859,6621,6692
9695,7298,7414
5860,6618,6687
9696,7296,7410
5861,6615,6682
9697,7294,7405
5862,6613,6678
9698,7292,7401
5863,6610,6673
9699,7292,7396
5864,6607,6669
9700,7291,7390
5865,6605,6664
9701,7291,7384
9702,7292,7378
9703,7294,7371
9678,7388,7448
5868,6598,6649
9704,7297,7362
9679,7379,7449
5869,6595,6644
5867,6600,6654
9677,7398,7446
5866,6602,6659
9676,7411,7441
9682,7357,7448
5872,6590,6628
9683,7351,7446
5873,6589,6623
9684,7344,7445
5874,6588,6617
9685,7339,7443
5875,6587,6610
9686,7333,7441
5876,6588,6602
