7577,9715,9718
7578,9715,9719
7579,9714,9719
7580,9714,9719
7581,9714,9719
7585,9715,9718
7584,9714,9719
7583,9714,9719
7582,9714,9719
5600,6501,6509
5601,6493,6510
5602,6487,6509
5603,6482,6508
5604,6477,6506
5605,6473,6504
5606,6468,6502
5607,6464,6500
5608,6460,6498
5609,6456,6496
5610,6452,6493
5611,6448,6491
5612,6444,6488
5613,6440,6486
7670,8678,8681
5614,6436,6483
7671,8677,8681
5615,6433,6481
7672,8676,8682
5616,6429,6478
7673,8676,8683
5617,6426,6475
7674,8675,8683
5618,6422,6473
7675,8675,8683
5619,6419,6470
7676,8675,8684
5620,6416,6467
5720,6177,6210
5719,6179,6212
5718,6180,6215
5717,6182,6217
5716,6184,6220
5715,6186,6222
5714,6188,6224
5713,6189,6227
5712,6191,6229
5711,6193,6232
5710,6195,6234
5709,6197,6236
5708,6199,6239
5707,6201,6241
5706,6203,6244
5705,6205,6246
5704,6207,6248
5703,6208,6251
5702,6210,6253
5701,6212,6256
5700,6214,6258
5699,6216,6261
5698,6218,6263
5697,6220,6265
5696,6222,6268
5695,6224,6270
5694,6226,6273
5693,6228,6275
5692,6231,6278
5691,6233,6280
5674,6269,6323
5673,6272,6326
5672,6274,6328
5671,6276,6331
5670,6279,6333
5669,6281,6336
5668,6283,6339
5667,6286,6341
5666,6288,6344
5665,6290,6346
5664,6293,6349
5663,6295,6352
5662,6298,6354
5675,6267,6320
5676,6265,6318
5677,6263,6315
5678,6261,6313
5679,6258,6310
5680,6256,6308
5681,6254,6305
5682,6252,6303
5683,6250,6300
5684,6247,6298
5685,6245,6295
5686,6243,6293
5687,6241,6290
5688,6239,6288
5689,6237,6285
5690,6235,6283
5721,6175,6208
5722,6173,6205
5723,6172,6203
5724,6170,6200
5725,6168,6198
5726,6166,6196
5727,6165,6193
5728,6163,6191
5729,6162,6188
5730,6160,6186
5731,6158,6184
5732,6157,6181
5733,6155,6179
5734,6154,6176
5735,6152,6174
5736,6150,6171
5737,6149,6169
5738,6148,6166
5739,6146,6164
5740,6145,6161
5741,6143,6159
5742,6142,6156
5743,6141,6153
5744,6140,6151
5745,6139,6148
5746,6138,6144
5747,6139,6140
5661,6300,6357
5660,6302,6359
5659,6305,6362
5658,6307,6365
5657,6310,6367
7712,8679,8680
5656,6312,6370
7711,8678,8681
5655,6315,6373
7710,8677,8682
5654,6317,6375
7709,8676,8683
5653,6320,6378
7708,8676,8683
5652,6323,6381
7707,8676,8683
5651,6325,6383
7706,8675,8684
5650,6328,6386
7705,8675,8684
5649,6330,6389
7704,8675,8684
5648,6333,6391
7703,8674,8685
5647,6336,6394
7702,8674,8685
5646,6338,6397
7701,8674,8685
5645,6341,6399
7700,8674,8685
5644,6344,6402
7699,8674,8685
5643,6346,6405
7698,8673,8685
5642,6349,6408
7697,8673,8685
5641,6352,6410
7696,8673,8685
5640,6355,6413
7695,8673,8686
5639,6357,6416
7694,8673,8686
5638,6360,6419
7693,8673,8686
5637,6363,6421
7692,8673,8686
5636,6366,6424
7691,8673,8686
5635,6369,6427
7690,8673,8686
5634,6372,6429
7689,8673,8686
5633,6375,6432
7688,8673,8686
5632,6378,6435
7687,8673,8686
5631,6381,6438
7686,8673,8685
5630,6384,6440
7685,8673,8685
5629,6387,6443
7684,8673,8685
5628,6390,6446
7683,8673,8685
5627,6393,6449
7682,8673,8685
5626,6396,6451
7681,8674,8685
5625,6399,6454
7680,8674,8685
5624,6402,6457
7679,8674,8684
5623,6406,6459
7678,8674,8684
5622,6409,6462
7677,8674,8684
5621,6412,6465
