7430,9712,9715
7429,9711,9716
7428,9711,9716
7427,9710,9716
7426,9710,9716
5837,6755,6766
5838,6742,6771
5839,6733,6773
5840,6725,6772
5841,6718,6771
5842,6712,6770
5843,6706,6768
5844,6700,6765
5845,6695,6763
5846,6690,6760
5847,6685,6757
5848,6680,6754
5849,6676,6751
5850,6671,6747
5851,6667,6744
5852,6663,6740
5853,6659,6736
5854,6655,6732
5855,6651,6728
5856,6647,6724
9692,7336,7445
5857,6644,6720
9693,7331,7442
5858,6640,6716
9694,7326,7440
5859,6637,6712
9695,7322,7437
5860,6633,6708
9696,7318,7434
5861,6630,6704
7425,9709,9716
9711,7317,7346
9686,7371,7454
5876,6592,6633
7424,9709,9716
9710,7309,7360
9685,7378,7454
5875,6594,6638
9697,7315,7431
5862,6627,6699
9698,7312,7428
5863,6624,6695
9699,7309,7424
5864,6621,6690
9700,7306,7420
5865,6618,6686
9701,7304,7416
5866,6615,6681
9702,7302,7412
5867,6612,6677
9703,7300,7407
5868,6610,6672
9704,7299,7402
5869,6607,6668
9705,7299,7397
5870,6604,6663
7420,9711,9712
9706,7299,7391
7421,9710,9714
9707,7300,7385
7422,9710,9715
9708,7301,7378
9683,7395,7453
5873,6598,6648
7423,9709,9715
9709,7304,7370
9684,7386,7454
5874,6596,6643
5872,6600,6653
9682,7405,7450
5871,6602,6658
9681,7417,7446
9687,7364,7453
5877,6591,6627
9688,7358,7452
5878,6589,6621
9689,7352,7450
5879,6589,6615
9690,7346,7449
5880,6589,6608
9691,7341,7447
5881,6591,6599
