7826,8666,8668
7827,8665,8669
7828,8664,8669
7829,8664,8670
7830,8663,8670
7831,8663,8671
7832,8663,8671
7833,8662,8671
7834,8662,8672
7835,8662,8672
7836,8662,8672
7837,8661,8672
7838,8661,8672
7839,8661,8673
7840,8661,8673
7841,8661,8673
5611,6261,6271
5610,6261,6275
5609,6261,6279
5608,6262,6283
5598,6277,6316
5597,6279,6319
5596,6280,6323
5595,6282,6326
5594,6284,6329
5593,6286,6332
5566,6347,6410
7879,8661,8671
5592,6288,6335
5565,6349,6413
7878,8661,8672
5591,6290,6338
5564,6352,6416
7877,8661,8672
5590,6292,6341
5563,6355,6419
7876,8661,8672
5589,6294,6344
5562,6357,6422
7875,8660,8672
5588,6296,6347
5587,6298,6350
5599,6275,6313
5600,6273,6310
5573,6329,6390
7886,8663,8669
5601,6272,6307
5574,6327,6388
7887,8663,8669
7880,8661,8671
5567,6344,6407
5602,6270,6304
5575,6324,6385
7888,8664,8668
5578,6317,6376
5607,6263,6287
5581,6311,6367
5583,6306,6361
5606,6265,6290
5580,6313,6370
5582,6308,6364
7883,8662,8670
5570,6337,6399
5605,6266,6294
5579,6315,6373
7882,8662,8671
5569,6339,6402
5604,6267,6297
5577,6320,6379
7890,8666,8666
7881,8661,8671
5568,6342,6405
5603,6269,6300
5576,6322,6382
7889,8665,8667
7884,8662,8670
5571,6334,6396
7885,8663,8670
5572,6332,6393
5584,6304,6358
5585,6302,6356
5586,6300,6353
7874,8660,8672
5561,6360,6424
7873,8660,8672
5560,6363,6427
7872,8660,8673
5559,6365,6430
7871,8660,8673
5558,6368,6433
7613,9702,9703
7870,8660,8673
5557,6371,6435
7869,8660,8673
7612,9701,9704
5556,6374,6438
7868,8660,8673
7611,9700,9705
5555,6377,6441
7610,9700,9705
7867,8660,8673
5554,6380,6443
7609,9700,9706
7866,8660,8673
5553,6383,6446
7608,9700,9706
7865,8660,8673
5552,6386,6449
7607,9701,9706
7864,8660,8673
5551,6389,6451
7606,9701,9705
7863,8660,8673
5550,6392,6454
7605,9702,9705
7862,8659,8674
5549,6395,6457
7861,8659,8674
5548,6398,6459
7860,8659,8674
5547,6402,6462
7859,8659,8674
5546,6405,6464
7858,8659,8674
5545,6408,6467
7857,8659,8674
5544,6412,6469
7856,8659,8674
5543,6415,6471
7855,8659,8674
5542,6419,6474
7854,8660,8674
5541,6422,6476
7853,8660,8674
5540,6426,6478
7852,8660,8674
5539,6430,6480
7851,8660,8674
5538,6434,6482
7850,8660,8674
5537,6438,6484
7849,8660,8674
5536,6442,6486
7848,8660,8674
5535,6446,6488
7847,8660,8673
5534,6451,6489
7846,8660,8673
5533,6455,6491
7845,8660,8673
5532,6460,6492
7844,8660,8673
5531,6466,6493
7843,8660,8673
5530,6472,6493
7842,8661,8673
5529,6479,6491
