7659,8679,8681
7660,8678,8682
7574,9717,9718
7575,9716,9719
7576,9715,9720
7577,9715,9720
7578,9715,9720
7583,9716,9718
7582,9715,9719
7581,9715,9720
7580,9715,9720
7579,9715,9720
7661,8677,8683
5605,6507,6508
7662,8677,8683
5606,6497,6511
7663,8676,8684
5607,6491,6511
7664,8676,8684
5608,6486,6509
7665,8676,8684
5609,6481,6508
7666,8675,8685
5610,6476,6506
7667,8675,8685
5611,6472,6504
7668,8675,8685
5612,6467,6502
7669,8675,8685
5613,6463,6500
7670,8675,8686
5614,6459,6497
7671,8674,8686
5615,6455,6495
7672,8674,8686
5616,6451,6492
7673,8674,8686
5617,6447,6490
7674,8674,8686
5618,6443,6488
7675,8674,8686
5619,6440,6485
7676,8674,8686
5620,6436,6482
7677,8674,8686
5621,6432,6480
7678,8674,8686
5622,6429,6477
7679,8674,8686
5623,6425,6475
7680,8674,8686
5624,6422,6472
7681,8674,8686
5625,6419,6469
7682,8674,8686
5626,6415,6467
7683,8674,8686
5627,6412,6464
7684,8674,8686
5628,6409,6461
7685,8674,8686
5629,6405,6458
7686,8674,8686
5630,6402,6456
7687,8674,8686
5631,6399,6453
7688,8674,8686
5632,6396,6450
7689,8675,8686
5633,6393,6448
7690,8675,8686
5634,6390,6445
7691,8675,8686
5635,6386,6442
5729,6169,6204
5728,6171,6207
5727,6173,6209
5726,6175,6211
5725,6177,6214
5724,6179,6216
5723,6180,6218
5722,6182,6221
5721,6184,6223
5720,6186,6225
5719,6188,6228
5718,6190,6230
5717,6192,6232
5716,6194,6235
5715,6195,6237
5714,6197,6239
5713,6199,6242
5712,6201,6244
5711,6203,6246
5710,6205,6249
5709,6207,6251
5708,6209,6254
5707,6211,6256
5706,6213,6258
5705,6215,6261
5704,6217,6263
5703,6219,6266
5702,6221,6268
5701,6223,6270
5700,6225,6273
5683,6262,6315
5682,6264,6317
5681,6267,6320
5680,6269,6323
5679,6271,6325
5678,6273,6328
5677,6276,6330
5676,6278,6333
5675,6280,6335
5674,6283,6338
5673,6285,6340
5672,6288,6343
5671,6290,6346
5684,6260,6312
5685,6258,6310
5686,6255,6307
5687,6253,6305
5688,6251,6302
5689,6249,6300
5690,6247,6297
5691,6244,6295
5692,6242,6293
5693,6240,6290
5694,6238,6288
5695,6236,6285
5696,6234,6283
5697,6232,6280
5698,6230,6278
5699,6228,6275
5730,6168,6202
5731,6166,6200
5732,6164,6197
5733,6162,6195
5734,6161,6193
5735,6159,6190
5736,6157,6188
5737,6156,6186
5738,6154,6183
5739,6152,6181
5740,6150,6179
5741,6149,6176
5742,6147,6174
5743,6146,6172
5744,6144,6169
5745,6142,6167
5746,6141,6165
5747,6139,6162
5748,6138,6160
5749,6136,6158
5750,6135,6155
5751,6133,6153
5752,6132,6151
5753,6130,6148
5754,6129,6146
5755,6127,6143
5756,6126,6141
5757,6125,6138
5758,6124,6136
5759,6122,6133
5760,6121,6130
5761,6121,6127
5762,6120,6124
5670,6292,6348
5669,6295,6351
5668,6297,6353
5667,6300,6356
5666,6302,6359
5665,6304,6361
5664,6307,6364
5663,6309,6367
5662,6312,6369
5661,6315,6372
5660,6317,6374
5659,6320,6377
5658,6322,6380
5657,6325,6382
5656,6327,6385
5655,6330,6388
5654,6333,6390
5653,6335,6393
5652,6338,6396
5651,6341,6399
5650,6343,6401
5649,6346,6404
5648,6349,6407
5647,6352,6409
5646,6354,6412
7701,8680,8681
5645,6357,6415
7700,8679,8682
5644,6360,6417
7699,8678,8683
5643,6363,6420
7698,8677,8683
5642,6366,6423
7697,8677,8684
5641,6369,6426
7696,8676,8684
5640,6372,6428
7695,8676,8685
5639,6374,6431
7694,8676,8685
5638,6377,6434
7693,8675,8685
5637,6380,6437
7692,8675,8685
5636,6383,6439
