5667,6518,6522
5668,6512,6521
5669,6507,6520
5670,6502,6518
5671,6498,6515
5672,6493,6513
5673,6489,6510
5674,6485,6508
5675,6481,6505
5676,6477,6502
5677,6473,6500
5678,6469,6497
5679,6466,6494
5680,6462,6491
5681,6458,6488
5682,6455,6486
5683,6451,6483
5684,6448,6480
5685,6444,6477
5686,6441,6474
5687,6438,6472
5688,6434,6469
5689,6431,6466
5690,6428,6463
5691,6424,6460
5692,6421,6457
5693,6418,6455
5694,6415,6452
5695,6411,6449
5696,6408,6446
5697,6405,6443
5698,6402,6441
5699,6399,6438
5700,6396,6435
5701,6393,6432
5702,6390,6430
5703,6387,6427
5704,6384,6424
5705,6381,6422
5706,6378,6419
5707,6375,6416
5708,6372,6413
5709,6370,6411
5710,6367,6408
5711,6364,6405
5712,6361,6403
5713,6358,6400
5714,6356,6397
5715,6353,6395
5716,6350,6392
5717,6347,6390
5718,6345,6387
5719,6342,6384
5720,6339,6382
5721,6336,6379
5722,6334,6377
5723,6331,6374
5724,6328,6371
5725,6326,6369
5726,6323,6366
5727,6321,6364
5728,6318,6361
5729,6315,6359
5730,6313,6356
5731,6310,6354
5732,6308,6351
5733,6305,6349
5734,6303,6346
5735,6300,6344
5736,6298,6341
5737,6295,6339
5738,6293,6337
5739,6290,6334
5740,6288,6332
5741,6286,6329
5742,6283,6327
5743,6281,6324
5744,6278,6322
5745,6276,6320
5746,6273,6317
5747,6271,6315
5748,6269,6313
5749,6266,6310
5750,6264,6308
5751,6262,6306
5752,6259,6303
5753,6257,6301
5754,6255,6299
5755,6252,6296
5756,6250,6294
5757,6248,6292
5758,6246,6289
5759,6243,6287
5760,6241,6285
5761,6239,6283
5762,6237,6280
5763,6234,6278
5764,6232,6276
5765,6230,6274
5766,6228,6271
5767,6225,6269
5768,6223,6267
5769,6221,6265
5770,6219,6262
5771,6217,6260
5772,6215,6258
5773,6212,6256
5774,6210,6254
5775,6208,6252
5776,6206,6249
5777,6204,6247
5778,6202,6245
5779,6200,6243
5780,6198,6241
5781,6195,6239
5782,6193,6237
5783,6191,6234
5784,6189,6232
5785,6187,6230
5786,6185,6228
5787,6183,6226
5788,6181,6224
5789,6179,6222
5790,6177,6220
5791,6175,6218
5792,6173,6216
5793,6171,6213
5794,6169,6211
5795,6167,6209
5796,6165,6207
5797,6163,6205
5798,6161,6203
5799,6159,6201
5800,6157,6199
5801,6155,6197
5802,6153,6195
5803,6151,6193
5804,6149,6191
5805,6147,6189
5806,6145,6187
5807,6143,6185
5808,6141,6183
5809,6139,6181
5810,6137,6179
5811,6135,6177
5812,6134,6175
5813,6132,6173
5814,6130,6171
5815,6128,6169
5816,6126,6168
5817,6124,6166
5818,6122,6164
5819,6120,6162
5820,6119,6160
5821,6117,6158
5822,6115,6156
5823,6113,6154
5824,6111,6152
5825,6109,6150
5826,6107,6148
5827,6106,6147
5828,6104,6145
5829,6102,6143
5830,6100,6141
5831,6098,6139
5832,6097,6137
5833,6095,6135
5834,6093,6133
5835,6091,6132
5836,6089,6130
5837,6088,6128
5838,6086,6126
5839,6084,6124
5840,6082,6122
5841,6080,6121
5842,6079,6119
5843,6077,6117
5844,6075,6115
5845,6073,6113
5846,6072,6112
5847,6070,6110
5848,6068,6108
5849,6067,6106
5850,6065,6104
5851,6063,6103
5852,6061,6101
5853,6060,6099
5854,6058,6097
5855,6056,6096
5856,6055,6094
5857,6053,6092
5858,6051,6090
5859,6049,6089
5860,6048,6087
5861,6046,6085
5862,6044,6083
5863,6043,6082
5864,6041,6080
5865,6039,6078
5866,6038,6076
5867,6036,6075
5868,6034,6073
5869,6033,6071
5870,6031,6070
5871,6030,6068
5872,6028,6066
5873,6026,6064
5874,6025,6063
5875,6023,6061
5876,6021,6059
5877,6020,6058
5878,6018,6056
5879,6017,6054
5880,6015,6053
5881,6013,6051
5882,6012,6049
5883,6010,6048
5884,6009,6046
5885,6007,6044
5886,6005,6043
5887,6004,6041
5888,6002,6040
5889,6001,6038
5890,5999,6036
5891,5997,6035
5892,5996,6033
5893,5994,6031
5894,5993,6030
5895,5991,6028
5896,5990,6027
7100,5156,5156
7099,5156,5156
7098,5156,5156
7097,5156,5156
7096,5156,5157
7095,5157,5157
7094,5157,5157
7093,5157,5157
7092,5157,5158
7091,5157,5158
7090,5158,5158
7089,5158,5158
7088,5158,5159
7087,5158,5159
7086,5159,5159
7085,5159,5159
7084,5159,5160
7083,5159,5160
7082,5159,5160
7081,5160,5160
7080,5160,5161
7079,5160,5161
7078,5160,5161
7077,5161,5161
7076,5161,5162
7075,5161,5162
7074,5161,5162
7073,5162,5162
7072,5162,5163
7071,5162,5163
7070,5162,5163
7069,5162,5163
7068,5163,5164
7067,5163,5164
7066,5163,5164
7065,5163,5164
7064,5164,5165
7063,5164,5165
7062,5164,5165
7061,5164,5166
7060,5165,5166
7059,5165,5166
7058,5165,5166
7057,5165,5167
7056,5166,5167
7055,5166,5167
7054,5166,5167
7053,5166,5168
7052,5167,5168
7051,5167,5168
7050,5167,5168
7049,5167,5169
7048,5168,5169
7047,5168,5169
7046,5168,5170
7045,5168,5170
7044,5169,5170
7043,5169,5170
7042,5169,5171
7041,5169,5171
7040,5170,5171
7039,5170,5171
7038,5170,5172
7037,5170,5172
7036,5171,5172
7035,5171,5173
7034,5171,5173
7033,5171,5173
7032,5172,5173
7031,5172,5174
7030,5172,5174
7029,5172,5174
7028,5173,5175
7027,5173,5175
7026,5173,5175
7025,5173,5175
7024,5174,5176
7023,5174,5176
7022,5174,5176
7021,5174,5176
7020,5175,5177
7019,5175,5177
7018,5175,5177
7017,5175,5178
7016,5176,5178
7015,5176,5178
7014,5176,5178
7013,5177,5179
7012,5177,5179
7011,5177,5179
7010,5177,5180
7009,5178,5180
7008,5178,5180
7007,5178,5181
7006,5178,5181
7005,5179,5181
7004,5179,5181
7003,5179,5182
7002,5180,5182
7001,5180,5182
7000,5180,5183
6999,5180,5183
6998,5181,5183
6997,5181,5183
6996,5181,5184
6995,5181,5184
6994,5182,5184
6993,5182,5185
6992,5182,5185
6991,5183,5185
6990,5183,5186
6989,5183,5186
6988,5183,5186
6987,5184,5187
6986,5184,5187
6985,5184,5187
6984,5185,5187
6983,5185,5188
6982,5185,5188
6981,5185,5188
6980,5186,5189
6979,5186,5189
6978,5186,5189
6977,5187,5190
6976,5187,5190
6975,5187,5190
6974,5188,5191
6973,5188,5191
6972,5188,5191
6971,5188,5191
6970,5189,5192
6969,5189,5192
6968,5189,5192
6399,5466,5481
6398,5466,5482
6397,5467,5483
6396,5468,5484
6395,5468,5484
6394,5469,5485
6393,5470,5486
6392,5471,5487
6391,5471,5487
6390,5472,5488
6389,5473,5489
6388,5473,5490
6387,5474,5490
6386,5475,5491
6385,5476,5492
6384,5476,5493
6383,5477,5493
6382,5478,5494
6381,5478,5495
6380,5479,5496
6379,5480,5496
6378,5481,5497
6377,5481,5498
6376,5482,5499
6375,5483,5499
6374,5484,5500
6373,5484,5501
6372,5485,5502
6371,5486,5502
6370,5486,5503
6369,5487,5504
6368,5488,5505
6367,5489,5505
6366,5489,5506
6365,5490,5507
6364,5491,5508
6363,5492,5509
6362,5492,5509
6361,5493,5510
6360,5494,5511
6359,5495,5512
6358,5495,5512
6357,5496,5513
6356,5497,5514
6355,5498,5515
6354,5498,5516
6353,5499,5516
6352,5500,5517
6351,5501,5518
6350,5501,5519
6349,5502,5520
6348,5503,5520
6347,5504,5521
6346,5504,5522
6345,5505,5523
6344,5506,5523
6343,5507,5524
6342,5507,5525
6341,5508,5526
6340,5509,5527
6339,5510,5527
6338,5511,5528
6337,5511,5529
6336,5512,5530
6335,5513,5531
6334,5514,5531
6333,5514,5532
6332,5515,5533
6331,5516,5534
6330,5517,5535
6329,5517,5535
6328,5518,5536
6327,5519,5537
6326,5520,5538
6325,5521,5539
6324,5521,5540
6323,5522,5540
6322,5523,5541
6321,5524,5542
6320,5525,5543
6319,5525,5544
6318,5526,5544
6317,5527,5545
6316,5528,5546
6315,5528,5547
6314,5529,5548
6313,5530,5549
6312,5531,5549
6311,5532,5550
6310,5532,5551
6309,5533,5552
6308,5534,5553
6307,5535,5554
6306,5536,5554
6305,5536,5555
6304,5537,5556
6303,5538,5557
6302,5539,5558
6301,5540,5559
6300,5540,5559
6299,5541,5560
6298,5542,5561
6297,5543,5562
6296,5544,5563
6295,5545,5564
6294,5545,5564
6293,5546,5565
6292,5547,5566
6291,5548,5567
6290,5549,5568
6289,5549,5569
6288,5550,5570
6287,5551,5570
6286,5552,5571
6285,5553,5572
6284,5554,5573
6283,5554,5574
6282,5555,5575
6281,5556,5576
6280,5557,5576
6279,5558,5577
6278,5559,5578
6277,5559,5579
6276,5560,5580
6275,5561,5581
6274,5562,5582
6273,5563,5583
6272,5564,5583
6271,5564,5584
6270,5565,5585
6269,5566,5586
6268,5567,5587
6267,5568,5588
6266,5569,5589
6265,5570,5590
6264,5570,5590
6263,5571,5591
6262,5572,5592
6261,5573,5593
6260,5574,5594
6259,5575,5595
6258,5575,5596
6257,5576,5597
6256,5577,5598
6255,5578,5598
6254,5579,5599
6253,5580,5600
6252,5581,5601
6251,5582,5602
6250,5582,5603
6249,5583,5604
6248,5584,5605
6247,5585,5606
6246,5586,5607
6245,5587,5607
6244,5588,5608
6243,5588,5609
6242,5589,5610
6241,5590,5611
6240,5591,5612
6239,5592,5613
6238,5593,5614
6237,5594,5615
6236,5595,5616
6235,5596,5617
6234,5596,5618
6233,5597,5618
6232,5598,5619
6231,5599,5620
6230,5600,5621
6229,5601,5622
6228,5602,5623
6227,5603,5624
6226,5604,5625
6225,5604,5626
6224,5605,5627
6223,5606,5628
6222,5607,5629
6221,5608,5630
6220,5609,5631
6219,5610,5632
6218,5611,5632
6217,5612,5633
6216,5613,5634
6215,5613,5635
6214,5614,5636
6213,5615,5637
6212,5616,5638
6211,5617,5639
6210,5618,5640
6209,5619,5641
6208,5620,5642
6207,5621,5643
6206,5622,5644
6205,5623,5645
6204,5624,5646
6203,5624,5647
6202,5625,5648
6201,5626,5649
6200,5627,5650
6199,5628,5651
6198,5629,5652
6197,5630,5653
6196,5631,5654
6195,5632,5655
6194,5633,5655
6193,5634,5656
6192,5635,5657
6191,5636,5658
6190,5637,5659
6189,5638,5660
6188,5638,5661
6187,5639,5662
6186,5640,5663
6185,5641,5664
6184,5642,5665
6183,5643,5666
6182,5644,5667
6181,5645,5668
6180,5646,5669
6179,5647,5670
6178,5648,5671
6177,5649,5672
6176,5650,5673
6175,5651,5674
6174,5652,5675
6173,5653,5676
6172,5654,5677
6171,5655,5678
6170,5656,5679
6169,5657,5680
6168,5658,5681
6167,5659,5682
6166,5660,5683
6165,5661,5684
6164,5662,5685
6163,5663,5686
6162,5664,5687
6161,5665,5688
6160,5666,5689
6159,5667,5691
6158,5667,5692
6157,5668,5693
6156,5669,5694
6155,5670,5695
6154,5671,5696
6153,5672,5697
6152,5673,5698
6151,5674,5699
6150,5675,5700
6149,5676,5701
6148,5677,5702
6147,5678,5703
6146,5679,5704
6145,5680,5705
6144,5681,5706
6143,5682,5707
6142,5683,5708
6141,5684,5709
6140,5686,5710
6139,5687,5711
6138,5688,5712
6137,5689,5713
6136,5690,5715
6135,5691,5716
6134,5692,5717
6133,5693,5718
6132,5694,5719
6131,5695,5720
6130,5696,5721
6129,5697,5722
6128,5698,5723
6127,5699,5724
6126,5700,5725
6125,5701,5726
6124,5702,5727
6123,5703,5728
6122,5704,5730
6121,5705,5731
6120,5706,5732
6119,5707,5733
6118,5708,5734
6117,5709,5735
6116,5710,5736
5985,5863,5895
5984,5865,5897
5983,5866,5898
5982,5867,5899
5981,5869,5901
5980,5870,5902
5979,5871,5904
5978,5873,5905
5977,5874,5906
5976,5875,5908
5975,5877,5909
5974,5878,5910
5973,5879,5912
5972,5881,5913
5971,5882,5915
5970,5883,5916
5969,5885,5917
5968,5886,5919
5967,5887,5920
5966,5889,5922
5965,5890,5923
5964,5891,5924
5963,5893,5926
5962,5894,5927
5961,5895,5929
6013,5828,5858
5904,5977,6014
5933,5934,5969
7556,8684,8695
6447,5433,5447
6014,5827,5857
5905,5976,6012
5934,5933,5968
7557,8684,8695
6448,5432,5446
6015,5825,5856
5906,5974,6011
5935,5932,5966
7558,8684,8695
6449,5431,5446
6016,5824,5855
5907,5973,6009
5936,5930,5965
7559,8684,8696
6450,5431,5445
6017,5823,5853
5908,5971,6008
5937,5929,5963
7560,8684,8696
6451,5430,5444
6018,5822,5852
5909,5970,6006
5938,5927,5962
7561,8684,8696
6452,5429,5444
6019,5820,5851
5910,5968,6004
5939,5926,5960
7562,8684,8696
6453,5429,5443
6020,5819,5849
5911,5967,6003
5940,5925,5959
7563,8684,8696
6454,5428,5442
6021,5818,5848
5912,5965,6001
7555,8685,8695
7555,9725,9727
6446,5433,5448
5932,5936,5971
5960,5897,5930
7583,8689,8691
6474,5415,5429
6041,5794,5823
5959,5898,5931
7582,8688,8692
6473,5416,5430
6040,5795,5824
5958,5899,5933
7581,8687,8693
6472,5416,5430
6039,5796,5826
5957,5901,5934
7580,8686,8693
6471,5417,5431
6038,5797,5827
5956,5902,5936
7579,8686,8694
6470,5418,5432
6037,5799,5828
5955,5904,5937
7578,8686,8694
6469,5418,5432
6036,5800,5829
5941,5923,5957
7564,8684,8696
6455,5427,5442
6022,5817,5847
5913,5964,6000
5942,5922,5956
7565,8684,8696
6456,5427,5441
6023,5816,5846
5914,5962,5998
5943,5920,5955
7566,8684,8696
6457,5426,5440
6024,5814,5844
5915,5961,5997
5944,5919,5953
7567,8684,8696
6458,5425,5440
6025,5813,5843
5916,5959,5995
5918,5956,5992
5946,5916,5950
7569,8684,8696
6460,5424,5438
6027,5811,5841
5945,5917,5952
7568,8684,8696
6459,5425,5439
6026,5812,5842
5917,5958,5994
5919,5955,5990
5947,5915,5949
7570,8684,8696
6461,5423,5438
6028,5809,5839
5920,5953,5989
5948,5913,5947
7571,8684,8696
6462,5423,5437
6029,5808,5838
5921,5952,5987
5949,5912,5946
7572,8684,8695
6463,5422,5436
6030,5807,5837
5922,5950,5986
5950,5910,5944
7573,8684,8695
6464,5421,5436
6031,5806,5835
5951,5909,5943
7574,8685,8695
6465,5421,5435
6032,5805,5834
5952,5908,5941
7575,8685,8695
6466,5420,5434
6033,5803,5833
5953,5906,5940
7576,8685,8695
6467,5420,5434
6034,5802,5832
5954,5905,5939
7577,8685,8694
6468,5419,5433
6035,5801,5831
5903,5979,6015
5931,5937,5972
7554,8685,8695
7554,9724,9728
6445,5434,5449
6012,5829,5860
5902,5980,6017
5930,5939,5974
7553,8685,8695
7553,9723,9728
6444,5435,5449
6011,5830,5861
5901,5982,6019
5929,5940,5975
7552,8685,8694
7552,9723,9729
6443,5435,5450
6010,5832,5862
5900,5984,6020
5928,5942,5977
7551,8686,8694
7551,9723,9729
6442,5436,5451
6009,5833,5864
5899,5985,6022
5927,5943,5978
7550,8686,8694
7550,9723,9729
6441,5437,5451
6008,5834,5865
5898,5987,6023
5926,5945,5980
7549,8686,8693
7549,9723,9729
6440,5437,5452
6007,5835,5866
5897,5988,6025
5925,5946,5981
7548,8687,8693
7548,9723,9728
6439,5438,5453
6006,5837,5867
5924,5948,5983
7547,8688,8692
7547,9724,9728
6438,5439,5453
6005,5838,5869
5923,5949,5984
7546,8688,8691
7546,9725,9727
6437,5439,5454
6004,5839,5870
5986,5862,5894
5987,5861,5893
5988,5860,5891
5989,5858,5890
5990,5857,5889
5991,5856,5887
5992,5854,5886
5993,5853,5885
5994,5852,5883
5995,5851,5882
5996,5849,5881
5997,5848,5879
5998,5847,5878
5999,5845,5877
6000,5844,5875
6001,5843,5874
6002,5842,5873
6003,5840,5871
6042,5793,5822
6043,5792,5821
6044,5790,5819
6045,5789,5818
6046,5788,5817
6047,5787,5816
6048,5786,5815
6049,5785,5813
6050,5783,5812
6051,5782,5811
6052,5781,5810
6053,5780,5808
6054,5779,5807
6055,5778,5806
6056,5776,5805
6057,5775,5804
6058,5774,5802
6059,5773,5801
6060,5772,5800
6061,5771,5799
6062,5769,5798
6063,5768,5796
6064,5767,5795
6065,5766,5794
6066,5765,5793
6067,5764,5792
6068,5763,5791
6069,5762,5789
6070,5760,5788
6071,5759,5787
6072,5758,5786
6073,5757,5785
6074,5756,5784
6075,5755,5782
6076,5754,5781
6077,5753,5780
6078,5751,5779
6079,5750,5778
6080,5749,5777
6081,5748,5775
6082,5747,5774
6083,5746,5773
6084,5745,5772
6085,5744,5771
6086,5743,5770
6087,5741,5768
6088,5740,5767
6089,5739,5766
6090,5738,5765
6091,5737,5764
6092,5736,5763
6093,5735,5762
6094,5734,5761
6095,5733,5759
6096,5732,5758
6097,5731,5757
6098,5729,5756
6099,5728,5755
6100,5727,5754
6101,5726,5753
6102,5725,5752
6103,5724,5750
6104,5723,5749
6105,5722,5748
6106,5721,5747
6107,5720,5746
6108,5719,5745
6109,5718,5744
6110,5717,5743
6111,5716,5742
6112,5715,5740
6113,5713,5739
6114,5712,5738
6115,5711,5737
6400,5465,5481
6401,5464,5480
6402,5463,5479
6403,5463,5478
6404,5462,5478
6405,5461,5477
6406,5461,5476
6407,5460,5476
6408,5459,5475
6409,5459,5474
6410,5458,5473
6411,5457,5473
6412,5456,5472
6413,5456,5471
6414,5455,5470
6415,5454,5470
6416,5454,5469
6417,5453,5468
6418,5452,5468
6419,5452,5467
6420,5451,5466
6421,5450,5465
6422,5450,5465
6423,5449,5464
6424,5448,5463
6425,5447,5463
6426,5447,5462
6427,5446,5461
6428,5445,5460
6429,5445,5460
6430,5444,5459
6431,5443,5458
6432,5443,5458
6433,5442,5457
6434,5441,5456
6435,5441,5456
6436,5440,5455
6475,5414,5428
6476,5414,5428
6477,5413,5427
6478,5412,5426
6479,5412,5426
6480,5411,5425
6481,5411,5424
6482,5410,5424
6483,5409,5423
6484,5409,5422
6485,5408,5422
6486,5407,5421
6487,5407,5420
6488,5406,5420
6489,5406,5419
6490,5405,5418
6491,5404,5418
6492,5404,5417
6493,5403,5416
6494,5402,5416
6495,5402,5415
6496,5401,5414
6497,5401,5414
6498,5400,5413
6499,5399,5412
6500,5399,5412
6501,5398,5411
6502,5397,5411
6503,5397,5410
6504,5396,5409
6505,5396,5409
6506,5395,5408
6507,5394,5407
6508,5394,5407
6509,5393,5406
6510,5393,5405
6511,5392,5405
6512,5391,5404
6513,5391,5404
6514,5390,5403
6515,5390,5402
6516,5389,5402
6517,5388,5401
6518,5388,5400
6519,5387,5400
6520,5386,5399
6521,5386,5398
6522,5385,5398
6523,5385,5397
6524,5384,5397
6525,5384,5396
6526,5383,5395
6527,5382,5395
6528,5382,5394
6529,5381,5394
6530,5381,5393
6531,5380,5392
6532,5379,5392
6533,5379,5391
6534,5378,5390
6535,5378,5390
6536,5377,5389
6537,5376,5389
6538,5376,5388
6539,5375,5387
6540,5375,5387
6541,5374,5386
6542,5373,5386
6543,5373,5385
6544,5372,5384
6545,5372,5384
6546,5371,5383
6547,5371,5383
6548,5370,5382
6549,5369,5381
6550,5369,5381
6551,5368,5380
6552,5368,5379
6553,5367,5379
6554,5367,5378
6555,5366,5378
6556,5365,5377
6557,5365,5377
6558,5364,5376
6559,5364,5375
6560,5363,5375
6561,5363,5374
6562,5362,5374
6563,5361,5373
6564,5361,5372
6565,5360,5372
6566,5360,5371
6567,5359,5371
6568,5359,5370
6569,5358,5369
6570,5357,5369
6571,5357,5368
6572,5356,5368
6573,5356,5367
6574,5355,5366
6575,5355,5366
6576,5354,5365
6577,5354,5365
6578,5353,5364
6579,5352,5364
6580,5352,5363
6581,5351,5362
6582,5351,5362
6583,5350,5361
6584,5350,5361
6585,5349,5360
6586,5349,5360
6587,5348,5359
6588,5347,5358
6589,5347,5358
6590,5346,5357
6591,5346,5357
6592,5345,5356
6593,5345,5356
6594,5344,5355
6595,5344,5354
6596,5343,5354
6597,5343,5353
6598,5342,5353
6599,5341,5352
6600,5341,5352
6601,5340,5351
6602,5340,5351
6603,5339,5350
6604,5339,5349
6605,5338,5349
6606,5338,5348
6607,5337,5348
6608,5337,5347
6609,5336,5347
6610,5336,5346
6611,5335,5345
6612,5335,5345
6613,5334,5344
6614,5333,5344
6615,5333,5343
6616,5332,5343
6617,5332,5342
6618,5331,5342
6619,5331,5341
6620,5330,5341
6621,5330,5340
6622,5329,5339
6623,5329,5339
6624,5328,5338
6625,5328,5338
6626,5327,5337
6627,5327,5337
6628,5326,5336
6629,5326,5336
6630,5325,5335
6631,5325,5335
6632,5324,5334
6633,5324,5334
6634,5323,5333
6635,5323,5332
6636,5322,5332
6637,5322,5331
6638,5321,5331
6639,5321,5330
6640,5320,5330
6641,5320,5329
6642,5319,5329
6643,5318,5328
6644,5318,5328
6645,5317,5327
6646,5317,5327
6647,5316,5326
6648,5316,5326
6649,5315,5325
6650,5315,5324
6651,5314,5324
6652,5314,5323
6653,5313,5323
6654,5313,5322
6655,5312,5322
6656,5312,5321
6657,5311,5321
6658,5311,5320
6659,5310,5320
6660,5310,5319
6661,5309,5319
6662,5309,5318
6663,5309,5318
6664,5308,5317
6665,5308,5317
6666,5307,5316
6667,5307,5316
6668,5306,5315
6669,5306,5315
6670,5305,5314
6671,5305,5314
6672,5304,5313
6673,5304,5313
6674,5303,5312
6675,5303,5312
6676,5302,5311
6677,5302,5311
6678,5301,5310
6679,5301,5310
6680,5300,5309
6681,5300,5309
6682,5299,5308
6683,5299,5308
6684,5298,5307
6685,5298,5307
6686,5297,5306
6687,5297,5306
6688,5296,5305
6689,5296,5305
6690,5295,5304
6691,5295,5304
6692,5295,5303
6693,5294,5303
6694,5294,5302
6695,5293,5302
6696,5293,5301
6697,5292,5301
6698,5292,5300
6699,5291,5300
6700,5291,5299
6701,5290,5299
6702,5290,5298
6703,5289,5298
6704,5289,5297
6705,5288,5297
6706,5288,5296
6707,5288,5296
6708,5287,5295
6709,5287,5295
6710,5286,5294
6711,5286,5294
6712,5285,5293
6713,5285,5293
6714,5284,5292
6715,5284,5292
6716,5283,5292
6717,5283,5291
6718,5283,5291
6719,5282,5290
6720,5282,5290
6721,5281,5289
6722,5281,5289
6723,5280,5288
6724,5280,5288
6725,5279,5287
6726,5279,5287
6727,5278,5286
6728,5278,5286
6729,5278,5285
6730,5277,5285
6731,5277,5284
6732,5276,5284
6733,5276,5284
6734,5275,5283
6735,5275,5283
6736,5274,5282
6737,5274,5282
6738,5274,5281
6739,5273,5281
6740,5273,5280
6741,5272,5280
6742,5272,5279
6743,5271,5279
6744,5271,5278
6745,5271,5278
6746,5270,5278
6747,5270,5277
6748,5269,5277
6749,5269,5276
6750,5268,5276
6751,5268,5275
6752,5267,5275
6753,5267,5274
6754,5267,5274
6755,5266,5273
6756,5266,5273
6757,5265,5273
6758,5265,5272
6759,5264,5272
6760,5264,5271
6761,5264,5271
6762,5263,5270
6763,5263,5270
6764,5262,5269
6765,5262,5269
6766,5262,5269
6767,5261,5268
6768,5261,5268
6769,5260,5267
6770,5260,5267
6771,5259,5266
6772,5259,5266
6773,5259,5265
6774,5258,5265
6775,5258,5265
6776,5257,5264
6777,5257,5264
6778,5256,5263
6779,5256,5263
6780,5256,5262
6781,5255,5262
6782,5255,5262
6783,5254,5261
6784,5254,5261
6785,5254,5260
6786,5253,5260
6787,5253,5259
6788,5252,5259
6789,5252,5259
6790,5252,5258
6791,5251,5258
6792,5251,5257
6793,5250,5257
6794,5250,5256
6795,5250,5256
6796,5249,5256
6797,5249,5255
6798,5248,5255
6799,5248,5254
6800,5248,5254
6801,5247,5254
6802,5247,5253
6803,5246,5253
6804,5246,5252
6805,5246,5252
6806,5245,5251
6807,5245,5251
6808,5244,5251
6809,5244,5250
6810,5244,5250
6811,5243,5249
6812,5243,5249
6813,5242,5249
6814,5242,5248
6815,5242,5248
6816,5241,5247
6817,5241,5247
6818,5240,5246
6819,5240,5246
6820,5240,5246
6821,5239,5245
6822,5239,5245
6823,5239,5244
6824,5238,5244
6825,5238,5244
6826,5237,5243
6827,5237,5243
6828,5237,5242
6829,5236,5242
6830,5236,5242
6831,5235,5241
6832,5235,5241
6833,5235,5240
6834,5234,5240
6835,5234,5240
6836,5234,5239
6837,5233,5239
6838,5233,5238
6839,5232,5238
6840,5232,5238
6841,5232,5237
6842,5231,5237
6843,5231,5237
6844,5231,5236
6845,5230,5236
6846,5230,5235
6847,5229,5235
6848,5229,5235
6849,5229,5234
6850,5228,5234
6851,5228,5233
6852,5228,5233
6853,5227,5233
6854,5227,5232
6855,5227,5232
6856,5226,5231
6857,5226,5231
6858,5225,5231
6859,5225,5230
6860,5225,5230
6861,5224,5230
6862,5224,5229
6863,5224,5229
6864,5223,5228
6865,5223,5228
6866,5223,5228
6867,5222,5227
6868,5222,5227
6869,5222,5227
6870,5221,5226
6871,5221,5226
6872,5220,5225
6873,5220,5225
6874,5220,5225
6875,5219,5224
6876,5219,5224
6877,5219,5224
6878,5218,5223
6879,5218,5223
6880,5218,5222
6881,5217,5222
6882,5217,5222
6883,5217,5221
6884,5216,5221
6885,5216,5221
6886,5216,5220
6887,5215,5220
6888,5215,5220
6889,5215,5219
6890,5214,5219
6891,5214,5218
6892,5213,5218
6893,5213,5218
6894,5213,5217
6895,5212,5217
6896,5212,5217
6897,5212,5216
6898,5211,5216
6899,5211,5216
6900,5211,5215
6901,5210,5215
6902,5210,5214
6903,5210,5214
6904,5209,5214
6905,5209,5213
6906,5209,5213
6907,5208,5213
6908,5208,5212
6909,5208,5212
6910,5207,5212
6911,5207,5211
6912,5207,5211
6913,5206,5211
6914,5206,5210
6915,5206,5210
6916,5205,5210
6917,5205,5209
6918,5205,5209
6919,5204,5209
6920,5204,5208
6921,5204,5208
6922,5204,5208
6923,5203,5207
6924,5203,5207
6925,5203,5206
6926,5202,5206
6927,5202,5206
6928,5202,5205
6929,5201,5205
6930,5201,5205
6931,5201,5204
6932,5200,5204
6933,5200,5204
6934,5200,5203
6935,5199,5203
6936,5199,5203
6937,5199,5202
6938,5198,5202
6939,5198,5202
6940,5198,5201
6941,5197,5201
6942,5197,5201
6943,5197,5200
6944,5197,5200
6945,5196,5200
6946,5196,5199
6947,5196,5199
6948,5195,5199
6949,5195,5198
6950,5195,5198
6951,5194,5198
6952,5194,5198
6953,5194,5197
6954,5193,5197
6955,5193,5197
6956,5193,5196
6957,5193,5196
6958,5192,5196
6959,5192,5195
6960,5192,5195
6961,5191,5195
6962,5191,5194
6963,5191,5194
6964,5190,5194
6965,5190,5193
6966,5190,5193
6967,5190,5193
