5680,7021,7095
5681,6987,7129
5682,6965,7151
5683,6947,7170
5684,6932,7185
5685,6918,7199
5686,6906,7212
5687,6895,7223
5688,6884,7234
5689,6874,7244
5690,6865,7254
5691,6856,7263
5692,6847,7272
5693,6839,7281
5694,6831,7289
5695,6823,7297
5696,6816,7305
5697,6809,7312
5698,6802,7319
5699,6795,7327
5700,7130,7333
5700,6788,7004
5701,7156,7340
5701,6782,6978
5702,7176,7347
5702,6776,6957
5703,7193,7353
5703,6770,6940
5704,7208,7359
5704,6764,6925
5705,7221,7366
5705,6758,6911
5706,7233,7372
5706,6752,6899
5707,7244,7378
5707,6746,6887
5708,7255,7383
5708,6741,6876
5709,7265,7389
5709,6736,6866
5710,7275,7395
5710,6730,6856
5711,7284,7400
5711,6725,6846
5712,7292,7406
5712,6720,6837
5713,7301,7411
5713,6715,6828
5714,7309,7416
5714,6710,6820
5715,7317,7422
5715,6705,6812
5716,7324,7427
5716,6700,6804
5717,7332,7432
5717,6696,6796
5718,7339,7437
5718,6691,6788
5719,7346,7442
5719,6687,6781
5720,7352,7447
5720,6682,6774
5721,7359,7451
5721,6678,6767
5722,7365,7456
5722,6673,6760
5723,7372,7461
5723,6669,6753
5724,7378,7465
5724,6665,6747
5725,7384,7470
5725,6661,6740
5726,7390,7475
5726,6657,6734
5727,7395,7479
5727,6652,6727
5728,7401,7483
5728,6648,6721
5729,7407,7488
5729,6645,6715
5730,7412,7492
5730,6641,6709
5731,7418,7496
5731,6637,6703
5732,7423,7501
5732,6633,6698
5733,7428,7505
5733,6629,6692
5734,7433,7509
5734,6626,6686
7358,8709,8711
5735,7438,7513
5735,6622,6681
7359,8708,8712
5736,7443,7517
5736,6618,6675
7360,8707,8713
5737,7448,7521
5737,6615,6670
7361,8707,8713
5738,7453,7525
5738,6611,6664
7362,8706,8713
5739,7458,7529
5739,6608,6659
7363,8706,8714
5740,7462,7533
5740,6604,6653
7364,8706,8714
5741,7467,7537
5741,6601,6648
7365,8705,8714
5742,7472,7541
5742,6598,6643
7366,8705,8715
5743,7476,7545
5743,6594,6638
7367,8705,8715
5744,7481,7549
5744,6591,6632
7368,8704,8715
5745,7485,7553
5745,6588,6627
7369,8704,8715
5746,7490,7557
5746,6585,6622
7370,8704,8715
5747,7494,7560
5747,6582,6617
7371,8704,8716
5748,7498,7564
5748,6579,6612
7372,8704,8716
5749,7502,7568
5749,6576,6607
7373,8704,8716
5750,7507,7571
5750,6574,6602
7374,8703,8716
5751,7511,7575
5751,6571,6596
7375,8703,8716
5752,7515,7579
5752,6568,6591
7376,8703,8716
5753,7519,7582
5753,6566,6586
7377,8703,8716
5754,7523,7586
5754,6564,6580
7378,8703,8716
5755,7527,7589
5755,6562,6575
7379,8703,8716
5756,7531,7593
5756,6561,6568
7380,8703,8716
5757,7535,7596
7381,8703,8716
5758,7539,7600
7382,8703,8716
5759,7542,7603
7383,8703,8716
5760,7546,7607
7384,8703,8716
5761,7550,7610
7385,8703,8716
5762,7554,7613
7386,8703,8716
5763,7557,7617
7387,8703,8715
5764,7561,7620
7388,8703,8715
5765,7565,7623
7389,8704,8715
5766,7568,7627
7390,8704,8715
5767,7572,7630
7391,8704,8715
5768,7575,7633
7392,8704,8715
5769,7579,7636
7393,8704,8714
5770,7582,7639
7394,8704,8714
5771,7586,7643
5795,7662,7714
5796,7665,7717
5797,7668,7720
5798,7671,7722
5799,7674,7725
5800,7677,7728
5801,7680,7731
5802,7683,7733
5803,7685,7736
5804,7688,7739
5805,7691,7741
5806,7694,7744
5807,7697,7747
5808,7699,7749
5809,7702,7752
5810,7705,7755
5811,7708,7757
5812,7710,7760
5813,7713,7762
5814,7716,7765
5815,7718,7768
5816,7721,7770
5817,7724,7773
5818,7726,7775
5819,7729,7778
5820,7731,7780
5821,7734,7783
5822,7737,7785
5823,7739,7788
5824,7742,7790
5825,7744,7793
5826,7747,7795
5827,7749,7797
5828,7752,7800
5829,7754,7802
5830,7757,7805
5831,7759,7807
5832,7762,7810
5833,7764,7812
5834,7767,7814
5835,7769,7817
5836,7772,7819
5837,7774,7821
5838,7776,7824
5839,7779,7826
5840,7781,7828
5841,7784,7831
5842,7786,7833
5843,7788,7835
5844,7791,7837
5845,7793,7840
5846,7795,7842
6026,8125,8153
6002,8088,8120
6001,8087,8119
6000,8085,8118
5999,8083,8116
5998,8082,8115
5997,8080,8113
5996,8079,8112
5995,8077,8110
5994,8076,8109
5993,8074,8108
5992,8072,8106
5991,8071,8105
5990,8069,8103
5989,8068,8102
5988,8066,8100
5987,8064,8099
5986,8063,8097
5985,8061,8096
5984,8059,8094
5983,8058,8093
5794,7659,7711
9581,7064,7098
5982,8056,8091
5793,7656,7708
9580,7033,7129
5981,8055,8090
5792,7653,7706
9579,7016,7146
5980,8053,8088
5791,7650,7703
9578,7002,7160
5979,8051,8087
5790,7647,7700
9577,6991,7171
5978,8050,8085
5789,7644,7697
9576,6982,7180
5977,8048,8084
5788,7641,7694
9575,6973,7189
5976,8046,8082
5787,7638,7691
9574,6966,7197
5975,8045,8081
5786,7635,7688
9573,6960,7203
5974,8043,8079
5785,7632,7685
9572,6954,7210
5973,8041,8078
5784,7629,7682
9571,6949,7215
5972,8040,8076
5783,7626,7680
9570,6944,7220
5971,8038,8075
5782,7622,7677
9569,6941,7225
5970,8036,8073
5781,7619,7674
9568,6938,7229
5969,8035,8072
5780,7616,7671
9567,6936,7232
5968,8033,8070
5779,7613,7667
9566,6935,7235
5967,8031,8069
7401,8708,8711
5778,7609,7664
9565,6935,7237
5966,8030,8067
7400,8707,8711
5777,7606,7661
9564,6937,7238
5965,8028,8065
7399,8706,8712
5776,7603,7658
9563,6941,7239
5964,8026,8064
7398,8706,8713
5775,7600,7655
9562,6951,7238
5963,8025,8062
7397,8705,8713
5774,7596,7652
9561,6974,7234
5962,8023,8061
7396,8705,8713
5773,7593,7649
9560,7060,7227
5961,8021,8059
7395,8705,8714
5772,7589,7646
9559,7155,7206
5960,8020,8058
5959,8018,8056
5928,7963,8004
6003,8090,8122
6004,8091,8123
6005,8093,8125
6006,8095,8126
6007,8096,8127
6008,8098,8129
6009,8099,8130
6010,8101,8131
6011,8102,8133
6012,8104,8134
6015,8109,8138
6016,8110,8140
6017,8112,8141
6018,8113,8142
6019,8115,8144
6020,8116,8145
5923,7954,7996
6025,8124,8152
6021,8118,8146
5924,7956,7997
6022,8119,8148
5925,7958,7999
6023,8121,8149
5926,7960,8001
6024,8122,8150
5927,7962,8003
6014,8107,8137
6013,8105,8136
5929,7965,8006
5930,7967,8008
5931,7969,8010
5932,7971,8011
5933,7972,8013
5934,7974,8015
5935,7976,8016
5936,7978,8018
5937,7980,8020
5938,7981,8021
5939,7983,8023
5940,7985,8025
5941,7987,8027
5942,7988,8028
5943,7990,8030
5944,7992,8032
5945,7994,8033
5946,7996,8035
5947,7997,8036
5948,7999,8038
5949,8001,8040
5950,8002,8041
5951,8004,8043
5952,8006,8045
5953,8008,8046
5954,8009,8048
5955,8011,8050
5956,8013,8051
5957,8015,8053
5958,8016,8054
6027,8127,8154
6028,8128,8156
6029,8130,8157
6030,8132,8158
6031,8133,8159
6032,8135,8161
6033,8136,8162
6034,8138,8163
6035,8139,8164
6036,8141,8166
6037,8142,8167
6038,8144,8168
6039,8145,8169
6040,8147,8171
6041,8148,8172
6042,8150,8173
6043,8151,8174
6044,8153,8176
6045,8154,8177
6046,8156,8178
6047,8157,8179
6048,8159,8180
6049,8160,8182
6050,8162,8183
6051,8163,8184
6052,8165,8185
6053,8166,8186
6054,8168,8188
6055,8169,8189
6056,8171,8190
6057,8172,8191
6058,8174,8192
6059,8175,8193
6060,8177,8194
6061,8179,8195
6062,8180,8197
6063,8182,8198
6064,8183,8199
6065,8185,8200
6066,8186,8201
6067,8188,8202
6068,8189,8203
6069,8191,8204
6070,8193,8205
6071,8194,8206
6072,8196,8207
6073,8197,8208
6074,8199,8209
6075,8201,8210
6076,8202,8210
6077,8204,8211
6078,8206,8212
6079,8208,8213
6080,8210,8213
5922,7952,7994
5921,7950,7992
5920,7949,7990
5919,7947,7988
5918,7945,7987
5917,7943,7985
5916,7941,7983
5915,7939,7981
5914,7937,7979
5913,7936,7978
5912,7934,7976
5911,7932,7974
5910,7930,7972
5909,7928,7970
5908,7926,7969
5907,7924,7967
5906,7922,7965
5905,7920,7963
5904,7918,7961
5903,7916,7959
5902,7914,7957
5901,7912,7955
5900,7910,7954
5899,7909,7952
5898,7907,7950
5897,7905,7948
5896,7903,7946
5895,7901,7944
5894,7899,7942
5893,7897,7940
5892,7895,7938
5891,7893,7936
5890,7891,7934
5889,7889,7932
5888,7887,7930
5887,7885,7928
5886,7882,7927
5885,7880,7925
5884,7878,7923
5883,7876,7921
7505,9730,9731
5882,7874,7919
7504,9729,9732
5881,7872,7917
7503,9728,9733
5880,7870,7915
7502,9727,9733
5879,7868,7913
7501,9727,9733
5878,7866,7911
7500,9727,9733
5877,7864,7908
7499,9727,9733
5876,7862,7906
7498,9727,9733
5875,7860,7904
7497,9727,9732
5874,7858,7902
7496,9727,9732
5873,7855,7900
7495,9728,9731
5872,7853,7898
5871,7851,7896
5870,7849,7894
5869,7847,7892
5868,7845,7890
5867,7843,7888
5866,7840,7886
5865,7838,7884
5864,7836,7881
5863,7834,7879
5862,7832,7877
5861,7829,7875
5860,7827,7873
5859,7825,7871
5858,7823,7869
5857,7821,7866
5856,7818,7864
5855,7816,7862
5854,7814,7860
5853,7811,7858
5852,7809,7855
5851,7807,7853
5850,7805,7851
5849,7802,7849
5848,7800,7847
5847,7798,7844
