5635,6405,6457
5636,6402,6455
5637,6399,6452
5638,6395,6449
5639,6392,6446
5640,6389,6444
5641,6386,6441
5642,6383,6438
5643,6380,6435
5644,6377,6433
5645,6374,6430
5646,6371,6427
5647,6368,6425
5648,6365,6422
5649,6363,6419
5650,6360,6416
5651,6357,6414
5652,6354,6411
5653,6351,6408
5654,6349,6406
5655,6346,6403
5656,6343,6400
5657,6340,6397
5658,6338,6395
5659,6335,6392
5660,6332,6389
5661,6330,6387
5662,6327,6384
5663,6324,6381
5664,6322,6379
5665,6319,6376
5666,6317,6374
5667,6314,6371
5668,6312,6368
5669,6309,6366
5670,6307,6363
5671,6304,6360
5672,6302,6358
5673,6299,6355
5674,6297,6353
5675,6294,6350
5676,6292,6347
5677,6289,6345
5678,6287,6342
5679,6285,6340
5680,6282,6337
5772,6107,6122
5771,6108,6124
5770,6110,6126
5769,6111,6129
5768,6113,6131
5767,6114,6133
5766,6115,6136
5765,6117,6138
5764,6118,6140
5763,6120,6142
5762,6122,6145
5761,6123,6147
5760,6125,6149
5759,6126,6151
5758,6128,6154
5757,6130,6156
5756,6131,6158
5685,6271,6325
5774,6104,6117
7573,9717,9720
5686,6268,6322
5775,6103,6114
7574,9716,9721
5687,6266,6319
5776,6102,6112
7575,9716,9721
5777,6101,6109
7576,9716,9721
7581,9717,9719
7580,9716,9720
7579,9716,9721
5779,6100,6103
7578,9716,9721
5778,6100,6106
7577,9716,9721
7649,8680,8682
5744,6152,6185
7650,8679,8683
5745,6150,6183
7651,8678,8684
5746,6148,6180
7652,8678,8684
5747,6146,6178
7653,8677,8685
5748,6145,6176
7654,8677,8685
5749,6143,6174
7655,8676,8685
5750,6141,6171
7656,8676,8686
5751,6139,6169
7657,8676,8686
5752,6138,6167
7658,8676,8686
5753,6136,6165
7659,8675,8686
5754,6134,6163
7660,8675,8686
5755,6133,6160
7661,8675,8687
5626,6435,6481
7682,8676,8686
5625,6439,6484
7681,8676,8686
5624,6443,6487
7680,8676,8686
5623,6446,6489
7679,8676,8687
5622,6450,6492
7678,8675,8687
5621,6454,6494
7677,8675,8687
5620,6458,6497
7676,8675,8687
5619,6462,6499
7675,8675,8687
5618,6466,6501
7674,8675,8687
5617,6471,6504
7673,8675,8687
5616,6475,6506
7672,8675,8687
5615,6480,6508
7671,8675,8687
5614,6484,6509
7670,8675,8687
5627,6432,6479
7683,8676,8686
5628,6428,6476
7684,8677,8685
5629,6425,6474
7685,8677,8685
5630,6421,6471
7686,8678,8685
5681,6280,6335
5631,6418,6468
7687,8678,8684
5682,6278,6332
5632,6415,6465
7688,8679,8684
5683,6275,6330
5633,6411,6463
7689,8679,8683
5684,6273,6327
5773,6106,6119
7572,9718,9720
5634,6408,6460
7690,8681,8682
5613,6489,6511
7669,8675,8687
5612,6495,6512
7668,8675,8687
5611,6502,6512
7667,8675,8687
7666,8675,8687
7665,8675,8687
7664,8675,8687
7663,8675,8687
7662,8675,8687
5688,6264,6317
5689,6261,6314
5690,6259,6312
5691,6257,6309
5692,6255,6307
5693,6253,6305
5694,6250,6302
5695,6248,6300
5696,6246,6297
5697,6244,6295
5698,6242,6292
5699,6239,6290
5700,6237,6287
5701,6235,6285
5702,6233,6283
5703,6231,6280
5704,6229,6278
5705,6227,6275
5706,6225,6273
5707,6222,6270
5708,6220,6268
5709,6218,6266
5710,6216,6263
5711,6214,6261
5712,6212,6259
5713,6210,6256
5714,6208,6254
5715,6206,6251
5716,6204,6249
5717,6202,6247
5718,6200,6244
5719,6198,6242
5720,6196,6240
5721,6194,6237
5722,6192,6235
5723,6190,6233
5724,6188,6230
5725,6186,6228
5726,6185,6226
5727,6183,6224
5728,6181,6221
5729,6179,6219
5730,6177,6217
5731,6175,6214
5732,6173,6212
5733,6171,6210
5734,6170,6208
5735,6168,6205
5736,6166,6203
5737,6164,6201
5738,6162,6198
5739,6160,6196
5740,6159,6194
5741,6157,6192
5742,6155,6189
5743,6153,6187
