5675,7020,7102
5676,6988,7135
5677,6966,7157
5678,6949,7175
5679,6934,7190
5680,6920,7204
5681,6908,7216
5682,6896,7228
5683,6886,7239
5684,6876,7249
6021,8137,8138
6020,8134,8138
6019,8132,8137
6018,8130,8137
6017,8128,8136
6016,8126,8135
6015,8124,8134
6014,8122,8133
6013,8121,8132
6012,8119,8131
6011,8117,8130
6010,8115,8128
6009,8114,8127
6008,8112,8126
6007,8110,8125
6006,8108,8124
6005,8107,8122
6004,8105,8121
6003,8103,8120
6002,8102,8119
6001,8100,8118
6000,8098,8116
5999,8096,8115
5998,8095,8114
5997,8093,8112
5996,8091,8111
5995,8090,8110
5994,8088,8109
5993,8086,8107
5992,8085,8106
5991,8083,8105
5990,8081,8103
5989,8079,8102
5988,8078,8101
5987,8076,8099
5986,8074,8098
5985,8073,8096
5984,8071,8095
5983,8069,8094
5982,8068,8092
5981,8066,8091
5980,8064,8090
5979,8063,8088
5978,8061,8087
5977,8059,8085
5976,8057,8084
5975,8056,8082
5974,8054,8081
5973,8052,8080
5972,8051,8078
5971,8049,8077
5970,8047,8075
5969,8045,8074
5968,8044,8072
5967,8042,8071
5966,8040,8069
5965,8039,8068
5964,8037,8066
5963,8035,8065
5962,8033,8063
5961,8032,8062
5960,8030,8060
5959,8028,8059
5958,8026,8057
5957,8025,8056
5956,8023,8054
5955,8021,8053
5954,8019,8051
5953,8018,8050
5952,8016,8048
5951,8014,8047
5950,8012,8045
5949,8011,8044
5948,8009,8042
5947,8007,8040
5946,8005,8039
5945,8004,8037
5944,8002,8036
5943,8000,8034
5942,7998,8033
5941,7996,8031
5940,7995,8029
5939,7993,8028
5938,7991,8026
5937,7989,8024
5936,7987,8023
5935,7985,8021
5934,7984,8020
5933,7982,8018
5932,7980,8016
5931,7978,8015
5930,7976,8013
5929,7975,8011
5928,7973,8010
5927,7971,8008
5926,7969,8006
5925,7967,8005
5924,7965,8003
5923,7963,8001
5922,7962,8000
5921,7960,7998
5790,7657,7716
7412,8707,8709
5789,7654,7713
7390,8702,8715
5767,7583,7649
7389,8702,8715
5766,7580,7646
5744,6576,6605
5744,7495,7571
5743,6579,6610
5743,7491,7568
5742,6582,6615
5742,7487,7564
5741,6585,6620
5741,7482,7560
5740,6588,6625
5740,7478,7557
5739,6591,6630
5739,7474,7553
5738,6594,6635
5738,7469,7549
5737,6598,6641
5737,7464,7545
5736,6601,6646
5736,7460,7541
5735,6604,6651
5735,7455,7537
5734,6608,6656
5734,7450,7533
5733,6611,6662
5733,7446,7530
5732,6615,6667
5732,7441,7526
5731,6618,6673
5731,7436,7521
5730,6622,6678
5730,7431,7517
5729,6626,6684
5729,7426,7513
5728,6629,6689
5728,7420,7509
5727,6633,6695
5727,7415,7505
5726,6637,6701
5726,7410,7501
5725,6641,6707
5725,7404,7496
5724,6645,6713
5724,7399,7492
5723,6649,6719
5723,7393,7488
5692,6810,7317
5691,6817,7310
5690,6825,7302
5745,6573,6600
5745,7500,7575
7391,8702,8715
5768,7587,7652
9555,6921,7200
5700,6759,6909
5700,7211,7370
5720,6661,6737
5720,7376,7474
7411,8706,8710
5788,7651,7711
9575,7028,7111
7369,8709,8709
5746,6570,6595
5746,7504,7579
7392,8702,8715
5769,7590,7655
9556,6911,7214
5701,6753,6897
5701,7224,7376
5721,6657,6731
5721,7382,7479
7370,8707,8710
5747,6568,6589
5747,7508,7582
7393,8702,8715
5770,7594,7658
9557,6907,7220
5702,6747,6885
5702,7235,7382
5722,6653,6725
5722,7388,7483
7371,8706,8711
5748,6565,6584
5748,7512,7586
7394,8702,8714
5771,7597,7661
9558,6906,7223
5703,6742,6874
5703,7246,7388
7372,8706,8712
5749,6563,6579
5749,7516,7589
7395,8702,8714
5772,7600,7664
9559,6906,7223
5704,6737,6863
5704,7256,7394
7373,8705,8712
5750,6561,6573
5750,7520,7593
7396,8702,8714
5773,7604,7667
9560,6908,7223
5705,6731,6853
5705,7266,7399
7374,8705,8712
5751,6561,6566
5751,7524,7596
7397,8702,8714
5774,7607,7670
9561,6910,7221
5706,6726,6844
5706,7275,7405
7375,8704,8713
5752,7528,7600
7398,8702,8714
5775,7610,7673
9562,6913,7219
5707,6721,6834
5707,7284,7410
7379,8703,8714
5756,7543,7613
7402,8703,8713
5779,7623,7685
9566,6932,7203
5711,6701,6801
5711,7316,7431
7380,8703,8714
5757,7547,7617
7403,8703,8713
5780,7626,7688
9567,6938,7197
5712,6697,6793
5712,7323,7436
7381,8703,8714
5758,7551,7620
7404,8703,8713
5781,7629,7691
9568,6945,7191
5713,6692,6786
5713,7330,7441
7382,8703,8714
5759,7555,7623
7405,8703,8713
5782,7633,7694
9569,6953,7184
5714,6687,6778
5714,7337,7446
7383,8702,8714
5760,7558,7626
7406,8704,8712
5783,7636,7696
9570,6961,7176
5715,6683,6771
5715,7344,7451
5685,6866,7259
7384,8702,8714
5761,7562,7630
7407,8704,8712
5784,7639,7699
9571,6970,7167
5716,6678,6764
5716,7351,7456
5686,6857,7268
7385,8702,8714
5762,7566,7633
7408,8704,8712
5785,7642,7702
9572,6981,7157
5717,6674,6757
5717,7357,7461
5687,6848,7277
7386,8702,8715
5763,7569,7636
7409,8705,8711
5786,7645,7705
9573,6993,7145
5718,6670,6750
5718,7364,7465
5688,6840,7286
7387,8702,8715
5764,7573,7639
7410,8705,8711
5787,7648,7708
9574,7008,7131
5719,6665,6744
5719,7370,7470
5689,6832,7294
7388,8702,8715
5765,7576,7642
7378,8703,8714
5755,7540,7610
7401,8702,8714
5778,7620,7682
9565,6927,7208
5710,6706,6809
5710,7308,7426
7377,8704,8713
5754,7536,7606
7400,8702,8714
5777,7617,7679
9564,6922,7212
5709,6711,6817
5709,7300,7421
7376,8704,8713
5753,7532,7603
7399,8702,8714
5776,7613,7676
9563,6917,7216
5708,6716,6826
5708,7292,7416
5693,6803,7324
5694,6796,7331
5695,6790,7007
5695,7116,7338
5696,6783,6978
5696,7144,7345
5697,6777,6956
5697,7165,7351
5698,6771,6939
5698,7183,7358
5699,6765,6923
5699,7198,7364
5791,7660,7719
5792,7663,7722
5793,7666,7724
5794,7669,7727
5795,7672,7730
5796,7675,7732
5797,7678,7735
5798,7681,7738
5799,7683,7740
5800,7686,7743
5801,7689,7746
5802,7692,7748
5803,7695,7751
5804,7697,7754
5805,7700,7756
5806,7703,7759
5807,7706,7761
5808,7708,7764
5809,7711,7766
5810,7714,7769
5811,7717,7771
5812,7719,7774
5813,7722,7776
5814,7725,7779
5815,7727,7781
5816,7730,7784
5817,7732,7786
5818,7735,7789
5819,7738,7791
5820,7740,7793
5821,7743,7796
5822,7745,7798
5823,7748,7801
5824,7750,7803
5825,7753,7805
5826,7756,7808
5827,7758,7810
5828,7761,7812
5829,7763,7815
5830,7766,7817
5831,7768,7819
5832,7770,7822
5833,7773,7824
5834,7775,7826
5835,7778,7829
5836,7780,7831
5837,7783,7833
5838,7785,7835
5839,7787,7838
5840,7790,7840
5841,7792,7842
5842,7795,7844
5843,7797,7847
5844,7799,7849
5845,7802,7851
5846,7804,7853
5847,7806,7855
5848,7809,7857
5849,7811,7860
5850,7813,7862
5851,7815,7864
5852,7818,7866
5853,7820,7868
5854,7822,7870
5855,7825,7872
5856,7827,7875
5857,7829,7877
5858,7831,7879
5859,7833,7881
5860,7836,7883
5861,7838,7885
5862,7840,7887
5863,7842,7889
5864,7845,7891
5865,7847,7893
5866,7849,7895
5867,7851,7897
5868,7853,7899
5869,7855,7901
5870,7858,7903
5871,7860,7905
5872,7862,7907
5873,7864,7909
5874,7866,7911
7498,9728,9731
5875,7868,7913
7499,9728,9732
5876,7870,7915
7500,9727,9733
5877,7872,7917
7501,9727,9733
5878,7875,7919
7502,9727,9733
5879,7877,7921
7503,9727,9733
5880,7879,7923
7504,9727,9733
5881,7881,7925
7505,9728,9733
5882,7883,7927
7506,9728,9733
5883,7885,7929
7507,9729,9732
5884,7887,7931
7508,9730,9730
5885,7889,7933
5886,7891,7935
5887,7893,7937
5888,7895,7938
5889,7897,7940
5890,7899,7942
5891,7901,7944
5892,7903,7946
5893,7905,7948
5894,7907,7950
5895,7909,7952
5896,7911,7953
5897,7913,7955
5898,7915,7957
5899,7917,7959
5900,7919,7961
5901,7921,7963
5902,7923,7964
5903,7925,7966
5904,7927,7968
5905,7929,7970
5906,7931,7972
5907,7933,7973
5908,7935,7975
5909,7937,7977
5910,7939,7979
5911,7941,7980
5912,7943,7982
5913,7944,7984
5914,7946,7986
5915,7948,7987
5916,7950,7989
5917,7952,7991
5918,7954,7993
5919,7956,7994
5920,7958,7996
