5673,6515,6522
5674,6510,6521
5675,6505,6519
5676,6501,6516
5677,6496,6514
5678,6492,6511
5679,6488,6509
5680,6484,6506
5681,6480,6503
5682,6476,6500
5683,6473,6498
5684,6469,6495
5685,6465,6492
5686,6462,6489
5687,6458,6486
5688,6454,6484
5689,6451,6481
5690,6447,6478
5691,6444,6475
5692,6441,6472
5693,6437,6469
5694,6434,6467
5695,6431,6464
5696,6427,6461
5697,6424,6458
5698,6421,6455
5699,6418,6452
5700,6415,6450
5701,6411,6447
5702,6408,6444
5703,6405,6441
5704,6402,6438
5705,6399,6436
5706,6396,6433
5707,6393,6430
5708,6390,6427
5709,6387,6425
5710,6384,6422
5711,6381,6419
5712,6378,6417
5713,6376,6414
5714,6373,6411
5715,6370,6409
5716,6367,6406
5717,6364,6403
5718,6361,6401
5719,6359,6398
5720,6356,6395
5721,6353,6393
5722,6350,6390
5723,6348,6387
5724,6345,6385
5725,6342,6382
5726,6339,6380
5727,6337,6377
5728,6334,6374
5729,6331,6372
5730,6329,6369
5731,6326,6367
5732,6324,6364
5733,6321,6362
5734,6318,6359
5735,6316,6357
5736,6313,6354
5737,6311,6352
5738,6308,6349
5739,6306,6347
5740,6303,6344
5741,6301,6342
5742,6298,6339
5743,6296,6337
5744,6293,6335
5745,6291,6332
5746,6288,6330
5747,6286,6327
5748,6283,6325
5749,6281,6323
5750,6279,6320
5751,6276,6318
5752,6274,6315
5753,6272,6313
5754,6269,6311
5755,6267,6308
5756,6264,6306
5757,6262,6304
5758,6260,6301
5759,6257,6299
5760,6255,6297
5761,6253,6294
5762,6251,6292
5763,6248,6290
5764,6246,6288
5765,6244,6285
5766,6241,6283
5767,6239,6281
5768,6237,6279
5769,6235,6276
5770,6233,6274
5771,6230,6272
5772,6228,6270
5773,6226,6267
5774,6224,6265
5775,6222,6263
5776,6219,6261
5777,6217,6259
5778,6215,6256
5779,6213,6254
5780,6211,6252
5781,6209,6250
5782,6206,6248
5783,6204,6246
5784,6202,6243
5785,6200,6241
5786,6198,6239
5787,6196,6237
5788,6194,6235
5789,6192,6233
5790,6190,6231
5791,6188,6229
5792,6185,6227
5793,6183,6224
5794,6181,6222
5795,6179,6220
5796,6177,6218
5797,6175,6216
5798,6173,6214
5799,6171,6212
5800,6169,6210
5801,6167,6208
5802,6165,6206
5803,6163,6204
5804,6161,6202
5805,6159,6200
5806,6157,6198
5807,6155,6196
5808,6153,6194
5809,6151,6192
5810,6149,6190
5811,6147,6188
5812,6146,6186
5813,6144,6184
5814,6142,6182
5815,6140,6180
5816,6138,6178
5817,6136,6176
5818,6134,6174
5819,6132,6172
5820,6130,6170
5821,6128,6168
5822,6126,6166
5823,6125,6164
5824,6123,6162
5825,6121,6161
5826,6119,6159
5827,6117,6157
5828,6115,6155
5829,6113,6153
5830,6111,6151
5831,6110,6149
5832,6108,6147
5833,6106,6145
5834,6104,6144
5835,6102,6142
5836,6100,6140
5837,6099,6138
5838,6097,6136
5839,6095,6134
5840,6093,6132
5841,6091,6131
5842,6090,6129
5843,6088,6127
5844,6086,6125
5845,6084,6123
5846,6083,6121
5847,6081,6120
5848,6079,6118
5849,6077,6116
5850,6076,6114
5851,6074,6112
5852,6072,6111
5853,6070,6109
5854,6069,6107
5855,6067,6105
5856,6065,6104
5857,6063,6102
5858,6062,6100
5859,6060,6098
5860,6058,6097
5861,6057,6095
5862,6055,6093
5863,6053,6091
5864,6051,6090
5865,6050,6088
5866,6048,6086
5867,6046,6084
5868,6045,6083
5869,6043,6081
5870,6041,6079
5871,6040,6077
5872,6038,6076
5873,6036,6074
5874,6035,6072
5875,6033,6071
5876,6031,6069
5877,6030,6067
5878,6028,6066
5879,6026,6064
5880,6025,6062
5881,6023,6061
5882,6022,6059
5883,6020,6057
5884,6018,6056
5885,6017,6054
5886,6015,6052
5887,6014,6051
5888,6012,6049
5889,6010,6047
5890,6009,6046
5891,6007,6044
5892,6006,6042
5893,6004,6041
5894,6002,6039
5895,6001,6037
5896,5999,6036
5897,5998,6034
5898,5996,6033
5899,5995,6031
5900,5993,6029
5901,5991,6028
5902,5990,6026
5903,5988,6025
5904,5987,6023
5905,5985,6021
5906,5984,6020
5907,5982,6018
5908,5981,6017
5909,5979,6015
5910,5978,6014
5911,5976,6012
5912,5974,6010
5913,5973,6009
5914,5971,6007
5915,5970,6006
5916,5968,6004
5917,5967,6003
5918,5965,6001
5919,5964,5999
5920,5962,5998
5921,5961,5996
5922,5959,5995
5923,5958,5993
5924,5956,5992
5925,5955,5990
5926,5953,5989
5927,5952,5987
5928,5951,5986
5929,5949,5984
5930,5948,5983
5931,5946,5981
5932,5945,5980
5933,5943,5978
5934,5942,5977
5935,5940,5975
5936,5939,5974
5937,5937,5972
5938,5936,5971
5939,5935,5969
5940,5933,5968
5941,5932,5966
5942,5930,5965
5943,5929,5963
5944,5927,5962
5945,5926,5960
5946,5925,5959
5947,5923,5957
5948,5922,5956
5949,5920,5955
5950,5919,5953
5951,5917,5952
5952,5916,5950
5953,5915,5949
5954,5913,5947
5955,5912,5946
5956,5910,5944
5957,5909,5943
5958,5908,5942
5959,5906,5940
5960,5905,5939
5961,5904,5937
5962,5902,5936
5963,5901,5934
5964,5899,5933
5965,5898,5932
5966,5897,5930
5967,5895,5929
5968,5894,5927
5969,5893,5926
5970,5891,5925
5971,5890,5923
5972,5888,5922
5973,5887,5920
5974,5886,5919
5975,5884,5918
5976,5883,5916
5977,5882,5915
5978,5880,5913
5979,5879,5912
5980,5878,5911
9338,6316,6319
9337,6313,6318
9336,6310,6316
9335,6307,6314
9334,6304,6312
9333,6301,6310
9332,6298,6308
9331,6296,6306
9330,6293,6304
9329,6290,6302
9328,6288,6300
9327,6285,6297
9326,6282,6295
9325,6280,6293
9324,6277,6291
9323,6275,6289
9322,6272,6287
9321,6270,6285
9320,6267,6283
9319,6265,6281
9318,6262,6278
9317,6260,6276
9316,6257,6274
9315,6255,6272
9314,6253,6270
9313,6250,6268
9312,6248,6266
9311,6246,6264
9310,6243,6261
9309,6241,6259
9308,6239,6257
9307,6236,6255
9306,6234,6253
9305,6232,6251
9304,6229,6249
9303,6227,6247
9302,6225,6245
9301,6223,6243
9300,6220,6241
9299,6218,6239
9298,6216,6236
9297,6214,6234
9296,6211,6232
9295,6209,6230
9294,6207,6228
9293,6205,6226
9292,6203,6224
9291,6201,6222
9290,6198,6220
9289,6196,6218
9288,6194,6216
9287,6192,6214
9286,6190,6212
9285,6188,6210
9284,6186,6208
9283,6184,6206
9282,6181,6204
9281,6179,6202
9280,6177,6200
9279,6175,6198
9278,6173,6196
9277,6171,6194
9276,6169,6192
9275,6167,6190
9274,6165,6188
9273,6163,6186
9272,6161,6185
9271,6159,6183
9270,6157,6181
9269,6155,6179
9268,6153,6177
9267,6151,6175
9266,6149,6173
9265,6147,6171
9264,6145,6169
9263,6143,6167
9262,6141,6165
9261,6139,6163
9260,6137,6162
9259,6135,6160
9258,6133,6158
9257,6131,6156
9256,6129,6154
9255,6127,6152
9254,6126,6150
9253,6124,6149
9252,6122,6147
9251,6120,6145
9250,6118,6143
9249,6116,6141
9248,6114,6139
9247,6112,6137
9246,6110,6136
9245,6109,6134
9244,6107,6132
9243,6105,6130
9242,6103,6128
9241,6101,6127
9240,6099,6125
9239,6097,6123
9238,6096,6121
9237,6094,6119
9236,6092,6118
9235,6090,6116
9234,6088,6114
9233,6087,6112
9232,6085,6111
9231,6083,6109
9230,6081,6107
9229,6079,6105
9228,6078,6104
9227,6076,6102
9226,6074,6100
9225,6072,6098
9224,6071,6097
9223,6069,6095
9222,6067,6093
9221,6065,6091
9220,6064,6090
9219,6062,6088
9218,6060,6086
9217,6058,6085
9216,6057,6083
9215,6055,6081
9214,6053,6079
9213,6051,6078
9212,6050,6076
9211,6048,6074
9210,6046,6073
9209,6045,6071
9208,6043,6069
9207,6041,6068
9206,6040,6066
9205,6038,6064
9204,6036,6063
9203,6035,6061
9202,6033,6059
9201,6031,6058
9200,6030,6056
9199,6028,6054
9198,6026,6053
9197,6025,6051
9196,6023,6049
9195,6021,6048
9194,6020,6046
9193,6018,6045
9192,6016,6043
9191,6015,6041
9190,6013,6040
9189,6012,6038
9188,6010,6036
9187,6008,6035
9186,6007,6033
9185,6005,6032
9184,6004,6030
9183,6002,6029
9182,6000,6027
9181,5999,6025
9180,5997,6024
9179,5996,6022
9178,5994,6021
9177,5992,6019
9176,5991,6017
9175,5989,6016
9174,5988,6014
9173,5986,6013
9172,5985,6011
9171,5983,6010
9170,5982,6008
9169,5980,6007
9168,5978,6005
9167,5977,6003
9166,5975,6002
9165,5974,6000
9164,5972,5999
9163,5971,5997
9162,5969,5996
9161,5968,5994
9160,5966,5993
9159,5965,5991
9158,5963,5990
9157,5962,5988
9156,5960,5987
9155,5959,5985
9154,5957,5984
9153,5956,5982
9152,5954,5981
9151,5953,5979
9150,5951,5978
9149,5950,5976
9148,5948,5975
9147,5947,5973
9146,5945,5972
9145,5944,5970
9144,5942,5969
9143,5941,5967
9142,5939,5966
9141,5938,5965
9140,5937,5963
9139,5935,5962
9138,5934,5960
9137,5932,5959
9136,5931,5957
9135,5929,5956
9134,5928,5954
9133,5926,5953
9132,5925,5951
9131,5924,5950
9130,5922,5949
9129,5921,5947
9128,5919,5946
9127,5918,5944
9126,5916,5943
9125,5915,5941
9124,5914,5940
9123,5912,5939
9122,5911,5937
9121,5909,5936
9120,5908,5934
9119,5907,5933
9118,5905,5932
9117,5904,5930
9116,5902,5929
9115,5901,5927
9114,5900,5926
9113,5898,5925
9112,5897,5923
9111,5895,5922
9110,5894,5920
9109,5893,5919
9108,5891,5918
9107,5890,5916
9106,5889,5915
9105,5887,5914
9104,5886,5912
9103,5885,5911
9102,5883,5910
9101,5882,5908
9100,5881,5907
9099,5879,5905
9098,5878,5904
9097,5876,5903
9096,5875,5901
9095,5874,5900
9094,5872,5899
9093,5871,5897
9092,5870,5896
9091,5868,5895
9090,5867,5893
9089,5866,5892
9088,5865,5891
9087,5863,5889
9086,5862,5888
9085,5861,5887
9084,5859,5885
9083,5858,5884
9082,5857,5883
9081,5855,5881
9080,5854,5880
9079,5853,5879
9078,5851,5878
9077,5850,5876
9076,5849,5875
9075,5848,5874
9074,5846,5872
9073,5845,5871
9072,5844,5870
9071,5842,5868
9070,5841,5867
9069,5840,5866
9068,5839,5865
9067,5837,5863
9066,5836,5862
9065,5835,5861
9064,5834,5859
9063,5832,5858
9062,5831,5857
9061,5830,5856
9060,5829,5854
9059,5827,5853
9058,5826,5852
9057,5825,5851
9056,5824,5849
9055,5822,5848
9054,5821,5847
9053,5820,5846
9052,5819,5844
9051,5817,5843
9050,5816,5842
9049,5815,5841
9048,5814,5839
9047,5812,5838
9046,5811,5837
9045,5810,5836
9044,5809,5834
9043,5807,5833
9042,5806,5832
9041,5805,5831
9040,5804,5830
9039,5803,5828
9038,5801,5827
9037,5800,5826
9036,5799,5825
9035,5798,5823
9034,5797,5822
9033,5795,5821
9032,5794,5820
9031,5793,5819
9030,5792,5817
9029,5791,5816
9028,5789,5815
9027,5788,5814
9026,5787,5813
9025,5786,5811
9024,5785,5810
9023,5784,5809
9022,5782,5808
9021,5781,5807
9020,5780,5805
9019,5779,5804
9018,5778,5803
9017,5776,5802
9016,5775,5801
9015,5774,5800
9014,5773,5798
9013,5772,5797
9012,5771,5796
9011,5769,5795
9010,5768,5794
9009,5767,5792
9008,5766,5791
9007,5765,5790
9006,5764,5789
9005,5763,5788
9004,5761,5787
9003,5760,5786
9002,5759,5784
9001,5758,5783
9000,5757,5782
8999,5756,5781
8998,5755,5780
8997,5753,5779
8996,5752,5778
8995,5751,5776
8994,5750,5775
8993,5749,5774
8992,5748,5773
8991,5747,5772
8990,5746,5771
8989,5744,5770
8988,5743,5768
8987,5742,5767
8986,5741,5766
8985,5740,5765
8984,5739,5764
8983,5738,5763
8982,5737,5762
8981,5736,5761
8980,5735,5759
8979,5733,5758
8978,5732,5757
8977,5731,5756
8976,5730,5755
8975,5729,5754
8974,5728,5753
8973,5727,5752
8972,5726,5751
8971,5725,5750
8970,5724,5748
8969,5723,5747
8968,5721,5746
8967,5720,5745
8966,5719,5744
8965,5718,5743
8964,5717,5742
8963,5716,5741
8962,5715,5740
8961,5714,5739
8960,5713,5738
8959,5712,5736
8958,5711,5735
8957,5710,5734
8956,5709,5733
8955,5708,5732
8954,5706,5731
8953,5705,5730
8952,5704,5729
8951,5703,5728
8950,5702,5727
8949,5701,5726
8948,5700,5725
8947,5699,5724
8946,5698,5723
8945,5697,5722
8944,5696,5720
8943,5695,5719
8942,5694,5718
8941,5693,5717
8940,5692,5716
8939,5691,5715
8938,5690,5714
8937,5689,5713
8936,5688,5712
8935,5687,5711
8934,5686,5710
8933,5685,5709
8932,5684,5708
8931,5683,5707
8930,5682,5706
8929,5681,5705
8928,5679,5704
8927,5678,5703
8926,5677,5702
8925,5676,5701
8924,5675,5700
8923,5674,5699
8922,5673,5698
8921,5672,5697
8920,5671,5696
8919,5670,5695
8918,5669,5694
8917,5668,5693
8916,5667,5692
8915,5666,5691
8914,5665,5690
8913,5664,5689
8912,5663,5688
8911,5662,5687
8910,5661,5686
8909,5660,5685
8908,5659,5684
8907,5658,5683
8906,5657,5682
8905,5656,5681
8904,5655,5680
8903,5655,5679
8902,5654,5678
8901,5653,5677
8900,5652,5676
8899,5651,5675
8898,5650,5674
8897,5649,5673
8896,5648,5672
8895,5647,5671
8894,5646,5670
8893,5645,5669
8892,5644,5668
8891,5643,5667
8890,5642,5666
8889,5641,5665
8888,5640,5664
8887,5639,5663
8886,5638,5662
8885,5637,5661
8884,5636,5660
8883,5635,5659
8882,5634,5658
8881,5633,5657
8880,5632,5656
8879,5631,5655
8878,5630,5654
8877,5629,5653
8876,5629,5652
8875,5628,5651
8874,5627,5650
8873,5626,5649
8872,5625,5648
8871,5624,5648
8870,5623,5647
8869,5622,5646
8868,5621,5645
8867,5620,5644
8866,5619,5643
8865,5618,5642
8864,5617,5641
8863,5616,5640
8862,5615,5639
8861,5615,5638
8860,5614,5637
8859,5613,5636
8858,5612,5635
8857,5611,5634
8856,5610,5633
8855,5609,5633
8854,5608,5632
8853,5607,5631
8852,5606,5630
8851,5605,5629
8850,5604,5628
8849,5604,5627
8848,5603,5626
8847,5602,5625
8846,5601,5624
8845,5600,5623
8844,5599,5622
8843,5598,5621
8842,5597,5621
8841,5596,5620
8840,5595,5619
8839,5595,5618
8838,5594,5617
8837,5593,5616
8836,5592,5615
8835,5591,5614
8834,5590,5613
8833,5589,5612
8832,5588,5612
8831,5587,5611
8830,5587,5610
8829,5586,5609
8828,5585,5608
8827,5584,5607
8826,5583,5606
8825,5582,5605
8824,5581,5604
8823,5580,5604
8822,5579,5603
8821,5579,5602
8820,5578,5601
8819,5577,5600
8818,5576,5599
8817,5575,5598
8816,5574,5597
8815,5573,5596
8814,5573,5596
8813,5572,5595
8812,5571,5594
8811,5570,5593
8810,5569,5592
8809,5568,5591
8808,5567,5590
8807,5567,5589
8806,5566,5589
8805,5565,5588
8804,5564,5587
8803,5563,5586
8802,5562,5585
8801,5561,5584
8800,5561,5583
8799,5560,5583
8798,5559,5582
8797,5558,5581
8796,5557,5580
8795,5556,5579
8794,5555,5578
8793,5555,5577
8792,5554,5577
8791,5553,5576
8790,5552,5575
8789,5551,5574
8788,5550,5573
8787,5550,5572
8786,5549,5572
8785,5548,5571
8784,5547,5570
8783,5546,5569
8782,5545,5568
8781,5545,5567
8780,5544,5566
8779,5543,5566
8778,5542,5565
8777,5541,5564
8776,5541,5563
8775,5540,5562
8774,5539,5561
8773,5538,5561
8772,5537,5560
8771,5536,5559
8770,5536,5558
8769,5535,5557
8768,5534,5557
8767,5533,5556
8766,5532,5555
8765,5532,5554
8764,5531,5553
8763,5530,5552
8762,5529,5552
8761,5528,5551
8760,5528,5550
8759,5527,5549
8758,5526,5548
8757,5525,5548
8756,5524,5547
8755,5524,5546
8754,5523,5545
8753,5522,5544
8752,5521,5544
8751,5520,5543
8750,5520,5542
8749,5519,5541
8748,5518,5540
8747,5517,5540
8746,5516,5539
8745,5516,5538
8744,5515,5537
8743,5514,5536
8742,5513,5536
8741,5512,5535
8740,5512,5534
8739,5511,5533
8738,5510,5532
8737,5509,5532
8736,5509,5531
8735,5508,5530
8734,5507,5529
8733,5506,5528
8732,5505,5528
8731,5505,5527
8730,5504,5526
8729,5503,5525
8728,5502,5525
8727,5502,5524
8726,5501,5523
8725,5500,5522
8724,5499,5521
8723,5499,5521
8722,5498,5520
8721,5497,5519
8720,5496,5518
8719,5495,5518
8718,5495,5517
8717,5494,5516
8716,5493,5515
8715,5492,5514
8714,5492,5514
8713,5491,5513
8712,5490,5512
8711,5489,5511
8710,5489,5511
8709,5488,5510
8708,5487,5509
8707,5486,5508
8706,5486,5508
8705,5485,5507
8704,5484,5506
8703,5483,5505
8702,5483,5505
8701,5482,5504
8700,5481,5503
8699,5480,5502
8698,5480,5502
8697,5479,5501
8696,5478,5500
8695,5478,5499
8694,5477,5499
8693,5476,5498
8692,5475,5497
8691,5475,5496
8690,5474,5496
8689,5473,5495
8688,5472,5494
8687,5472,5493
8686,5471,5493
8685,5470,5492
8684,5469,5491
8683,5469,5491
8682,5468,5490
8681,5467,5489
8680,5467,5488
8679,5466,5488
8678,5465,5487
8677,5464,5486
8676,5464,5485
8675,5463,5485
8674,5462,5484
8673,5462,5483
8672,5461,5483
8671,5460,5482
8670,5459,5481
8669,5459,5480
8668,5458,5480
8667,5457,5479
8666,5457,5478
8665,5456,5477
8664,5455,5477
8663,5454,5476
8662,5454,5475
8661,5453,5475
8660,5452,5474
8659,5452,5473
8658,5451,5472
8657,5450,5472
8656,5450,5471
8655,5449,5470
8654,5448,5470
8653,5447,5469
8652,5447,5468
8651,5446,5468
8650,5445,5467
8649,5445,5466
8648,5444,5465
8647,5443,5465
8646,5443,5464
8645,5442,5463
8644,5441,5463
8643,5441,5462
8642,5440,5461
8641,5439,5461
8640,5439,5460
8639,5438,5459
8638,5437,5458
8637,5436,5458
8636,5436,5457
8635,5435,5456
8634,5434,5456
8633,5434,5455
8632,5433,5454
8631,5432,5454
8630,5432,5453
8629,5431,5452
8628,5430,5452
8627,5430,5451
8626,5429,5450
8625,5428,5450
8624,5428,5449
8623,5427,5448
8622,5426,5448
8621,5426,5447
8620,5425,5446
8619,5424,5446
8618,5424,5445
8617,5423,5444
8616,5422,5444
8615,5422,5443
8614,5421,5442
8613,5420,5442
8612,5420,5441
8611,5419,5440
8610,5418,5440
8609,5418,5439
8608,5417,5438
8607,5416,5438
8606,5416,5437
8605,5415,5436
8604,5414,5436
8603,5414,5435
8602,5413,5434
8601,5413,5434
8600,5412,5433
8599,5411,5432
8598,5411,5432
8597,5410,5431
8596,5409,5430
8595,5409,5430
8594,5408,5429
8593,5407,5428
8592,5407,5428
8591,5406,5427
8590,5405,5426
8589,5405,5426
8588,5404,5425
8587,5404,5424
8586,5403,5424
8585,5402,5423
8584,5402,5423
8583,5401,5422
8582,5400,5421
8581,5400,5421
8580,5399,5420
8579,5398,5419
8578,5398,5419
8577,5397,5418
8576,5397,5417
8575,5396,5417
8574,5395,5416
8573,5395,5416
8572,5394,5415
8571,5393,5414
8570,5393,5414
8569,5392,5413
8568,5392,5412
8567,5391,5412
8566,5390,5411
8565,5390,5410
8564,5389,5410
8563,5389,5409
8562,5388,5409
8561,5387,5408
8560,5387,5407
8559,5386,5407
8558,5385,5406
8557,5385,5406
8556,5384,5405
8555,5384,5404
8554,5383,5404
8553,5382,5403
8552,5382,5402
8551,5381,5402
8550,5381,5401
8549,5380,5401
8548,5379,5400
8547,5379,5399
8546,5378,5399
8545,5378,5398
8544,5377,5398
8543,5376,5397
8542,5376,5396
8541,5375,5396
8540,5375,5395
8539,5374,5395
8538,5373,5394
8537,5373,5393
8536,5372,5393
8535,5372,5392
8534,5371,5391
8533,5370,5391
8532,5370,5390
8531,5369,5390
8530,5369,5389
8529,5368,5389
8528,5367,5388
8527,5367,5387
8526,5366,5387
8525,5366,5386
8524,5365,5386
8523,5365,5385
8522,5364,5384
8521,5363,5384
8520,5363,5383
8519,5362,5383
8518,5362,5382
8517,5361,5381
8516,5360,5381
8515,5360,5380
8514,5359,5380
8513,5359,5379
8512,5358,5378
8511,5358,5378
8510,5357,5377
8509,5356,5377
8508,5356,5376
8507,5355,5376
8506,5355,5375
8505,5354,5374
8504,5354,5374
8503,5353,5373
8502,5352,5373
8501,5352,5372
8500,5351,5372
8499,5351,5371
8498,5350,5370
8497,5350,5370
8496,5349,5369
8495,5348,5369
8494,5348,5368
8493,5347,5368
8492,5347,5367
8491,5346,5366
8490,5346,5366
8489,5345,5365
8488,5345,5365
8487,5344,5364
8486,5343,5364
8485,5343,5363
8484,5342,5363
8483,5342,5362
8482,5341,5361
8481,5341,5361
8480,5340,5360
8479,5340,5360
8478,5339,5359
8477,5339,5359
8476,5338,5358
8475,5337,5357
8474,5337,5357
8473,5336,5356
8472,5336,5356
8471,5335,5355
8470,5335,5355
8469,5334,5354
8468,5334,5354
8467,5333,5353
8466,5333,5353
8465,5332,5352
8464,5331,5351
8463,5331,5351
8462,5330,5350
8461,5330,5350
8460,5329,5349
8459,5329,5349
8458,5328,5348
8457,5328,5348
8456,5327,5347
8455,5327,5347
8454,5326,5346
8453,5326,5346
8452,5325,5345
8451,5325,5344
8450,5324,5344
8449,5323,5343
8448,5323,5343
8447,5322,5342
8446,5322,5342
8445,5321,5341
8444,5321,5341
8443,5320,5340
8442,5320,5340
8441,5319,5339
8440,5319,5339
8439,5318,5338
8438,5318,5338
8437,5317,5337
8436,5317,5336
8435,5316,5336
8434,5316,5335
8433,5315,5335
8432,5315,5334
8431,5314,5334
8430,5314,5333
8429,5313,5333
8428,5313,5332
8427,5312,5332
8426,5312,5331
8425,5311,5331
8424,5311,5330
8423,5310,5330
8422,5310,5329
8421,5309,5329
8420,5308,5328
8419,5308,5328
8418,5307,5327
8417,5307,5327
8416,5306,5326
8415,5306,5326
8414,5305,5325
8413,5305,5325
8412,5304,5324
8411,5304,5324
8410,5303,5323
8409,5303,5323
8408,5302,5322
8407,5302,5322
8406,5301,5321
8405,5301,5321
8404,5301,5320
8403,5300,5320
8402,5300,5319
8401,5299,5319
8400,5299,5318
8399,5298,5318
8398,5298,5317
8397,5297,5317
8396,5297,5316
8395,5296,5316
8394,5296,5315
8393,5295,5315
8392,5295,5314
8391,5294,5314
8390,5294,5313
8389,5293,5313
8388,5293,5312
8387,5292,5312
8386,5292,5311
8385,5291,5311
8384,5291,5310
8383,5290,5310
8382,5290,5309
8381,5289,5309
8380,5289,5308
8379,5288,5308
8378,5288,5307
8377,5287,5307
8376,5287,5306
8375,5286,5306
8374,5286,5305
8373,5286,5305
8372,5285,5304
8371,5285,5304
8370,5284,5304
8369,5284,5303
8368,5283,5303
8367,5283,5302
8366,5282,5302
8365,5282,5301
8364,5281,5301
8363,5281,5300
8362,5280,5300
8361,5280,5299
8360,5279,5299
8359,5279,5298
8358,5279,5298
8357,5278,5297
8356,5278,5297
8355,5277,5296
8354,5277,5296
8353,5276,5296
8352,5276,5295
8351,5275,5295
8350,5275,5294
8349,5274,5294
8348,5274,5293
8347,5273,5293
8346,5273,5292
8345,5273,5292
8344,5272,5291
8343,5272,5291
8342,5271,5290
8341,5271,5290
8340,5270,5290
8339,5270,5289
8338,5269,5289
7050,5162,5179
7049,5163,5179
7048,5163,5179
7047,5163,5179
7046,5163,5180
7045,5164,5180
7044,5164,5180
7043,5164,5180
7042,5164,5181
7041,5165,5181
7040,5165,5181
7039,5165,5182
7038,5165,5182
7037,5166,5182
7036,5166,5182
7035,5166,5183
7034,5166,5183
7033,5167,5183
7032,5167,5183
7031,5167,5184
7030,5168,5184
7029,5168,5184
7028,5168,5184
7027,5168,5185
7026,5169,5185
7025,5169,5185
7024,5169,5186
7023,5169,5186
7022,5170,5186
7021,5170,5186
7020,5170,5187
7019,5171,5187
7018,5171,5187
7017,5171,5188
7016,5171,5188
7015,5172,5188
7014,5172,5188
7013,5172,5189
7012,5173,5189
7011,5173,5189
7010,5173,5190
7009,5173,5190
7008,5174,5190
7007,5174,5190
7006,5174,5191
7005,5175,5191
7004,5175,5191
7003,5175,5192
7002,5175,5192
7001,5176,5192
7000,5176,5192
6999,5176,5193
6998,5177,5193
6997,5177,5193
6996,5177,5194
6995,5177,5194
6994,5178,5194
6993,5178,5194
6992,5178,5195
6991,5179,5195
6990,5179,5195
6989,5179,5196
6988,5179,5196
6987,5180,5196
6986,5180,5197
6985,5180,5197
6984,5181,5197
6983,5181,5197
6982,5181,5198
6981,5182,5198
6980,5182,5198
6979,5182,5199
6978,5182,5199
6977,5183,5199
6976,5183,5200
6975,5183,5200
6974,5184,5200
6973,5184,5200
6972,5184,5201
6971,5185,5201
6970,5185,5201
6969,5185,5202
6968,5185,5202
6967,5186,5202
6966,5186,5203
6965,5186,5203
6964,5187,5203
6963,5187,5204
6962,5187,5204
6961,5188,5204
6960,5188,5205
6959,5188,5205
6958,5189,5205
6957,5189,5205
6956,5189,5206
6955,5190,5206
6954,5190,5206
6953,5190,5207
6952,5190,5207
6951,5191,5207
6950,5191,5208
6949,5191,5208
6948,5192,5208
6947,5192,5209
6946,5192,5209
6945,5193,5209
6944,5193,5210
6943,5193,5210
6942,5194,5210
6941,5194,5211
6940,5194,5211
6939,5195,5211
6938,5195,5212
6937,5195,5212
6936,5196,5212
6935,5196,5213
6934,5196,5213
6933,5197,5213
6932,5197,5214
6931,5197,5214
6930,5198,5214
6929,5198,5215
6928,5198,5215
6927,5199,5215
6926,5199,5216
6925,5199,5216
6924,5200,5216
6923,5200,5217
6922,5200,5217
6921,5201,5217
6920,5201,5218
6919,5201,5218
6918,5202,5218
6917,5202,5219
6916,5202,5219
6915,5203,5219
6914,5203,5220
6913,5203,5220
6912,5204,5220
6911,5204,5221
6910,5204,5221
6909,5205,5221
6908,5205,5222
6907,5205,5222
6906,5206,5222
6905,5206,5223
6904,5206,5223
6903,5207,5223
6902,5207,5224
6901,5207,5224
6900,5208,5225
6899,5208,5225
6898,5208,5225
6897,5209,5226
6896,5209,5226
6895,5209,5226
6894,5210,5227
6893,5210,5227
6892,5211,5227
6891,5211,5228
6890,5211,5228
6889,5212,5228
6888,5212,5229
6887,5212,5229
6886,5213,5230
6885,5213,5230
6884,5213,5230
6883,5214,5231
6882,5214,5231
6881,5214,5231
6880,5215,5232
6879,5215,5232
6878,5216,5232
6877,5216,5233
6876,5216,5233
6875,5217,5234
6874,5217,5234
6873,5217,5234
6872,5218,5235
6871,5218,5235
6870,5218,5235
6869,5219,5236
6868,5219,5236
6867,5220,5236
6866,5220,5237
6865,5220,5237
6864,5221,5238
6863,5221,5238
6862,5221,5238
6861,5222,5239
6860,5222,5239
6859,5222,5239
6858,5223,5240
6857,5223,5240
6856,5224,5241
6855,5224,5241
6854,5224,5241
6853,5225,5242
6852,5225,5242
6851,5225,5243
6850,5226,5243
6849,5226,5243
6848,5227,5244
6847,5227,5244
6846,5227,5244
6845,5228,5245
6844,5228,5245
6843,5229,5246
6842,5229,5246
6841,5229,5246
6840,5230,5247
6839,5230,5247
6838,5230,5248
6837,5231,5248
6836,5231,5248
6835,5232,5249
6834,5232,5249
6833,5232,5250
6832,5233,5250
6831,5233,5250
6830,5234,5251
6829,5234,5251
6828,5234,5251
6827,5235,5252
6826,5235,5252
6825,5235,5253
6824,5236,5253
6823,5236,5253
6822,5237,5254
6821,5237,5254
6820,5237,5255
6819,5238,5255
6818,5238,5255
6817,5239,5256
6816,5239,5256
6815,5239,5257
6814,5240,5257
6813,5240,5258
6812,5241,5258
6811,5241,5258
6810,5241,5259
6809,5242,5259
6808,5242,5260
6807,5243,5260
6806,5243,5260
6805,5243,5261
6804,5244,5261
6803,5244,5262
6802,5245,5262
6801,5245,5262
6800,5246,5263
6799,5246,5263
6798,5246,5264
6797,5247,5264
6796,5247,5265
6795,5248,5265
6794,5248,5265
6793,5248,5266
6792,5249,5266
6791,5249,5267
6790,5250,5267
6789,5250,5267
6788,5250,5268
6787,5251,5268
6786,5251,5269
6785,5252,5269
6784,5252,5270
6783,5253,5270
6782,5253,5270
6781,5253,5271
6780,5254,5271
6779,5254,5272
6778,5255,5272
6777,5255,5273
6776,5256,5273
6775,5256,5273
6774,5256,5274
6773,5257,5274
6772,5257,5275
6771,5258,5275
6770,5258,5276
6769,5259,5276
6768,5259,5277
6767,5259,5277
6766,5260,5277
6765,5260,5278
6764,5261,5278
6763,5261,5279
6762,5262,5279
6761,5262,5280
6760,5262,5280
6759,5263,5280
6758,5263,5281
6757,5264,5281
6756,5264,5282
6755,5265,5282
6754,5265,5283
6753,5265,5283
6752,5266,5284
6751,5266,5284
6750,5267,5284
6749,5267,5285
6748,5268,5285
6747,5268,5286
6746,5269,5286
6745,5269,5287
6744,5269,5287
6743,5270,5288
6742,5270,5288
6741,5271,5289
6740,5271,5289
6739,5272,5289
6738,5272,5290
6737,5273,5290
6736,5273,5291
6735,5274,5291
6734,5274,5292
6733,5274,5292
6732,5275,5293
6731,5275,5293
6730,5276,5294
6729,5276,5294
6728,5277,5295
6727,5277,5295
6726,5278,5295
6725,5278,5296
6724,5279,5296
6723,5279,5297
6722,5279,5297
6721,5280,5298
6720,5280,5298
6719,5281,5299
6718,5281,5299
6717,5282,5300
6716,5282,5300
6715,5283,5301
6714,5283,5301
6713,5284,5302
6712,5284,5302
6711,5285,5303
6710,5285,5303
6709,5286,5303
6708,5286,5304
6707,5286,5304
6706,5287,5305
6705,5287,5305
6704,5288,5306
6703,5288,5306
6702,5289,5307
6701,5289,5307
6700,5290,5308
6699,5290,5308
6698,5291,5309
6697,5291,5309
6696,5292,5310
6695,5292,5310
6694,5293,5311
6693,5293,5311
6692,5294,5312
6691,5294,5312
6690,5295,5313
6689,5295,5313
6688,5296,5314
6687,5296,5314
6686,5297,5315
6685,5297,5315
6684,5297,5316
6683,5298,5316
6682,5298,5317
6681,5299,5317
6680,5299,5318
6679,5300,5318
6678,5300,5319
6677,5301,5319
6676,5301,5320
6675,5302,5320
6674,5302,5321
6673,5303,5321
6672,5303,5322
6671,5304,5322
6670,5304,5323
6669,5305,5323
6668,5305,5324
6667,5306,5324
6666,5306,5325
6665,5307,5325
6664,5307,5326
6663,5308,5326
6662,5308,5327
6661,5309,5327
6660,5309,5328
6659,5310,5328
6658,5310,5329
6657,5311,5329
6656,5311,5330
6655,5312,5330
6654,5312,5331
6653,5313,5331
6652,5313,5332
6651,5314,5332
6650,5314,5333
6649,5315,5333
6648,5315,5334
6647,5316,5335
6646,5317,5335
6645,5317,5336
6644,5318,5336
6643,5318,5337
6642,5319,5337
6641,5319,5338
6640,5320,5338
6639,5320,5339
6638,5321,5339
6637,5321,5340
6636,5322,5340
6635,5322,5341
6634,5323,5341
6633,5323,5342
6632,5324,5342
6631,5324,5343
6630,5325,5344
6629,5325,5344
6628,5326,5345
6627,5326,5345
6626,5327,5346
6625,5327,5346
6624,5328,5347
6623,5329,5347
6622,5329,5348
6621,5330,5348
6620,5330,5349
6619,5331,5349
6618,5331,5350
6617,5332,5351
6616,5332,5351
6615,5333,5352
6614,5333,5352
6613,5334,5353
6612,5334,5353
6611,5335,5354
6610,5336,5354
6609,5336,5355
6608,5337,5355
6607,5337,5356
6606,5338,5357
6605,5338,5357
6604,5339,5358
6603,5339,5358
6602,5340,5359
6601,5340,5359
6600,5341,5360
6599,5342,5360
6598,5342,5361
6597,5343,5362
6596,5343,5362
6595,5344,5363
6594,5344,5363
6593,5345,5364
6592,5345,5364
6591,5346,5365
6590,5346,5366
6589,5347,5366
6588,5348,5367
6587,5348,5367
6586,5349,5368
6585,5349,5368
6584,5350,5369
6583,5350,5370
6582,5351,5370
6581,5352,5371
6580,5352,5371
6579,5353,5372
6578,5353,5372
6577,5354,5373
6576,5354,5374
6575,5355,5374
6574,5355,5375
6573,5356,5375
6572,5357,5376
6571,5357,5376
6570,5358,5377
6569,5358,5378
6568,5359,5378
6567,5359,5379
6566,5360,5379
6565,5361,5380
6564,5361,5381
6563,5362,5381
6562,5362,5382
6561,5363,5382
6560,5364,5383
6559,5364,5384
6558,5365,5384
6557,5365,5385
6556,5366,5385
6555,5366,5386
6554,5367,5386
6553,5368,5387
6552,5368,5388
6551,5369,5388
6550,5369,5389
6549,5370,5389
6548,5371,5390
6547,5371,5391
6546,5372,5391
6545,5372,5392
6544,5373,5392
6543,5373,5393
6542,5374,5394
6541,5375,5394
6540,5375,5395
6539,5376,5396
6538,5376,5396
6537,5377,5397
6536,5378,5397
6535,5378,5398
6534,5379,5399
6533,5379,5399
6532,5380,5400
6531,5381,5400
6530,5381,5401
6529,5382,5402
6528,5382,5402
6527,5383,5403
6526,5384,5403
6525,5384,5404
6524,5385,5405
6523,5386,5405
6522,5386,5406
6521,5387,5407
6520,5387,5407
6519,5388,5408
6518,5389,5408
6517,5389,5409
6516,5390,5410
6515,5390,5410
6514,5391,5411
6513,5392,5412
6512,5392,5412
6511,5393,5413
6510,5394,5414
6509,5394,5414
6508,5395,5415
6507,5395,5415
6506,5396,5416
6505,5397,5417
6504,5397,5417
6503,5398,5418
6502,5398,5419
6501,5399,5419
6500,5400,5420
6499,5400,5421
6498,5401,5421
6497,5402,5422
6496,5402,5422
6495,5403,5423
6494,5404,5424
6493,5404,5424
6492,5405,5425
6491,5405,5426
6490,5406,5426
6489,5407,5427
6488,5407,5428
6487,5408,5428
6486,5409,5429
6485,5409,5430
6484,5410,5430
6483,5411,5431
6198,5634,5659
6197,5635,5660
6196,5636,5661
6195,5636,5662
6194,5637,5663
6193,5638,5664
6192,5639,5665
6191,5640,5666
6190,5641,5667
6189,5642,5668
6188,5643,5669
6187,5644,5670
6186,5645,5671
6185,5646,5672
6184,5647,5673
6183,5648,5674
6182,5649,5675
6181,5650,5676
6180,5651,5677
6179,5652,5678
6178,5653,5679
6177,5654,5680
6176,5655,5681
6175,5656,5682
6174,5657,5683
6173,5658,5684
6172,5659,5685
6171,5660,5686
6170,5661,5687
6169,5662,5688
6168,5663,5689
6167,5664,5690
6166,5665,5691
6165,5666,5692
6164,5667,5693
6163,5668,5694
6162,5669,5695
6161,5670,5696
6160,5671,5697
6159,5672,5698
6158,5673,5699
6157,5674,5700
6156,5675,5702
6155,5676,5703
6154,5677,5704
6153,5678,5705
6152,5679,5706
6151,5680,5707
6150,5681,5708
6149,5682,5709
6148,5683,5710
6147,5684,5711
6146,5685,5712
6145,5686,5713
6144,5687,5714
6143,5688,5715
6142,5689,5716
6141,5690,5717
6140,5691,5718
6139,5692,5719
6138,5693,5720
6137,5694,5721
6136,5695,5722
6135,5696,5724
6134,5697,5725
6133,5698,5726
6132,5699,5727
6131,5700,5728
6130,5701,5729
6129,5702,5730
6128,5703,5731
6127,5704,5732
6126,5705,5733
6125,5706,5734
6124,5707,5735
6123,5708,5736
6122,5710,5738
6121,5711,5739
6120,5712,5740
6119,5713,5741
6118,5714,5742
6117,5715,5743
6116,5716,5744
6115,5717,5745
6114,5718,5746
6113,5719,5747
6112,5720,5748
6111,5721,5750
6110,5722,5751
6109,5723,5752
6108,5724,5753
6107,5726,5754
6106,5727,5755
6105,5728,5756
6104,5729,5757
6103,5730,5758
6102,5731,5760
6101,5732,5761
6100,5733,5762
6099,5734,5763
6098,5735,5764
6097,5736,5765
6096,5738,5766
6095,5739,5767
6094,5740,5769
6093,5741,5770
6092,5742,5771
6091,5743,5772
6090,5744,5773
6089,5745,5774
6088,5746,5775
6087,5747,5777
6086,5749,5778
6085,5750,5779
6084,5751,5780
6083,5752,5781
6082,5753,5782
6081,5754,5783
6080,5755,5785
6079,5756,5786
6078,5758,5787
6077,5759,5788
6076,5760,5789
6075,5761,5790
6074,5762,5792
6073,5763,5793
6072,5764,5794
6071,5766,5795
6070,5767,5796
6069,5768,5798
5993,5861,5893
5992,5862,5894
5991,5863,5896
5990,5865,5897
5989,5866,5898
5988,5867,5900
5987,5868,5901
5986,5870,5903
5985,5871,5904
5984,5872,5905
5983,5874,5907
5982,5875,5908
5994,5859,5892
5995,5858,5890
5996,5857,5889
5997,5855,5888
5998,5854,5886
5999,5853,5885
6000,5852,5884
6043,5798,5829
6042,5799,5830
6041,5801,5831
6040,5802,5833
6021,5825,5856
6454,5430,5450
7563,8685,8696
7563,5099,5116
6481,5412,5432
6039,5803,5834
6020,5826,5858
6480,5412,5433
6038,5804,5835
6019,5828,5859
6479,5413,5434
6037,5805,5836
6018,5829,5860
6478,5414,5434
6036,5807,5838
6017,5830,5862
6477,5414,5435
6035,5808,5839
6016,5831,5863
6476,5415,5436
6034,5809,5840
6015,5833,5864
6475,5416,5436
6033,5810,5841
6014,5834,5865
6474,5416,5437
6013,5835,5867
6473,5417,5438
6044,5797,5828
6045,5796,5826
6046,5795,5825
6047,5794,5824
6048,5792,5823
6031,5813,5844
6049,5791,5821
5981,5876,5909
6032,5812,5843
6050,5790,5820
6012,5836,5868
6472,5418,5438
6030,5814,5845
6029,5815,5846
6028,5816,5848
6460,5426,5446
7569,8687,8695
7569,5100,5116
6027,5818,5849
6459,5426,5447
7568,8686,8695
7568,5100,5116
6026,5819,5850
6458,5427,5448
7567,8686,8695
7567,5100,5116
6025,5820,5851
6457,5428,5448
7566,8686,8696
7566,5100,5116
6024,5821,5853
6456,5428,5449
7565,8686,8696
7565,5099,5116
6023,5823,5854
6455,5429,5450
7564,8685,8696
7564,5099,5116
6482,5411,5432
6022,5824,5855
7570,8687,8694
7570,5100,5116
6461,5425,5446
6001,5850,5882
7571,8688,8694
7571,5100,5116
6462,5424,5445
6002,5849,5881
7572,8688,8693
7572,5100,5116
6463,5424,5444
6003,5848,5880
7573,8689,8692
7573,5100,5116
6464,5423,5444
6004,5846,5878
7574,8691,8691
7574,5100,5116
6465,5422,5443
6005,5845,5877
6466,5422,5442
6006,5844,5876
6467,5421,5442
6007,5843,5875
6468,5420,5441
6008,5841,5873
6469,5420,5440
6009,5840,5872
6470,5419,5440
6010,5839,5871
6471,5418,5439
6011,5838,5869
6051,5789,5819
6052,5788,5818
6053,5786,5817
6054,5785,5815
6055,5784,5814
6056,5783,5813
6057,5782,5812
6058,5781,5811
6059,5779,5809
6060,5778,5808
6061,5777,5807
6062,5776,5806
6063,5775,5805
6064,5774,5803
6065,5772,5802
6066,5771,5801
6067,5770,5800
6068,5769,5799
6199,5633,5658
6200,5632,5658
6201,5631,5657
6202,5630,5656
6203,5629,5655
6204,5628,5654
6205,5627,5653
6206,5626,5652
6207,5625,5651
6208,5624,5650
6209,5623,5649
6210,5622,5648
6211,5621,5647
6212,5621,5646
6213,5620,5645
6214,5619,5644
6215,5618,5643
6216,5617,5642
6217,5616,5641
6218,5615,5640
6219,5614,5639
6220,5613,5638
6221,5612,5637
6222,5611,5637
6223,5610,5636
6224,5609,5635
6225,5609,5634
6226,5608,5633
6227,5607,5632
6228,5606,5631
6229,5605,5630
6230,5604,5629
6231,5603,5628
6232,5602,5627
6233,5601,5626
6234,5600,5625
6235,5600,5624
6236,5599,5624
6237,5598,5623
6238,5597,5622
6239,5596,5621
6240,5595,5620
6241,5594,5619
6242,5593,5618
6243,5592,5617
6244,5592,5616
6245,5591,5615
6246,5590,5614
6247,5589,5614
6248,5588,5613
6249,5587,5612
6250,5586,5611
6251,5585,5610
6252,5584,5609
6253,5584,5608
6254,5583,5607
6255,5582,5606
6256,5581,5605
6257,5580,5605
6258,5579,5604
6259,5578,5603
6260,5578,5602
6261,5577,5601
6262,5576,5600
6263,5575,5599
6264,5574,5598
6265,5573,5597
6266,5572,5597
6267,5571,5596
6268,5571,5595
6269,5570,5594
6270,5569,5593
6271,5568,5592
6272,5567,5591
6273,5566,5590
6274,5565,5590
6275,5565,5589
6276,5564,5588
6277,5563,5587
6278,5562,5586
6279,5561,5585
6280,5560,5584
6281,5560,5583
6282,5559,5583
6283,5558,5582
6284,5557,5581
6285,5556,5580
6286,5555,5579
6287,5555,5578
6288,5554,5577
6289,5553,5577
6290,5552,5576
6291,5551,5575
6292,5550,5574
6293,5550,5573
6294,5549,5572
6295,5548,5571
6296,5547,5571
6297,5546,5570
6298,5545,5569
6299,5545,5568
6300,5544,5567
6301,5543,5566
6302,5542,5566
6303,5541,5565
6304,5540,5564
6305,5540,5563
6306,5539,5562
6307,5538,5561
6308,5537,5561
6309,5536,5560
6310,5536,5559
6311,5535,5558
6312,5534,5557
6313,5533,5556
6314,5532,5556
6315,5532,5555
6316,5531,5554
6317,5530,5553
6318,5529,5552
6319,5528,5551
6320,5528,5551
6321,5527,5550
6322,5526,5549
6323,5525,5548
6324,5524,5547
6325,5524,5547
6326,5523,5546
6327,5522,5545
6328,5521,5544
6329,5520,5543
6330,5520,5543
6331,5519,5542
6332,5518,5541
6333,5517,5540
6334,5516,5539
6335,5516,5538
6336,5515,5538
6337,5514,5537
6338,5513,5536
6339,5513,5535
6340,5512,5534
6341,5511,5534
6342,5510,5533
6343,5509,5532
6344,5509,5531
6345,5508,5531
6346,5507,5530
6347,5506,5529
6348,5506,5528
6349,5505,5527
6350,5504,5527
6351,5503,5526
6352,5503,5525
6353,5502,5524
6354,5501,5523
6355,5500,5523
6356,5499,5522
6357,5499,5521
6358,5498,5520
6359,5497,5520
6360,5496,5519
6361,5496,5518
6362,5495,5517
6363,5494,5516
6364,5493,5516
6365,5493,5515
6366,5492,5514
6367,5491,5513
6368,5490,5513
6369,5490,5512
6370,5489,5511
6371,5488,5510
6372,5487,5510
6373,5487,5509
6374,5486,5508
6375,5485,5507
6376,5484,5507
6377,5484,5506
6378,5483,5505
6379,5482,5504
6380,5482,5503
6381,5481,5503
6382,5480,5502
6383,5479,5501
6384,5479,5500
6385,5478,5500
6386,5477,5499
6387,5476,5498
6388,5476,5497
6389,5475,5497
6390,5474,5496
6391,5473,5495
6392,5473,5495
6393,5472,5494
6394,5471,5493
6395,5471,5492
6396,5470,5492
6397,5469,5491
6398,5468,5490
6399,5468,5489
6400,5467,5489
6401,5466,5488
6402,5466,5487
6403,5465,5486
6404,5464,5486
6405,5463,5485
6406,5463,5484
6407,5462,5483
6408,5461,5483
6409,5461,5482
6410,5460,5481
6411,5459,5481
6412,5458,5480
6413,5458,5479
6414,5457,5478
6415,5456,5478
6416,5456,5477
6417,5455,5476
6418,5454,5476
6419,5453,5475
6420,5453,5474
6421,5452,5473
6422,5451,5473
6423,5451,5472
6424,5450,5471
6425,5449,5471
6426,5449,5470
7536,8690,8692
7536,5099,5116
6427,5448,5469
7537,8689,8693
7537,5099,5116
6428,5447,5468
7538,8688,8693
7538,5099,5116
6429,5447,5468
7539,8687,8694
7539,5099,5116
6430,5446,5467
7540,8687,8694
7540,5099,5116
6431,5445,5466
7541,8687,8695
7541,5099,5116
6432,5444,5466
7542,8686,8695
7542,5099,5116
6433,5444,5465
7543,8686,8695
7543,9726,9727
7543,5099,5116
6434,5443,5464
7544,8686,8696
7544,9724,9728
7544,5099,5116
6435,5442,5463
7545,8686,8696
7545,9724,9729
7545,5099,5116
6436,5442,5463
7546,8685,8696
7546,9724,9729
7546,5099,5116
6437,5441,5462
7547,8685,8696
7547,9723,9729
7547,5099,5116
6438,5440,5461
7548,8685,8696
7548,9723,9729
7548,5099,5116
6439,5440,5461
7549,8685,8696
7549,9723,9729
7549,5099,5116
6440,5439,5460
7550,8685,8697
7550,9724,9729
7550,5099,5116
6441,5438,5459
7551,8685,8697
7551,9724,9729
7551,5099,5116
6442,5438,5459
7552,8685,8697
7552,9725,9728
7552,5099,5116
6443,5437,5458
7553,8685,8697
7553,9726,9726
7553,5099,5116
6444,5436,5457
7554,8685,8697
7554,5099,5116
6445,5436,5457
7555,8685,8697
7555,5099,5116
6446,5435,5456
7556,8685,8697
7556,5099,5116
6447,5434,5455
7557,8685,8697
7557,5099,5116
6448,5434,5454
7558,8685,8697
7558,5099,5116
6449,5433,5454
7559,8685,8697
7559,5099,5116
6450,5432,5453
7560,8685,8697
7560,5099,5116
6451,5432,5452
7561,8685,8696
7561,5099,5116
6452,5431,5452
7562,8685,8696
7562,5099,5116
6453,5430,5451
7051,5162,5178
7052,5162,5178
7053,5161,5178
7054,5161,5178
7055,5161,5177
7056,5161,5177
7057,5160,5177
7058,5160,5177
7059,5160,5176
7060,5160,5176
7061,5159,5176
7062,5159,5175
7063,5159,5175
7064,5159,5175
7065,5158,5175
7066,5158,5174
7067,5158,5174
7068,5158,5174
7069,5157,5174
7070,5157,5173
7071,5157,5173
7072,5157,5173
7073,5156,5173
7074,5156,5172
7075,5156,5172
7076,5156,5172
7077,5155,5172
7078,5155,5171
7079,5155,5171
7080,5155,5171
7081,5154,5171
7082,5154,5170
7083,5154,5170
7084,5154,5170
7085,5154,5170
7086,5153,5170
7087,5153,5169
7088,5153,5169
7089,5153,5169
7090,5152,5169
7091,5152,5168
7092,5152,5168
7093,5152,5168
7094,5151,5168
7095,5151,5167
7096,5151,5167
7097,5151,5167
7098,5150,5167
7099,5150,5166
7100,5150,5166
7101,5150,5166
7102,5150,5166
7103,5149,5165
7104,5149,5165
7105,5149,5165
7106,5149,5165
7107,5148,5165
7108,5148,5164
7109,5148,5164
7110,5148,5164
7111,5147,5164
7112,5147,5163
7113,5147,5163
7114,5147,5163
7115,5147,5163
7116,5146,5163
7117,5146,5162
7118,5146,5162
7119,5146,5162
7120,5145,5162
7121,5145,5161
7122,5145,5161
7123,5145,5161
7124,5145,5161
7125,5144,5161
7126,5144,5160
7127,5144,5160
7128,5144,5160
7129,5143,5160
7130,5143,5159
7131,5143,5159
7132,5143,5159
7133,5143,5159
7134,5142,5159
7135,5142,5158
7136,5142,5158
7137,5142,5158
7138,5142,5158
7139,5141,5157
7140,5141,5157
7141,5141,5157
7142,5141,5157
7143,5140,5157
7144,5140,5156
7145,5140,5156
7146,5140,5156
7147,5140,5156
7148,5139,5156
7149,5139,5155
7150,5139,5155
7151,5139,5155
7152,5139,5155
7153,5138,5155
7154,5138,5154
7155,5138,5154
7156,5138,5154
7157,5138,5154
7158,5137,5154
7159,5137,5153
7160,5137,5153
7161,5137,5153
7162,5137,5153
7163,5136,5153
7164,5136,5152
7165,5136,5152
7166,5136,5152
7167,5136,5152
7168,5135,5152
7169,5135,5151
7170,5135,5151
7171,5135,5151
7172,5135,5151
7173,5134,5151
7174,5134,5150
7175,5134,5150
7176,5134,5150
7177,5134,5150
7178,5134,5150
7179,5133,5149
7180,5133,5149
7181,5133,5149
7182,5133,5149
7183,5133,5149
7184,5132,5149
7185,5132,5148
7186,5132,5148
7187,5132,5148
7188,5132,5148
7189,5131,5148
7190,5131,5147
7191,5131,5147
7192,5131,5147
7193,5131,5147
7194,5131,5147
7195,5130,5146
7196,5130,5146
7197,5130,5146
7198,5130,5146
7199,5130,5146
7200,5129,5146
7201,5129,5145
7202,5129,5145
7203,5129,5145
7204,5129,5145
7205,5129,5145
7206,5128,5145
7207,5128,5144
7208,5128,5144
7209,5128,5144
7210,5128,5144
7211,5128,5144
7212,5127,5143
7213,5127,5143
7214,5127,5143
7215,5127,5143
7216,5127,5143
7217,5127,5143
7218,5126,5142
7219,5126,5142
7220,5126,5142
7221,5126,5142
7222,5126,5142
7223,5126,5142
7224,5125,5141
7225,5125,5141
7226,5125,5141
7227,5125,5141
7228,5125,5141
7229,5125,5141
7230,5124,5140
7231,5124,5140
7232,5124,5140
7233,5124,5140
7234,5124,5140
7235,5124,5140
7236,5123,5140
7237,5123,5139
7238,5123,5139
7239,5123,5139
7240,5123,5139
7241,5123,5139
7242,5123,5139
7243,5122,5138
7244,5122,5138
7245,5122,5138
7246,5122,5138
7247,5122,5138
7248,5122,5138
7249,5121,5138
7250,5121,5137
7251,5121,5137
7252,5121,5137
7253,5121,5137
7254,5121,5137
7255,5121,5137
7256,5120,5136
7257,5120,5136
7258,5120,5136
7259,5120,5136
7260,5120,5136
7261,5120,5136
7262,5120,5136
7263,5119,5135
7264,5119,5135
7265,5119,5135
7266,5119,5135
7267,5119,5135
7268,5119,5135
7269,5119,5135
7270,5118,5134
7271,5118,5134
7272,5118,5134
7273,5118,5134
7274,5118,5134
7275,5118,5134
7276,5118,5134
7277,5117,5133
7278,5117,5133
7279,5117,5133
7280,5117,5133
7281,5117,5133
7282,5117,5133
7283,5117,5133
7284,5116,5133
7285,5116,5132
7286,5116,5132
7287,5116,5132
7288,5116,5132
7289,5116,5132
7290,5116,5132
7291,5116,5132
7292,5115,5131
7293,5115,5131
7294,5115,5131
7295,5115,5131
7296,5115,5131
7297,5115,5131
7298,5115,5131
7299,5115,5131
7300,5114,5130
7301,5114,5130
7302,5114,5130
7303,5114,5130
7304,5114,5130
7305,5114,5130
7306,5114,5130
7307,5114,5130
7308,5113,5129
7309,5113,5129
7310,5113,5129
7311,5113,5129
7312,5113,5129
7313,5113,5129
7314,5113,5129
7315,5113,5129
7316,5112,5129
7317,5112,5128
7318,5112,5128
7319,5112,5128
7320,5112,5128
7321,5112,5128
7322,5112,5128
7323,5112,5128
7324,5112,5128
7325,5111,5127
7326,5111,5127
7327,5111,5127
7328,5111,5127
7329,5111,5127
7330,5111,5127
7331,5111,5127
7332,5111,5127
7333,5111,5127
7334,5110,5127
7335,5110,5126
7336,5110,5126
7337,5110,5126
7338,5110,5126
7339,5110,5126
7340,5110,5126
7341,5110,5126
7342,5110,5126
7343,5110,5126
7344,5109,5125
7345,5109,5125
7346,5109,5125
7347,5109,5125
7348,5109,5125
7349,5109,5125
7350,5109,5125
7351,5109,5125
7352,5109,5125
7353,5109,5125
7354,5108,5124
7355,5108,5124
7356,5108,5124
7357,5108,5124
7358,5108,5124
7359,5108,5124
7360,5108,5124
7361,5108,5124
7362,5108,5124
7363,5108,5124
7364,5107,5124
7365,5107,5123
7366,5107,5123
7367,5107,5123
7368,5107,5123
7369,5107,5123
7370,5107,5123
7371,5107,5123
7372,5107,5123
7373,5107,5123
7374,5107,5123
7375,5106,5123
7376,5106,5123
7377,5106,5122
7378,5106,5122
7379,5106,5122
7380,5106,5122
7381,5106,5122
7382,5106,5122
7383,5106,5122
7384,5106,5122
7385,5106,5122
7386,5106,5122
7387,5106,5122
7388,5105,5122
7389,5105,5121
7390,5105,5121
7391,5105,5121
7392,5105,5121
7393,5105,5121
7394,5105,5121
7395,5105,5121
7396,5105,5121
7397,5105,5121
7398,5105,5121
7399,5105,5121
7400,5105,5121
7401,5104,5121
7402,5104,5120
7403,5104,5120
7404,5104,5120
7405,5104,5120
7406,5104,5120
7407,5104,5120
7408,5104,5120
7409,5104,5120
7410,5104,5120
7411,5104,5120
7412,5104,5120
7413,5104,5120
7414,5104,5120
7415,5103,5120
7416,5103,5120
7417,5103,5119
7418,5103,5119
7419,5103,5119
7420,5103,5119
7421,5103,5119
7422,5103,5119
7423,5103,5119
7424,5103,5119
7425,5103,5119
7426,5103,5119
7427,5103,5119
7428,5103,5119
7429,5103,5119
7430,5103,5119
7431,5103,5119
7432,5102,5119
7433,5102,5119
7434,5102,5118
7435,5102,5118
7436,5102,5118
7437,5102,5118
7438,5102,5118
7439,5102,5118
7440,5102,5118
7441,5102,5118
7442,5102,5118
7443,5102,5118
7444,5102,5118
7445,5102,5118
7446,5102,5118
7447,5102,5118
7448,5102,5118
7449,5102,5118
7450,5102,5118
7451,5101,5118
7452,5101,5118
7453,5101,5118
7454,5101,5117
7455,5101,5117
7456,5101,5117
7457,5101,5117
7458,5101,5117
7459,5101,5117
7460,5101,5117
7461,5101,5117
7462,5101,5117
7463,5101,5117
7464,5101,5117
7465,5101,5117
7466,5101,5117
7467,5101,5117
7468,5101,5117
7469,5101,5117
7470,5101,5117
7471,5101,5117
7472,5101,5117
7473,5101,5117
7474,5101,5117
7475,5100,5117
7476,5100,5117
7477,5100,5117
7478,5100,5117
7479,5100,5117
7480,5100,5117
7481,5100,5116
7482,5100,5116
7483,5100,5116
7484,5100,5116
7485,5100,5116
7486,5100,5116
7487,5100,5116
7488,5100,5116
7489,5100,5116
7490,5100,5116
7491,5100,5116
7492,5100,5116
7493,5100,5116
7494,5100,5116
7495,5100,5116
7496,5100,5116
7497,5100,5116
7498,5100,5116
7499,5100,5116
7500,5100,5116
7501,5100,5116
7502,5100,5116
7503,5100,5116
7504,5100,5116
7505,5100,5116
7506,5100,5116
7507,5100,5116
7508,5100,5116
7509,5100,5116
7510,5100,5116
7511,5100,5116
7512,5100,5116
7513,5100,5116
7514,5100,5116
7515,5100,5116
7516,5100,5116
7517,5100,5116
7518,5099,5116
7519,5099,5116
7520,5099,5116
7521,5099,5116
7522,5099,5116
7523,5099,5116
7524,5099,5116
7525,5099,5116
7526,5099,5116
7527,5099,5116
7528,5099,5116
7529,5099,5116
7530,5099,5116
7531,5099,5116
7532,5099,5116
7533,5099,5116
7534,5099,5116
7535,5099,5116
7575,5100,5116
7576,5100,5116
7577,5100,5116
7578,5100,5116
7579,5100,5116
7580,5100,5116
7581,5100,5116
7582,5100,5116
7583,5100,5116
7584,5100,5116
7585,5100,5116
7586,5100,5116
7587,5100,5116
7588,5100,5116
7589,5100,5116
7590,5100,5116
7591,5100,5116
7592,5100,5116
7593,5100,5116
7594,5100,5116
7595,5100,5116
7596,5100,5116
7597,5100,5117
7598,5100,5117
7599,5100,5117
7600,5100,5117
7601,5100,5117
7602,5100,5117
7603,5100,5117
7604,5100,5117
7605,5100,5117
7606,5100,5117
7607,5100,5117
7608,5100,5117
7609,5101,5117
7610,5101,5117
7611,5101,5117
7612,5101,5117
7613,5101,5117
7614,5101,5117
7615,5101,5117
7616,5101,5117
7617,5101,5117
7618,5101,5117
7619,5101,5117
7620,5101,5117
7621,5101,5117
7622,5101,5117
7623,5101,5117
7624,5101,5118
7625,5101,5118
7626,5101,5118
7627,5101,5118
7628,5101,5118
7629,5101,5118
7630,5101,5118
7631,5101,5118
7632,5101,5118
7633,5101,5118
7634,5102,5118
7635,5102,5118
7636,5102,5118
7637,5102,5118
7638,5102,5118
7639,5102,5118
7640,5102,5118
7641,5102,5118
7642,5102,5118
7643,5102,5118
7644,5102,5119
7645,5102,5119
7646,5102,5119
7647,5102,5119
7648,5102,5119
7649,5102,5119
7650,5102,5119
7651,5102,5119
7652,5102,5119
7653,5103,5119
7654,5103,5119
7655,5103,5119
7656,5103,5119
7657,5103,5119
7658,5103,5119
7659,5103,5119
7660,5103,5119
7661,5103,5120
7662,5103,5120
7663,5103,5120
7664,5103,5120
7665,5103,5120
7666,5103,5120
7667,5103,5120
7668,5103,5120
7669,5104,5120
7670,5104,5120
7671,5104,5120
7672,5104,5120
7673,5104,5120
7674,5104,5120
7675,5104,5120
7676,5104,5121
7677,5104,5121
7678,5104,5121
7679,5104,5121
7680,5104,5121
7681,5104,5121
7682,5104,5121
7683,5104,5121
7684,5105,5121
7685,5105,5121
7686,5105,5121
7687,5105,5121
7688,5105,5121
7689,5105,5122
7690,5105,5122
7691,5105,5122
7692,5105,5122
7693,5105,5122
7694,5105,5122
7695,5105,5122
7696,5105,5122
7697,5106,5122
7698,5106,5122
7699,5106,5122
7700,5106,5122
7701,5106,5122
7702,5106,5123
7703,5106,5123
7704,5106,5123
7705,5106,5123
7706,5106,5123
7707,5106,5123
7708,5106,5123
7709,5107,5123
7710,5107,5123
7711,5107,5123
7712,5107,5123
7713,5107,5124
7714,5107,5124
7715,5107,5124
7716,5107,5124
7717,5107,5124
7718,5107,5124
7719,5107,5124
7720,5108,5124
7721,5108,5124
7722,5108,5124
7723,5108,5124
7724,5108,5125
7725,5108,5125
7726,5108,5125
7727,5108,5125
7728,5108,5125
7729,5108,5125
7730,5108,5125
7731,5109,5125
7732,5109,5125
7733,5109,5125
7734,5109,5126
7735,5109,5126
7736,5109,5126
7737,5109,5126
7738,5109,5126
7739,5109,5126
7740,5109,5126
7741,5110,5126
7742,5110,5126
7743,5110,5126
7744,5110,5127
7745,5110,5127
7746,5110,5127
7747,5110,5127
7748,5110,5127
7749,5110,5127
7750,5110,5127
7751,5111,5127
7752,5111,5127
7753,5111,5128
7754,5111,5128
7755,5111,5128
7756,5111,5128
7757,5111,5128
7758,5111,5128
7759,5111,5128
7760,5112,5128
7761,5112,5128
7762,5112,5129
7763,5112,5129
7764,5112,5129
7765,5112,5129
7766,5112,5129
7767,5112,5129
7768,5113,5129
7769,5113,5129
7770,5113,5130
7771,5113,5130
7772,5113,5130
7773,5113,5130
7774,5113,5130
7775,5113,5130
7776,5113,5130
7777,5114,5130
7778,5114,5131
7779,5114,5131
7780,5114,5131
7781,5114,5131
7782,5114,5131
7783,5114,5131
7784,5114,5131
7785,5115,5131
7786,5115,5132
7787,5115,5132
7788,5115,5132
7789,5115,5132
7790,5115,5132
7791,5115,5132
7792,5115,5132
7793,5116,5132
7794,5116,5133
7795,5116,5133
7796,5116,5133
7797,5116,5133
7798,5116,5133
7799,5116,5133
7800,5117,5133
7801,5117,5134
7802,5117,5134
7803,5117,5134
7804,5117,5134
7805,5117,5134
7806,5117,5134
7807,5117,5134
7808,5118,5135
7809,5118,5135
7810,5118,5135
7811,5118,5135
7812,5118,5135
7813,5118,5135
7814,5118,5135
7815,5119,5136
7816,5119,5136
7817,5119,5136
7818,5119,5136
7819,5119,5136
7820,5119,5136
7821,5119,5136
7822,5120,5137
7823,5120,5137
7824,5120,5137
7825,5120,5137
7826,5120,5137
7827,5120,5137
7828,5120,5137
7829,5121,5138
7830,5121,5138
7831,5121,5138
7832,5121,5138
7833,5121,5138
7834,5121,5138
7835,5122,5139
7836,5122,5139
7837,5122,5139
7838,5122,5139
7839,5122,5139
7840,5122,5139
7841,5122,5139
7842,5123,5140
7843,5123,5140
7844,5123,5140
7845,5123,5140
7846,5123,5140
7847,5123,5140
7848,5124,5141
7849,5124,5141
7850,5124,5141
7851,5124,5141
7852,5124,5141
7853,5124,5141
7854,5124,5142
7855,5125,5142
7856,5125,5142
7857,5125,5142
7858,5125,5142
7859,5125,5142
7860,5125,5143
7861,5126,5143
7862,5126,5143
7863,5126,5143
7864,5126,5143
7865,5126,5143
7866,5126,5144
7867,5127,5144
7868,5127,5144
7869,5127,5144
7870,5127,5144
7871,5127,5144
7872,5128,5145
7873,5128,5145
7874,5128,5145
7875,5128,5145
7876,5128,5145
7877,5128,5146
7878,5129,5146
7879,5129,5146
7880,5129,5146
7881,5129,5146
7882,5129,5146
7883,5129,5147
7884,5130,5147
7885,5130,5147
7886,5130,5147
7887,5130,5147
7888,5130,5147
7889,5131,5148
7890,5131,5148
7891,5131,5148
7892,5131,5148
7893,5131,5148
7894,5131,5149
7895,5132,5149
7896,5132,5149
7897,5132,5149
7898,5132,5149
7899,5132,5150
7900,5133,5150
7901,5133,5150
7902,5133,5150
7903,5133,5150
7904,5133,5151
7905,5133,5151
7906,5134,5151
7907,5134,5151
7908,5134,5151
7909,5134,5151
7910,5134,5152
7911,5135,5152
7912,5135,5152
7913,5135,5152
7914,5135,5152
7915,5135,5153
7916,5136,5153
7917,5136,5153
7918,5136,5153
7919,5136,5153
7920,5136,5154
7921,5137,5154
7922,5137,5154
7923,5137,5154
7924,5137,5154
7925,5137,5155
7926,5138,5155
7927,5138,5155
7928,5138,5155
7929,5138,5155
7930,5138,5156
7931,5139,5156
7932,5139,5156
7933,5139,5156
7934,5139,5157
7935,5139,5157
7936,5140,5157
7937,5140,5157
7938,5140,5157
7939,5140,5158
7940,5140,5158
7941,5141,5158
7942,5141,5158
7943,5141,5158
7944,5141,5159
7945,5141,5159
7946,5142,5159
7947,5142,5159
7948,5142,5160
7949,5142,5160
7950,5143,5160
7951,5143,5160
7952,5143,5160
7953,5143,5161
7954,5143,5161
7955,5144,5161
7956,5144,5161
7957,5144,5161
7958,5144,5162
7959,5145,5162
7960,5145,5162
7961,5145,5162
7962,5145,5163
7963,5145,5163
7964,5146,5163
7965,5146,5163
7966,5146,5163
7967,5146,5164
7968,5146,5164
7969,5147,5164
7970,5147,5164
7971,5147,5165
7972,5147,5165
7973,5148,5165
7974,5148,5165
7975,5148,5166
7976,5148,5166
7977,5149,5166
7978,5149,5166
7979,5149,5166
7980,5149,5167
7981,5149,5167
7982,5150,5167
7983,5150,5167
7984,5150,5168
7985,5150,5168
7986,5151,5168
7987,5151,5168
7988,5151,5169
7989,5151,5169
7990,5152,5169
7991,5152,5169
7992,5152,5170
7993,5152,5170
7994,5153,5170
7995,5153,5170
7996,5153,5171
7997,5153,5171
7998,5153,5171
7999,5154,5171
8000,5154,5172
8001,5154,5172
8002,5154,5172
8003,5155,5172
8004,5155,5173
8005,5155,5173
8006,5155,5173
8007,5156,5173
8008,5156,5174
8009,5156,5174
8010,5156,5174
8011,5157,5174
8012,5157,5175
8013,5157,5175
8014,5157,5175
8015,5158,5175
8016,5158,5176
8017,5158,5176
8018,5158,5176
8019,5159,5176
8020,5159,5177
8021,5159,5177
8022,5159,5177
8023,5160,5177
8024,5160,5178
8025,5160,5178
8026,5160,5178
8027,5161,5178
8028,5161,5179
8029,5161,5179
8030,5161,5179
8031,5162,5179
8032,5162,5180
8033,5162,5180
8034,5162,5180
8035,5163,5180
8036,5163,5181
8037,5163,5181
8038,5164,5181
8039,5164,5182
8040,5164,5182
8041,5164,5182
8042,5165,5182
8043,5165,5183
8044,5165,5183
8045,5165,5183
8046,5166,5183
8047,5166,5184
8048,5166,5184
8049,5166,5184
8050,5167,5185
8051,5167,5185
8052,5167,5185
8053,5168,5185
8054,5168,5186
8055,5168,5186
8056,5168,5186
8057,5169,5186
8058,5169,5187
8059,5169,5187
8060,5169,5187
8061,5170,5188
8062,5170,5188
8063,5170,5188
8064,5171,5188
8065,5171,5189
8066,5171,5189
8067,5171,5189
8068,5172,5190
8069,5172,5190
8070,5172,5190
8071,5173,5190
8072,5173,5191
8073,5173,5191
8074,5173,5191
8075,5174,5192
8076,5174,5192
8077,5174,5192
8078,5175,5192
8079,5175,5193
8080,5175,5193
8081,5175,5193
8082,5176,5194
8083,5176,5194
8084,5176,5194
8085,5177,5194
8086,5177,5195
8087,5177,5195
8088,5177,5195
8089,5178,5196
8090,5178,5196
8091,5178,5196
8092,5179,5197
8093,5179,5197
8094,5179,5197
8095,5179,5197
8096,5180,5198
8097,5180,5198
8098,5180,5198
8099,5181,5199
8100,5181,5199
8101,5181,5199
8102,5182,5200
8103,5182,5200
8104,5182,5200
8105,5182,5200
8106,5183,5201
8107,5183,5201
8108,5183,5201
8109,5184,5202
8110,5184,5202
8111,5184,5202
8112,5185,5203
8113,5185,5203
8114,5185,5203
8115,5186,5204
8116,5186,5204
8117,5186,5204
8118,5186,5205
8119,5187,5205
8120,5187,5205
8121,5187,5205
8122,5188,5206
8123,5188,5206
8124,5188,5206
8125,5189,5207
8126,5189,5207
8127,5189,5207
8128,5190,5208
8129,5190,5208
8130,5190,5208
8131,5191,5209
8132,5191,5209
8133,5191,5209
8134,5191,5210
8135,5192,5210
8136,5192,5210
8137,5192,5211
8138,5193,5211
8139,5193,5211
8140,5193,5212
8141,5194,5212
8142,5194,5212
8143,5194,5213
8144,5195,5213
8145,5195,5213
8146,5195,5214
8147,5196,5214
8148,5196,5214
8149,5196,5215
8150,5197,5215
8151,5197,5215
8152,5197,5216
8153,5198,5216
8154,5198,5216
8155,5198,5217
8156,5199,5217
8157,5199,5217
8158,5199,5218
8159,5200,5218
8160,5200,5218
8161,5200,5219
8162,5201,5219
8163,5201,5219
8164,5201,5220
8165,5202,5220
8166,5202,5220
8167,5202,5221
8168,5203,5221
8169,5203,5221
8170,5203,5222
8171,5204,5222
8172,5204,5222
8173,5204,5223
8174,5205,5223
8175,5205,5223
8176,5205,5224
8177,5206,5224
8178,5206,5224
8179,5206,5225
8180,5207,5225
8181,5207,5226
8182,5207,5226
8183,5208,5226
8184,5208,5227
8185,5209,5227
8186,5209,5227
8187,5209,5228
8188,5210,5228
8189,5210,5228
8190,5210,5229
8191,5211,5229
8192,5211,5229
8193,5211,5230
8194,5212,5230
8195,5212,5231
8196,5212,5231
8197,5213,5231
8198,5213,5232
8199,5213,5232
8200,5214,5232
8201,5214,5233
8202,5215,5233
8203,5215,5233
8204,5215,5234
8205,5216,5234
8206,5216,5235
8207,5216,5235
8208,5217,5235
8209,5217,5236
8210,5217,5236
8211,5218,5236
8212,5218,5237
8213,5219,5237
8214,5219,5237
8215,5219,5238
8216,5220,5238
8217,5220,5239
8218,5220,5239
8219,5221,5239
8220,5221,5240
8221,5222,5240
8222,5222,5240
8223,5222,5241
8224,5223,5241
8225,5223,5242
8226,5223,5242
8227,5224,5242
8228,5224,5243
8229,5225,5243
8230,5225,5244
8231,5225,5244
8232,5226,5244
8233,5226,5245
8234,5226,5245
8235,5227,5245
8236,5227,5246
8237,5228,5246
8238,5228,5247
8239,5228,5247
8240,5229,5247
8241,5229,5248
8242,5229,5248
8243,5230,5249
8244,5230,5249
8245,5231,5249
8246,5231,5250
8247,5231,5250
8248,5232,5251
8249,5232,5251
8250,5233,5251
8251,5233,5252
8252,5233,5252
8253,5234,5252
8254,5234,5253
8255,5235,5253
8256,5235,5254
8257,5235,5254
8258,5236,5254
8259,5236,5255
8260,5237,5255
8261,5237,5256
8262,5237,5256
8263,5238,5256
8264,5238,5257
8265,5239,5257
8266,5239,5258
8267,5239,5258
8268,5240,5259
8269,5240,5259
8270,5241,5259
8271,5241,5260
8272,5241,5260
8273,5242,5261
8274,5242,5261
8275,5243,5261
8276,5243,5262
8277,5243,5262
8278,5244,5263
8279,5244,5263
8280,5245,5263
8281,5245,5264
8282,5245,5264
8283,5246,5265
8284,5246,5265
8285,5247,5266
8286,5247,5266
8287,5247,5266
8288,5248,5267
8289,5248,5267
8290,5249,5268
8291,5249,5268
8292,5250,5268
8293,5250,5269
8294,5250,5269
8295,5251,5270
8296,5251,5270
8297,5252,5271
8298,5252,5271
8299,5252,5271
8300,5253,5272
8301,5253,5272
8302,5254,5273
8303,5254,5273
8304,5255,5274
8305,5255,5274
8306,5255,5274
8307,5256,5275
8308,5256,5275
8309,5257,5276
8310,5257,5276
8311,5258,5277
8312,5258,5277
8313,5258,5278
8314,5259,5278
8315,5259,5278
8316,5260,5279
8317,5260,5279
8318,5261,5280
8319,5261,5280
8320,5261,5281
8321,5262,5281
8322,5262,5281
8323,5263,5282
8324,5263,5282
8325,5264,5283
8326,5264,5283
8327,5265,5284
8328,5265,5284
8329,5265,5285
8330,5266,5285
8331,5266,5285
8332,5267,5286
8333,5267,5286
8334,5268,5287
8335,5268,5287
8336,5269,5288
8337,5269,5288
