1866,2310,2373
1867,2294,2388
1868,2283,2399
1869,2273,2409
1870,2265,2417
1871,2257,2424
1872,2250,2431
1873,2244,2437
1874,2237,2443
1875,2232,2448
1876,2226,2453
1877,2221,2458
1878,2216,2463
1879,2211,2467
1880,2207,2471
1881,2202,2475
1882,2198,2348
1882,2366,2479
1883,2194,2319
1883,2396,2483
1884,2190,2304
1884,2411,2487
1885,2186,2292
1885,2423,2490
1886,2182,2283
1886,2433,2494
1887,2178,2274
1887,2442,2497
1888,2174,2267
1888,2450,2500
1889,2171,2260
1889,2457,2503
1890,2167,2253
1890,2465,2506
1891,2164,2247
1891,2471,2509
1892,2161,2241
1892,2478,2511
1893,2157,2236
1893,2484,2514
1894,2154,2230
1894,2490,2516
1895,2151,2225
1895,2496,2518
1896,2148,2220
1896,2502,2520
1897,2145,2216
1897,2509,2521
1898,2142,2211
1898,2516,2521
1899,2139,2207
1900,2136,2203
1901,2133,2199
1902,2130,2195
1903,2127,2191
1904,2124,2187
1905,2122,2183
1906,2119,2180
1907,2116,2176
1908,2114,2173
1909,2111,2169
1910,2109,2166
1911,2106,2163
1912,2104,2159
1913,2101,2156
1914,2099,2153
1915,2096,2150
1916,2094,2147
1917,2092,2144
1918,2089,2141
1919,2087,2138
1920,2085,2136
1921,2082,2133
1922,2080,2130
1923,2078,2127
1924,2076,2125
1925,2074,2122
1926,2072,2120
1927,2069,2117
1928,2067,2114
1929,2065,2112
1930,2063,2110
1931,2061,2107
1932,2059,2105
1933,2057,2102
1934,2055,2100
1935,2053,2098
1936,2051,2095
1937,2049,2093
1938,2047,2091
1939,2045,2089
1940,2044,2086
1941,2042,2084
1942,2040,2082
1943,2038,2080
1944,2036,2078
1945,2034,2076
1946,2032,2074
1947,2031,2071
1948,2029,2069
1949,2027,2067
1950,2025,2065
1951,2024,2063
1952,2022,2061
1953,2020,2059
1954,2018,2058
1955,2017,2056
1956,2015,2054
1957,2013,2052
1958,2012,2050
1959,2010,2048
1960,2008,2046
1961,2007,2044
1962,2005,2043
1963,2004,2041
1964,2002,2039
1965,2000,2037
1966,1999,2035
1967,1997,2034
1968,1996,2032
1969,1994,2030
1970,1993,2028
1971,1991,2027
1972,1990,2025
1973,1988,2023
1974,1987,2022
1975,1985,2020
1976,1984,2018
1977,1982,2017
1978,1981,2015
1979,1979,2014
1980,1978,2012
1981,1976,2010
1982,1975,2009
1983,1973,2007
1984,1972,2006
1985,1971,2004
1986,1969,2003
1987,1968,2001
1988,1966,2000
1989,1965,1998
1990,1964,1996
1991,1962,1995
1992,1961,1994
1993,1960,1992
1994,1958,1991
1995,1957,1989
1996,1956,1988
1997,1954,1986
1998,1953,1985
1999,1952,1983
2000,1950,1982
2001,1949,1981
2002,1948,1979
2003,1946,1978
2004,1945,1976
2005,1944,1975
2006,1943,1974
2007,1941,1972
2008,1940,1971
2009,1939,1970
2010,1938,1968
2011,1936,1967
2012,1935,1966
2013,1934,1964
2014,1933,1963
2015,1932,1962
2016,1930,1960
2017,1929,1959
2018,1928,1958
2019,1927,1956
2020,1926,1955
2021,1925,1954
2022,1923,1953
2023,1922,1951
2024,1921,1950
2025,1920,1949
2026,1919,1948
2027,1918,1946
2028,1916,1945
2029,1915,1944
2030,1914,1943
2031,1913,1942
2032,1912,1940
2033,1911,1939
2034,1910,1938
2035,1909,1937
2036,1908,1936
2037,1907,1935
2038,1905,1933
2039,1904,1932
2040,1903,1931
2041,1902,1930
2042,1901,1929
2043,1900,1928
2044,1899,1927
2045,1898,1925
2046,1897,1924
2047,1896,1923
2048,1895,1922
2049,1894,1921
2050,1893,1920
2051,1892,1919
2052,1891,1918
2053,1890,1917
2054,1889,1916
2055,1888,1915
2056,1887,1913
2057,1886,1912
2058,1885,1911
2059,1884,1910
2060,1883,1909
2061,1882,1908
2062,1881,1907
2063,1880,1906
2064,1879,1905
2065,1878,1904
2634,1706,1722
2635,1706,1722
2636,1707,1723
2637,1707,1723
2638,1707,1723
2639,1707,1723
2640,1707,1723
2641,1708,1724
2642,1708,1724
2643,1708,1724
2644,1708,1724
2645,1708,1724
2646,1708,1725
2647,1709,1725
2648,1709,1725
2649,1709,1725
2650,1709,1725
2651,1709,1726
2652,1710,1726
2653,1710,1726
2654,1710,1726
2655,1710,1726
2656,1711,1727
2657,1711,1727
2658,1711,1727
2659,1711,1727
2660,1711,1728
2661,1712,1728
2662,1712,1728
2663,1712,1728
2664,1712,1728
2665,1713,1729
2666,1713,1729
2667,1713,1729
2668,1713,1729
2669,1713,1730
2670,1714,1730
2671,1714,1730
2672,1714,1730
2673,1714,1731
2674,1715,1731
2675,1715,1731
2676,1715,1731
2677,1715,1732
2678,1716,1732
2679,1716,1732
2680,1716,1732
2681,1716,1733
2682,1717,1733
2683,1717,1733
2684,1717,1733
2685,1717,1734
2686,1718,1734
2687,1718,1734
2688,1718,1734
2689,1718,1735
2690,1719,1735
2691,1719,1735
2692,1719,1736
2693,1720,1736
2694,1720,1736
2695,1720,1736
2696,1720,1737
2697,1721,1737
2698,1721,1737
2699,1721,1738
2700,1722,1738
2701,1722,1738
2702,1722,1738
2703,1722,1739
2704,1723,1739
2705,1723,1739
2706,1723,1740
2707,1724,1740
2708,1724,1740
2709,1724,1741
2710,1724,1741
2711,1725,1741
2712,1725,1742
2713,1725,1742
2714,1726,1742
2715,1726,1742
2716,1726,1743
2717,1727,1743
2718,1727,1743
2719,1727,1744
2720,1728,1744
2721,1728,1744
2722,1728,1745
2723,1729,1745
2724,1729,1745
2725,1729,1746
2726,1730,1746
2727,1730,1746
2728,1730,1747
2729,1731,1747
2730,1731,1747
2731,1731,1748
2732,1732,1748
2733,1732,1749
2734,1732,1749
2735,1733,1749
2736,1733,1750
2737,1733,1750
2738,1734,1750
2739,1734,1751
2740,1734,1751
2741,1735,1751
2742,1735,1752
2743,1735,1752
2744,1736,1753
2745,1736,1753
2746,1737,1753
2747,1737,1754
2748,1737,1754
2749,1738,1754
2750,1738,1755
2751,1738,1755
2752,1739,1756
2753,1739,1756
2754,1740,1756
2755,1740,1757
2756,1740,1757
2757,1741,1758
2758,1741,1758
2759,1742,1758
2760,1742,1759
2761,1742,1759
2762,1743,1760
2763,1743,1760
2764,1743,1760
2765,1744,1761
2766,1744,1761
2767,1745,1762
2768,1745,1762
2769,1746,1763
2770,1746,1763
2771,1746,1763
2772,1747,1764
2773,1747,1764
2774,1748,1765
2775,1748,1765
2776,1748,1766
2777,1749,1766
2778,1749,1766
2779,1750,1767
2780,1750,1767
2781,1751,1768
2782,1751,1768
2783,1751,1769
2784,1752,1769
2785,1752,1770
2786,1753,1770
2787,1753,1771
2788,1754,1771
2789,1754,1771
2790,1755,1772
2791,1755,1772
2792,1755,1773
2793,1756,1773
2794,1756,1774
2795,1757,1774
2796,1757,1775
2797,1758,1775
2798,1758,1776
2799,1759,1776
2800,1759,1777
2801,1760,1777
2802,1760,1778
2803,1761,1778
2804,1761,1779
2805,1762,1779
2806,1762,1780
2807,1763,1780
2808,1763,1781
2809,1764,1781
2810,1764,1782
2811,1765,1782
2812,1765,1783
2813,1765,1783
2814,1766,1784
2815,1766,1784
2816,1767,1785
2817,1768,1785
2818,1768,1786
2819,1769,1786
2820,1769,1787
2821,1770,1787
2822,1770,1788
2823,1771,1789
2824,1771,1789
2825,1772,1790
2826,1772,1790
2827,1773,1791
2828,1773,1791
2829,1774,1792
2830,1774,1792
2831,1775,1793
2832,1775,1794
2833,1776,1794
2834,1776,1795
2835,1777,1795
2836,1778,1796
2837,1778,1796
2838,1779,1797
2839,1779,1798
2840,1780,1798
2841,1780,1799
2842,1781,1799
2843,1781,1800
2844,1782,1800
2845,1783,1801
2846,1783,1802
2847,1784,1802
2848,1784,1803
2849,1785,1803
2850,1785,1804
2851,1786,1805
2852,1787,1805
2853,1787,1806
2854,1788,1807
2855,1788,1807
2856,1789,1808
2857,1790,1808
2858,1790,1809
2859,1791,1810
2860,1791,1810
2861,1792,1811
2862,1793,1812
2863,1793,1812
2864,1794,1813
2865,1794,1813
2866,1795,1814
2867,1796,1815
2868,1796,1815
2869,1797,1816
2870,1798,1817
2871,1798,1817
2872,1799,1818
2873,1799,1819
2874,1800,1819
2875,1801,1820
2876,1801,1821
2877,1802,1821
2878,1803,1822
2879,1803,1823
2880,1804,1823
2881,1805,1824
2882,1805,1825
2883,1806,1826
2884,1807,1826
2885,1807,1827
2886,1808,1828
2887,1809,1828
2888,1809,1829
2889,1810,1830
2890,1811,1831
2891,1811,1831
2892,1812,1832
2893,1813,1833
2894,1813,1833
2895,1814,1834
2896,1815,1835
2897,1815,1836
2898,1816,1836
2899,1817,1837
2900,1818,1838
2901,1818,1839
2902,1819,1839
2903,1820,1840
2904,1820,1841
2905,1821,1842
2906,1822,1842
2907,1823,1843
2908,1823,1844
2909,1824,1845
2910,1825,1845
2911,1825,1846
2912,1826,1847
2913,1827,1848
2914,1828,1849
2915,1828,1849
2916,1829,1850
2917,1830,1851
3048,1962,1994
3049,1963,1996
3050,1965,1997
3051,1966,1999
3052,1967,2000
3053,1969,2002
3054,1970,2003
3055,1971,2005
3056,1973,2006
3057,1974,2008
3058,1976,2010
3059,1977,2011
3060,1978,2013
3061,1980,2014
3062,1981,2016
3063,1983,2018
3064,1984,2019
3065,1986,2021
3066,1987,2023
3067,1989,2024
3068,1990,2026
3069,1992,2028
3070,1993,2030
3071,1995,2031
3072,1996,2033
3073,1998,2035
3074,1999,2037
3075,2001,2038
3076,2003,2040
3077,2004,2042
3078,2006,2044
3079,2007,2046
3080,2009,2047
3081,2011,2049
3082,2012,2051
3083,2014,2053
3084,2016,2055
3085,2017,2057
3086,2019,2059
3087,2021,2061
3088,2022,2063
3089,2024,2065
3090,2026,2067
3091,2027,2069
3092,2029,2071
3093,2031,2073
3094,2033,2075
3095,2035,2077
3096,2036,2080
3097,2038,2082
3098,2040,2084
3099,2042,2086
3100,2044,2088
3101,2046,2091
3102,2048,2093
3103,2049,2095
3104,2051,2097
3105,2053,2100
3106,2055,2102
3107,2057,2105
3108,2059,2107
3109,2061,2109
3110,2063,2112
3111,2065,2114
3112,2067,2117
3113,2069,2120
3114,2072,2122
3115,2074,2125
3162,2214,2450
3161,2209,2454
3160,2205,2457
3159,2200,2460
3158,2196,2463
3157,2192,2332
3157,2403,2465
3156,2188,2314
3156,2422,2467
3155,2184,2302
3155,2438,2467
3154,2180,2291
3154,2456,2464
3153,2177,2282
3152,2173,2274
3151,2169,2267
3150,2166,2260
3149,2163,2253
3148,2159,2247
3147,2156,2241
3134,2118,2184
3135,2121,2187
3136,2124,2191
3137,2126,2195
3138,2129,2199
3139,2132,2203
3140,2135,2207
3141,2138,2212
3142,2141,2216
3143,2144,2221
3144,2147,2226
3145,2150,2231
3146,2153,2236
3163,2219,2446
3164,2224,2442
3165,2229,2437
3166,2235,2433
3167,2241,2427
3168,2247,2422
3169,2254,2416
3170,2262,2409
3171,2270,2401
3172,2279,2392
3173,2290,2382
3174,2305,2367
3133,2116,2180
3132,2113,2176
3131,2111,2173
3130,2108,2169
3129,2106,2166
3128,2103,2163
3127,2101,2160
3126,2098,2156
3125,2096,2153
3124,2094,2150
3123,2091,2147
3122,2089,2144
3121,2087,2141
3120,2085,2138
3119,2082,2136
3118,2080,2133
3117,2078,2130
3116,2076,2127
3047,1961,1993
3046,1959,1991
3045,1958,1990
3044,1957,1988
3043,1955,1987
3042,1954,1985
3041,1953,1984
3040,1951,1982
3039,1950,1981
3038,1949,1980
3037,1947,1978
3036,1946,1977
3035,1945,1975
3034,1944,1974
3033,1942,1973
3032,1941,1971
3031,1940,1970
3030,1939,1968
3029,1938,1967
3028,1936,1966
3027,1935,1964
3026,1934,1963
3025,1933,1962
3024,1932,1961
3023,1930,1959
3022,1929,1958
3021,1928,1957
3020,1927,1955
3019,1926,1954
3018,1925,1953
3017,1923,1952
3016,1922,1950
3015,1921,1949
3014,1920,1948
3013,1919,1947
3012,1918,1945
3011,1917,1944
3010,1915,1943
3009,1914,1942
3008,1913,1940
3007,1912,1939
3006,1911,1938
3005,1910,1937
3004,1909,1936
3003,1908,1934
3002,1907,1933
3001,1906,1932
3000,1905,1931
2999,1903,1930
2998,1902,1929
2997,1901,1928
2996,1900,1926
2995,1899,1925
2994,1898,1924
2993,1897,1923
2992,1896,1922
2991,1895,1921
2990,1894,1920
2989,1893,1919
2988,1892,1918
2987,1891,1916
2986,1890,1915
2985,1889,1914
2984,1888,1913
2983,1887,1912
2982,1886,1911
2981,1885,1910
2980,1884,1909
2979,1883,1908
2978,1882,1907
2977,1881,1906
2976,1880,1905
2975,1879,1904
2974,1878,1903
2973,1877,1902
2972,1876,1901
2971,1876,1900
2970,1875,1899
2969,1874,1898
2968,1873,1897
2967,1872,1896
2966,1871,1895
2965,1870,1894
2964,1869,1893
2963,1868,1892
2962,1867,1891
2961,1866,1890
2960,1865,1889
2959,1865,1888
2958,1864,1887
2957,1863,1886
2956,1862,1885
2955,1861,1884
2954,1860,1883
2953,1859,1882
2952,1858,1881
2951,1857,1880
2950,1857,1879
2949,1856,1878
2948,1855,1878
2947,1854,1877
2946,1853,1876
2945,1852,1875
2944,1852,1874
2943,1851,1873
2942,1850,1872
2941,1849,1871
2940,1848,1870
2939,1847,1869
2938,1847,1869
2937,1846,1868
2936,1845,1867
2935,1844,1866
2934,1843,1865
2933,1842,1864
2932,1842,1863
2931,1841,1863
2930,1840,1862
2929,1839,1861
2928,1838,1860
2927,1838,1859
2926,1837,1858
2925,1836,1858
2924,1835,1857
2923,1835,1856
2922,1834,1855
2921,1833,1854
2920,1832,1853
2919,1831,1853
2918,1831,1852
2633,1706,1722
2632,1706,1722
2631,1706,1722
2630,1706,1722
2629,1705,1721
2628,1705,1721
2627,1705,1721
2626,1705,1721
2625,1705,1721
2624,1705,1721
2623,1704,1720
2622,1704,1720
2621,1704,1720
2620,1704,1720
2619,1704,1720
2618,1704,1720
2617,1703,1719
2616,1703,1719
2615,1703,1719
2614,1703,1719
2613,1703,1719
2612,1703,1719
2611,1703,1719
2610,1702,1718
2609,1702,1718
2608,1702,1718
2607,1702,1718
2606,1702,1718
2605,1702,1718
2604,1702,1718
2603,1701,1717
2602,1701,1717
2601,1701,1717
2600,1701,1717
2599,1701,1717
2598,1701,1717
2597,1701,1717
2596,1701,1717
2595,1700,1716
2594,1700,1716
2593,1700,1716
2592,1700,1716
2591,1700,1716
2590,1700,1716
2589,1700,1716
2588,1700,1716
2587,1700,1716
2586,1699,1715
2585,1699,1715
2584,1699,1715
2583,1699,1715
2582,1699,1715
2581,1699,1715
2580,1699,1715
2579,1699,1715
2578,1699,1715
2577,1699,1715
2576,1699,1715
2575,1698,1714
2574,1698,1714
2573,1698,1714
2572,1698,1714
2571,1698,1714
2570,1698,1714
2569,1698,1714
2568,1698,1714
2567,1698,1714
2566,1698,1714
2565,1698,1714
2564,1698,1714
2563,1697,1714
2562,1697,1713
2561,1697,1713
2560,1697,1713
2559,1697,1713
2558,1697,1713
2557,1697,1713
2556,1697,1713
2555,1697,1713
2554,1697,1713
2553,1697,1713
2552,1697,1713
2551,1697,1713
2550,1697,1713
2549,1697,1713
2548,1697,1713
2547,1697,1713
2546,1697,1713
2545,1697,1713
2544,1696,1713
2543,1696,1713
2542,1696,1713
2541,1696,1712
2540,1696,1712
2539,1696,1712
2538,1696,1712
2537,1696,1712
2536,1696,1712
2535,1696,1712
2534,1696,1712
2533,1696,1712
2532,1696,1712
2531,1696,1712
2530,1696,1712
2529,1696,1712
2528,1696,1712
2527,1696,1712
2526,1696,1712
2525,1696,1712
2524,1696,1712
2524,2897,2898
2523,1696,1712
2523,2896,2900
2522,1696,1712
2522,2895,2900
2521,1696,1712
2521,2895,2901
2520,1696,1712
2520,2894,2901
2519,1696,1712
2519,2894,2902
2518,1696,1712
2518,2893,2902
2517,1696,1712
2517,2893,2902
2517,3242,3243
2516,1696,1712
2516,2893,2903
2516,3241,3244
2515,1696,1712
2515,2893,2903
2515,3240,3245
2514,1696,1712
2514,2892,2903
2514,3240,3245
2513,1696,1712
2513,2892,2903
2513,3239,3245
2512,1696,1712
2512,2892,2903
2512,3239,3245
2511,1696,1712
2511,2892,2904
2511,3239,3245
2510,1696,1712
2510,2892,2904
2510,3240,3245
2509,1696,1712
2509,2892,2904
2509,3240,3245
2508,1696,1712
2508,2892,2904
2508,3241,3244
2507,1696,1712
2507,2892,2904
2507,3242,3243
2506,1696,1712
2506,2892,2904
2505,1696,1712
2505,2892,2904
2504,1696,1712
2504,2892,2904
2503,1696,1712
2503,2892,2904
2502,1696,1712
2502,2892,2904
2501,1696,1712
2501,2892,2904
2500,1696,1713
2500,2892,2904
2499,1696,1713
2499,2892,2904
2498,1696,1713
2498,2892,2903
2497,1696,1713
2497,2892,2903
2496,1696,1713
2496,2892,2903
2495,1696,1713
2495,2893,2903
2494,1696,1713
2494,2893,2903
2493,1696,1713
2493,2893,2902
2492,1696,1713
2492,2893,2902
2491,1697,1713
2491,2894,2902
2490,1697,1713
2490,2894,2901
2489,1697,1713
2489,2895,2901
2488,1697,1713
2488,2895,2901
2487,1697,1713
2487,2896,2900
2486,1697,1713
2486,2897,2899
2485,1697,1713
2484,1697,1713
2483,1697,1713
2482,1697,1713
2481,1697,1713
2480,1697,1714
2479,1697,1714
2478,1697,1714
2477,1697,1714
2476,1697,1714
2475,1697,1714
2474,1697,1714
2473,1698,1714
2472,1698,1714
2471,1698,1714
2470,1698,1714
2469,1698,1714
2468,1698,1714
2467,1698,1714
2466,1698,1715
2465,1698,1715
2464,1698,1715
2463,1698,1715
2462,1698,1715
2461,1698,1715
2460,1699,1715
2459,1699,1715
2458,1699,1715
2457,1699,1715
2456,1699,1716
2455,1699,1716
2454,1699,1716
2453,1699,1716
2452,1699,1716
2451,1699,1716
2450,1700,1716
2449,1700,1716
2448,1700,1716
2447,1700,1717
2446,1700,1717
2445,1700,1717
2444,1700,1717
2443,1700,1717
2442,1700,1717
2441,1701,1717
2440,1701,1717
2439,1701,1718
2438,1701,1718
2437,1701,1718
2436,1701,1718
2435,1701,1718
2434,1701,1718
2433,1702,1718
2432,1702,1718
2431,1702,1719
2430,1702,1719
2429,1702,1719
2428,1702,1719
2427,1702,1719
2426,1702,1719
2425,1703,1719
2424,1703,1720
2423,1703,1720
2422,1703,1720
2421,1703,1720
2420,1703,1720
2419,1703,1720
2418,1704,1721
2417,1704,1721
2416,1704,1721
2415,1704,1721
2414,1704,1721
2413,1704,1721
2412,1705,1722
2411,1705,1722
2410,1705,1722
2409,1705,1722
2408,1705,1722
2407,1705,1723
2406,1706,1723
2405,1706,1723
2404,1706,1723
2403,1706,1723
2402,1706,1723
2401,1706,1724
2400,1707,1724
2399,1707,1724
2398,1707,1724
2397,1707,1724
2396,1707,1725
2395,1708,1725
2394,1708,1725
2393,1708,1725
2392,1708,1725
2391,1708,1726
2390,1709,1726
2389,1709,1726
2388,1709,1726
2387,1709,1726
2386,1709,1727
2385,1710,1727
2384,1710,1727
2383,1710,1727
2382,1710,1728
2381,1710,1728
2380,1711,1728
2379,1711,1728
2378,1711,1728
2377,1711,1729
2376,1712,1729
2375,1712,1729
2374,1712,1729
2373,1712,1730
2372,1712,1730
2371,1713,1730
2370,1713,1730
2369,1713,1731
2368,1713,1731
2367,1714,1731
2366,1714,1731
2365,1714,1732
2364,1714,1732
2363,1715,1732
2362,1715,1732
2361,1715,1733
2360,1715,1733
2359,1716,1733
2358,1716,1733
2357,1716,1734
2356,1716,1734
2355,1717,1734
2354,1717,1735
2353,1717,1735
2352,1717,1735
2351,1718,1735
2350,1718,1736
2349,1718,1736
2348,1718,1736
2347,1719,1736
2346,1719,1737
2345,1719,1737
2344,1719,1737
2343,1720,1738
2342,1720,1738
2341,1720,1738
2340,1721,1738
2339,1721,1739
2338,1721,1739
2337,1721,1739
2336,1722,1740
2335,1722,1740
2334,1722,1740
2333,1723,1741
2332,1723,1741
2331,1723,1741
2330,1724,1742
2329,1724,1742
2328,1724,1742
2327,1724,1742
2326,1725,1743
2325,1725,1743
2324,1725,1743
2323,1726,1744
2322,1726,1744
2321,1726,1744
2320,1727,1745
2319,1727,1745
2318,1727,1745
2317,1728,1746
2316,1728,1746
2315,1728,1746
2314,1729,1747
2313,1729,1747
2312,1729,1747
2311,1730,1748
2310,1730,1748
2309,1730,1749
2308,1731,1749
2307,1731,1749
2306,1731,1750
2305,1732,1750
2304,1732,1750
2303,1732,1751
2302,1733,1751
2301,1733,1751
2300,1733,1752
2299,1734,1752
2298,1734,1753
2297,1734,1753
2296,1735,1753
2295,1735,1754
2294,1735,1754
2293,1736,1754
2292,1736,1755
2291,1737,1755
2290,1737,1756
2289,1737,1756
2288,1738,1756
2287,1738,1757
2286,1738,1757
2285,1739,1758
2284,1739,1758
2283,1740,1758
2282,1740,1759
2281,1740,1759
2280,1741,1760
2279,1741,1760
2278,1741,1760
2277,1742,1761
2276,1742,1761
2275,1743,1762
2274,1743,1762
2273,1743,1762
2272,1744,1763
2271,1744,1763
2270,1745,1764
2269,1745,1764
2268,1746,1765
2267,1746,1765
2266,1746,1765
2265,1747,1766
2264,1747,1766
2263,1748,1767
2262,1748,1767
2261,1748,1768
2260,1749,1768
2259,1749,1769
2258,1750,1769
2257,1750,1769
2256,1751,1770
2255,1751,1770
2254,1752,1771
2253,1752,1771
2252,1752,1772
2251,1753,1772
2250,1753,1773
2249,1754,1773
2248,1754,1774
2247,1755,1774
2246,1755,1775
2245,1756,1775
2244,1756,1776
2243,1756,1776
2242,1757,1777
2241,1757,1777
2240,1758,1778
2239,1758,1778
2238,1759,1779
2237,1759,1779
2236,1760,1780
2235,1760,1780
2234,1761,1781
2233,1761,1781
2232,1762,1782
2231,1762,1782
2230,1763,1783
2229,1763,1783
2228,1764,1784
2227,1764,1784
2226,1765,1785
2225,1765,1785
2224,1766,1786
2223,1766,1786
2222,1767,1787
2221,1767,1787
2220,1768,1788
2219,1768,1788
2218,1769,1789
2217,1769,1789
2216,1770,1790
2215,1770,1790
2214,1771,1791
2213,1771,1792
2212,1772,1792
2211,1772,1793
2210,1773,1793
2209,1773,1794
2208,1774,1794
2207,1774,1795
2206,1775,1796
2205,1776,1796
2204,1776,1797
2203,1777,1797
2202,1777,1798
2201,1778,1798
2200,1778,1799
2199,1779,1800
2198,1779,1800
2197,1780,1801
2196,1781,1801
2195,1781,1802
2194,1782,1802
2193,1782,1803
2192,1783,1804
2191,1783,1804
2190,1784,1805
2189,1785,1806
2188,1785,1806
2187,1786,1807
2186,1786,1807
2185,1787,1808
2184,1788,1809
2183,1788,1809
2182,1789,1810
2181,1789,1810
2180,1790,1811
2179,1791,1812
2178,1791,1812
2177,1792,1813
2176,1792,1814
2175,1793,1814
2174,1794,1815
2173,1794,1816
2172,1795,1816
2171,1795,1817
2170,1796,1818
2169,1797,1818
2168,1797,1819
2167,1798,1820
2166,1799,1820
2165,1799,1821
2164,1800,1822
2163,1801,1822
2162,1801,1823
2161,1802,1824
2160,1802,1824
2159,1803,1825
2158,1804,1826
2157,1804,1826
2156,1805,1827
2155,1806,1828
2154,1806,1828
2153,1807,1829
2152,1808,1830
2151,1808,1831
2150,1809,1831
2149,1810,1832
2148,1810,1833
2147,1811,1833
2146,1812,1834
2145,1813,1835
2144,1813,1836
2143,1814,1836
2142,1815,1837
2141,1815,1838
2140,1816,1839
2139,1817,1839
2138,1817,1840
2137,1818,1841
2136,1819,1842
2135,1820,1842
2134,1820,1843
2133,1821,1844
2132,1822,1845
2131,1823,1845
2130,1823,1846
2129,1824,1847
2128,1825,1848
2127,1825,1849
2126,1826,1849
2125,1827,1850
2124,1828,1851
2123,1828,1852
2122,1829,1852
2121,1830,1853
2120,1831,1854
2119,1832,1855
2118,1832,1856
2117,1833,1857
2116,1834,1857
2115,1835,1858
2114,1835,1859
2113,1836,1860
2112,1837,1861
2111,1838,1861
2110,1839,1862
2109,1839,1863
2108,1840,1864
2107,1841,1865
2106,1842,1866
2105,1843,1867
2104,1843,1867
2103,1844,1868
2102,1845,1869
2101,1846,1870
2100,1847,1871
2099,1848,1872
2098,1848,1873
2097,1849,1874
2096,1850,1874
2095,1851,1875
2094,1852,1876
2093,1853,1877
2092,1853,1878
2091,1854,1879
2090,1855,1880
2089,1856,1881
2088,1857,1882
2087,1858,1883
2086,1859,1884
2085,1860,1885
2084,1860,1885
2083,1861,1886
2082,1862,1887
2081,1863,1888
2080,1864,1889
2079,1865,1890
2078,1866,1891
2077,1867,1892
2076,1868,1893
2075,1869,1894
2074,1869,1895
2073,1870,1896
2072,1871,1897
2071,1872,1898
2070,1873,1899
2069,1874,1900
2068,1875,1901
2067,1876,1902
2066,1877,1903
