1859,2321,2335
1860,2294,2361
1861,2281,2374
1862,2270,2383
1863,2261,2391
1864,2253,2398
1865,2246,2404
1866,2239,2409
1867,2233,2413
1868,2227,2417
1869,2222,2419
1870,2216,2421
1871,2211,2420
1872,2206,2373
1873,2202,2336
1874,2197,2319
1875,2193,2306
1876,2189,2296
1877,2185,2286
1878,2181,2278
1879,2177,2271
1880,2173,2264
1881,2170,2257
1882,2166,2251
1883,2162,2245
1884,2159,2239
1885,2156,2234
1886,2152,2229
1887,2149,2224
1888,2146,2219
1889,2143,2215
1890,2140,2211
1891,2137,2206
1892,2134,2202
1893,2131,2198
1894,2128,2194
1895,2125,2190
1896,2123,2186
1897,2120,2183
1898,2117,2179
1899,2114,2176
1900,2112,2172
1901,2109,2169
1902,2107,2166
1903,2104,2162
1904,2102,2159
1905,2099,2156
1906,2097,2153
1907,2094,2150
1908,2092,2147
1909,2090,2144
1910,2087,2141
1911,2085,2138
1912,2083,2135
1913,2080,2133
1914,2078,2130
1915,2076,2127
1916,2074,2125
1917,2072,2122
1918,2069,2119
1919,2067,2117
1920,2065,2114
1921,2063,2112
1922,2061,2109
1923,2059,2107
1924,2057,2104
1925,2055,2102
1926,2053,2100
1927,2051,2097
1928,2049,2095
1929,2047,2093
1930,2045,2091
1931,2043,2088
1932,2041,2086
1933,2039,2084
1934,2038,2082
1935,2036,2080
1936,2034,2077
1937,2032,2075
1938,2030,2073
1939,2028,2071
1940,2027,2069
1941,2025,2067
1942,2023,2065
1943,2021,2063
1944,2020,2061
1945,2018,2059
1946,2016,2057
1947,2015,2055
1948,2013,2053
1949,2011,2051
1950,2010,2050
1951,2008,2048
1952,2006,2046
1953,2005,2044
1954,2003,2042
1955,2001,2040
1956,2000,2038
1957,1998,2037
1958,1997,2035
1959,1995,2033
1960,1993,2031
1961,1992,2030
1962,1990,2028
1963,1989,2026
1964,1987,2025
1965,1986,2023
1966,1984,2021
1967,1983,2020
1968,1981,2018
1969,1980,2016
1970,1978,2015
1971,1977,2013
1972,1976,2011
1973,1974,2010
1974,1973,2008
1975,1971,2007
1976,1970,2005
1977,1968,2003
3165,2319,2345
3164,2296,2367
3163,2282,2380
3162,2272,2390
3161,2263,2398
3160,2255,2405
3159,2247,2412
3158,2241,2417
3157,2234,2422
3156,2228,2427
3155,2223,2431
3154,2218,2434
3153,2213,2437
3152,2208,2350
3152,2387,2439
3151,2203,2324
3151,2418,2437
3150,2199,2309
3149,2194,2298
3148,2190,2288
3147,2186,2279
3146,2182,2271
3145,2178,2264
3144,2174,2257
3143,2171,2251
3142,2167,2245
3141,2164,2239
3140,2160,2234
3139,2157,2229
3138,2153,2224
3137,2150,2219
3136,2147,2215
3135,2144,2210
3134,2141,2206
3133,2138,2202
3132,2135,2198
3131,2132,2194
3130,2129,2190
3129,2126,2186
3128,2123,2182
3127,2121,2179
3126,2118,2175
3125,2115,2172
3124,2113,2169
3123,2110,2165
3122,2107,2162
3121,2105,2159
3120,2102,2156
3119,2100,2153
3118,2097,2150
3117,2095,2147
3116,2093,2144
3115,2090,2141
3114,2088,2138
3113,2086,2135
3112,2083,2132
3111,2081,2130
3110,2079,2127
3109,2077,2124
3108,2074,2122
3107,2072,2119
3106,2070,2116
3105,2068,2114
3104,2066,2111
3103,2064,2109
3102,2062,2107
3101,2059,2104
3100,2057,2102
3099,2055,2099
3098,2053,2097
3097,2051,2095
3096,2049,2093
3095,2048,2090
3094,2046,2088
3093,2044,2086
3092,2042,2084
3091,2040,2081
3090,2038,2079
3089,2036,2077
3088,2034,2075
3087,2032,2073
2480,1694,1712
2479,1694,1712
2478,1694,1712
2477,1694,1712
2476,1694,1712
2475,1694,1712
2474,1694,1712
2473,1694,1712
2472,1694,1712
2471,1694,1712
2470,1694,1713
2469,1694,1713
2468,1694,1713
2467,1694,1713
2466,1694,1713
2465,1695,1713
2464,1695,1713
2463,1695,1713
2462,1695,1713
2461,1695,1713
2460,1695,1713
2459,1695,1713
2458,1695,1713
2457,1695,1714
2456,1695,1714
2455,1695,1714
2454,1695,1714
2453,1695,1714
2452,1696,1714
2451,1696,1714
2450,1696,1714
2449,1696,1714
2448,1696,1714
2447,1696,1714
2446,1696,1715
2445,1696,1715
2444,1696,1715
2443,1696,1715
2442,1697,1715
2441,1697,1715
2440,1697,1715
2439,1697,1715
2438,1697,1715
2437,1697,1716
2436,1697,1716
2435,1697,1716
2434,1697,1716
2433,1698,1716
2432,1698,1716
2431,1698,1716
2430,1698,1716
2429,1698,1717
2428,1698,1717
2427,1698,1717
2426,1699,1717
2425,1699,1717
2424,1699,1717
2423,1699,1717
2422,1699,1718
2421,1699,1718
2420,1699,1718
2419,1699,1718
2418,1700,1718
2417,1700,1718
2416,1700,1718
2415,1700,1719
2414,1700,1719
2413,1700,1719
2412,1701,1719
2411,1701,1719
2410,1701,1719
2409,1701,1720
2408,1701,1720
2407,1701,1720
2406,1701,1720
2405,1702,1720
2404,1702,1720
2403,1702,1721
2402,1702,1721
2401,1702,1721
2400,1702,1721
2399,1703,1721
2398,1703,1721
2397,1703,1722
2396,1703,1722
2395,1703,1722
2394,1704,1722
2393,1704,1722
2392,1704,1723
2391,1704,1723
2390,1704,1723
2389,1704,1723
2388,1705,1723
2387,1705,1724
2386,1705,1724
2385,1705,1724
2384,1705,1724
2383,1706,1724
2382,1706,1725
2381,1706,1725
2380,1706,1725
2379,1706,1725
2378,1707,1725
2377,1707,1726
2376,1707,1726
2375,1707,1726
2374,1708,1726
2373,1708,1727
2372,1708,1727
2371,1708,1727
2370,1708,1727
2369,1709,1727
2368,1709,1728
2367,1709,1728
2366,1709,1728
2365,1710,1728
2364,1710,1729
2363,1710,1729
2362,1710,1729
2361,1710,1729
2360,1711,1730
2359,1711,1730
2358,1711,1730
2357,1711,1730
2356,1712,1731
2355,1712,1731
2354,1712,1731
2353,1712,1731
2352,1713,1732
2351,1713,1732
2350,1713,1732
2349,1713,1732
2348,1714,1733
2347,1714,1733
2346,1714,1733
2345,1714,1733
2344,1715,1734
2343,1715,1734
2342,1715,1734
2341,1716,1735
2340,1716,1735
2339,1716,1735
2338,1716,1735
2337,1717,1736
2336,1717,1736
2335,1717,1736
2334,1717,1737
2333,1718,1737
2332,1718,1737
2331,1718,1737
2330,1719,1738
2329,1719,1738
2328,1719,1738
2327,1719,1739
2326,1720,1739
2325,1720,1739
2324,1720,1740
2323,1721,1740
2322,1721,1740
2321,1721,1741
2320,1722,1741
2319,1722,1741
2318,1722,1741
2317,1722,1742
2316,1723,1742
2315,1723,1742
2314,1723,1743
2313,1724,1743
2312,1724,1743
2311,1724,1744
2310,1725,1744
2309,1725,1744
2308,1725,1745
2307,1726,1745
2306,1726,1745
2305,1726,1746
2304,1727,1746
2303,1727,1746
2302,1727,1747
2301,1728,1747
2300,1728,1748
2299,1728,1748
2298,1729,1748
2297,1729,1749
2296,1729,1749
2295,1730,1749
2294,1730,1750
2293,1730,1750
2292,1731,1750
2291,1731,1751
2290,1732,1751
2289,1732,1752
2288,1732,1752
2287,1733,1752
2286,1733,1753
2285,1733,1753
2284,1734,1753
2283,1734,1754
2282,1734,1754
2281,1735,1755
2280,1735,1755
2279,1736,1755
2278,1736,1756
2277,1736,1756
2276,1737,1757
2275,1737,1757
2274,1738,1757
2273,1738,1758
2272,1738,1758
2271,1739,1759
2270,1739,1759
2269,1739,1759
2268,1740,1760
2267,1740,1760
2266,1741,1761
2265,1741,1761
2264,1741,1762
2263,1742,1762
2262,1742,1762
2261,1743,1763
2260,1743,1763
2259,1744,1764
2258,1744,1764
2257,1744,1765
2256,1745,1765
2255,1745,1765
2254,1746,1766
2253,1746,1766
2252,1747,1767
2251,1747,1767
2250,1747,1768
2249,1748,1768
2248,1748,1769
2247,1749,1769
2246,1749,1769
2245,1750,1770
2244,1750,1770
2243,1750,1771
2242,1751,1771
2241,1751,1772
2240,1752,1772
2239,1752,1773
2238,1753,1773
2237,1753,1774
2236,1754,1774
2235,1754,1775
2234,1755,1775
2233,1755,1776
2232,1756,1776
2231,1756,1777
2230,1756,1777
2229,1757,1778
2228,1757,1778
2227,1758,1779
2226,1758,1779
2225,1759,1780
2224,1759,1780
2223,1760,1781
2222,1760,1781
2221,1761,1782
2220,1761,1782
2219,1762,1783
2218,1762,1783
2217,1763,1784
2216,1763,1784
2215,1764,1785
2214,1764,1785
2213,1765,1786
2212,1765,1786
2211,1766,1787
2210,1766,1787
2209,1767,1788
2208,1767,1789
2207,1768,1789
2206,1768,1790
2205,1769,1790
2204,1770,1791
2203,1770,1791
2202,1771,1792
2201,1771,1792
2200,1772,1793
2199,1772,1794
2198,1773,1794
2197,1773,1795
2066,1867,1894
2065,1868,1895
2064,1869,1896
2063,1870,1897
2062,1871,1898
2061,1872,1899
2060,1873,1900
2059,1874,1901
2058,1875,1902
2057,1876,1903
2056,1877,1904
2055,1878,1905
2054,1879,1906
2053,1880,1907
2052,1881,1908
2051,1882,1909
2050,1883,1910
2049,1884,1911
2048,1885,1912
2047,1886,1913
2046,1887,1915
2045,1888,1916
2044,1889,1917
2043,1890,1918
2042,1891,1919
2041,1892,1920
2040,1893,1921
2039,1894,1922
2038,1895,1923
2037,1896,1924
2036,1897,1926
2035,1898,1927
2034,1899,1928
2033,1900,1929
2032,1901,1930
2031,1902,1931
2002,1936,1967
2516,2890,2902
2516,3239,3245
2516,1693,1711
2510,2891,2902
2510,1693,1711
2003,1934,1966
2517,2890,2902
2517,3239,3245
2517,1693,1711
2511,2891,2902
2511,3241,3242
2511,1693,1711
2004,1933,1965
2518,2890,2902
2518,3239,3244
2518,1693,1711
2512,2891,2902
2512,3240,3243
2512,1693,1711
1998,1941,1973
2005,1932,1963
2513,2891,2902
2513,3239,3244
2513,1693,1711
1999,1939,1971
2006,1931,1962
1979,1966,2000
2520,2890,2902
2520,3240,3243
2520,1693,1711
2514,2891,2902
2514,3239,3244
2514,1693,1711
2000,1938,1970
2007,1929,1961
1980,1964,1999
2521,2890,2902
2521,3241,3242
2521,1693,1711
2515,2890,2902
2515,3239,3245
2515,1693,1711
2001,1937,1969
2008,1928,1959
1981,1963,1997
2522,2890,2902
2522,1693,1711
2009,1927,1958
1982,1961,1996
2523,2890,2902
2523,1693,1711
2010,1926,1957
1983,1960,1994
2524,2890,2902
2524,1693,1711
2501,2895,2898
2501,1693,1711
2011,1925,1956
1984,1959,1993
2525,2891,2902
2525,1693,1711
2502,2894,2899
2502,1693,1711
2030,1903,1932
1997,1942,1974
2538,2895,2898
2538,1693,1712
2024,1910,1940
2029,1904,1934
1996,1943,1976
2537,2894,2899
2537,1693,1712
2023,1911,1941
2028,1905,1935
2022,1912,1942
2027,1907,1936
2021,1913,1943
2026,1908,1937
2020,1914,1944
2025,1909,1938
2019,1915,1946
2012,1924,1954
1985,1957,1991
2526,2891,2902
2526,1693,1711
2503,2894,2899
2503,1693,1711
2013,1922,1953
1986,1956,1990
2527,2891,2902
2527,1693,1711
2504,2893,2900
2504,1693,1711
2014,1921,1952
1987,1955,1988
2528,2891,2902
2528,1693,1711
2505,2893,2900
2505,1693,1711
2015,1920,1951
1988,1953,1987
2529,2891,2902
2529,1693,1711
2533,2892,2901
2533,1693,1711
1992,1948,1981
2506,2892,2901
2506,1693,1711
2016,1919,1949
1989,1952,1986
2530,2891,2901
2530,1693,1711
2017,1918,1948
1990,1951,1984
2531,2892,2901
2531,1693,1711
2018,1917,1947
1991,1949,1983
2532,2892,2901
2532,1693,1711
2509,2891,2901
2509,1693,1711
2536,2893,2899
2536,1693,1712
1995,1944,1977
2519,2890,2902
2519,3239,3244
2519,1693,1711
1978,1967,2002
2508,2892,2901
2508,1693,1711
2535,2893,2900
2535,1693,1712
1994,1946,1978
2507,2892,2901
2507,1693,1711
2534,2893,2900
2534,1693,1712
1993,1947,1980
2067,1866,1893
2068,1866,1892
2069,1865,1891
2070,1864,1890
2071,1863,1889
2072,1862,1888
2073,1861,1887
2074,1860,1886
2075,1859,1885
2076,1858,1884
2077,1857,1883
2078,1857,1882
2079,1856,1881
2080,1855,1881
2081,1854,1880
2082,1853,1879
2083,1852,1878
2084,1851,1877
2085,1850,1876
2086,1850,1875
2087,1849,1874
2088,1848,1873
2089,1847,1872
2090,1846,1871
2091,1845,1871
2092,1845,1870
2093,1844,1869
2094,1843,1868
2095,1842,1867
2096,1841,1866
2097,1840,1865
2098,1840,1865
2099,1839,1864
2100,1838,1863
2101,1837,1862
2102,1836,1861
2103,1836,1860
2104,1835,1859
2105,1834,1859
2106,1833,1858
2107,1832,1857
2108,1832,1856
2109,1831,1855
2110,1830,1854
2111,1829,1854
2112,1829,1853
2113,1828,1852
2114,1827,1851
2115,1826,1850
2116,1826,1850
2117,1825,1849
2118,1824,1848
2119,1823,1847
2120,1823,1846
2121,1822,1846
2122,1821,1845
2123,1820,1844
2124,1820,1843
2125,1819,1843
2126,1818,1842
2127,1817,1841
2128,1817,1840
2129,1816,1840
2130,1815,1839
2131,1815,1838
2132,1814,1837
2133,1813,1837
2134,1812,1836
2135,1812,1835
2136,1811,1834
2137,1810,1834
2138,1810,1833
2139,1809,1832
2140,1808,1831
2141,1808,1831
2142,1807,1830
2143,1806,1829
2144,1806,1829
2145,1805,1828
2146,1804,1827
2147,1804,1826
2148,1803,1826
2149,1802,1825
2150,1802,1824
2151,1801,1824
2152,1800,1823
2153,1800,1822
2154,1799,1822
2155,1798,1821
2156,1798,1820
2157,1797,1820
2158,1796,1819
2159,1796,1818
2160,1795,1818
2161,1794,1817
2162,1794,1816
2163,1793,1816
2164,1793,1815
2165,1792,1814
2166,1791,1814
2167,1791,1813
2168,1790,1812
2169,1790,1812
2170,1789,1811
2171,1788,1810
2172,1788,1810
2173,1787,1809
2174,1786,1808
2175,1786,1808
2176,1785,1807
2177,1785,1807
2178,1784,1806
2179,1784,1805
2180,1783,1805
2181,1782,1804
2182,1782,1804
2183,1781,1803
2184,1781,1802
2185,1780,1802
2186,1779,1801
2187,1779,1801
2188,1778,1800
2189,1778,1799
2190,1777,1799
2191,1777,1798
2192,1776,1798
2193,1776,1797
2194,1775,1796
2195,1774,1796
2196,1774,1795
2481,1694,1712
2482,1694,1712
2483,1693,1712
2484,1693,1712
2485,1693,1712
2486,1693,1712
2487,1693,1712
2488,1693,1712
2489,1693,1712
2490,1693,1712
2491,1693,1711
2492,1693,1711
2493,1693,1711
2494,1693,1711
2495,1693,1711
2496,1693,1711
2497,1693,1711
2498,1693,1711
2499,1693,1711
2500,1693,1711
2539,1693,1712
2540,1693,1712
2541,1693,1712
2542,1693,1712
2543,1694,1712
2544,1694,1712
2545,1694,1712
2546,1694,1712
2547,1694,1712
2548,1694,1712
2549,1694,1712
2550,1694,1712
2551,1694,1712
2552,1694,1712
2553,1694,1712
2554,1694,1713
2555,1694,1713
2556,1694,1713
2557,1694,1713
2558,1694,1713
2559,1694,1713
2560,1695,1713
2561,1695,1713
2562,1695,1713
2563,1695,1713
2564,1695,1713
2565,1695,1713
2566,1695,1713
2567,1695,1714
2568,1695,1714
2569,1695,1714
2570,1695,1714
2571,1695,1714
2572,1696,1714
2573,1696,1714
2574,1696,1714
2575,1696,1714
2576,1696,1714
2577,1696,1714
2578,1696,1715
2579,1696,1715
2580,1696,1715
2581,1696,1715
2582,1697,1715
2583,1697,1715
2584,1697,1715
2585,1697,1715
2586,1697,1715
2587,1697,1716
2588,1697,1716
2589,1697,1716
2590,1697,1716
2591,1698,1716
2592,1698,1716
2593,1698,1716
2594,1698,1716
2595,1698,1717
2596,1698,1717
2597,1698,1717
2598,1698,1717
2599,1699,1717
2600,1699,1717
2601,1699,1717
2602,1699,1718
2603,1699,1718
2604,1699,1718
2605,1699,1718
2606,1700,1718
2607,1700,1718
2608,1700,1718
2609,1700,1719
2610,1700,1719
2611,1700,1719
2612,1700,1719
2613,1701,1719
2614,1701,1719
2615,1701,1720
2616,1701,1720
2617,1701,1720
2618,1701,1720
2619,1702,1720
2620,1702,1720
2621,1702,1721
2622,1702,1721
2623,1702,1721
2624,1702,1721
2625,1703,1721
2626,1703,1721
2627,1703,1722
2628,1703,1722
2629,1703,1722
2630,1703,1722
2631,1704,1722
2632,1704,1723
2633,1704,1723
2634,1704,1723
2635,1704,1723
2636,1705,1723
2637,1705,1724
2638,1705,1724
2639,1705,1724
2640,1705,1724
2641,1706,1724
2642,1706,1725
2643,1706,1725
2644,1706,1725
2645,1706,1725
2646,1707,1725
2647,1707,1726
2648,1707,1726
2649,1707,1726
2650,1707,1726
2651,1708,1726
2652,1708,1727
2653,1708,1727
2654,1708,1727
2655,1708,1727
2656,1709,1728
2657,1709,1728
2658,1709,1728
2659,1709,1728
2660,1710,1729
2661,1710,1729
2662,1710,1729
2663,1710,1729
2664,1711,1730
2665,1711,1730
2666,1711,1730
2667,1711,1730
2668,1711,1731
2669,1712,1731
2670,1712,1731
2671,1712,1731
2672,1712,1732
2673,1713,1732
2674,1713,1732
2675,1713,1732
2676,1713,1733
2677,1714,1733
2678,1714,1733
2679,1714,1733
2680,1715,1734
2681,1715,1734
2682,1715,1734
2683,1715,1735
2684,1716,1735
2685,1716,1735
2686,1716,1735
2687,1716,1736
2688,1717,1736
2689,1717,1736
2690,1717,1736
2691,1718,1737
2692,1718,1737
2693,1718,1737
2694,1718,1738
2695,1719,1738
2696,1719,1738
2697,1719,1739
2698,1720,1739
2699,1720,1739
2700,1720,1739
2701,1720,1740
2702,1721,1740
2703,1721,1740
2704,1721,1741
2705,1722,1741
2706,1722,1741
2707,1722,1742
2708,1723,1742
2709,1723,1742
2710,1723,1743
2711,1724,1743
2712,1724,1743
2713,1724,1744
2714,1724,1744
2715,1725,1744
2716,1725,1745
2717,1725,1745
2718,1726,1745
2719,1726,1746
2720,1726,1746
2721,1727,1746
2722,1727,1747
2723,1727,1747
2724,1728,1747
2725,1728,1748
2726,1728,1748
2727,1729,1748
2728,1729,1749
2729,1730,1749
2730,1730,1750
2731,1730,1750
2732,1731,1750
2733,1731,1751
2734,1731,1751
2735,1732,1751
2736,1732,1752
2737,1732,1752
2738,1733,1753
2739,1733,1753
2740,1733,1753
2741,1734,1754
2742,1734,1754
2743,1735,1754
2744,1735,1755
2745,1735,1755
2746,1736,1756
2747,1736,1756
2748,1737,1756
2749,1737,1757
2750,1737,1757
2751,1738,1758
2752,1738,1758
2753,1738,1758
2754,1739,1759
2755,1739,1759
2756,1740,1760
2757,1740,1760
2758,1740,1761
2759,1741,1761
2760,1741,1761
2761,1742,1762
2762,1742,1762
2763,1742,1763
2764,1743,1763
2765,1743,1764
2766,1744,1764
2767,1744,1764
2768,1745,1765
2769,1745,1765
2770,1745,1766
2771,1746,1766
2772,1746,1767
2773,1747,1767
2774,1747,1767
2775,1748,1768
2776,1748,1768
2777,1748,1769
2778,1749,1769
2779,1749,1770
2780,1750,1770
2781,1750,1771
2782,1751,1771
2783,1751,1772
2784,1752,1772
2785,1752,1773
2786,1752,1773
2787,1753,1774
2788,1753,1774
2789,1754,1774
2790,1754,1775
2791,1755,1775
2792,1755,1776
2793,1756,1776
2794,1756,1777
2795,1757,1777
2796,1757,1778
2797,1758,1778
2798,1758,1779
2799,1759,1779
2800,1759,1780
2801,1760,1780
2802,1760,1781
2803,1761,1781
2804,1761,1782
2805,1762,1782
2806,1762,1783
2807,1763,1784
2808,1763,1784
2809,1764,1785
2810,1764,1785
2811,1765,1786
2812,1765,1786
2813,1766,1787
2814,1766,1787
2815,1767,1788
2816,1767,1788
2817,1768,1789
2818,1768,1789
2819,1769,1790
2820,1769,1790
2821,1770,1791
2822,1770,1792
2823,1771,1792
2824,1771,1793
2825,1772,1793
2826,1773,1794
2827,1773,1794
2828,1774,1795
2829,1774,1796
2830,1775,1796
2831,1775,1797
2832,1776,1797
2833,1776,1798
2834,1777,1798
2835,1777,1799
2836,1778,1800
2837,1779,1800
2838,1779,1801
2839,1780,1801
2840,1780,1802
2841,1781,1803
2842,1781,1803
2843,1782,1804
2844,1783,1804
2845,1783,1805
2846,1784,1806
2847,1784,1806
2848,1785,1807
2849,1786,1808
2850,1786,1808
2851,1787,1809
2852,1787,1809
2853,1788,1810
2854,1789,1811
2855,1789,1811
2856,1790,1812
2857,1790,1813
2858,1791,1813
2859,1792,1814
2860,1792,1815
2861,1793,1815
2862,1794,1816
2863,1794,1816
2864,1795,1817
2865,1795,1818
2866,1796,1818
2867,1797,1819
2868,1797,1820
2869,1798,1820
2870,1799,1821
2871,1799,1822
2872,1800,1823
2873,1801,1823
2874,1801,1824
2875,1802,1825
2876,1803,1825
2877,1803,1826
2878,1804,1827
2879,1805,1827
2880,1805,1828
2881,1806,1829
2882,1807,1830
2883,1807,1830
2884,1808,1831
2885,1809,1832
2886,1809,1832
2887,1810,1833
2888,1811,1834
2889,1812,1835
2890,1812,1835
2891,1813,1836
2892,1814,1837
2893,1814,1838
2894,1815,1838
2895,1816,1839
2896,1817,1840
2897,1817,1841
2898,1818,1841
2899,1819,1842
2900,1819,1843
2901,1820,1844
2902,1821,1844
2903,1822,1845
2904,1822,1846
2905,1823,1847
2906,1824,1847
2907,1825,1848
2908,1825,1849
2909,1826,1850
2910,1827,1851
2911,1828,1851
2912,1828,1852
2913,1829,1853
2914,1830,1854
2915,1831,1855
2916,1831,1856
2917,1832,1856
2918,1833,1857
2919,1834,1858
2920,1835,1859
2921,1835,1860
2922,1836,1860
2923,1837,1861
2924,1838,1862
2925,1839,1863
2926,1839,1864
2927,1840,1865
2928,1841,1866
2929,1842,1866
2930,1843,1867
2931,1844,1868
2932,1844,1869
2933,1845,1870
2934,1846,1871
2935,1847,1872
2936,1848,1873
2937,1849,1873
2938,1849,1874
2939,1850,1875
2940,1851,1876
2941,1852,1877
2942,1853,1878
2943,1854,1879
2944,1855,1880
2945,1855,1881
2946,1856,1882
2947,1857,1883
2948,1858,1884
2949,1859,1885
2950,1860,1885
2951,1861,1886
2952,1862,1887
2953,1863,1888
2954,1864,1889
2955,1864,1890
2956,1865,1891
2957,1866,1892
2958,1867,1893
2959,1868,1894
2960,1869,1895
2961,1870,1896
2962,1871,1897
2963,1872,1898
2964,1873,1899
2965,1874,1900
2966,1875,1901
2967,1876,1902
2968,1877,1903
2969,1878,1904
2970,1879,1905
2971,1880,1906
2972,1881,1907
2973,1882,1908
2974,1883,1909
2975,1884,1910
2976,1885,1911
2977,1886,1913
2978,1887,1914
2979,1888,1915
2980,1889,1916
2981,1890,1917
2982,1891,1918
2983,1892,1919
2984,1893,1920
2985,1894,1921
2986,1895,1922
2987,1896,1923
2988,1897,1925
2989,1898,1926
2990,1899,1927
2991,1900,1928
2992,1901,1929
2993,1902,1930
2994,1903,1931
2995,1904,1933
2996,1905,1934
2997,1906,1935
2998,1908,1936
2999,1909,1937
3000,1910,1938
3001,1911,1940
3002,1912,1941
3003,1913,1942
3004,1914,1943
3005,1915,1944
3006,1917,1946
3007,1918,1947
3008,1919,1948
3009,1920,1949
3010,1921,1951
3011,1922,1952
3012,1924,1953
3013,1925,1954
3014,1926,1956
3015,1927,1957
3016,1928,1958
3017,1929,1960
3018,1931,1961
3019,1932,1962
3020,1933,1963
3021,1934,1965
3022,1936,1966
3023,1937,1967
3024,1938,1969
3025,1939,1970
3026,1941,1972
3027,1942,1973
3028,1943,1974
3029,1944,1976
3030,1946,1977
3031,1947,1978
3032,1948,1980
3033,1950,1981
3034,1951,1983
3035,1952,1984
3036,1953,1986
3037,1955,1987
3038,1956,1988
3039,1957,1990
3040,1959,1991
3041,1960,1993
3042,1962,1994
3043,1963,1996
3044,1964,1997
3045,1966,1999
3046,1967,2000
3047,1969,2002
3048,1970,2003
3049,1971,2005
3050,1973,2007
3051,1974,2008
3052,1976,2010
3053,1977,2011
3054,1979,2013
3055,1980,2015
3056,1982,2016
3057,1983,2018
3058,1985,2019
3059,1986,2021
3060,1988,2023
3061,1989,2024
3062,1991,2026
3063,1992,2028
3064,1994,2030
3065,1995,2031
3066,1997,2033
3067,1998,2035
3068,2000,2037
3069,2002,2038
3070,2003,2040
3071,2005,2042
3072,2006,2044
3073,2008,2046
3074,2010,2047
3075,2011,2049
3076,2013,2051
3077,2015,2053
3078,2017,2055
3079,2018,2057
3080,2020,2059
3081,2022,2061
3082,2023,2063
3083,2025,2065
3084,2027,2067
3085,2029,2069
3086,2031,2071
