3169,2189,2234
3170,2192,2242
3170,2482,2499
3171,2194,2250
3171,2470,2501
3172,2196,2259
3172,2458,2501
3173,2199,2268
3173,2447,2500
3174,2202,2279
3174,2435,2499
3175,2205,2291
3175,2422,2497
3176,2207,2307
3176,2406,2495
3177,2210,2330
3177,2382,2493
3178,2214,2491
3179,2217,2488
3180,2220,2486
3181,2224,2483
3182,2227,2480
3183,2231,2477
3184,2235,2473
3185,2239,2470
3186,2243,2466
3187,2248,2462
3188,2252,2457
3198,2330,2383
3197,2315,2398
3196,2304,2408
3195,2295,2417
3194,2287,2425
3193,2280,2431
3192,2274,2437
3191,2268,2443
3190,2263,2448
1977,2028,2051
1977,2645,2685
1948,2080,2118
1948,2583,2632
1921,2143,2207
1921,2497,2567
2462,2896,2909
1915,2161,2236
1915,2469,2549
2456,2896,2909
1949,2078,2115
1949,2585,2634
1922,2140,2203
1922,2501,2570
2463,2896,2909
1916,2158,2231
1916,2474,2552
2457,2896,2909
1950,2076,2113
1950,2588,2636
1923,2138,2198
1923,2505,2573
2464,2896,2909
1917,2155,2225
1917,2479,2555
2458,2896,2909
1944,2088,2129
1944,2572,2624
1951,2074,2110
1951,2590,2638
1924,2135,2194
1924,2509,2576
2465,2896,2909
1918,2152,2221
1918,2484,2558
2459,2896,2909
1945,2086,2126
1945,2575,2626
1952,2072,2108
1952,2593,2640
1925,2132,2190
1925,2513,2578
2466,2896,2909
1919,2149,2216
1919,2488,2561
2460,2896,2909
1946,2084,2123
1946,2578,2628
1953,2070,2105
1953,2595,2642
1926,2130,2187
1926,2517,2581
2467,2896,2909
1920,2146,2211
1920,2493,2564
2461,2896,2909
1947,2082,2121
1947,2580,2630
1954,2068,2103
1954,2597,2644
1927,2127,2183
1927,2520,2584
2468,2896,2908
1928,2124,2179
1928,2524,2586
2469,2896,2908
1976,2030,2054
1976,2643,2684
1943,2090,2132
1943,2570,2622
2484,2902,2902
1970,2039,2066
1970,2632,2674
1975,2031,2056
1975,2642,2682
1942,2092,2134
1942,2567,2620
2483,2900,2904
1969,2041,2068
1969,2630,2672
1974,2033,2058
1974,2640,2680
1968,2043,2070
1968,2628,2670
1973,2035,2060
1973,2638,2679
1967,2044,2072
1967,2626,2668
1972,2036,2062
1972,2636,2677
1966,2046,2075
1966,2624,2667
1971,2038,2064
1971,2634,2675
1965,2048,2077
1965,2622,2665
1929,2122,2176
1929,2527,2589
2470,2896,2908
1930,2120,2172
1930,2531,2591
2471,2896,2908
1931,2117,2169
1931,2534,2594
2472,2897,2908
1932,2115,2165
1932,2537,2596
2473,2897,2908
1914,2164,2241
1914,2463,2546
2455,2897,2908
2482,2900,2905
1941,2094,2137
1941,2564,2617
1913,2167,2247
1913,2458,2543
2454,2897,2908
2481,2899,2905
1940,2096,2140
1940,2562,2615
1912,2170,2254
1912,2451,2540
2453,2897,2908
2480,2898,2906
1939,2099,2143
1939,2559,2613
1911,2173,2260
1911,2445,2536
2452,2897,2908
2479,2898,2906
1938,2101,2146
1938,2556,2611
1910,2177,2268
1910,2438,2533
2451,2897,2908
2478,2898,2906
1937,2103,2149
1937,2553,2608
2477,2897,2907
1936,2105,2152
1936,2550,2606
2476,2897,2907
1935,2108,2155
1935,2547,2604
2475,2897,2907
1934,2110,2159
1934,2544,2601
2474,2897,2908
1933,2112,2162
1933,2541,2599
1895,2240,2469
1896,2235,2474
1897,2229,2479
1898,2225,2484
1899,2220,2489
2441,2901,2904
1900,2215,2494
2442,2901,2905
1901,2211,2498
2443,2900,2906
1902,2207,2502
2444,2899,2906
1903,2203,2506
2445,2899,2906
1904,2199,2510
3189,2257,2453
2446,2899,2907
1905,2195,2324
1905,2382,2514
2447,2898,2907
1906,2191,2307
1906,2399,2518
2448,2898,2907
1907,2187,2294
1907,2411,2522
2449,2898,2908
1908,2184,2284
1908,2421,2526
2450,2898,2908
1909,2180,2275
1909,2430,2529
1978,2027,2049
1978,2647,2687
1979,2025,2047
1979,2649,2689
1980,2024,2045
1980,2651,2690
1981,2022,2044
1981,2653,2692
1982,2021,2042
1982,2655,2693
1955,2066,2100
1955,2600,2646
2496,3241,3244
1983,2019,2040
1983,2656,2695
1956,2064,2098
1956,2602,2648
2497,3240,3245
1984,2018,2038
1984,2658,2696
1957,2062,2095
1957,2604,2650
2498,3240,3245
1985,2016,2036
1985,2660,2698
1958,2060,2093
1958,2606,2652
2499,3240,3246
1986,2015,2034
1986,2662,2699
1959,2059,2091
1959,2609,2654
2500,3240,3246
1987,2013,2032
1987,2663,2701
1960,2057,2088
1960,2611,2656
2501,3240,3246
1988,2012,2030
1988,2665,2702
1961,2055,2086
1961,2613,2658
2502,3240,3246
1989,2011,2028
1989,2667,2704
1962,2053,2084
1962,2615,2660
2503,3240,3246
1990,2009,2026
1990,2669,2705
1963,2051,2081
1963,2617,2661
2504,3241,3246
1991,2008,2024
1991,2670,2707
1964,2050,2079
1964,2619,2663
2505,3242,3245
1992,2006,2022
1992,2672,2708
1993,2005,2021
1993,2674,2710
1994,2004,2019
1994,2675,2711
1995,2002,2017
1995,2677,2713
1996,2001,2015
1996,2679,2714
1997,2000,2013
1997,2680,2715
1998,1998,2011
1998,2682,2717
1999,1997,2010
1999,2683,2718
2000,1996,2008
2000,2685,2720
2001,1995,2006
2001,2687,2721
2002,1994,2004
2002,2688,2722
2003,1992,2002
2003,2690,2724
2004,1991,2000
2004,2691,2725
2005,1990,1999
2005,2693,2726
2006,1989,1997
2006,2694,2728
2007,1988,1995
2007,2696,2729
2008,1987,1993
2008,2697,2730
2009,1986,1991
2009,2699,2732
2010,1985,1989
2010,2700,2733
2011,1984,1987
2011,2702,2734
2012,2703,2735
2013,2705,2737
2014,2706,2738
2015,2708,2739
2016,2709,2740
2017,2711,2742
2018,2712,2743
2019,2714,2744
2020,2715,2745
2021,2716,2746
2022,2718,2748
2023,2719,2749
2024,2721,2750
2025,2722,2751
2026,2723,2752
2027,2725,2753
2028,2726,2755
2029,2728,2756
2030,2729,2757
2031,2730,2758
2032,2732,2759
2033,2733,2760
2034,2734,2761
2035,2736,2762
2036,2737,2763
2037,2738,2764
2038,2740,2765
2039,2741,2767
2040,2742,2768
2041,2743,2769
2042,2745,2770
2043,2746,2771
2044,2747,2772
2045,2749,2773
2046,2750,2774
2047,2751,2775
2048,2752,2776
2049,2754,2777
2050,2755,2777
2051,2756,2778
2052,2757,2779
2053,2759,2780
2054,2760,2781
2055,2761,2782
2056,2762,2783
2057,2764,2784
2058,2765,2785
2059,2766,2786
2060,2767,2787
2061,2768,2787
2062,2770,2788
2063,2771,2789
2064,2772,2790
2065,2773,2791
2066,2775,2792
2067,2776,2792
2068,2777,2793
2069,2778,2794
2070,2779,2795
2071,2781,2795
2072,2782,2796
2073,2783,2797
2074,2784,2798
2075,2786,2798
2076,2787,2799
2077,2788,2800
2078,2789,2800
2079,2791,2801
2080,2792,2801
3163,2185,2187
2081,2793,2802
3164,2182,2198
2082,2795,2803
3165,2183,2205
2083,2796,2803
3166,2184,2212
2084,2797,2803
3167,2186,2220
2085,2799,2804
3168,2187,2227
2086,2801,2804
1894,2245,2463
1893,2251,2457
1892,2258,2451
1891,2264,2444
1890,2272,2437
1889,2280,2428
1888,2289,2419
1887,2299,2409
1886,2312,2395
1885,2332,2375
