1947,2272,2293
1948,2260,2299
1949,2252,2302
1950,2245,2303
1951,2239,2302
1952,2233,2301
1953,2228,2299
1954,2224,2297
1955,2219,2294
1959,2204,2280
3229,2488,2540
2467,3231,3237
1960,2201,2276
3230,2481,2540
2468,3231,3238
1961,2197,2272
3231,2474,2539
2469,3231,3238
1962,2194,2267
3232,2467,2539
2470,3231,3238
1963,2191,2263
3233,2461,2538
2471,3232,3238
3257,2426,2448
1980,2154,2188
3250,2400,2496
1981,2153,2184
3251,2400,2492
1982,2151,2179
3252,2402,2487
1983,2151,2174
3253,2403,2482
1984,2150,2169
3254,2406,2476
1985,2150,2164
3255,2410,2469
1986,2154,2154
3256,2416,2461
1958,2208,2284
2466,3231,3237
3228,2496,2539
1957,2211,2288
2465,3231,3236
3227,2505,2538
1956,2215,2291
2464,3232,3235
3226,2515,2534
3234,2454,2536
2472,3232,3238
1964,2188,2259
3235,2448,2535
2473,3233,3237
1965,2186,2254
3236,2443,2534
2474,3235,3237
1966,2183,2250
3237,2437,2532
1967,2180,2246
3238,2432,2530
1968,2178,2241
3239,2427,2528
1969,2175,2237
3240,2422,2526
1970,2173,2232
3241,2418,2524
1971,2170,2228
3242,2414,2521
1972,2168,2223
3243,2411,2519
1973,2166,2219
3244,2408,2516
1974,2164,2215
3245,2405,2513
1975,2162,2210
3246,2403,2510
1976,2160,2206
3247,2401,2507
1977,2158,2202
3248,2400,2504
1978,2157,2197
3249,2400,2500
1979,2155,2193
