1861,2328,2339
1862,2299,2367
1863,2285,2380
1864,2274,2391
1865,2265,2399
1866,2257,2406
1867,2250,2413
1868,2243,2419
1869,2236,2424
1870,2231,2429
1871,2225,2434
1872,2220,2438
1873,2215,2442
1874,2210,2445
1875,2205,2448
1876,2201,2341
1876,2394,2450
1877,2196,2320
1877,2419,2450
1878,2192,2306
1878,2443,2444
1879,2188,2295
1880,2184,2286
1881,2180,2277
1882,2176,2270
1883,2172,2262
1884,2169,2256
1885,2165,2250
1886,2162,2244
1887,2158,2238
1888,2155,2233
1889,2152,2228
1890,2149,2223
1891,2146,2218
1892,2142,2214
1893,2139,2209
1894,2136,2205
1895,2134,2201
1896,2131,2197
1897,2128,2193
1898,2125,2189
1899,2122,2185
1900,2120,2182
1901,2117,2178
1902,2114,2175
1903,2112,2171
1904,2109,2168
1905,2106,2165
1906,2104,2161
1907,2101,2158
1908,2099,2155
1909,2097,2152
1910,2094,2149
1911,2092,2146
1912,2089,2143
1913,2087,2140
1914,2085,2137
1915,2083,2135
1916,2080,2132
1917,2078,2129
1918,2076,2126
1919,2074,2124
1920,2072,2121
1921,2069,2119
1922,2067,2116
1923,2065,2114
1924,2063,2111
1925,2061,2109
1926,2059,2106
1927,2057,2104
1928,2055,2101
1929,2053,2099
1930,2051,2097
1931,2049,2094
1932,2047,2092
1933,2045,2090
1934,2043,2088
1935,2041,2086
1936,2040,2083
1937,2038,2081
1938,2036,2079
1939,2034,2077
1940,2032,2075
1941,2030,2073
1942,2029,2071
1943,2027,2069
1944,2025,2067
1945,2023,2065
1946,2021,2063
1947,2020,2061
1948,2018,2059
1949,2016,2057
1950,2015,2055
1951,2013,2053
1952,2011,2051
1953,2010,2049
1954,2008,2047
1955,2006,2045
1956,2005,2044
1957,2003,2042
1958,2001,2040
1959,2000,2038
1960,1998,2036
1961,1997,2035
1962,1995,2033
1963,1994,2031
1964,1992,2029
1965,1991,2028
1966,1989,2026
1967,1987,2024
1968,1986,2023
1969,1984,2021
1970,1983,2019
1971,1981,2018
1972,1980,2016
1973,1979,2014
1974,1977,2013
1975,1976,2011
1976,1974,2010
1977,1973,2008
1978,1971,2006
1979,1970,2005
1980,1969,2003
1981,1967,2002
1982,1966,2000
1983,1964,1999
1984,1963,1997
1985,1962,1996
1986,1960,1994
1987,1959,1993
1988,1958,1991
1989,1956,1990
1990,1955,1988
1991,1954,1987
1992,1952,1985
1993,1951,1984
1994,1950,1983
1995,1948,1981
1996,1947,1980
1997,1946,1978
1998,1944,1977
1999,1943,1976
2000,1942,1974
2001,1941,1973
2002,1939,1971
2003,1938,1970
2004,1937,1969
2005,1936,1967
2006,1934,1966
2007,1933,1965
2008,1932,1963
2009,1931,1962
2010,1930,1961
2011,1928,1959
2012,1927,1958
2013,1926,1957
2014,1925,1956
2015,1924,1954
2016,1923,1953
2017,1921,1952
2018,1920,1951
2019,1919,1949
2020,1918,1948
2021,1917,1947
2022,1916,1946
2023,1914,1944
2024,1913,1943
2025,1912,1942
2026,1911,1941
2027,1910,1940
2028,1909,1938
2029,1908,1937
2030,1907,1936
2031,1906,1935
2032,1905,1934
2033,1903,1933
2034,1902,1931
2035,1901,1930
2036,1900,1929
2037,1899,1928
2038,1898,1927
2039,1897,1926
2040,1896,1925
2041,1895,1923
2042,1894,1922
2043,1893,1921
2044,1892,1920
2045,1891,1919
2046,1890,1918
2047,1889,1917
2048,1888,1916
2049,1887,1915
2050,1886,1914
2051,1885,1913
2052,1884,1912
2053,1883,1910
2054,1882,1909
2055,1881,1908
2056,1880,1907
2057,1879,1906
2058,1878,1905
2059,1877,1904
3055,1976,2012
3054,1975,2010
3053,1974,2009
3052,1972,2007
3051,1971,2006
3050,1969,2004
3049,1968,2003
3048,1966,2001
3047,1965,1999
3046,1964,1998
3045,1962,1996
3044,1961,1995
3043,1960,1993
3042,1958,1992
3041,1957,1991
3040,1956,1989
3039,1954,1988
3038,1953,1986
3037,1952,1985
3036,1950,1983
3035,1949,1982
3034,1948,1980
3033,1946,1979
3032,1945,1978
3031,1944,1976
3030,1943,1975
3029,1941,1973
3028,1940,1972
3027,1939,1971
3026,1938,1969
3025,1936,1968
3024,1935,1967
3023,1934,1965
3022,1933,1964
3021,1931,1963
3020,1930,1961
3019,1929,1960
3018,1928,1959
3017,1927,1958
3016,1925,1956
3015,1924,1955
3014,1923,1954
3013,1922,1952
3012,1921,1951
3011,1920,1950
3010,1918,1949
3009,1917,1948
3008,1916,1946
3007,1915,1945
3006,1914,1944
3005,1913,1943
3004,1912,1941
3003,1911,1940
3002,1909,1939
3001,1908,1938
3000,1907,1937
2999,1906,1936
2998,1905,1934
2997,1904,1933
2996,1903,1932
2995,1902,1931
2994,1901,1930
2993,1900,1929
2992,1899,1927
2991,1898,1926
2990,1897,1925
2989,1895,1924
2988,1894,1923
2987,1893,1922
2986,1892,1921
2985,1891,1920
2984,1890,1919
2983,1889,1917
2982,1888,1916
2981,1887,1915
2980,1886,1914
2979,1885,1913
2978,1884,1912
2977,1883,1911
2976,1882,1910
2975,1881,1909
2974,1880,1908
2973,1879,1907
2972,1878,1906
2971,1877,1905
2970,1876,1904
2969,1876,1903
2968,1875,1902
2967,1874,1901
2966,1873,1900
2965,1872,1899
2964,1871,1898
2963,1870,1897
2962,1869,1896
2961,1868,1895
2960,1867,1894
2959,1866,1893
2958,1865,1892
2957,1864,1891
2956,1863,1890
2955,1862,1889
2954,1862,1888
2953,1861,1887
2952,1860,1886
2951,1859,1885
2950,1858,1884
2949,1857,1883
2948,1856,1882
2947,1855,1881
2946,1855,1880
2945,1854,1880
2944,1853,1879
2943,1852,1878
2942,1851,1877
2941,1850,1876
2940,1849,1875
2939,1849,1874
2938,1848,1873
2937,1847,1872
2936,1846,1871
2935,1845,1871
2934,1844,1870
2933,1844,1869
2932,1843,1868
2931,1842,1867
2930,1841,1866
2929,1840,1865
2928,1839,1864
2927,1839,1864
2926,1838,1863
2925,1837,1862
2924,1836,1861
2923,1835,1860
2922,1835,1859
2921,1834,1859
2920,1833,1858
2919,1832,1857
2918,1831,1856
2917,1831,1855
2916,1830,1855
2915,1829,1854
2914,1828,1853
2913,1828,1852
2912,1827,1851
2911,1826,1850
2910,1825,1850
2909,1825,1849
2908,1824,1848
2907,1823,1847
2906,1822,1847
2905,1822,1846
2904,1821,1845
2903,1820,1844
2902,1819,1843
2901,1819,1843
2900,1818,1842
2899,1817,1841
2898,1817,1840
2897,1816,1840
2896,1815,1839
2895,1814,1838
2894,1814,1837
2893,1813,1837
2892,1812,1836
2891,1812,1835
2890,1811,1834
2889,1810,1834
2888,1810,1833
2887,1809,1832
2886,1808,1832
2885,1807,1831
2884,1807,1830
2883,1806,1829
2882,1805,1829
2881,1805,1828
2880,1804,1827
2879,1803,1827
2878,1803,1826
2877,1802,1825
2876,1801,1825
2875,1801,1824
2874,1800,1823
2873,1799,1822
2872,1799,1822
2871,1798,1821
2870,1798,1820
2869,1797,1820
2868,1796,1819
2867,1796,1818
2866,1795,1818
2865,1794,1817
2864,1794,1816
2863,1793,1816
2862,1792,1815
2861,1792,1815
2860,1791,1814
2859,1791,1813
2858,1790,1813
2857,1789,1812
2856,1789,1811
2855,1788,1811
2854,1788,1810
2853,1787,1809
2852,1786,1809
2851,1786,1808
2850,1785,1808
2849,1785,1807
2848,1784,1806
2847,1783,1806
2846,1783,1805
2845,1782,1804
2844,1782,1804
2843,1781,1803
2842,1780,1803
2841,1780,1802
2840,1779,1801
2839,1779,1801
2838,1778,1800
2837,1778,1800
2836,1777,1799
2835,1777,1799
2834,1776,1798
2833,1775,1797
2832,1775,1797
2831,1774,1796
2830,1774,1796
2829,1773,1795
2828,1773,1795
2827,1772,1794
2826,1772,1793
2825,1771,1793
2824,1771,1792
2823,1770,1792
2822,1769,1791
2821,1769,1791
2820,1768,1790
2819,1768,1790
2818,1767,1789
2817,1767,1788
2816,1766,1788
2815,1766,1787
2814,1765,1787
2813,1765,1786
2812,1764,1786
2811,1764,1785
2810,1763,1785
2809,1763,1784
2808,1762,1784
2807,1762,1783
2806,1761,1783
2805,1761,1782
2804,1760,1782
2803,1760,1781
2802,1759,1781
2801,1759,1780
2800,1758,1780
2799,1758,1779
2798,1757,1779
2797,1757,1778
2796,1756,1778
2795,1756,1777
2794,1755,1777
2793,1755,1776
2792,1755,1776
2791,1754,1775
2790,1754,1775
2789,1753,1774
2788,1753,1774
2787,1752,1773
2786,1752,1773
2785,1751,1772
2784,1751,1772
2783,1750,1771
2782,1750,1771
2781,1750,1770
2780,1749,1770
2779,1749,1770
2778,1748,1769
2777,1748,1769
2776,1747,1768
2775,1747,1768
2774,1747,1767
2773,1746,1767
2772,1746,1766
2641,1705,1725
2640,1705,1725
2639,1705,1724
2638,1705,1724
2637,1705,1724
2636,1704,1724
2635,1704,1724
2634,1704,1723
2633,1704,1723
2632,1704,1723
2631,1704,1723
2630,1703,1723
2629,1703,1722
2628,1703,1722
2627,1703,1722
2626,1703,1722
2625,1703,1722
2624,1702,1722
2623,1702,1721
2622,1702,1721
2621,1702,1721
2620,1702,1721
2619,1702,1721
2618,1701,1721
2617,1701,1720
2616,1701,1720
2615,1701,1720
2614,1701,1720
2613,1701,1720
2612,1700,1720
2611,1700,1719
2610,1700,1719
2609,1700,1719
2608,1700,1719
2607,1700,1719
2606,1700,1719
2605,1699,1719
2604,1699,1718
2603,1699,1718
2602,1699,1718
2601,1699,1718
2600,1699,1718
2599,1699,1718
2598,1698,1718
2597,1698,1717
2596,1698,1717
2595,1698,1717
2594,1698,1717
2593,1698,1717
2592,1698,1717
2591,1698,1717
2590,1698,1717
2589,1697,1716
2588,1697,1716
2587,1697,1716
2586,1697,1716
2585,1697,1716
2584,1697,1716
2583,1697,1716
2582,1697,1716
2581,1697,1716
2580,1696,1716
2579,1696,1715
2578,1696,1715
2577,1696,1715
2576,1696,1715
2575,1696,1715
2574,1696,1715
2543,1694,1713
2542,1694,1713
2541,1694,1713
2540,1694,1713
2539,1694,1713
2538,1694,1713
2537,1694,1713
2536,1694,1713
2535,1694,1712
2534,1693,1712
2534,2897,2897
2533,1693,1712
2533,2895,2898
2532,1693,1712
2532,2894,2899
2531,1693,1712
2531,2894,2900
2530,1693,1712
2530,2893,2900
2529,1693,1712
2529,2893,2901
2528,1693,1712
2528,2893,2901
2515,1693,1712
2515,3239,3245
2515,2891,2903
2516,1693,1712
2516,3239,3245
2516,2891,2903
2517,1693,1712
2517,3239,3245
2517,2891,2903
2518,1693,1712
2518,3240,3244
2518,2891,2903
2519,1693,1712
2519,3240,3243
2519,2891,2903
2520,1693,1712
2520,3242,3242
2520,2891,2903
2521,1693,1712
2521,2891,2903
2522,1693,1712
2522,2891,2902
2523,1693,1712
2523,2891,2902
2524,1693,1712
2524,2892,2902
2525,1693,1712
2525,2892,2902
2526,1693,1712
2526,2892,2902
2527,1693,1712
2527,2892,2901
2544,1694,1713
2545,1694,1713
2546,1694,1713
2547,1694,1713
2548,1694,1713
2549,1694,1713
2550,1694,1713
2551,1694,1713
2552,1694,1713
2553,1694,1713
2554,1694,1713
2555,1694,1713
2556,1694,1713
2557,1695,1714
2558,1695,1714
2559,1695,1714
2560,1695,1714
2561,1695,1714
2562,1695,1714
2563,1695,1714
2564,1695,1714
2565,1695,1714
2566,1695,1714
2567,1695,1714
2568,1695,1714
2569,1695,1714
2570,1696,1715
2571,1696,1715
2572,1696,1715
2573,1696,1715
2642,1706,1725
2643,1706,1725
2644,1706,1725
2645,1706,1726
2646,1706,1726
2647,1707,1726
2648,1707,1726
2649,1707,1726
2650,1707,1727
2651,1707,1727
2652,1708,1727
2653,1708,1727
2654,1708,1728
2655,1708,1728
2656,1709,1728
2657,1709,1728
2658,1709,1728
2659,1709,1729
2660,1709,1729
2661,1710,1729
2662,1710,1729
2663,1710,1730
2664,1710,1730
2665,1711,1730
2666,1711,1730
2667,1711,1731
2668,1711,1731
2669,1712,1731
2670,1712,1731
2671,1712,1732
2672,1712,1732
2673,1713,1732
2674,1713,1732
2675,1713,1733
2676,1713,1733
2677,1714,1733
2678,1714,1733
2679,1714,1734
2680,1714,1734
2681,1715,1734
2682,1715,1735
2683,1715,1735
2684,1715,1735
2685,1716,1735
2686,1716,1736
2687,1716,1736
2688,1716,1736
2689,1717,1736
2690,1717,1737
2691,1717,1737
2692,1718,1737
2693,1718,1738
2694,1718,1738
2695,1718,1738
2696,1719,1738
2697,1719,1739
2698,1719,1739
2699,1720,1739
2700,1720,1740
2701,1720,1740
2702,1720,1740
2703,1721,1741
2704,1721,1741
2705,1721,1741
2706,1722,1742
2707,1722,1742
2708,1722,1742
2709,1723,1742
2710,1723,1743
2711,1723,1743
2712,1724,1743
2713,1724,1744
2714,1724,1744
2715,1724,1744
2716,1725,1745
2717,1725,1745
2718,1725,1745
2719,1726,1746
2720,1726,1746
2721,1726,1746
2722,1727,1747
2723,1727,1747
2724,1727,1748
2725,1728,1748
2726,1728,1748
2727,1728,1749
2728,1729,1749
2729,1729,1749
2730,1729,1750
2731,1730,1750
2732,1730,1750
2733,1731,1751
2734,1731,1751
2735,1731,1751
2736,1732,1752
2737,1732,1752
2738,1732,1753
2739,1733,1753
2740,1733,1753
2741,1733,1754
2742,1734,1754
2743,1734,1754
2744,1734,1755
2745,1735,1755
2746,1735,1756
2747,1736,1756
2748,1736,1756
2749,1736,1757
2750,1737,1757
2751,1737,1758
2752,1738,1758
2753,1738,1758
2754,1738,1759
2755,1739,1759
2756,1739,1760
2757,1739,1760
2758,1740,1760
2759,1740,1761
2760,1741,1761
2761,1741,1762
2762,1741,1762
2763,1742,1763
2764,1742,1763
2765,1743,1763
2766,1743,1764
2767,1744,1764
2768,1744,1765
2769,1744,1765
2770,1745,1766
2771,1745,1766
3056,1978,2014
3057,1979,2015
3058,1981,2017
3059,1982,2018
3060,1984,2020
3061,1985,2022
3062,1987,2023
3063,1988,2025
3064,1990,2027
3065,1991,2029
3066,1993,2030
3067,1994,2032
3068,1996,2034
3069,1998,2036
3070,1999,2037
3071,2001,2039
3072,2002,2041
3073,2004,2043
3074,2006,2045
3075,2007,2046
3076,2009,2048
3077,2010,2050
3078,2012,2052
3079,2014,2054
3080,2015,2056
3081,2017,2058
3082,2019,2060
3083,2021,2062
3084,2022,2064
3085,2024,2066
3086,2026,2068
3087,2028,2070
3088,2029,2072
3089,2031,2074
3090,2033,2076
3091,2035,2078
3092,2037,2080
3093,2039,2082
3094,2040,2084
3095,2042,2087
3096,2044,2089
3097,2046,2091
3098,2048,2093
3099,2050,2096
3100,2052,2098
3101,2054,2100
3102,2056,2103
3103,2058,2105
3104,2060,2107
3105,2062,2110
3106,2064,2112
3107,2066,2115
3108,2068,2117
3109,2071,2120
3110,2073,2123
3111,2075,2125
3112,2077,2128
3113,2079,2131
3114,2081,2133
3115,2084,2136
3116,2086,2139
3117,2088,2142
3118,2091,2145
3119,2093,2148
3120,2095,2151
3121,2098,2154
3122,2100,2157
3123,2103,2160
3124,2105,2163
3125,2108,2166
3126,2110,2170
3127,2113,2173
3128,2116,2176
3129,2118,2180
3130,2121,2184
3131,2124,2187
3132,2126,2191
3133,2129,2195
3134,2132,2199
3135,2135,2203
3136,2138,2207
3137,2141,2212
3138,2144,2216
3139,2147,2221
3140,2150,2226
3141,2154,2230
3142,2157,2236
3143,2160,2241
3144,2164,2247
3145,2167,2253
3146,2171,2259
3147,2174,2266
3148,2178,2273
3149,2182,2281
3150,2186,2290
3151,2190,2301
3152,2194,2313
3152,2429,2450
3153,2198,2329
3153,2408,2450
3154,2203,2449
3155,2207,2446
3156,2212,2443
3157,2217,2440
3158,2222,2436
3159,2228,2432
3160,2234,2427
3161,2240,2422
3162,2246,2416
3163,2253,2410
3164,2261,2403
3165,2270,2395
3166,2279,2386
3167,2292,2374
3168,2309,2357
2514,1693,1712
2514,3239,3245
2514,2891,2903
2513,1693,1712
2513,3239,3245
2513,2891,2903
2512,1693,1712
2512,3239,3244
2512,2891,2903
2511,1693,1712
2511,3240,3244
2511,2891,2903
2510,1693,1712
2510,3241,3243
2510,2891,2903
2509,1693,1712
2509,2891,2903
2508,1693,1712
2508,2891,2902
2507,1693,1712
2507,2891,2902
2506,1693,1712
2506,2891,2902
2505,1693,1712
2505,2892,2902
2504,1693,1712
2504,2892,2902
2503,1693,1712
2503,2892,2902
2502,1693,1712
2502,2892,2901
2501,1693,1712
2501,2893,2901
2500,1693,1712
2500,2893,2901
2499,1693,1712
2499,2894,2900
2498,1693,1712
2498,2894,2900
2497,1693,1712
2497,2895,2899
2496,1693,1712
2496,2896,2898
2495,1693,1712
2494,1694,1712
2493,1694,1713
2492,1694,1713
2491,1694,1713
2490,1694,1713
2489,1694,1713
2488,1694,1713
2487,1694,1713
2486,1694,1713
2485,1694,1713
2484,1694,1713
2483,1694,1713
2482,1694,1713
2481,1694,1713
2480,1694,1713
2479,1694,1713
2478,1694,1713
2477,1694,1713
2476,1694,1713
2475,1694,1713
2474,1694,1713
2473,1695,1714
2472,1695,1714
2471,1695,1714
2470,1695,1714
2469,1695,1714
2468,1695,1714
2467,1695,1714
2466,1695,1714
2465,1695,1714
2464,1695,1714
2463,1695,1714
2462,1695,1714
2461,1695,1714
2460,1695,1715
2459,1696,1715
2458,1696,1715
2457,1696,1715
2456,1696,1715
2455,1696,1715
2454,1696,1715
2453,1696,1715
2452,1696,1715
2451,1696,1715
2450,1696,1715
2449,1696,1716
2448,1697,1716
2447,1697,1716
2446,1697,1716
2445,1697,1716
2444,1697,1716
2443,1697,1716
2442,1697,1716
2441,1697,1716
2440,1697,1717
2439,1698,1717
2438,1698,1717
2437,1698,1717
2436,1698,1717
2435,1698,1717
2434,1698,1717
2433,1698,1717
2432,1698,1718
2431,1699,1718
2430,1699,1718
2429,1699,1718
2428,1699,1718
2427,1699,1718
2426,1699,1718
2425,1699,1719
2424,1699,1719
2423,1700,1719
2422,1700,1719
2421,1700,1719
2420,1700,1719
2419,1700,1719
2418,1700,1720
2417,1701,1720
2416,1701,1720
2415,1701,1720
2414,1701,1720
2413,1701,1720
2412,1701,1720
2411,1701,1721
2410,1702,1721
2409,1702,1721
2408,1702,1721
2407,1702,1721
2406,1702,1722
2405,1702,1722
2404,1703,1722
2403,1703,1722
2402,1703,1722
2401,1703,1722
2400,1703,1723
2399,1703,1723
2398,1704,1723
2397,1704,1723
2396,1704,1723
2395,1704,1724
2394,1704,1724
2393,1705,1724
2392,1705,1724
2391,1705,1724
2390,1705,1724
2389,1705,1725
2388,1706,1725
2387,1706,1725
2386,1706,1725
2385,1706,1726
2384,1706,1726
2383,1707,1726
2382,1707,1726
2381,1707,1726
2380,1707,1727
2379,1707,1727
2378,1708,1727
2377,1708,1727
2376,1708,1727
2375,1708,1728
2374,1708,1728
2373,1709,1728
2372,1709,1728
2371,1709,1729
2370,1709,1729
2369,1710,1729
2368,1710,1729
2367,1710,1730
2366,1710,1730
2365,1710,1730
2364,1711,1730
2363,1711,1730
2362,1711,1731
2361,1711,1731
2360,1712,1731
2359,1712,1731
2358,1712,1732
2357,1712,1732
2356,1713,1732
2355,1713,1733
2354,1713,1733
2353,1713,1733
2352,1714,1733
2351,1714,1734
2350,1714,1734
2349,1714,1734
2348,1715,1734
2347,1715,1735
2346,1715,1735
2345,1716,1735
2344,1716,1735
2343,1716,1736
2342,1716,1736
2341,1717,1736
2340,1717,1737
2339,1717,1737
2338,1717,1737
2337,1718,1737
2336,1718,1738
2335,1718,1738
2334,1719,1738
2333,1719,1739
2332,1719,1739
2331,1719,1739
2330,1720,1740
2329,1720,1740
2328,1720,1740
2327,1721,1740
2326,1721,1741
2325,1721,1741
2324,1721,1741
2323,1722,1742
2322,1722,1742
2321,1722,1742
2320,1723,1743
2319,1723,1743
2318,1723,1743
2317,1724,1744
2316,1724,1744
2315,1724,1744
2314,1725,1745
2313,1725,1745
2312,1725,1745
2311,1726,1746
2310,1726,1746
2309,1726,1746
2308,1727,1747
2307,1727,1747
2306,1727,1747
2305,1728,1748
2304,1728,1748
2303,1728,1748
2302,1729,1749
2301,1729,1749
2300,1729,1749
2299,1730,1750
2298,1730,1750
2297,1730,1751
2296,1731,1751
2295,1731,1751
2294,1731,1752
2293,1732,1752
2292,1732,1752
2291,1732,1753
2290,1733,1753
2289,1733,1753
2288,1734,1754
2287,1734,1754
2286,1734,1755
2285,1735,1755
2284,1735,1755
2283,1735,1756
2282,1736,1756
2281,1736,1757
2280,1737,1757
2279,1737,1757
2278,1737,1758
2277,1738,1758
2276,1738,1759
2275,1738,1759
2274,1739,1759
2273,1739,1760
2272,1740,1760
2271,1740,1761
2270,1740,1761
2269,1741,1761
2268,1741,1762
2267,1742,1762
2266,1742,1763
2265,1743,1763
2264,1743,1764
2263,1743,1764
2262,1744,1764
2261,1744,1765
2260,1745,1765
2259,1745,1766
2258,1745,1766
2257,1746,1767
2256,1746,1767
2255,1747,1768
2254,1747,1768
2253,1748,1768
2252,1748,1769
2251,1748,1769
2250,1749,1770
2249,1749,1770
2248,1750,1771
2247,1750,1771
2246,1751,1772
2245,1751,1772
2244,1752,1773
2243,1752,1773
2242,1752,1774
2241,1753,1774
2240,1753,1774
2239,1754,1775
2238,1754,1775
2237,1755,1776
2236,1755,1776
2235,1756,1777
2234,1756,1777
2233,1757,1778
2232,1757,1778
2231,1758,1779
2230,1758,1779
2229,1759,1780
2228,1759,1780
2227,1760,1781
2226,1760,1781
2225,1761,1782
2224,1761,1782
2223,1762,1783
2222,1762,1783
2221,1763,1784
2220,1763,1784
2219,1764,1785
2218,1764,1786
2217,1765,1786
2216,1765,1787
2215,1766,1787
2214,1766,1788
2213,1767,1788
2212,1767,1789
2211,1768,1789
2210,1768,1790
2209,1769,1790
2208,1769,1791
2207,1770,1791
2206,1770,1792
2205,1771,1793
2204,1771,1793
2203,1772,1794
2202,1772,1794
2201,1773,1795
2200,1773,1795
2199,1774,1796
2198,1775,1797
2197,1775,1797
2196,1776,1798
2195,1776,1798
2194,1777,1799
2193,1777,1799
2192,1778,1800
2191,1778,1801
2190,1779,1801
2189,1780,1802
2188,1780,1802
2187,1781,1803
2186,1781,1804
2185,1782,1804
2184,1783,1805
2183,1783,1805
2182,1784,1806
2181,1784,1807
2180,1785,1807
2179,1785,1808
2178,1786,1808
2177,1787,1809
2176,1787,1810
2175,1788,1810
2174,1788,1811
2173,1789,1812
2172,1790,1812
2171,1790,1813
2170,1791,1814
2169,1792,1814
2168,1792,1815
2167,1793,1815
2166,1793,1816
2165,1794,1817
2164,1795,1817
2163,1795,1818
2162,1796,1819
2161,1797,1819
2160,1797,1820
2159,1798,1821
2158,1798,1821
2157,1799,1822
2156,1800,1823
2155,1800,1824
2154,1801,1824
2153,1802,1825
2152,1802,1826
2151,1803,1826
2150,1804,1827
2149,1804,1828
2148,1805,1828
2147,1806,1829
2146,1806,1830
2145,1807,1831
2144,1808,1831
2143,1808,1832
2142,1809,1833
2141,1810,1833
2140,1811,1834
2139,1811,1835
2138,1812,1836
2137,1813,1836
2136,1813,1837
2135,1814,1838
2134,1815,1839
2133,1815,1839
2132,1816,1840
2131,1817,1841
2130,1818,1842
2129,1818,1842
2128,1819,1843
2127,1820,1844
2126,1821,1845
2125,1821,1845
2124,1822,1846
2123,1823,1847
2122,1823,1848
2121,1824,1848
2120,1825,1849
2119,1826,1850
2118,1826,1851
2117,1827,1852
2116,1828,1852
2115,1829,1853
2114,1830,1854
2113,1830,1855
2112,1831,1856
2111,1832,1857
2110,1833,1857
2109,1833,1858
2108,1834,1859
2107,1835,1860
2106,1836,1861
2105,1837,1862
2104,1837,1862
2103,1838,1863
2102,1839,1864
2101,1840,1865
2100,1841,1866
2099,1841,1867
2098,1842,1867
2097,1843,1868
2096,1844,1869
2095,1845,1870
2094,1846,1871
2093,1846,1872
2092,1847,1873
2091,1848,1874
2090,1849,1875
2089,1850,1875
2088,1851,1876
2087,1851,1877
2086,1852,1878
2085,1853,1879
2084,1854,1880
2083,1855,1881
2082,1856,1882
2081,1857,1883
2080,1858,1884
2079,1858,1885
2078,1859,1886
2077,1860,1887
2076,1861,1887
2075,1862,1888
2074,1863,1889
2073,1864,1890
2072,1865,1891
2071,1866,1892
2070,1867,1893
2069,1868,1894
2068,1868,1895
2067,1869,1896
2066,1870,1897
2065,1871,1898
2064,1872,1899
2063,1873,1900
2062,1874,1901
2061,1875,1902
2060,1876,1903
