2201,2875,2877
2200,2873,2878
2199,2872,2878
2198,2871,2878
2197,2870,2878
2196,2870,2878
2195,2869,2878
2194,2868,2877
2193,2867,2877
2192,2866,2877
2191,2866,2877
2190,2865,2876
2189,2864,2876
2188,2863,2876
2187,2862,2876
2186,2862,2875
2185,2861,2875
2184,2860,2875
2183,2860,2874
2182,2859,2874
2181,2858,2874
2180,2857,2873
2179,2857,2873
2178,2856,2872
2177,2855,2872
2176,2854,2872
2175,2854,2871
2174,2853,2871
2173,2852,2870
2172,2852,2870
2171,2851,2869
2170,2850,2869
2169,2849,2869
2168,2849,2868
2167,2848,2868
2166,2847,2867
2165,2846,2867
2164,2846,2866
2163,2845,2866
2162,2844,2865
2161,2843,2865
2160,2843,2864
2159,2842,2863
2158,2841,2863
2157,2841,2862
2156,2840,2862
2155,2839,2861
2154,2838,2861
2153,2838,2860
2152,2837,2860
2151,2836,2859
2150,2835,2858
2149,2834,2858
2148,2834,2857
2147,2833,2857
2146,2832,2856
2145,2831,2855
2144,2831,2855
2143,2830,2854
2142,2829,2853
2141,2828,2853
2140,2828,2852
2139,2827,2851
2138,2826,2851
2137,2825,2850
2136,2824,2849
2135,2824,2849
2134,2823,2848
2133,2822,2847
2132,2821,2847
2131,2820,2846
2130,2820,2845
2098,2792,2820
2097,2791,2819
2096,2790,2818
2095,2789,2817
2094,2788,2816
2093,2787,2815
2092,2786,2814
2091,2785,2813
2090,2784,2812
2089,2783,2811
2088,2782,2810
2087,2781,2809
2086,2780,2808
2085,2779,2808
2084,2778,2807
2083,2777,2806
2082,2776,2805
2081,2775,2804
2080,2774,2803
2079,2773,2802
2078,2772,2801
2077,2771,2800
2076,2770,2799
2075,2769,2798
2074,2768,2796
2073,2767,2795
2403,2906,2907
2404,2905,2908
2405,2904,2909
2406,2904,2909
2407,2903,2910
2408,2903,2910
2409,2903,2910
2410,2902,2911
2099,2793,2821
3181,2500,2506
2411,2902,2911
2100,2794,2821
3182,2485,2512
2412,2902,2911
2101,2795,2822
3183,2474,2513
2413,2901,2911
2102,2795,2823
3184,2464,2513
2414,2901,2911
2103,2796,2824
3185,2454,2512
2415,2901,2912
2104,2797,2825
3186,2443,2511
2416,2901,2912
2105,2798,2826
3187,2432,2509
2417,2901,2912
2106,2799,2827
3188,2420,2508
2418,2900,2912
2107,2800,2827
3189,2406,2506
1944,2121,2167
1944,2553,2586
1943,2124,2171
1943,2550,2584
1942,2126,2174
1942,2547,2581
1941,2128,2178
1941,2544,2578
1913,2215,2485
2454,2902,2909
1940,2131,2182
1940,2540,2576
1912,2219,2481
2453,2901,2909
1939,2133,2186
1939,2537,2573
1911,2224,2476
2452,2901,2910
1938,2135,2189
1938,2533,2570
1910,2229,2471
2451,2901,2910
1937,2138,2193
1937,2530,2567
2421,2900,2912
2110,2803,2830
3192,2298,2499
2455,2902,2908
1914,2211,2490
2428,2899,2913
2117,2809,2836
3199,2277,2478
2422,2900,2912
2111,2804,2831
3193,2277,2496
2456,2903,2908
1915,2207,2494
2429,2899,2913
2118,2810,2836
3200,2279,2474
2423,2900,2912
2112,2804,2832
3194,2273,2494
2457,2904,2907
1916,2203,2342
1916,2387,2498
2430,2899,2913
2119,2810,2837
3201,2283,2470
2424,2900,2913
2113,2805,2832
3195,2272,2491
2458,2905,2905
1917,2199,2321
1917,2408,2502
2431,2899,2913
2120,2811,2838
3202,2286,2466
2425,2900,2913
2114,2806,2833
3196,2272,2488
1918,2195,2307
1918,2421,2506
2432,2899,2913
2121,2812,2839
3203,2290,2461
2426,2899,2913
2115,2807,2834
3197,2273,2485
1919,2192,2296
1919,2432,2510
2433,2899,2913
2122,2813,2839
3204,2294,2456
2427,2899,2913
2116,2808,2835
3198,2275,2481
1920,2188,2287
1920,2441,2513
2434,2899,2913
2123,2814,2840
3205,2299,2451
2108,2801,2828
3190,2390,2504
2419,2900,2912
1921,2185,2279
1921,2449,2517
2435,2899,2913
2124,2815,2841
3206,2304,2445
2109,2802,2829
3191,2367,2501
2420,2900,2912
1922,2181,2271
1922,2456,2521
2436,2899,2912
2125,2815,2842
3207,2309,2439
1923,2178,2264
1923,2463,2524
2437,2899,2912
2126,2816,2842
3208,2316,2432
1924,2175,2257
1924,2469,2528
2438,2899,2912
2127,2817,2843
3209,2323,2425
1925,2172,2251
1925,2475,2531
1898,2329,2369
2439,2899,2912
2128,2818,2844
3210,2332,2415
1974,2067,2078
1974,2628,2653
1975,2066,2075
1975,2630,2655
1976,2065,2072
1976,2632,2657
1979,2637,2663
1926,2168,2245
1926,2481,2534
1899,2309,2389
2440,2899,2912
2129,2819,2845
3211,2345,2403
1980,2639,2665
1927,2165,2240
1927,2486,2538
1900,2296,2402
2441,2899,2912
1981,2641,2667
1928,2162,2234
1928,2491,2541
1901,2286,2412
2442,2899,2912
1982,2643,2668
1983,2645,2670
1984,2647,2672
1931,2154,2219
1931,2505,2550
1904,2262,2436
2445,2900,2911
1932,2151,2215
1932,2510,2553
1905,2256,2443
2446,2900,2911
1933,2148,2210
1933,2514,2556
1906,2250,2449
2447,2900,2911
1934,2146,2206
1934,2518,2559
1907,2244,2455
2448,2900,2911
1935,2143,2202
1935,2522,2562
1908,2239,2461
2449,2900,2911
1902,2277,2421
2443,2899,2912
1929,2160,2229
1929,2496,2544
1936,2141,2197
1936,2526,2565
1909,2233,2466
2450,2900,2910
1903,2269,2429
2444,2899,2912
1930,2157,2224
1930,2501,2547
1978,2636,2661
1977,2065,2068
1977,2634,2659
1945,2119,2164
1945,2556,2589
1946,2117,2160
1946,2560,2591
2488,3241,3242
1947,2115,2157
1947,2562,2594
2489,3240,3244
1948,2112,2154
1948,2565,2596
2490,3240,3244
1949,2110,2151
1949,2568,2599
2491,3239,3245
1950,2108,2147
1950,2571,2601
2492,3239,3245
1951,2106,2144
1951,2574,2603
2493,3239,3246
1952,2104,2141
1952,2577,2606
2494,3239,3246
1953,2102,2138
1953,2579,2608
2495,3240,3246
1954,2100,2135
1954,2582,2610
2496,3240,3245
1955,2098,2132
1955,2585,2613
2497,3241,3245
1956,2096,2129
1956,2587,2615
2498,3241,3244
1957,2094,2126
1957,2590,2617
1958,2092,2123
1958,2592,2620
1959,2091,2120
1959,2595,2622
1960,2089,2117
1960,2597,2624
1961,2087,2114
1961,2599,2626
1962,2085,2112
1962,2602,2628
1963,2083,2109
1963,2604,2631
1964,2082,2106
1964,2606,2633
1965,2080,2103
1965,2609,2635
1966,2078,2100
1966,2611,2637
1967,2077,2098
1967,2613,2639
1968,2075,2095
1968,2615,2641
1969,2074,2092
1969,2617,2643
1970,2072,2089
1970,2619,2645
1971,2071,2087
1971,2622,2647
1972,2070,2084
1972,2624,2649
1973,2068,2081
1973,2626,2651
1985,2649,2674
1986,2650,2676
1987,2652,2677
1988,2654,2679
1989,2656,2681
1990,2658,2683
1991,2659,2685
1992,2661,2686
1993,2663,2688
1994,2664,2690
1995,2666,2691
1996,2668,2693
1997,2669,2695
1998,2671,2696
1999,2673,2698
2000,2674,2700
2001,2676,2701
2002,2677,2703
2003,2679,2705
2004,2680,2706
2005,2682,2708
2006,2683,2709
2007,2685,2711
2008,2687,2712
2009,2688,2714
2010,2690,2716
2011,2691,2717
2012,2692,2719
2013,2694,2720
2014,2695,2722
2015,2697,2723
2016,2698,2725
2017,2700,2726
2018,2701,2727
2019,2702,2729
2020,2704,2730
2021,2705,2732
2022,2707,2733
2023,2708,2735
2024,2709,2736
2025,2711,2737
2026,2712,2739
2027,2713,2740
2028,2715,2742
2029,2716,2743
2030,2717,2744
2031,2719,2746
2032,2720,2747
2033,2721,2748
2034,2722,2750
2035,2724,2751
2036,2725,2752
2037,2726,2754
2038,2728,2755
2039,2729,2756
2040,2730,2757
2041,2731,2759
2042,2732,2760
2043,2734,2761
2044,2735,2762
2045,2736,2764
2046,2737,2765
2047,2738,2766
2048,2740,2767
2049,2741,2769
2050,2742,2770
2051,2743,2771
2052,2744,2772
2053,2745,2773
2054,2747,2774
2055,2748,2776
2056,2749,2777
2057,2750,2778
2058,2751,2779
2059,2752,2780
2060,2753,2781
2061,2754,2782
2062,2756,2784
2063,2757,2785
2064,2758,2786
2065,2759,2787
2066,2760,2788
2067,2761,2789
2068,2762,2790
2069,2763,2791
2070,2764,2792
2071,2765,2793
2072,2766,2794
