1927,2496,2557
1927,2152,2218
1928,2501,2560
1928,2149,2214
1929,2505,2563
1929,2147,2209
1930,2509,2566
1930,2144,2205
1931,2513,2569
1931,2141,2201
1932,2517,2571
1932,2139,2197
1933,2521,2574
1933,2136,2193
1934,2524,2577
1934,2134,2189
1935,2528,2580
1935,2131,2185
1936,2531,2582
1936,2129,2181
1937,2535,2585
1937,2126,2177
1938,2538,2588
1938,2124,2174
1939,2542,2590
1939,2121,2170
1940,2545,2593
1940,2119,2167
1941,2548,2595
1941,2117,2163
1942,2551,2598
1942,2114,2160
1943,2554,2600
1943,2112,2157
1944,2557,2603
1944,2110,2153
1945,2560,2605
1945,2108,2150
1946,2563,2607
1946,2106,2147
1947,2566,2610
1947,2104,2144
1948,2568,2612
1948,2101,2141
1949,2571,2614
1949,2099,2138
2491,3241,3244
1950,2574,2617
1950,2097,2135
2492,3240,3245
1951,2576,2619
1951,2095,2132
2493,3240,3245
1952,2579,2621
1952,2093,2129
2494,3240,3245
1953,2582,2623
1953,2091,2126
2495,3240,3246
1954,2584,2626
1954,2089,2123
2496,3240,3246
1955,2587,2628
1955,2087,2121
2497,3240,3246
1956,2589,2630
1956,2085,2118
2498,3240,3246
1957,2591,2632
1957,2084,2115
2499,3241,3245
1958,2594,2634
1958,2082,2112
2137,2830,2849
2136,2829,2848
2135,2828,2847
2134,2828,2847
2133,2827,2846
2132,2826,2846
2131,2825,2845
2130,2824,2844
2129,2823,2844
2128,2822,2843
2127,2821,2843
2126,2821,2842
3207,2344,2391
2125,2820,2841
3206,2329,2406
2124,2819,2841
3205,2319,2416
2123,2818,2840
3204,2310,2425
2122,2817,2839
3203,2303,2432
2121,2816,2839
3202,2297,2439
2120,2815,2838
3201,2291,2445
2119,2814,2837
3200,2286,2450
2118,2813,2837
3199,2281,2455
2117,2813,2836
3198,2276,2460
2116,2812,2835
3197,2272,2464
2115,2811,2834
3196,2268,2469
2114,2810,2834
3195,2264,2472
2113,2809,2833
3194,2261,2476
2112,2808,2832
3193,2258,2480
2111,2807,2831
3192,2255,2483
2110,2806,2831
3191,2253,2486
2109,2805,2830
3190,2251,2489
2108,2804,2829
3189,2249,2492
2107,2803,2828
3188,2248,2495
2106,2803,2828
3187,2248,2497
2105,2802,2827
3186,2249,2300
3186,2376,2500
2104,2801,2826
3185,2259,2265
3185,2398,2502
2103,2800,2825
3184,2415,2504
2102,2799,2825
3183,2428,2506
2101,2798,2824
3182,2440,2507
2100,2797,2823
3181,2451,2508
2099,2796,2822
3180,2461,2509
2098,2795,2821
3179,2472,2509
2097,2794,2821
3178,2483,2508
2096,2793,2820
2095,2792,2819
2094,2791,2818
2093,2790,2817
2092,2789,2816
2091,2788,2815
2090,2787,2815
2089,2786,2814
2088,2785,2813
2087,2784,2812
1898,2275,2429
2439,2898,2911
1899,2268,2437
2440,2898,2911
1900,2261,2444
2441,2898,2911
1901,2254,2450
2442,2898,2911
2086,2783,2811
1926,2492,2554
1926,2155,2223
2467,2904,2904
2085,2782,2810
1925,2487,2551
1925,2158,2228
2466,2902,2906
2084,2781,2809
1924,2482,2548
1924,2161,2233
2465,2902,2907
2083,2780,2808
1923,2477,2545
1923,2164,2239
2464,2901,2907
2082,2779,2807
1922,2472,2541
1922,2167,2244
2463,2901,2908
2081,2778,2807
1921,2466,2538
1921,2170,2250
2462,2900,2908
2080,2777,2806
1920,2460,2535
1920,2173,2256
2461,2900,2909
2079,2776,2805
1919,2454,2531
1919,2177,2263
2460,2900,2909
2078,2775,2804
1918,2447,2528
1918,2180,2270
2459,2899,2909
2077,2774,2803
1917,2439,2524
1917,2183,2278
2458,2899,2909
2070,2767,2796
1910,2210,2497
2451,2898,2911
2071,2768,2797
1911,2205,2501
2452,2898,2911
2072,2769,2798
1912,2201,2505
2453,2898,2910
2073,2770,2799
1913,2394,2509
1913,2198,2324
2454,2898,2910
2074,2771,2800
1914,2410,2513
1914,2194,2308
2455,2899,2910
2075,2772,2801
1915,2421,2517
1915,2190,2297
2456,2899,2910
2076,2773,2802
1916,2431,2520
1916,2187,2287
2457,2899,2910
1897,2284,2420
2438,2898,2911
1896,2293,2410
2437,2898,2911
1895,2305,2399
2436,2898,2911
1894,2321,2383
2435,2899,2911
2434,2899,2911
2433,2899,2911
2432,2899,2911
2431,2899,2911
2430,2899,2911
2429,2900,2910
2428,2900,2910
2427,2900,2910
2426,2900,2910
2425,2901,2910
2424,2901,2909
2423,2901,2909
1909,2214,2492
2450,2898,2911
2069,2765,2795
2422,2902,2909
1908,2218,2488
2449,2898,2911
2068,2764,2794
2421,2902,2908
2164,2856,2858
1907,2223,2483
2448,2898,2911
2067,2763,2793
2420,2902,2908
2163,2854,2859
1906,2227,2478
2447,2898,2911
2066,2762,2792
2419,2903,2907
2162,2853,2859
1905,2232,2473
2446,2898,2911
2065,2761,2791
2418,2904,2907
2161,2852,2859
1904,2237,2468
2445,2898,2911
2064,2760,2790
2417,2905,2905
2160,2851,2858
1903,2243,2462
2444,2898,2911
2063,2759,2789
1902,2248,2456
2443,2898,2911
2062,2758,2788
2138,2831,2849
2139,2832,2850
2140,2833,2850
2141,2834,2851
2142,2834,2851
2143,2835,2852
2144,2836,2852
2145,2837,2853
2146,2838,2853
2147,2839,2854
2148,2840,2854
2149,2841,2855
2150,2841,2855
2151,2842,2855
2152,2843,2856
2153,2844,2856
2154,2845,2857
2155,2846,2857
2156,2847,2857
2157,2848,2858
2158,2849,2858
2159,2850,2858
2061,2757,2787
2060,2755,2786
2059,2754,2785
2058,2753,2784
2057,2752,2783
2056,2751,2781
2055,2750,2780
2054,2749,2779
2053,2747,2778
2052,2746,2777
2051,2745,2776
2050,2744,2775
2049,2743,2774
2048,2742,2773
2047,2740,2771
2046,2739,2770
2045,2738,2769
2044,2737,2768
2043,2735,2767
2042,2734,2766
2041,2733,2765
2040,2732,2763
2039,2730,2762
2038,2729,2761
2037,2728,2760
2036,2727,2758
2035,2725,2757
2034,2724,2756
2033,2723,2755
2032,2721,2754
2031,2720,2752
2030,2719,2751
2029,2718,2750
2028,2716,2748
2027,2715,2747
2026,2713,2746
2025,2712,2745
2024,2711,2743
2023,2709,2742
2022,2708,2741
2021,2707,2739
2020,2705,2738
2019,2704,2737
2018,2702,2735
2017,2701,2734
2016,2699,2733
2015,2698,2731
2014,2697,2730
2013,2695,2728
2012,2694,2727
2011,2692,2726
2010,2691,2724
2009,2689,2723
2008,2688,2721
2007,2686,2720
2006,2685,2718
2005,2683,2717
2004,2681,2715
2003,2680,2714
2002,2678,2712
2001,2677,2711
2000,2675,2709
1999,2674,2708
1998,2672,2706
1997,2670,2705
1996,2669,2703
1995,2667,2701
1994,2665,2700
1993,2664,2698
1992,2662,2697
1991,2660,2695
1990,2658,2693
1989,2657,2692
1988,2655,2690
1987,2653,2688
1986,2651,2687
1985,2650,2685
1984,2648,2683
1983,2646,2682
1983,2045,2048
1982,2644,2680
1982,2045,2051
1981,2642,2678
1981,2046,2054
1980,2640,2676
1980,2047,2056
1979,2638,2675
1979,2048,2059
1978,2637,2673
1978,2050,2062
1977,2635,2671
1977,2051,2064
1976,2633,2669
1976,2052,2067
1975,2631,2667
1975,2054,2069
1974,2629,2666
1974,2055,2071
1973,2627,2664
1973,2056,2074
1972,2625,2662
1972,2058,2076
1971,2623,2660
1971,2060,2079
1970,2621,2658
1970,2061,2081
1969,2618,2656
1969,2063,2084
1968,2616,2654
1968,2064,2086
1967,2614,2652
1967,2066,2089
1966,2612,2650
1966,2068,2091
1965,2610,2648
1965,2069,2094
1964,2608,2646
1964,2071,2097
1963,2605,2644
1963,2073,2099
1962,2603,2642
1962,2074,2102
1961,2601,2640
1961,2076,2104
2501,3243,3244
1960,2599,2638
1960,2078,2107
2500,3241,3245
1959,2596,2636
1959,2080,2110
