2575,2889,2891
2576,2888,2892
2577,2887,2893
2578,2887,2893
2579,2886,2894
2580,2886,2894
2581,2886,2895
2582,2885,2895
2583,2885,2895
2584,2885,2895
2585,2885,2896
2586,2884,2896
2587,2884,2896
2588,2884,2896
2589,2884,2896
2590,2884,2896
2591,2884,2896
2592,2884,2897
2593,2884,2897
2594,2883,2897
2595,2883,2897
2596,2883,2897
2597,2883,2897
2598,2883,2897
1923,1995,2008
1922,1996,2011
1921,1997,2013
1920,1998,2015
1919,1999,2018
1918,2000,2020
1917,2001,2022
1916,2003,2024
1915,2004,2026
1914,2005,2029
1913,2006,2031
1912,2008,2033
1911,2009,2035
1910,2010,2037
1909,2012,2040
1908,2013,2042
1907,2014,2044
1906,2016,2046
1905,2017,2049
1904,2019,2051
1903,2020,2053
1902,2022,2055
2537,3234,3237
1901,2023,2058
2536,3233,3237
1900,2025,2060
2535,3233,3238
1899,2026,2062
2534,3233,3238
1898,2028,2065
2533,3233,3238
1897,2029,2067
2532,3233,3238
1896,2031,2069
2531,3233,3238
1895,2033,2072
2530,3234,3238
1894,2034,2074
2529,3235,3237
1877,2065,2118
1876,2067,2121
1875,2069,2123
1874,2071,2126
1873,2073,2129
1872,2075,2132
1871,2078,2135
1870,2080,2138
1869,2082,2141
1868,2084,2144
1867,2086,2147
1866,2089,2150
1865,2091,2153
1878,2063,2115
1879,2061,2112
1880,2059,2110
1881,2057,2107
1882,2055,2104
1883,2054,2102
1884,2052,2099
1885,2050,2097
1886,2048,2094
1887,2046,2091
1888,2044,2089
1889,2043,2086
1890,2041,2084
1891,2039,2082
1892,2038,2079
1893,2036,2077
1924,1994,2006
1925,1993,2004
1926,1993,2001
1927,1992,1998
1928,1992,1995
1864,2093,2156
1863,2096,2159
1862,2098,2162
1861,2101,2165
1860,2103,2169
1859,2106,2172
2629,2889,2891
1858,2108,2175
2628,2888,2892
1857,2111,2179
2627,2887,2892
1856,2114,2182
2626,2887,2893
1855,2116,2185
2625,2887,2893
1854,2119,2189
2624,2886,2894
1853,2122,2192
2623,2886,2894
1852,2125,2196
2622,2886,2894
1851,2128,2199
2621,2885,2895
1850,2131,2203
2620,2885,2895
1849,2134,2206
2619,2885,2895
1848,2137,2210
2618,2885,2895
1847,2140,2214
2617,2885,2895
1846,2144,2217
2616,2884,2896
1845,2147,2221
2615,2884,2896
1844,2151,2224
2614,2884,2896
1843,2154,2228
2613,2884,2896
1842,2158,2231
2612,2884,2896
1841,2162,2234
2611,2884,2896
1840,2166,2237
2610,2884,2896
1839,2170,2240
2609,2884,2896
1838,2175,2243
2600,2883,2897
2608,2884,2897
1837,2179,2246
2599,2883,2897
2607,2883,2897
1836,2184,2248
2606,2883,2897
1835,2190,2250
2605,2883,2897
1834,2195,2251
2604,2883,2897
1833,2202,2252
2603,2883,2897
1832,2209,2251
2602,2883,2897
1831,2218,2249
2601,2883,2897
1830,2232,2241
