1889,2318,2389
1890,2304,2404
2432,2903,2905
1891,2292,2415
2433,2902,2906
1892,2283,2425
1996,2013,2016
1996,2674,2711
1995,2013,2018
1995,2672,2709
1994,2014,2021
1994,2670,2708
1993,2015,2023
1993,2669,2706
1992,2016,2025
1992,2667,2705
1991,2018,2027
1991,2665,2703
1990,2019,2029
1990,2664,2702
1989,2020,2031
1989,2662,2700
1988,2021,2034
1988,2660,2699
1987,2023,2036
1987,2658,2697
1986,2024,2038
1986,2657,2696
1985,2025,2040
1985,2655,2694
1984,2027,2042
1984,2653,2692
1983,2028,2044
1983,2651,2691
1982,2030,2046
1982,2649,2689
1981,2031,2048
1981,2648,2687
1980,2032,2050
1980,2646,2686
1979,2034,2052
1979,2644,2684
1978,2035,2055
1978,2642,2683
1977,2037,2057
1977,2640,2681
1976,2038,2059
1976,2638,2679
1975,2040,2061
1975,2636,2677
1974,2042,2063
1974,2634,2676
1973,2043,2065
1973,2632,2674
1972,2045,2068
1972,2630,2672
1971,2046,2070
1971,2628,2670
1970,2048,2072
1970,2626,2669
1969,2050,2074
1969,2624,2667
1968,2051,2077
1968,2622,2665
1967,2053,2079
1967,2620,2663
1966,2055,2081
1966,2618,2661
1965,2056,2084
1965,2616,2660
1964,2058,2086
1964,2614,2658
2504,3243,3244
1963,2060,2088
1963,2612,2656
2503,3242,3245
1962,2062,2091
1962,2609,2654
2502,3241,3246
1961,2063,2093
1961,2607,2652
2501,3240,3246
1960,2065,2095
1960,2605,2650
2500,3240,3246
1959,2067,2098
1959,2603,2648
2499,3240,3246
1958,2069,2100
1958,2600,2646
2498,3240,3246
1957,2071,2103
1957,2598,2644
2497,3240,3246
1956,2073,2105
1956,2596,2642
2496,3240,3245
1955,2074,2108
1955,2593,2640
2495,3240,3245
1954,2076,2111
1954,2591,2638
2494,3241,3244
1953,2078,2113
1953,2589,2636
1952,2080,2116
1952,2586,2634
1951,2082,2119
1951,2584,2632
1950,2084,2121
1950,2581,2630
1949,2086,2124
1949,2579,2628
1948,2088,2127
1948,2576,2626
1947,2090,2130
1947,2573,2623
1946,2092,2132
1946,2571,2621
1945,2094,2135
1945,2568,2619
1944,2097,2138
1944,2565,2617
1943,2099,2141
1943,2563,2614
1942,2101,2144
1942,2560,2612
1941,2103,2147
1941,2557,2610
1940,2105,2150
1940,2554,2608
1939,2108,2153
1939,2551,2605
1938,2110,2157
1938,2548,2603
1937,2112,2160
1937,2545,2600
2477,2902,2904
1936,2115,2163
1936,2542,2598
2476,2901,2905
1935,2117,2167
1935,2539,2595
2475,2900,2906
1934,2119,2170
1934,2535,2593
2474,2900,2906
1933,2122,2173
1933,2532,2590
2441,2899,2909
1900,2232,2477
2470,2898,2908
1929,2132,2188
1929,2518,2580
2455,2897,2910
1914,2175,2263
1914,2446,2535
2442,2898,2909
1901,2227,2482
2471,2898,2907
1930,2129,2184
1930,2522,2583
2456,2897,2910
1915,2172,2256
1915,2452,2538
2443,2898,2909
1902,2222,2487
2472,2899,2907
1931,2127,2181
1931,2525,2585
2457,2897,2910
1916,2169,2250
1916,2458,2541
2473,2899,2907
1932,2124,2177
1932,2529,2588
3202,2344,2378
2458,2897,2910
1917,2166,2244
1917,2464,2545
2445,2898,2909
1904,2213,2496
2444,2898,2909
1903,2217,2491
2446,2898,2909
1905,2209,2500
2447,2897,2909
1906,2205,2504
2448,2897,2909
1907,2201,2508
2434,2901,2906
1893,2275,2433
2449,2897,2910
1908,2197,2330
1908,2380,2512
2435,2901,2907
1894,2267,2441
2450,2897,2910
1909,2193,2311
1909,2399,2516
2436,2900,2907
1895,2260,2448
2451,2897,2910
1910,2189,2298
1910,2411,2520
2437,2900,2908
1896,2254,2454
2452,2897,2910
1911,2186,2287
1911,2422,2524
2438,2899,2908
1897,2248,2460
2453,2897,2910
1912,2182,2278
1912,2431,2528
2439,2899,2908
1898,2242,2466
2454,2897,2910
1913,2179,2270
1913,2438,2531
2440,2899,2908
1899,2237,2472
2459,2897,2910
1918,2163,2238
1918,2470,2548
2460,2897,2909
1919,2160,2233
1919,2475,2551
2461,2897,2909
1920,2157,2228
1920,2480,2554
2462,2897,2909
1921,2154,2223
1921,2485,2557
2463,2897,2909
1922,2151,2218
1922,2490,2560
2464,2897,2909
1923,2148,2213
1923,2494,2563
2465,2897,2909
1924,2145,2209
1924,2498,2566
2466,2897,2909
1925,2142,2204
1925,2502,2569
2467,2898,2908
1926,2140,2200
1926,2506,2572
2468,2898,2908
1927,2137,2196
1927,2510,2574
2469,2898,2908
1928,2134,2192
1928,2514,2577
1997,2675,2712
1998,2677,2714
1999,2678,2715
2000,2680,2717
2001,2682,2718
2002,2683,2719
2003,2685,2721
2004,2686,2722
2005,2688,2724
2006,2689,2725
2007,2691,2726
2008,2693,2728
2009,2694,2729
2010,2696,2731
2011,2697,2732
2012,2699,2733
2013,2700,2734
2014,2701,2736
2015,2703,2737
2016,2704,2738
2017,2706,2740
2018,2707,2741
2019,2709,2742
2020,2710,2744
2021,2711,2745
2022,2713,2746
2023,2714,2747
2024,2716,2748
2025,2717,2750
2026,2718,2751
2027,2720,2752
2028,2721,2753
2029,2722,2755
2030,2724,2756
2031,2725,2757
2032,2726,2758
2033,2728,2759
2034,2729,2760
2035,2730,2762
2036,2732,2763
2037,2733,2764
2038,2734,2765
2039,2736,2766
2040,2737,2767
2041,2738,2768
2042,2739,2769
2043,2741,2770
2044,2742,2771
2045,2743,2773
2046,2744,2774
2047,2746,2775
2048,2747,2776
2049,2748,2777
2050,2749,2778
2051,2750,2779
2052,2752,2780
2053,2753,2781
2054,2754,2782
2055,2755,2783
2056,2756,2784
2057,2758,2785
2058,2759,2786
2059,2760,2787
2060,2761,2788
2061,2762,2789
2062,2763,2790
2063,2765,2791
2064,2766,2792
2065,2767,2793
2066,2768,2793
2067,2769,2794
2068,2770,2795
2069,2771,2796
2070,2772,2797
2071,2774,2798
2072,2775,2799
2073,2776,2800
2074,2777,2801
2075,2778,2802
2076,2779,2802
2077,2780,2803
2078,2781,2804
2079,2782,2805
2080,2783,2806
2081,2785,2807
2082,2786,2807
2083,2787,2808
2084,2788,2809
2085,2789,2810
2086,2790,2811
2087,2791,2811
2088,2792,2812
2089,2793,2813
2090,2794,2814
3173,2484,2503
2091,2795,2814
3174,2213,2229
3174,2472,2504
2092,2796,2815
3175,2212,2241
3175,2461,2505
2093,2797,2816
3176,2213,2252
3176,2450,2504
2094,2798,2816
3177,2214,2263
3177,2439,2503
2095,2799,2817
3178,2216,2276
3178,2426,2501
2096,2801,2818
3179,2218,2290
3179,2412,2499
2097,2802,2819
3180,2220,2309
3180,2393,2497
2098,2803,2819
3181,2222,2495
2099,2804,2820
3182,2225,2493
2100,2805,2821
3183,2228,2490
2101,2806,2821
3184,2231,2487
2102,2807,2822
3185,2234,2484
2103,2808,2822
3186,2237,2481
2104,2809,2823
3187,2241,2478
2105,2810,2824
3188,2245,2474
2106,2811,2824
3189,2248,2471
2107,2812,2825
3190,2252,2467
2108,2813,2825
3191,2257,2463
2109,2815,2826
3192,2261,2458
2110,2816,2826
3193,2266,2454
2111,2817,2827
3194,2271,2449
2112,2818,2827
3195,2277,2444
2113,2819,2828
3196,2283,2438
2114,2820,2828
3197,2289,2432
2115,2822,2828
3198,2296,2425
2116,2823,2829
3199,2304,2417
2117,2824,2829
3200,2313,2408
2118,2826,2829
3201,2325,2396
2119,2828,2828
