2564,2890,2892
2565,2889,2893
2566,2888,2894
2567,2888,2894
2568,2887,2895
2569,2887,2895
2570,2886,2895
2571,2886,2896
2572,2886,2896
2573,2886,2896
2574,2885,2896
2575,2885,2897
2576,2885,2897
2577,2885,2897
2578,2885,2897
2579,2885,2897
2580,2885,2897
2581,2885,2897
2582,2885,2897
2583,2884,2898
2584,2884,2898
2585,2884,2898
2586,2884,2898
2605,2886,2896
2604,2886,2896
2603,2886,2896
2602,2886,2896
2601,2886,2897
2600,2885,2897
2599,2885,2897
2598,2885,2897
2597,2885,2897
2596,2885,2897
2595,2885,2897
2594,2885,2897
2593,2885,2897
1930,1989,2011
1929,1990,2013
1928,1992,2015
1927,1993,2017
1926,1994,2019
1925,1996,2021
1924,1997,2023
1923,1998,2025
1922,2000,2027
1921,2001,2029
1920,2002,2031
1919,2004,2033
1918,2005,2035
1917,2007,2037
1916,2008,2039
1915,2010,2042
1914,2011,2044
1913,2012,2046
1912,2014,2048
1911,2016,2050
1910,2017,2052
1909,2019,2054
1908,2020,2057
1907,2022,2059
1906,2023,2061
1905,2025,2063
1904,2027,2066
1903,2028,2068
1902,2030,2070
1901,2032,2072
1884,2063,2115
1883,2065,2117
1882,2067,2120
1881,2069,2123
1880,2071,2126
1879,2073,2128
1878,2075,2131
1877,2077,2134
1876,2080,2137
1875,2082,2140
1874,2084,2143
1873,2086,2146
1872,2089,2149
1885,2061,2112
1886,2059,2109
1887,2057,2107
1888,2055,2104
1889,2053,2102
1890,2051,2099
1891,2049,2097
1892,2047,2094
2527,3236,3238
1893,2046,2092
2528,3235,3239
1894,2044,2089
2529,3234,3239
1895,2042,2087
2530,3234,3239
1896,2040,2084
2531,3234,3239
1897,2038,2082
2532,3234,3239
1898,2037,2079
2533,3234,3239
1899,2035,2077
2534,3234,3238
1900,2033,2075
2535,3235,3238
1931,1988,2009
1932,1987,2007
1933,1986,2005
1934,1984,2003
1935,1983,2001
1936,1982,1999
1937,1981,1997
1938,1980,1995
1939,1979,1993
1940,1978,1991
1941,1977,1989
1942,1976,1986
1943,1976,1984
1944,1975,1982
1945,1974,1979
1946,1975,1976
1871,2091,2152
1870,2093,2155
1869,2096,2158
1868,2098,2161
1867,2101,2165
1866,2103,2168
1865,2106,2171
1864,2108,2175
1863,2111,2178
1862,2114,2181
1861,2116,2185
1860,2119,2188
1859,2122,2192
1858,2125,2195
1857,2128,2199
1856,2131,2203
1855,2134,2206
1854,2137,2210
1853,2140,2214
1852,2143,2217
1851,2147,2221
1850,2150,2225
1849,2154,2229
1848,2158,2233
1847,2161,2236
1846,2165,2240
1845,2169,2243
1844,2174,2247
1843,2178,2250
2613,2891,2892
1842,2183,2253
2612,2889,2893
1841,2188,2256
2611,2889,2893
1840,2193,2258
2610,2888,2894
1839,2198,2260
2609,2888,2894
1838,2205,2261
2608,2887,2895
1837,2211,2262
2607,2887,2895
1836,2219,2261
2606,2887,2895
1835,2230,2257
2587,2884,2898
2588,2884,2898
2589,2884,2898
2590,2884,2898
2591,2885,2898
2592,2885,2898
