2872,2820,2820
2873,2818,2820
2874,2817,2820
2875,2816,2819
2876,2815,2819
2877,2814,2818
2878,2813,2818
2879,2812,2817
2880,2811,2817
2881,2810,2816
2882,2809,2816
2883,2809,2815
2884,2808,2815
2885,2807,2814
2886,2806,2814
2887,2805,2813
2888,2804,2812
2889,2803,2812
2890,2802,2811
2891,2801,2810
2892,2801,2810
2893,2800,2809
2894,2799,2809
2895,2798,2808
2896,2797,2807
2897,2796,2807
2898,2795,2806
2899,2794,2805
2900,2793,2804
2901,2793,2804
2902,2792,2803
2903,2791,2802
2904,2790,2802
3056,2596,2600
3055,2597,2603
3054,2598,2606
3053,2600,2609
3052,2601,2611
3051,2603,2614
3050,2604,2616
3049,2606,2619
3048,2608,2621
3047,2609,2623
3046,2611,2625
3045,2613,2627
3044,2614,2630
3043,2616,2632
3042,2618,2634
3041,2619,2636
3040,2621,2638
3039,2623,2640
3038,2624,2642
3037,2626,2644
3036,2628,2645
3035,2629,2647
3034,2631,2649
3033,2633,2651
3032,2634,2653
3031,2636,2655
2595,2887,2889
2906,2788,2800
1824,2201,2238
2596,2886,2890
2907,2787,2799
1825,2193,2238
2597,2886,2891
2908,2786,2799
1826,2187,2238
2598,2885,2891
2909,2785,2798
1827,2181,2238
2599,2885,2892
2910,2784,2797
1828,2176,2236
2600,2884,2892
2911,2783,2796
1829,2172,2234
2601,2884,2893
2912,2783,2796
1830,2167,2232
2602,2884,2893
2913,2782,2795
1831,2163,2230
2603,2883,2893
2914,2781,2794
1832,2159,2227
2604,2883,2893
2915,2780,2793
1833,2155,2224
2605,2883,2894
2916,2779,2792
1834,2151,2222
2606,2883,2894
2917,2778,2792
1835,2147,2219
2607,2882,2894
2918,2777,2791
1836,2144,2215
2608,2882,2894
2919,2776,2790
1837,2140,2212
2609,2882,2894
2920,2775,2789
1838,2137,2209
2661,2883,2890
2652,2882,2893
2660,2883,2891
2651,2882,2893
2659,2883,2891
2650,2882,2893
2658,2883,2891
2649,2882,2893
2657,2883,2891
2648,2881,2893
2656,2882,2892
2647,2881,2893
2655,2882,2892
2646,2881,2894
2654,2882,2892
2645,2881,2894
2653,2882,2892
2644,2881,2894
2643,2881,2894
2642,2881,2894
2641,2881,2894
2640,2881,2894
2639,2881,2894
2638,2881,2895
2637,2881,2895
2633,2881,2895
2624,2881,2895
2935,2760,2776
1853,2096,2160
2634,2881,2895
2625,2881,2895
2936,2759,2775
1854,2093,2157
2635,2881,2895
2626,2881,2895
2937,2758,2774
1855,2091,2154
2636,2881,2895
2627,2881,2895
2938,2757,2773
1856,2089,2151
2628,2881,2895
2939,2756,2773
1857,2086,2148
2629,2881,2895
2630,2881,2895
2631,2881,2895
2632,2881,2895
2662,2883,2890
2663,2884,2890
2664,2884,2889
2665,2884,2889
2666,2885,2888
2667,2885,2888
2668,2886,2887
2623,2881,2895
2934,2761,2777
1852,2098,2163
2622,2881,2895
2933,2762,2778
1851,2101,2166
2621,2881,2895
2932,2763,2779
1850,2103,2170
2620,2881,2895
2931,2764,2780
1849,2106,2173
2619,2881,2895
2930,2765,2781
1848,2108,2176
2618,2881,2895
2929,2766,2782
1847,2111,2179
2617,2881,2895
2928,2767,2782
1846,2113,2183
2616,2881,2895
2927,2768,2783
1845,2116,2186
2615,2881,2895
2926,2769,2784
1844,2119,2189
2614,2881,2895
2925,2770,2785
1843,2122,2193
2613,2882,2895
2924,2771,2786
1842,2125,2196
2612,2882,2895
2923,2772,2787
1841,2128,2199
2611,2882,2895
2922,2773,2788
1840,2131,2203
2610,2882,2894
2921,2774,2788
1839,2134,2206
2905,2789,2801
1823,2210,2234
2537,3231,3236
2538,3231,3236
2539,3231,3236
2540,3232,3235
2541,3233,3233
2536,3231,3236
2535,3231,3236
2534,3232,3236
2533,3232,3235
2532,3234,3234
1858,2084,2145
2940,2755,2772
1859,2082,2142
2941,2754,2771
1860,2080,2139
2942,2753,2770
1861,2078,2136
2943,2752,2769
1862,2076,2133
2944,2751,2768
1863,2074,2130
2945,2750,2767
1864,2072,2127
2946,2749,2766
1865,2070,2124
2947,2748,2765
1866,2068,2121
2948,2746,2764
1867,2066,2118
2949,2745,2763
1868,2064,2115
2950,2744,2762
1869,2062,2113
2951,2743,2761
1870,2060,2110
2952,2742,2760
1871,2058,2107
2953,2741,2759
1872,2056,2104
2954,2740,2758
1873,2055,2102
2955,2739,2757
1874,2053,2099
2956,2738,2756
1875,2051,2096
2957,2737,2755
1876,2049,2094
2958,2735,2754
1877,2048,2091
2959,2734,2753
1878,2046,2088
2960,2733,2752
1879,2044,2086
2961,2732,2751
1880,2043,2083
2962,2731,2749
1881,2041,2081
2963,2730,2748
1882,2039,2078
2964,2729,2747
1883,2038,2075
2965,2727,2746
1884,2036,2073
2966,2726,2745
1885,2035,2070
2967,2725,2744
1886,2033,2068
2968,2724,2743
1887,2032,2065
2969,2723,2742
1888,2030,2063
2970,2721,2741
1889,2029,2060
2971,2720,2739
1890,2028,2058
2972,2719,2738
1891,2026,2055
2973,2718,2737
1892,2025,2053
2974,2717,2736
1893,2024,2050
2975,2715,2735
1894,2022,2048
2976,2714,2734
1895,2021,2045
2977,2713,2732
1896,2020,2043
2978,2712,2731
1897,2019,2040
2979,2710,2730
1898,2018,2037
2980,2709,2729
1899,2017,2035
2981,2708,2728
1900,2016,2032
2982,2707,2726
1901,2015,2029
2983,2705,2725
1902,2014,2027
2984,2704,2724
1903,2014,2024
2985,2703,2723
1904,2014,2020
2986,2701,2722
2987,2700,2720
2988,2699,2719
2989,2698,2718
2990,2696,2716
2991,2695,2715
2992,2694,2714
2993,2692,2713
2994,2691,2711
2995,2690,2710
2996,2688,2709
2997,2687,2707
2998,2685,2706
2999,2684,2704
3000,2683,2703
3001,2681,2702
3002,2680,2700
3003,2678,2699
3004,2677,2697
3005,2676,2696
3006,2674,2695
3007,2673,2693
3008,2671,2692
3009,2670,2690
3010,2668,2689
3011,2667,2687
3012,2665,2686
3013,2664,2684
3014,2662,2683
3015,2661,2681
3016,2659,2680
3017,2658,2678
3018,2656,2676
3019,2655,2675
3020,2653,2673
3021,2652,2672
3022,2650,2670
3023,2649,2668
3024,2647,2667
3025,2645,2665
3026,2644,2663
3027,2642,2662
3028,2641,2660
3029,2639,2658
3030,2637,2656
