2157,2852,2854
2156,2851,2854
2155,2849,2854
2154,2848,2854
2153,2847,2854
2152,2846,2854
2151,2845,2854
2150,2844,2853
2149,2843,2853
2148,2842,2853
2147,2841,2852
2146,2840,2852
2145,2839,2851
2144,2838,2851
2143,2837,2851
2142,2836,2850
2141,2835,2850
2140,2834,2849
2139,2834,2849
2138,2833,2848
2137,2832,2848
2136,2831,2847
2135,2830,2847
2134,2829,2846
2133,2828,2845
2132,2827,2845
2131,2826,2844
2130,2825,2844
2129,2825,2843
2128,2824,2843
2127,2823,2842
2126,2822,2841
2125,2821,2841
3206,2341,2392
2124,2820,2840
3205,2327,2406
2123,2819,2839
3204,2316,2417
2122,2818,2839
3203,2308,2425
2121,2817,2838
3202,2301,2432
2120,2816,2838
3201,2294,2439
2119,2816,2837
3200,2288,2445
2118,2815,2836
3199,2283,2450
2117,2814,2835
3198,2278,2455
2116,2813,2835
3197,2274,2460
2115,2812,2834
1984,2040,2045
1984,2648,2685
1983,2041,2048
1983,2647,2683
1982,2042,2051
1982,2645,2682
1981,2043,2053
1981,2643,2680
1980,2044,2056
1980,2641,2678
1979,2046,2058
1979,2639,2677
1978,2047,2060
1978,2637,2675
1977,2048,2063
1977,2635,2673
1976,2050,2065
1976,2633,2671
1975,2051,2068
1975,2631,2669
1974,2053,2070
1974,2629,2668
1973,2054,2073
1973,2627,2666
1972,2056,2075
1972,2625,2664
1971,2057,2077
1971,2623,2662
1970,2059,2080
1970,2621,2660
1969,2060,2082
1969,2619,2658
1968,2062,2085
1968,2617,2656
1967,2064,2087
1967,2615,2654
1966,2065,2090
1966,2613,2653
1965,2067,2092
1965,2611,2651
1964,2069,2095
1964,2608,2649
1963,2071,2097
1963,2606,2647
1962,2072,2100
1962,2604,2645
1961,2074,2102
1961,2602,2643
1932,2136,2193
1932,2519,2575
1905,2228,2478
2446,2898,2911
1899,2262,2443
2440,2898,2911
2423,2902,2908
1933,2134,2189
1933,2522,2577
1906,2223,2483
2447,2898,2911
1900,2255,2450
2441,2898,2911
2424,2902,2908
1934,2131,2185
1934,2526,2580
1901,2249,2456
2442,2898,2911
1928,2147,2210
1928,2503,2563
2425,2901,2909
1935,2129,2182
1935,2530,2583
1902,2244,2462
2443,2898,2911
1929,2144,2206
1929,2507,2566
1936,2126,2178
1936,2533,2585
1909,2210,2497
2450,2898,2911
1903,2238,2468
2444,2898,2911
1930,2141,2201
1930,2511,2569
1937,2124,2174
1937,2536,2588
1910,2206,2501
2451,2898,2911
1904,2233,2473
2445,2898,2911
1931,2139,2197
1931,2515,2572
1938,2121,2171
1938,2540,2590
1911,2202,2505
2452,2898,2911
2501,3242,3245
1960,2076,2105
1960,2599,2641
1927,2150,2214
1927,2499,2560
2468,2902,2905
2495,3240,3246
1954,2087,2121
1954,2585,2628
2500,3241,3245
1959,2078,2108
1959,2597,2639
1926,2152,2219
1926,2494,2557
2467,2902,2906
2494,3240,3245
1953,2089,2124
1953,2582,2626
2499,3240,3246
1958,2080,2110
1958,2595,2636
2493,3240,3245
1952,2091,2127
1952,2580,2624
2498,3240,3246
1957,2081,2113
1957,2592,2634
2492,3240,3244
1951,2093,2130
1951,2577,2621
2497,3240,3246
1956,2083,2116
1956,2590,2632
2491,3241,3243
1950,2095,2133
1950,2575,2619
2496,3240,3246
1955,2085,2118
1955,2587,2630
1949,2097,2135
1949,2572,2617
1948,2099,2138
1948,2569,2615
1947,2101,2141
1947,2567,2612
1946,2103,2145
1946,2564,2610
1939,2119,2167
1939,2543,2593
1940,2117,2164
1940,2546,2596
1941,2114,2161
1941,2549,2598
1942,2112,2157
1942,2552,2600
1943,2110,2154
1943,2555,2603
1944,2108,2151
1944,2558,2605
1945,2106,2148
1945,2561,2608
1898,2269,2436
2439,2898,2911
2466,2901,2907
1925,2155,2224
1925,2490,2554
2449,2898,2911
1908,2214,2492
2422,2902,2907
1897,2276,2428
2438,2898,2911
2465,2900,2907
1924,2158,2229
1924,2485,2551
2448,2898,2911
1907,2219,2488
2421,2903,2907
1896,2285,2420
2437,2898,2911
2464,2900,2908
1923,2161,2234
1923,2480,2548
1895,2295,2410
2436,2899,2911
2463,2900,2908
1922,2164,2240
1922,2475,2545
1894,2307,2398
2435,2899,2911
2462,2899,2909
1921,2167,2245
1921,2469,2542
1893,2324,2381
2434,2899,2910
2461,2899,2909
1920,2170,2251
1920,2463,2538
2433,2899,2910
2460,2899,2909
1919,2174,2258
1919,2457,2535
2432,2899,2910
2459,2899,2909
1918,2177,2264
1918,2451,2531
2431,2899,2910
2458,2899,2910
1917,2180,2272
1917,2444,2528
2430,2900,2910
2457,2898,2910
1916,2184,2280
1916,2436,2524
2429,2900,2910
2456,2898,2910
1915,2187,2289
1915,2427,2521
2428,2900,2909
2455,2898,2910
1914,2191,2299
1914,2417,2517
2427,2900,2909
2454,2898,2910
1913,2194,2311
1913,2405,2513
2426,2901,2909
2453,2898,2910
1912,2198,2328
1912,2388,2509
2420,2904,2906
1985,2040,2042
1985,2650,2687
1986,2652,2689
1987,2654,2690
1988,2656,2692
1989,2657,2693
1990,2659,2695
1991,2661,2697
1992,2663,2698
1993,2664,2700
1994,2666,2701
1995,2668,2703
1996,2669,2705
1997,2671,2706
1998,2673,2708
1999,2674,2709
2000,2676,2711
2001,2677,2712
2002,2679,2714
2003,2681,2715
2004,2682,2717
2005,2684,2718
2006,2685,2720
2007,2687,2721
2008,2688,2723
2009,2690,2724
2010,2691,2725
2011,2693,2727
2012,2694,2728
2013,2696,2730
2014,2697,2731
2015,2699,2732
2016,2700,2734
2017,2702,2735
2018,2703,2736
2019,2704,2738
2020,2706,2739
2021,2707,2740
2022,2709,2742
2023,2710,2743
2024,2711,2744
2025,2713,2746
2026,2714,2747
2027,2715,2748
2028,2717,2750
2029,2718,2751
2030,2719,2752
2031,2721,2753
2032,2722,2755
2033,2723,2756
2034,2725,2757
2035,2726,2758
2036,2727,2759
2037,2729,2761
2038,2730,2762
2039,2731,2763
2040,2732,2764
2041,2734,2765
2042,2735,2767
2043,2736,2768
2044,2737,2769
2045,2739,2770
2046,2740,2771
2047,2741,2772
2048,2742,2773
2049,2743,2774
2050,2745,2776
2051,2746,2777
2052,2747,2778
2053,2748,2779
2054,2749,2780
2055,2750,2781
2056,2752,2782
2057,2753,2783
2058,2754,2784
2059,2755,2785
2060,2756,2786
2061,2757,2787
2062,2758,2788
2063,2760,2789
2064,2761,2790
2065,2762,2791
2066,2763,2792
2067,2764,2793
2068,2765,2794
2069,2766,2795
2070,2767,2796
2071,2768,2797
2072,2769,2798
2073,2770,2799
2074,2772,2800
2075,2773,2801
2076,2774,2802
2077,2775,2803
2078,2776,2804
2079,2777,2805
2080,2778,2806
2081,2779,2807
2082,2780,2808
2083,2781,2809
2084,2782,2810
2085,2783,2810
2086,2784,2811
2087,2785,2812
2088,2786,2813
2089,2787,2814
2090,2788,2815
2091,2789,2816
2092,2790,2816
2093,2791,2817
2094,2792,2818
3177,2485,2507
2095,2793,2819
3178,2474,2508
2096,2794,2820
3179,2463,2508
2097,2795,2821
3180,2453,2508
2098,2796,2821
3181,2442,2507
2099,2797,2822
3182,2430,2505
2100,2798,2823
3183,2416,2503
2101,2799,2824
3184,2245,2277
3184,2401,2501
2102,2800,2825
3185,2242,2304
3185,2379,2499
2103,2801,2825
3186,2242,2497
2104,2802,2826
3187,2243,2494
2105,2803,2827
3188,2245,2492
2106,2804,2828
3189,2247,2489
2107,2804,2828
3190,2249,2486
2108,2805,2829
3191,2252,2483
2109,2806,2830
3192,2255,2479
2110,2807,2831
3193,2258,2476
2111,2808,2831
3194,2262,2472
2112,2809,2832
3195,2265,2468
2113,2810,2833
3196,2269,2464
2114,2811,2833
