1905,2311,2375
1906,2297,2389
1907,2286,2400
1908,2277,2409
1909,2269,2416
1910,2262,2423
1911,2255,2430
1912,2249,2436
1913,2243,2441
1914,2238,2446
1915,2233,2451
1916,2228,2456
1917,2224,2460
1918,2219,2464
1919,2215,2468
1920,2211,2471
1921,2207,2340
1921,2415,2475
1973,2086,2090
1972,2086,2095
1971,2087,2098
1970,2088,2102
1969,2089,2105
1968,2091,2108
1967,2092,2111
1966,2094,2114
1965,2095,2117
1964,2097,2121
1963,2098,2124
1962,2100,2127
1961,2102,2130
1960,2104,2133
1959,2105,2136
1958,2107,2140
1957,2109,2143
1956,2111,2146
1955,2113,2149
1943,2140,2193
1942,2142,2197
1941,2144,2201
1940,2147,2205
1939,2150,2210
1938,2152,2214
1937,2155,2219
1936,2158,2223
1935,2160,2228
1934,2163,2233
1933,2166,2239
1932,2169,2244
1931,2172,2250
1930,2175,2256
1929,2178,2262
1928,2182,2268
1927,2185,2276
1926,2188,2283
1925,2192,2291
1925,2469,2484
1924,2195,2301
1924,2458,2482
1923,2199,2311
1923,2446,2480
1922,2203,2323
1922,2432,2478
2376,2907,2910
2377,2907,2910
2378,2906,2911
2379,2906,2911
2380,2906,2911
2381,2905,2912
2382,2905,2912
2383,2905,2912
2384,2904,2912
2385,2904,2913
2386,2904,2913
2387,2904,2913
2388,2904,2913
2389,2903,2913
2390,2903,2913
2391,2903,2914
2392,2903,2914
2393,2903,2914
2394,2902,2914
2395,2902,2914
2396,2902,2914
2397,2902,2914
2398,2902,2914
2399,2902,2914
2400,2902,2915
2401,2902,2915
2402,2901,2915
2403,2901,2915
2404,2901,2915
2405,2901,2915
2406,2901,2915
2407,2901,2915
2408,2901,2915
2409,2901,2915
2410,2901,2915
2411,2901,2915
2412,2901,2915
2413,2901,2915
2414,2901,2915
2415,2901,2915
2416,2901,2915
2417,2901,2915
2444,2906,2908
2443,2905,2909
2442,2904,2910
2441,2904,2910
2440,2903,2911
2439,2903,2911
2438,2903,2911
2437,2902,2912
2436,2902,2912
2435,2902,2912
2434,2902,2913
2433,2902,2913
2432,2901,2913
2431,2901,2913
2430,2901,2913
2429,2901,2914
2428,2901,2914
2427,2901,2914
2426,2901,2914
2425,2901,2914
2424,2901,2914
2423,2901,2914
2422,2901,2914
2162,2840,2865
2419,2901,2915
2163,2841,2866
2420,2901,2915
2164,2841,2867
2421,2901,2915
2165,2842,2867
2256,2895,2897
2255,2894,2898
2254,2893,2898
2253,2893,2898
2252,2892,2898
2251,2891,2898
2250,2891,2898
2249,2890,2898
2248,2890,2898
2247,2889,2898
2246,2888,2898
2245,2888,2898
2244,2887,2898
2243,2887,2898
2242,2886,2898
2241,2886,2898
2240,2885,2897
2239,2885,2897
2238,2884,2897
1954,2115,2153
2495,3241,3244
2237,2884,2897
1953,2117,2156
2494,3240,3244
2236,2883,2897
1952,2119,2159
2493,3240,3245
2235,2883,2897
1951,2121,2163
2492,3239,3245
2234,2882,2896
1950,2123,2166
2491,3239,3245
2233,2881,2896
1949,2126,2170
2490,3239,3245
2232,2881,2896
1948,2128,2174
2489,3239,3245
2231,2880,2896
1947,2130,2177
2488,3239,3245
2230,2880,2896
1946,2132,2181
2487,3239,3244
2229,2879,2895
1945,2135,2185
2486,3239,3243
2228,2879,2895
1944,2137,2189
2485,3240,3242
2227,2878,2895
2226,2878,2895
2225,2877,2894
2224,2877,2894
2223,2876,2894
2222,2876,2893
2221,2875,2893
2220,2875,2893
2219,2874,2893
2218,2874,2892
2217,2873,2892
2216,2872,2892
2215,2872,2891
2214,2871,2891
2213,2871,2891
2212,2870,2890
2211,2870,2890
2210,2869,2890
2209,2869,2889
2208,2868,2889
2207,2867,2888
2206,2867,2888
2205,2866,2888
2204,2866,2887
2203,2865,2887
2187,2856,2880
2175,2849,2873
2188,2857,2880
2176,2849,2874
2189,2857,2881
2177,2850,2874
2190,2858,2881
2178,2850,2875
2191,2858,2882
2179,2851,2875
2192,2859,2882
2180,2852,2876
2193,2860,2882
2181,2852,2876
2194,2860,2883
2182,2853,2877
2195,2861,2883
2183,2854,2878
2196,2861,2884
2184,2854,2878
2197,2862,2884
2185,2855,2879
2198,2862,2885
2186,2855,2879
2199,2863,2885
2200,2864,2886
2201,2864,2886
2202,2865,2886
2174,2848,2873
2173,2847,2872
2172,2847,2871
2166,2843,2868
2167,2843,2868
2168,2844,2869
2169,2845,2870
2170,2845,2870
2159,2838,2863
2171,2846,2871
2160,2839,2864
2161,2839,2865
2418,2901,2915
2158,2837,2863
2157,2837,2862
2156,2836,2861
2155,2835,2861
2154,2835,2860
2153,2834,2859
2152,2833,2859
2151,2833,2858
2150,2832,2857
2149,2831,2857
2148,2831,2856
2147,2830,2855
2146,2829,2854
2145,2828,2854
2144,2828,2853
2143,2827,2852
2142,2826,2851
2141,2826,2851
2140,2825,2850
2139,2824,2849
2138,2823,2848
2137,2823,2848
3218,2375,2389
2136,2822,2847
3217,2354,2411
2135,2821,2846
3216,2343,2423
2134,2820,2845
3215,2335,2432
2133,2820,2845
3214,2328,2440
2132,2819,2844
3213,2322,2446
2131,2818,2843
3212,2317,2452
2130,2817,2842
3211,2313,2457
2129,2817,2841
3210,2309,2462
2128,2816,2840
3209,2306,2467
2127,2815,2840
3208,2304,2471
2126,2814,2839
3207,2302,2476
2125,2814,2838
3206,2300,2479
2124,2813,2837
3205,2300,2483
2123,2812,2836
3204,2300,2487
2122,2811,2835
3203,2301,2490
2121,2810,2834
3202,2305,2493
2120,2810,2834
3201,2312,2496
2119,2809,2833
3200,2325,2499
2118,2808,2832
3199,2345,2501
2117,2807,2831
3198,2365,2504
2116,2807,2830
3197,2383,2506
2115,2806,2829
3196,2398,2508
2114,2805,2828
3195,2412,2510
2113,2804,2827
3194,2424,2512
2112,2803,2826
3193,2435,2514
2111,2802,2825
3192,2445,2515
2110,2802,2825
3191,2455,2516
2109,2801,2824
3190,2465,2517
2108,2800,2823
3189,2475,2517
2107,2799,2822
3188,2485,2517
2106,2798,2821
3187,2497,2514
2105,2797,2820
2104,2797,2819
2103,2796,2818
2102,2795,2817
2101,2794,2816
2100,2793,2815
2099,2792,2814
2098,2792,2813
2097,2791,2812
2096,2790,2811
2095,2789,2810
2094,2788,2809
2093,2787,2808
2092,2786,2807
2091,2785,2806
2090,2785,2804
2089,2784,2803
2088,2783,2802
2087,2782,2801
2086,2781,2800
2085,2780,2799
2084,2779,2798
2083,2778,2797
2082,2777,2796
2081,2776,2795
2080,2775,2793
2079,2775,2792
2078,2774,2791
2077,2773,2790
2076,2772,2789
2075,2771,2787
2074,2770,2786
2073,2769,2785
2072,2768,2784
2071,2767,2783
2070,2766,2781
2069,2765,2780
2068,2764,2779
2067,2763,2778
2066,2762,2776
2065,2761,2775
2064,2761,2774
2063,2760,2772
2062,2759,2771
2061,2758,2770
2060,2757,2768
2059,2756,2767
2058,2755,2766
2057,2754,2764
2056,2753,2763
2055,2752,2761
2054,2751,2760
2053,2750,2758
2052,2749,2757
2051,2749,2755
2050,2748,2754
2049,2747,2752
2048,2746,2750
2047,2746,2748
