1912,2313,2353
1913,2296,2369
1914,2285,2379
1915,2275,2387
1916,2267,2393
1917,2260,2399
1918,2254,2403
1919,2248,2406
1920,2242,2408
1921,2237,2408
1922,2232,2405
1923,2227,2396
1924,2222,2378
1925,2218,2359
1926,2214,2343
1927,2210,2330
1928,2206,2319
1929,2202,2309
1972,2104,2109
1971,2104,2114
1970,2105,2118
1969,2106,2122
1968,2107,2126
1967,2109,2129
1966,2110,2133
1965,2112,2136
1964,2113,2140
1963,2115,2143
1962,2117,2147
1961,2118,2150
1960,2120,2154
1959,2122,2157
1958,2124,2161
1957,2126,2165
1956,2128,2168
1955,2130,2172
1954,2132,2176
1953,2134,2179
1952,2136,2183
1951,2139,2187
1939,2169,2241
1938,2172,2247
1937,2175,2252
1936,2178,2258
1935,2181,2264
1934,2185,2271
1933,2188,2277
1932,2191,2284
1931,2195,2292
1930,2198,2300
2143,2831,2842
2144,2832,2843
2145,2832,2844
2146,2833,2845
2147,2833,2846
2148,2834,2847
2149,2835,2848
2150,2835,2849
2151,2836,2850
2152,2836,2851
2153,2837,2852
2154,2837,2853
2155,2838,2853
2156,2838,2854
2157,2839,2855
2158,2839,2856
2159,2840,2857
2160,2841,2858
2161,2841,2858
2162,2842,2859
2163,2842,2860
2164,2843,2861
2165,2843,2862
2166,2844,2862
2167,2844,2863
2168,2845,2864
2169,2846,2865
2170,2846,2865
2171,2847,2866
2172,2847,2867
2173,2848,2868
2174,2848,2868
2175,2849,2869
2176,2849,2870
2177,2850,2870
2178,2850,2871
2179,2851,2872
2180,2852,2872
2181,2852,2873
2182,2853,2874
2183,2853,2874
2184,2854,2875
2185,2854,2876
2186,2855,2876
2187,2855,2877
2188,2856,2878
2189,2856,2878
2190,2857,2879
2191,2857,2880
2192,2858,2880
2193,2858,2881
2194,2859,2881
2195,2859,2882
2196,2860,2882
2197,2860,2883
2198,2861,2884
2199,2861,2884
2200,2862,2885
2201,2862,2885
2202,2863,2886
2203,2863,2886
2204,2864,2887
2205,2864,2887
2206,2865,2888
2207,2865,2888
2208,2866,2889
2209,2866,2889
2210,2867,2890
2211,2867,2890
2212,2868,2891
2343,2903,2916
2344,2903,2916
2345,2903,2916
2346,2903,2916
2347,2903,2917
2348,2903,2917
2349,2903,2917
2350,2903,2917
2351,2903,2917
2352,2903,2917
2353,2903,2917
2365,2903,2917
2366,2903,2918
2367,2903,2918
2368,2903,2918
2369,2903,2918
2370,2903,2918
2371,2903,2918
2372,2903,2918
2373,2903,2918
2374,2903,2918
2375,2903,2918
2376,2902,2918
2377,2902,2918
2378,2902,2918
2379,2902,2918
2380,2902,2918
2381,2902,2918
2382,2902,2918
2383,2902,2918
2384,2902,2918
2385,2902,2918
2386,2902,2918
2387,2902,2918
2388,2902,2918
2389,2902,2918
2390,2902,2918
2391,2902,2918
2392,2902,2918
2427,2908,2910
3198,2457,2521
2426,2907,2911
3197,2466,2522
2425,2907,2912
3196,2475,2522
2424,2906,2912
3195,2485,2521
2423,2906,2913
3194,2495,2520
2422,2905,2913
2421,2905,2913
2420,2905,2914
2419,2904,2914
2418,2904,2914
2417,2904,2915
2416,2904,2915
2415,2904,2915
2414,2903,2915
2413,2903,2915
2412,2903,2916
2411,2903,2916
2410,2903,2916
2361,2903,2917
1947,2148,2204
2488,3238,3244
2231,2876,2899
2362,2903,2917
1948,2146,2199
2489,3239,3244
2232,2877,2899
2363,2903,2917
1949,2143,2195
2490,3239,3244
2233,2877,2900
3199,2447,2520
2364,2903,2917
1950,2141,2191
2491,3240,3243
2234,2877,2900
3200,2438,2518
3201,2428,2517
3202,2418,2515
3203,2407,2513
3204,2395,2511
3205,2384,2509
3206,2371,2506
3207,2360,2504
3208,2349,2501
3209,2341,2498
3210,2334,2495
3211,2330,2492
3213,2326,2485
2132,2828,2828
3214,2325,2482
2133,2828,2830
3215,2326,2478
2134,2828,2832
3216,2327,2473
2135,2828,2833
3217,2329,2469
2136,2828,2835
3218,2331,2464
2137,2829,2836
3219,2334,2459
2393,2902,2918
2138,2829,2837
3220,2338,2453
2394,2902,2918
2139,2829,2838
3221,2343,2447
2395,2902,2917
2140,2830,2839
3222,2349,2439
2396,2902,2917
2141,2830,2840
3223,2357,2430
2397,2902,2917
2142,2831,2841
3224,2367,2419
2398,2902,2917
3212,2327,2489
2360,2903,2917
1946,2151,2208
2487,3238,3244
2230,2876,2899
2359,2903,2917
1945,2153,2212
2486,3238,3244
2229,2875,2898
2358,2903,2917
1944,2156,2217
2485,3238,3244
2228,2875,2898
2357,2903,2917
1943,2158,2221
2484,3238,3244
2227,2874,2898
2356,2903,2917
1942,2161,2226
2483,3238,3243
2226,2874,2897
2355,2903,2917
1941,2164,2231
2482,3238,3242
2225,2874,2897
2354,2903,2917
1940,2166,2236
2481,3239,3241
2224,2873,2896
2399,2902,2917
2400,2902,2917
2401,2902,2917
2402,2902,2917
2403,2902,2917
2404,2903,2917
2405,2903,2917
2406,2903,2917
2407,2903,2916
2408,2903,2916
2409,2903,2916
2342,2903,2916
2341,2903,2916
2340,2903,2916
2339,2903,2916
2338,2903,2916
2337,2903,2916
2336,2903,2916
2335,2903,2916
2334,2903,2916
2333,2903,2916
2332,2903,2916
2331,2903,2916
2330,2903,2916
2329,2903,2915
2328,2902,2915
2327,2902,2915
2326,2902,2915
2325,2902,2915
2324,2902,2915
2323,2902,2915
2322,2902,2915
2321,2902,2915
2320,2902,2915
2319,2902,2915
2318,2901,2915
2317,2901,2915
2316,2901,2915
2315,2901,2915
2314,2901,2915
2313,2901,2914
2312,2901,2914
2311,2900,2914
2310,2900,2914
2309,2900,2914
2308,2900,2914
2307,2900,2914
2306,2900,2914
2305,2899,2914
2304,2899,2914
2303,2899,2914
2302,2899,2914
2301,2899,2914
2300,2898,2914
2299,2898,2913
2298,2898,2913
2297,2898,2913
2296,2898,2913
2295,2897,2913
2294,2897,2913
2293,2897,2913
2292,2897,2913
2291,2896,2913
2290,2896,2913
2289,2896,2913
2288,2896,2912
2287,2895,2912
2286,2895,2912
2285,2895,2912
2284,2895,2912
2283,2894,2912
2282,2894,2912
2281,2894,2912
2280,2894,2911
2279,2893,2911
2278,2893,2911
2277,2893,2911
2276,2892,2911
2275,2892,2911
2274,2892,2910
2273,2891,2910
2272,2891,2910
2271,2891,2910
2270,2891,2910
2269,2890,2910
2268,2890,2909
2267,2890,2909
2266,2889,2909
2265,2889,2909
2264,2889,2909
2263,2888,2908
2262,2888,2908
2261,2888,2908
2260,2887,2908
2259,2887,2908
2258,2887,2907
2257,2886,2907
2256,2886,2907
2255,2885,2907
2254,2885,2906
2253,2885,2906
2252,2884,2906
2251,2884,2906
2250,2884,2905
2249,2883,2905
2248,2883,2905
2247,2883,2904
2246,2882,2904
2245,2882,2904
2244,2881,2904
2243,2881,2903
2242,2881,2903
2241,2880,2903
2240,2880,2902
2239,2879,2902
2238,2879,2902
2237,2879,2901
2236,2878,2901
2235,2878,2901
2223,2873,2896
2222,2872,2895
2221,2872,2895
2220,2871,2895
2219,2871,2894
2218,2870,2894
2217,2870,2893
2216,2870,2893
2215,2869,2892
2214,2869,2892
2213,2868,2891
