1876,2332,2371
1877,2311,2392
1878,2298,2406
1879,2287,2416
1880,2278,2425
1881,2270,2433
1882,2262,2441
1883,2256,2448
1884,2249,2454
1885,2243,2460
1886,2238,2466
1887,2232,2471
1888,2227,2476
1889,2222,2481
1890,2217,2486
1891,2213,2490
1892,2208,2494
1893,2204,2499
1894,2200,2503
2124,1851,1852
2123,1852,1853
2122,1852,1854
2121,1853,1855
2120,1854,1857
2119,1854,1858
2118,1855,1859
2117,1856,1860
2116,1856,1861
2115,1857,1862
2114,1858,1863
2113,1858,1864
2112,1859,1865
2111,1860,1866
2110,1860,1866
2109,1861,1867
2108,1862,1868
2107,1863,1869
2022,1945,1966
2021,1946,1968
2020,1948,1969
2019,1949,1970
2018,1950,1972
2023,1944,1965
3105,2055,2057
2024,1943,1964
3106,2055,2061
2025,1942,1962
3107,2056,2064
2026,1940,1961
3108,2058,2066
2027,1939,1960
3109,2059,2069
2028,1938,1958
3110,2060,2072
2029,1937,1957
3111,2062,2074
2030,1936,1956
3112,2063,2077
2031,1935,1954
3113,2065,2080
2032,1934,1953
3114,2066,2082
2033,1932,1952
3115,2068,2085
2034,1931,1950
3116,2070,2088
2035,1930,1949
3117,2071,2090
2036,1929,1948
3118,2073,2093
2037,1928,1947
3119,2075,2096
1971,2657,2679
1971,2016,2048
2038,1927,1945
3120,2076,2098
1972,2659,2681
1972,2014,2046
2039,1926,1944
3121,2078,2101
1973,2661,2682
1973,2013,2044
2040,1925,1943
3122,2080,2104
1974,2663,2683
1974,2011,2042
2041,1924,1942
3123,2082,2106
1948,2607,2642
1948,2056,2095
2489,2894,2906
1975,2665,2685
1975,2010,2040
2042,1922,1940
3124,2084,2109
1949,2610,2644
1949,2054,2093
2490,2894,2906
1976,2667,2686
1976,2008,2038
2043,1921,1939
3125,2085,2112
1950,2612,2646
1950,2053,2091
2491,2895,2906
1977,2668,2687
1977,2006,2037
2044,1920,1938
3126,2087,2115
1951,2614,2648
1951,2051,2089
2492,2895,2905
1978,2670,2689
1978,2005,2035
2045,1919,1937
3127,2089,2118
1952,2616,2649
1952,2049,2086
2493,2895,2905
1979,2672,2690
1979,2003,2033
2046,1918,1935
3128,2091,2121
1953,2619,2651
1953,2047,2084
2494,2895,2905
1980,2674,2691
1980,2002,2031
2047,1917,1934
3129,2093,2124
2078,1887,1899
3160,2168,2251
2079,1886,1898
3161,2172,2258
2080,1885,1897
3162,2175,2265
3162,2478,2486
2081,1884,1896
3163,2178,2274
3163,2463,2490
2082,1883,1895
3164,2181,2282
3164,2451,2490
2083,1882,1894
3165,2185,2292
3165,2438,2489
2084,1882,1893
3166,2188,2304
3166,2425,2487
2085,1881,1892
3167,2192,2320
3167,2408,2486
2086,1880,1891
3168,2195,2346
3168,2380,2483
2087,1879,1890
3169,2199,2481
2088,1878,1889
3170,2203,2478
2089,1877,1887
3171,2207,2475
2090,1876,1886
3172,2211,2472
2091,1876,1885
3173,2215,2469
2092,1875,1884
3174,2219,2465
2093,1874,1883
3175,2223,2462
2095,1872,1881
3177,2233,2454
2096,1871,1880
3178,2238,2449
2097,1871,1879
3179,2243,2445
2098,1870,1878
3180,2249,2440
1895,2196,2507
2099,1869,1877
3181,2255,2434
1896,2386,2511
1896,2192,2316
2100,1868,1876
3182,2261,2429
1897,2401,2514
1897,2188,2301
2101,1867,1875
3183,2268,2422
1898,2413,2518
1898,2184,2289
2102,1867,1874
3184,2275,2415
1899,2422,2522
1899,2181,2280
2103,1866,1873
3185,2284,2408
1900,2431,2525
1900,2177,2271
2104,1865,1872
3186,2293,2398
1901,2438,2529
1901,2174,2264
2105,1864,1871
3187,2305,2387
1902,2445,2532
1902,2170,2257
2106,1863,1870
3188,2322,2371
1903,2452,2535
1903,2167,2250
2094,1873,1882
3176,2228,2458
2077,1888,1900
3159,2165,2245
2076,1889,1901
3158,2162,2239
2075,1890,1902
3157,2160,2233
2074,1891,1903
3156,2157,2227
2073,1891,1904
3155,2154,2222
2072,1892,1905
3154,2151,2217
2071,1893,1907
3153,2148,2212
2070,1894,1908
3152,2146,2207
2069,1895,1909
3151,2143,2203
2068,1896,1910
3150,2140,2198
2067,1897,1911
3149,2138,2194
2066,1898,1912
3148,2135,2190
2065,1899,1913
3147,2133,2185
2064,1900,1914
3146,2130,2181
2063,1901,1915
3145,2128,2177
2062,1902,1917
3144,2126,2174
1967,2649,2673
1967,2022,2055
2508,3240,3246
1994,1981,2008
2061,1903,1918
3143,2123,2170
1966,2647,2672
1966,2024,2057
2507,3240,3246
1993,2701,2704
1993,1983,2009
2060,1904,1919
3142,2121,2166
1965,2645,2670
1965,2026,2059
2506,3240,3246
1992,2699,2704
1992,1984,2011
2059,1905,1920
3141,2119,2163
2058,1906,1921
3140,2116,2159
2057,1907,1922
3139,2114,2156
2056,1908,1924
3138,2112,2152
2055,1909,1925
3137,2110,2149
1960,2634,2663
1960,2034,2069
2501,2898,2902
2501,3241,3244
1987,2688,2699
1987,1991,2019
2054,1910,1926
3136,2107,2145
1959,2632,2661
1959,2036,2071
2500,2898,2902
1986,2686,2698
1986,1993,2021
2053,1911,1927
3135,2105,2142
1958,2630,2659
1958,2038,2073
2499,2897,2903
1985,2684,2697
1985,1994,2023
2052,1912,1928
3134,2103,2139
1957,2628,2658
1957,2040,2076
2498,2897,2904
1984,2682,2696
1984,1996,2024
2051,1913,1929
3133,2101,2136
1956,2625,2656
1956,2041,2078
2497,2896,2904
1983,2680,2695
1983,1997,2026
2050,1914,1931
3132,2099,2133
1955,2623,2654
1955,2043,2080
2496,2896,2904
1982,2678,2694
1982,1999,2028
2049,1915,1932
3131,2097,2130
1954,2621,2653
1954,2045,2082
2495,2895,2905
1981,2676,2693
1981,2000,2030
2048,1916,1933
3130,2095,2127
1968,2651,2675
1968,2021,2053
2509,3241,3245
1995,1980,2006
1969,2653,2676
1969,2019,2051
2510,3241,3245
1996,1979,2005
1970,2655,2678
1970,2018,2050
2511,3243,3243
1997,1977,2003
1964,2642,2669
1964,2027,2061
2505,3240,3246
1991,2696,2703
1991,1986,2013
1963,2640,2667
1963,2029,2063
2504,3240,3246
1990,2694,2702
1990,1987,2014
1962,2638,2666
1962,2031,2065
2503,3240,3245
1989,2692,2701
1989,1989,2016
1961,2636,2664
1961,2033,2067
2502,3241,3245
1988,2690,2701
1988,1990,2018
1912,2498,2562
1912,2139,2204
1913,2502,2565
1913,2136,2200
1914,2506,2568
1914,2134,2196
1915,2510,2571
1915,2131,2192
1916,2514,2573
1916,2128,2188
1917,2517,2576
1917,2126,2185
1918,2521,2578
1918,2123,2181
1919,2525,2581
1919,2120,2177
1920,2528,2583
1920,2118,2174
2462,2899,2902
1921,2532,2586
1921,2115,2170
2463,2898,2903
1922,2535,2588
1922,2113,2167
2464,2898,2903
1923,2538,2591
1923,2110,2164
2465,2897,2904
1924,2542,2593
1924,2108,2160
2466,2897,2904
1925,2545,2595
1925,2105,2157
2467,2896,2904
1926,2548,2598
1926,2103,2154
2468,2896,2905
1927,2551,2600
1927,2101,2151
2469,2896,2905
1928,2554,2602
1928,2098,2148
2470,2895,2905
1929,2557,2604
1929,2096,2145
2471,2895,2905
1930,2560,2607
1930,2094,2142
2472,2895,2906
1931,2563,2609
1931,2092,2139
2473,2895,2906
1932,2566,2611
1932,2089,2136
2474,2895,2906
1933,2569,2613
1933,2087,2133
2475,2895,2906
1934,2572,2615
1934,2085,2131
2476,2894,2906
1935,2574,2617
1935,2083,2128
2477,2894,2906
1936,2577,2619
1936,2081,2125
2478,2894,2906
1937,2580,2621
1937,2078,2123
2479,2894,2906
1938,2582,2623
1938,2076,2120
2480,2894,2906
1939,2585,2625
1939,2074,2117
2481,2894,2906
1940,2587,2627
1940,2072,2115
2482,2894,2906
1941,2590,2629
1941,2070,2112
2483,2894,2906
1942,2593,2631
1942,2068,2110
2484,2894,2906
1943,2595,2633
1943,2066,2107
2485,2894,2906
1944,2598,2635
1944,2064,2105
2486,2894,2906
1945,2600,2637
1945,2062,2103
2487,2894,2906
1946,2602,2639
1946,2060,2100
2488,2894,2906
1947,2605,2641
1947,2058,2098
1911,2493,2560
1911,2142,2209
1910,2489,2557
1910,2145,2213
1909,2484,2554
1909,2148,2218
1908,2479,2551
1908,2151,2223
1907,2474,2548
1907,2154,2228
1906,2469,2545
1906,2157,2233
1905,2464,2542
1905,2160,2238
1904,2458,2539
1904,2164,2244
1998,1976,2001
1999,1975,2000
2000,1973,1998
2001,1972,1997
2002,1970,1995
2003,1969,1994
2004,1968,1992
2005,1967,1991
2006,1965,1989
2007,1964,1988
2008,1963,1986
2009,1961,1985
2010,1960,1983
2011,1959,1982
2012,1958,1980
2013,1956,1979
2014,1955,1978
2015,1954,1976
2016,1953,1975
2017,1951,1973
