1938,2277,2308
1939,2266,2314
1940,2257,2317
1941,2250,2318
1942,2244,2317
1943,2238,2316
1944,2233,2314
1945,2228,2311
1946,2223,2308
1980,2141,2153
1979,2141,2158
1950,2207,2291
3220,2483,2535
1951,2204,2286
3221,2476,2535
1952,2200,2281
3222,2468,2535
1953,2197,2276
3223,2461,2534
1954,2194,2272
3224,2454,2533
1978,2142,2163
3248,2412,2440
1971,2152,2194
3241,2384,2489
1972,2150,2190
3242,2385,2484
1973,2148,2185
3243,2386,2480
1974,2147,2181
3244,2389,2474
1975,2145,2177
3245,2392,2468
1976,2144,2172
3246,2396,2461
1977,2143,2168
3247,2402,2453
1949,2211,2295
3219,2492,2535
1948,2215,2300
3218,2500,2534
1947,2219,2304
3217,2511,2530
3225,2447,2531
1955,2190,2267
3226,2440,2530
1956,2187,2262
3227,2433,2528
1957,2184,2257
3228,2427,2526
1958,2182,2252
3229,2421,2525
1959,2179,2247
3230,2415,2522
2468,3235,3236
1960,2176,2243
3231,2410,2520
2469,3234,3238
1961,2174,2238
3232,2405,2518
2470,3233,3238
1962,2171,2234
3233,2400,2515
2471,3233,3239
1963,2169,2229
3234,2396,2513
2472,3233,3240
1964,2166,2224
3235,2393,2510
2473,3233,3240
1965,2164,2220
3236,2390,2507
2474,3233,3240
1966,2162,2216
3237,2387,2504
2475,3234,3240
1967,2160,2211
3238,2386,2500
2476,3234,3240
1968,2157,2207
3239,2385,2497
2477,3235,3240
1969,2155,2202
3240,2384,2493
2478,3236,3239
1970,2154,2198
