2636,2883,2885
2637,2882,2886
2638,2882,2887
2639,2881,2887
2640,2881,2887
2641,2880,2888
2642,2880,2888
2643,2880,2888
2644,2879,2888
2645,2879,2889
2646,2879,2889
2647,2878,2889
2648,2878,2889
2649,2878,2889
2650,2878,2889
2651,2877,2889
2652,2877,2890
2653,2877,2890
2654,2877,2890
2655,2877,2890
2656,2876,2890
2657,2876,2890
2658,2876,2890
2659,2876,2890
2660,2876,2890
2661,2876,2890
2662,2875,2890
2663,2875,2890
2664,2875,2890
2665,2875,2890
2666,2875,2890
2667,2875,2890
2668,2874,2890
2669,2874,2890
2670,2874,2890
2671,2874,2890
2672,2874,2890
2673,2874,2890
2674,2874,2890
2675,2873,2890
2676,2873,2890
2677,2873,2890
2678,2873,2889
2679,2873,2889
2680,2873,2889
2681,2873,2889
2682,2872,2889
2683,2872,2889
2684,2872,2889
2685,2872,2889
2686,2872,2889
2687,2872,2889
2688,2872,2889
2689,2871,2889
3059,2558,2562
3058,2558,2566
3057,2558,2570
3056,2560,2574
3055,2561,2577
3054,2562,2580
3053,2564,2583
3052,2566,2586
3051,2567,2589
3050,2569,2591
3049,2571,2594
3048,2573,2597
3047,2574,2599
3046,2576,2601
3045,2578,2604
3044,2580,2606
3043,2582,2608
3042,2583,2611
3041,2585,2613
3040,2587,2615
3039,2589,2617
3038,2591,2619
3037,2593,2622
3036,2594,2624
3035,2596,2626
3034,2598,2628
3033,2600,2630
3032,2602,2632
3031,2603,2634
3030,2605,2636
3029,2607,2638
3028,2609,2639
3027,2611,2641
3026,2612,2643
3025,2614,2645
3024,2616,2647
3023,2617,2649
3022,2619,2650
3021,2621,2652
3020,2623,2654
3019,2624,2656
3018,2626,2657
3017,2628,2659
3016,2629,2661
3015,2631,2662
3014,2633,2664
3013,2634,2666
3012,2636,2667
3011,2637,2669
3010,2639,2671
3009,2641,2672
3008,2642,2674
3007,2644,2675
3006,2645,2677
3005,2647,2678
3004,2649,2680
3003,2650,2681
3002,2652,2683
3001,2653,2684
3000,2655,2686
2999,2656,2687
2998,2658,2689
2997,2659,2690
2996,2661,2692
2995,2662,2693
2994,2664,2695
2993,2665,2696
2992,2667,2697
2991,2668,2699
2990,2669,2700
2989,2671,2702
2988,2672,2703
2987,2674,2704
2986,2675,2706
2985,2677,2707
2984,2678,2708
2983,2679,2710
2982,2681,2711
2981,2682,2712
2980,2683,2714
2979,2685,2715
2978,2686,2716
2977,2687,2717
2976,2689,2719
2975,2690,2720
2974,2691,2721
2973,2693,2722
2972,2694,2724
2971,2695,2725
2970,2697,2726
2969,2698,2727
2968,2699,2729
2967,2700,2730
2966,2702,2731
2965,2703,2732
2964,2704,2733
2963,2705,2734
2962,2707,2736
2961,2708,2737
2960,2709,2738
2959,2710,2739
2891,2779,2804
2890,2780,2805
2889,2781,2806
2888,2782,2806
2887,2783,2807
2886,2783,2808
2885,2784,2809
2884,2785,2810
2883,2786,2810
2882,2787,2811
2881,2787,2812
2880,2788,2813
2879,2789,2813
2878,2790,2814
2877,2791,2815
2876,2791,2815
2875,2792,2816
2874,2793,2817
2873,2794,2818
2872,2794,2818
2698,2870,2887
2697,2870,2888
2696,2870,2888
2695,2870,2888
2694,2871,2888
2693,2871,2888
2692,2871,2888
2691,2871,2888
2690,2871,2888
2699,2870,2887
2892,2778,2803
1810,2194,2218
2838,2818,2840
2700,2870,2887
2893,2778,2802
1811,2186,2221
2839,2817,2840
2701,2869,2887
2894,2777,2802
1812,2179,2222
2840,2817,2839
2702,2869,2887
2895,2776,2801
1813,2173,2222
2841,2816,2838
2703,2869,2887
2896,2775,2800
1814,2168,2222
2842,2815,2838
2704,2869,2887
2897,2774,2799
1815,2163,2221
2843,2815,2837
2705,2869,2886
2898,2773,2798
1816,2159,2219
2844,2814,2837
2706,2869,2886
2899,2772,2798
1817,2155,2217
2845,2813,2836
2707,2868,2886
2900,2772,2797
1818,2151,2216
2846,2813,2835
2708,2868,2886
2901,2771,2796
1819,2147,2213
2847,2812,2835
2709,2868,2886
2902,2770,2795
1820,2143,2211
2848,2811,2834
2710,2868,2886
2903,2769,2794
1821,2140,2209
2849,2811,2834
2711,2868,2885
2904,2768,2793
1822,2136,2206
2850,2810,2833
2712,2868,2885
2905,2767,2793
1823,2133,2203
2851,2809,2832
2713,2867,2885
2906,2766,2792
1824,2130,2200
2852,2809,2832
2714,2867,2885
2907,2765,2791
1825,2127,2198
2853,2808,2831
2938,2734,2762
1856,2058,2104
2937,2735,2763
1855,2060,2106
2936,2737,2764
1854,2061,2109
2935,2738,2765
1853,2063,2112
2741,2861,2879
2934,2739,2766
1852,2065,2115
2740,2861,2879
2933,2740,2767
1851,2067,2118
2739,2861,2880
2932,2741,2768
1850,2068,2121
2730,2864,2882
2923,2750,2776
1841,2086,2148
2869,2797,2820
2735,2862,2881
2928,2745,2772
1846,2076,2133
2542,3228,3233
2799,2839,2860
2723,2865,2883
2916,2757,2783
1834,2102,2170
2862,2802,2825
2729,2864,2882
2922,2751,2777
1840,2088,2151
2868,2797,2821
2736,2862,2880
2929,2744,2771
1847,2074,2130
2543,3228,3232
2800,2839,2859
2724,2865,2883
2917,2756,2782
1835,2100,2167
2863,2801,2825
2737,2862,2880
2930,2743,2770
1848,2072,2127
2544,3228,3232
2801,2838,2859
2725,2865,2883
2918,2755,2781
1836,2098,2164
2864,2800,2824
2738,2862,2880
2931,2742,2769
1849,2070,2124
2545,3228,3231
2802,2838,2858
2726,2865,2883
2919,2754,2780
1837,2095,2161
2865,2800,2823
2734,2863,2881
2927,2746,2773
1845,2078,2136
2541,3228,3233
2798,2840,2860
2722,2866,2883
2915,2758,2784
1833,2105,2173
2861,2803,2826
2728,2864,2882
2921,2752,2778
1839,2091,2155
2867,2798,2822
2733,2863,2881
2926,2747,2774
1844,2080,2139
2540,3228,3233
2797,2840,2861
2721,2866,2884
2914,2759,2785
1832,2107,2176
2860,2803,2827
2727,2864,2882
2920,2753,2779
1838,2093,2158
2866,2799,2823
2732,2863,2881
2925,2748,2775
1843,2082,2142
2871,2795,2819
2539,3228,3233
2796,2841,2861
2720,2866,2884
2913,2760,2786
1831,2110,2179
2859,2804,2827
2731,2863,2882
2924,2749,2775
1842,2084,2145
2870,2796,2820
2538,3229,3232
2795,2841,2861
2719,2866,2884
2912,2761,2786
1830,2113,2183
2858,2805,2828
2939,2733,2761
1857,2056,2101
2940,2732,2760
1858,2055,2098
2941,2731,2759
1859,2053,2095
2942,2730,2758
1860,2052,2092
2943,2729,2757
1861,2050,2089
2944,2728,2756
1862,2049,2086
2945,2727,2754
1863,2047,2083
2946,2726,2753
1864,2046,2080
2947,2724,2752
1865,2045,2078
2948,2723,2751
1866,2043,2075
2949,2722,2750
1867,2042,2072
2950,2721,2749
1868,2041,2069
2951,2720,2748
1869,2040,2066
2952,2719,2747
1870,2039,2063
2953,2718,2746
1871,2038,2060
2954,2716,2745
1872,2037,2057
2955,2715,2744
1873,2036,2053
2956,2714,2742
1874,2036,2050
2957,2713,2741
1875,2036,2046
2958,2712,2740
1876,2037,2041
2718,2866,2884
2911,2762,2787
1829,2115,2186
2857,2805,2829
2717,2867,2884
2910,2762,2788
1828,2118,2189
2856,2806,2829
2716,2867,2885
2909,2763,2789
1827,2121,2192
2855,2807,2830
2715,2867,2885
2908,2764,2790
1826,2124,2195
2854,2807,2830
2742,2861,2879
2743,2860,2879
2744,2860,2878
2745,2860,2878
2746,2860,2878
2747,2859,2878
2748,2859,2877
2749,2859,2877
2750,2858,2877
2751,2858,2877
2752,2858,2876
2753,2857,2876
2754,2857,2876
2755,2857,2875
2756,2856,2875
2757,2856,2875
2758,2856,2875
2759,2855,2874
2760,2855,2874
2761,2855,2874
2762,2854,2873
2763,2854,2873
2764,2854,2873
2765,2853,2872
2766,2853,2872
2767,2853,2872
2768,2852,2871
2769,2852,2871
2770,2852,2871
2771,2851,2870
2772,2851,2870
2773,2850,2870
2774,2850,2869
2775,2850,2869
2776,2849,2869
2777,2849,2868
2778,2848,2868
2779,2848,2868
2780,2848,2867
2781,2847,2867
2782,2847,2867
2783,2846,2866
2784,2846,2866
2785,2846,2865
2786,2845,2865
2787,2845,2865
2788,2844,2864
2789,2844,2864
2790,2843,2864
2791,2843,2863
2792,2842,2863
2793,2842,2862
2794,2842,2862
2803,2837,2858
2804,2837,2858
2805,2836,2857
2806,2836,2857
2807,2835,2856
2808,2835,2856
2809,2834,2855
2810,2834,2855
2811,2833,2854
2812,2833,2854
2813,2832,2853
2814,2832,2853
2815,2831,2852
2816,2831,2852
2817,2830,2851
2818,2830,2851
2819,2829,2850
2820,2828,2850
2821,2828,2849
2822,2827,2849
2823,2827,2848
2824,2826,2848
2825,2826,2847
2826,2825,2847
2827,2824,2846
2828,2824,2846
2829,2823,2845
2830,2823,2845
2831,2822,2844
2832,2822,2844
2833,2821,2843
2834,2820,2842
2835,2820,2842
2836,2819,2841
2837,2818,2841
