1852,2278,2322
1853,2264,2331
1854,2254,2336
1855,2245,2339
1856,2238,2339
1857,2231,2337
1858,2224,2333
1859,2218,2328
1860,2213,2321
1861,2208,2314
1862,2203,2306
1863,2198,2299
1864,2193,2291
1865,2189,2284
1866,2184,2278
1867,2180,2271
1868,2176,2265
1869,2172,2259
1870,2169,2253
1871,2165,2248
1872,2161,2243
1873,2158,2238
1874,2154,2233
1875,2151,2228
1876,2148,2223
1877,2145,2219
1878,2141,2214
1879,2138,2210
1880,2135,2206
1881,2132,2202
1882,2129,2198
1883,2126,2194
1884,2124,2190
1885,2121,2187
1886,2118,2183
1887,2115,2179
1888,2113,2176
1889,2110,2172
1890,2107,2169
1891,2105,2166
1892,2102,2163
1893,2100,2159
1894,2097,2156
1895,2095,2153
1896,2092,2150
1897,2090,2147
1898,2088,2144
1899,2085,2141
1900,2083,2138
1901,2081,2136
1902,2079,2133
1903,2076,2130
1904,2074,2127
1905,2072,2125
1906,2070,2122
1907,2068,2119
1908,2065,2117
1909,2063,2114
1910,2061,2112
1911,2059,2109
1912,2057,2107
2218,1765,1765
2217,1765,1766
2216,1765,1767
2215,1766,1767
2214,1766,1768
2213,1766,1769
2212,1767,1769
2211,1767,1770
2210,1768,1770
2209,1768,1771
2208,1768,1772
2207,1769,1772
2206,1769,1773
2205,1770,1773
2204,1770,1774
2203,1770,1775
2202,1771,1775
2201,1771,1776
2200,1772,1776
2199,1772,1777
2198,1773,1778
2197,1773,1778
2196,1774,1779
2195,1774,1779
2194,1775,1780
2193,1775,1781
2192,1776,1781
2191,1776,1782
2190,1777,1783
2189,1777,1783
2188,1777,1784
2187,1778,1784
2186,1778,1785
2185,1779,1786
2184,1779,1786
2183,1780,1787
2182,1781,1788
2181,1781,1788
2180,1782,1789
2179,1782,1789
2178,1783,1790
2177,1783,1791
2176,1784,1791
2175,1784,1792
2174,1785,1793
2173,1785,1793
2172,1786,1794
2171,1786,1795
2170,1787,1795
2039,1883,1906
2038,1884,1907
2037,1885,1908
2036,1886,1909
2035,1887,1910
2034,1888,1911
2033,1889,1912
2032,1890,1914
2031,1891,1915
2030,1892,1916
2029,1893,1917
2028,1894,1918
2027,1895,1919
2026,1896,1920
2025,1897,1922
2024,1898,1923
2023,1899,1924
2022,1900,1925
2021,1901,1926
2020,1903,1927
2019,1904,1929
2559,2894,2896
2018,1905,1930
2558,2893,2897
2017,1906,1931
2557,2892,2897
2016,1907,1932
2556,2892,2898
2015,1908,1933
2555,2891,2898
2014,1909,1935
2554,2891,2899
2013,1910,1936
2553,2890,2899
2012,1911,1937
2552,2890,2899
2011,1912,1938
2551,2890,2900
2010,1913,1940
2550,2890,2900
2009,1914,1941
2549,2889,2900
2008,1916,1942
2548,2889,2900
2007,1917,1943
2547,2889,2900
2006,1918,1945
2546,2889,2900
2005,1919,1946
2545,2889,2901
2004,1920,1947
2544,2889,2901
2003,1921,1949
2543,2889,2901
2002,1922,1950
2542,2889,2901
2001,1923,1951
2541,2889,2901
2000,1925,1952
2540,2889,2901
1999,1926,1954
2539,2888,2901
1998,1927,1955
2538,2888,2901
1997,1928,1956
2537,2889,2901
1996,1929,1958
2536,2889,2901
1995,1930,1959
2535,2889,2901
1994,1932,1960
2534,2889,2901
1993,1933,1962
2533,2889,2900
1992,1934,1963
2532,2889,2900
1991,1935,1965
2531,2889,2900
1990,1936,1966
2530,2889,2900
1989,1938,1967
2529,2889,2900
1988,1939,1969
2528,2890,2900
1987,1940,1970
2527,2890,2899
1986,1941,1971
2526,3240,3241
2526,2890,2899
1985,1943,1973
2525,3239,3242
2525,2890,2899
1984,1944,1974
2524,3238,3243
2524,2891,2898
1983,1945,1976
2523,3238,3243
2523,2891,2898
1982,1946,1977
2522,3238,3243
2522,2892,2897
1981,1948,1979
2521,3238,3243
2521,2893,2897
1980,1949,1980
2520,3238,3243
2520,2894,2895
1979,1950,1982
2519,3238,3243
1978,1951,1983
2518,3238,3243
1977,1953,1985
2517,3239,3242
1976,1954,1986
1975,1955,1988
1974,1957,1989
1973,1958,1991
1972,1959,1992
1941,2005,2045
1940,2007,2046
1939,2008,2048
1938,2010,2050
1937,2011,2052
1936,2013,2054
1935,2015,2056
1934,2016,2058
1933,2018,2060
1932,2020,2062
1931,2022,2064
1930,2023,2066
1929,2025,2068
1928,2027,2070
1927,2029,2073
1926,2030,2075
1913,2055,2104
1914,2053,2102
1915,2051,2099
1916,2049,2097
1917,2047,2095
1918,2045,2092
1919,2043,2090
1920,2042,2088
1921,2040,2086
1922,2038,2083
1923,2036,2081
1924,2034,2079
1925,2032,2077
1942,2003,2043
1943,2002,2041
1944,2000,2039
1945,1999,2037
1946,1997,2035
1947,1995,2034
1948,1994,2032
1949,1992,2030
1950,1991,2028
1951,1989,2026
1952,1988,2025
1953,1986,2023
1954,1985,2021
1955,1983,2020
1956,1982,2018
1957,1980,2016
1958,1979,2014
1959,1977,2013
1960,1976,2011
1961,1975,2009
1962,1973,2008
1963,1972,2006
1964,1970,2005
1965,1969,2003
1966,1968,2001
1967,1966,2000
1968,1965,1998
1969,1963,1997
1970,1962,1995
1971,1961,1994
2040,1882,1905
2041,1881,1904
2042,1881,1903
2043,1880,1902
2044,1879,1900
2045,1878,1899
2046,1877,1898
2047,1876,1897
2048,1875,1896
2049,1874,1895
2050,1873,1894
2051,1872,1893
2052,1871,1892
2053,1870,1891
2054,1869,1890
2055,1869,1889
2056,1868,1888
2057,1867,1887
2058,1866,1886
2059,1865,1885
2060,1864,1884
2061,1863,1883
2062,1862,1882
2063,1861,1881
2064,1861,1880
2065,1860,1879
2066,1859,1878
2067,1858,1877
2068,1857,1876
2069,1856,1875
2070,1855,1874
2071,1855,1873
2072,1854,1872
2073,1853,1871
2074,1852,1870
2075,1851,1870
2076,1850,1869
2077,1850,1868
2078,1849,1867
2079,1848,1866
2080,1847,1865
2081,1846,1864
2082,1846,1863
2083,1845,1862
2084,1844,1861
2085,1843,1860
2086,1842,1859
2087,1842,1859
2088,1841,1858
2089,1840,1857
2090,1839,1856
2091,1838,1855
2092,1838,1854
2093,1837,1853
2094,1836,1852
2095,1835,1852
2096,1835,1851
2097,1834,1850
2098,1833,1849
2099,1832,1848
2100,1832,1847
2101,1831,1846
2102,1830,1846
2103,1829,1845
2104,1829,1844
2105,1828,1843
2106,1827,1842
2107,1827,1841
2108,1826,1841
2109,1825,1840
2110,1824,1839
2111,1824,1838
2112,1823,1837
2113,1822,1837
2114,1822,1836
2115,1821,1835
2116,1820,1834
2117,1819,1833
2118,1819,1833
2119,1818,1832
2120,1817,1831
2121,1817,1830
2122,1816,1829
2123,1815,1829
2124,1815,1828
2125,1814,1827
2126,1813,1826
2127,1813,1826
2128,1812,1825
2129,1811,1824
2130,1811,1823
2131,1810,1823
2132,1809,1822
2133,1809,1821
2134,1808,1820
2135,1808,1820
2136,1807,1819
2137,1806,1818
2138,1806,1817
2139,1805,1817
2140,1804,1816
2141,1804,1815
2142,1803,1814
2143,1802,1814
2144,1802,1813
2145,1801,1812
2146,1801,1812
2147,1800,1811
2148,1799,1810
2149,1799,1809
2150,1798,1809
2151,1798,1808
2152,1797,1807
2153,1796,1807
2154,1796,1806
2155,1795,1805
2156,1795,1805
2157,1794,1804
2158,1794,1803
2159,1793,1803
2160,1792,1802
2161,1792,1801
2162,1791,1801
2163,1791,1800
2164,1790,1799
2165,1790,1799
2166,1789,1798
2167,1788,1797
2168,1788,1797
2169,1787,1796
