2059,2760,2761
2060,2760,2763
2061,2761,2765
2062,2762,2767
2063,2762,2768
2064,2763,2770
2065,2764,2771
2066,2765,2773
2067,2765,2774
2068,2766,2776
2069,2767,2777
2070,2768,2778
2071,2769,2780
2072,2770,2781
2073,2770,2782
2074,2771,2784
2075,2772,2785
2076,2773,2786
2077,2774,2787
2078,2775,2789
2079,2776,2790
2080,2777,2791
2081,2777,2792
2082,2778,2793
2083,2779,2795
2084,2780,2796
2085,2781,2797
2086,2782,2798
2087,2783,2799
2088,2784,2800
2089,2784,2802
2090,2785,2803
2091,2786,2804
2092,2787,2805
2093,2788,2806
2094,2789,2807
2095,2790,2808
2096,2790,2809
2097,2791,2810
2098,2792,2811
2099,2793,2812
2100,2794,2813
2101,2795,2814
2102,2795,2815
2103,2796,2816
2104,2797,2817
2105,2798,2818
2137,2823,2847
2138,2823,2848
2139,2824,2848
2140,2825,2849
2141,2826,2850
2142,2826,2851
2143,2827,2852
2144,2828,2852
2145,2828,2853
2146,2829,2854
2147,2830,2855
2148,2831,2855
2149,2831,2856
2150,2832,2857
2151,2833,2857
2152,2833,2858
2153,2834,2859
2154,2835,2860
2155,2835,2860
2156,2836,2861
2157,2837,2862
2158,2837,2862
2159,2838,2863
2160,2839,2864
2161,2839,2864
2162,2840,2865
2163,2841,2866
2164,2841,2866
2165,2842,2867
2166,2843,2868
2167,2843,2868
2168,2844,2869
2169,2844,2869
2170,2845,2870
2171,2846,2871
2172,2846,2871
2173,2847,2872
2265,2898,2900
2264,2897,2900
2263,2896,2900
2262,2895,2900
2261,2895,2900
2260,2894,2901
2259,2894,2901
2258,2893,2901
2257,2892,2901
2256,2892,2901
2255,2891,2901
2254,2891,2900
2253,2890,2900
2252,2890,2900
2251,2889,2900
2250,2889,2900
2249,2888,2900
2248,2888,2900
2247,2887,2900
2246,2887,2900
1973,2089,2091
2230,2879,2896
1972,2089,2096
2229,2878,2896
1971,2089,2100
2228,2878,2896
1970,2090,2103
2227,2877,2896
1969,2092,2107
2226,2877,2895
1968,2093,2110
2225,2876,2895
1967,2094,2113
2224,2876,2895
1966,2096,2116
2223,2875,2894
1965,2097,2120
2222,2875,2894
1964,2099,2123
2221,2874,2894
1963,2100,2126
2220,2874,2893
1962,2102,2129
2219,2873,2893
1961,2104,2132
2218,2873,2893
1960,2106,2136
2217,2872,2892
1959,2108,2139
2216,2872,2892
1958,2109,2142
2215,2871,2892
1957,2111,2145
2214,2871,2891
1956,2113,2149
2213,2870,2891
1955,2115,2152
2212,2870,2891
2211,2869,2890
2210,2868,2890
2209,2868,2890
2208,2867,2889
2207,2867,2889
2206,2866,2888
2205,2866,2888
2204,2865,2888
2487,3239,3244
1946,2135,2184
2203,2865,2887
2486,3239,3244
1945,2137,2188
2202,2864,2887
2485,3239,3243
1944,2139,2192
2201,2864,2886
2484,3241,3241
1943,2142,2196
2200,2863,2886
1942,2144,2200
2199,2862,2885
1941,2147,2205
2198,2862,2885
1940,2149,2209
2197,2861,2884
1939,2152,2213
2196,2861,2884
1938,2155,2218
2195,2860,2884
1937,2157,2223
2194,2860,2883
1936,2160,2227
2193,2859,2883
1935,2163,2232
2192,2858,2882
2370,2908,2909
2371,2907,2910
2372,2907,2911
2373,2906,2911
2374,2906,2911
2375,2906,2912
2376,2905,2912
2377,2905,2912
2378,2905,2912
2379,2905,2913
2380,2904,2913
2381,2904,2913
2382,2904,2913
2383,2904,2913
2414,2901,2915
1934,2166,2238
2191,2858,2882
2442,2906,2908
1928,2184,2274
2131,2818,2842
3213,2320,2452
2185,2854,2879
1933,2169,2243
2136,2822,2846
3218,2357,2411
2190,2857,2881
2441,2905,2909
1927,2188,2281
2130,2818,2841
3212,2316,2458
2184,2854,2878
1932,2172,2249
2135,2821,2845
3217,2346,2423
2189,2857,2881
2440,2904,2910
1926,2191,2289
2129,2817,2840
3211,2312,2463
2183,2853,2878
1931,2175,2254
2134,2820,2845
3216,2337,2432
2188,2856,2880
2439,2904,2910
1925,2195,2298
2128,2816,2840
3210,2309,2467
2182,2853,2877
1930,2178,2261
2133,2820,2844
3215,2331,2440
2187,2856,2880
2438,2904,2911
1924,2198,2308
1924,2465,2466
2127,2815,2839
3209,2307,2472
2181,2852,2876
1929,2181,2267
2132,2819,2843
3214,2325,2446
2186,2855,2879
2437,2903,2911
1923,2202,2320
1923,2445,2470
2126,2815,2838
3208,2305,2476
2180,2851,2876
2436,2903,2912
1922,2206,2334
1922,2428,2469
2125,2814,2837
3207,2303,2480
2179,2851,2875
2435,2903,2912
1921,2210,2357
1921,2404,2466
2124,2813,2836
3206,2303,2483
2178,2850,2875
2434,2902,2912
1920,2214,2463
2123,2812,2835
3205,2304,2487
2177,2850,2874
2433,2902,2913
1919,2218,2460
2122,2811,2834
3204,2305,2490
2176,2849,2874
2432,2902,2913
1918,2223,2456
2121,2811,2833
3203,2309,2493
2175,2848,2873
2431,2902,2913
1917,2227,2453
2120,2810,2833
3202,2317,2496
2174,2848,2872
2430,2902,2913
1916,2232,2448
2119,2809,2832
3201,2329,2499
2429,2902,2914
1915,2237,2444
2118,2808,2831
3200,2347,2502
2428,2901,2914
1914,2243,2439
2117,2808,2830
3199,2366,2504
2415,2901,2915
2416,2901,2915
2417,2901,2915
2106,2799,2819
3188,2495,2515
2418,2901,2915
2107,2800,2820
3189,2483,2517
2419,2901,2915
1905,2337,2346
2108,2800,2821
3190,2473,2518
2420,2901,2915
1906,2309,2375
2109,2801,2822
3191,2464,2517
2421,2901,2915
1907,2295,2388
2110,2802,2823
3192,2454,2517
2422,2901,2915
1908,2285,2399
2111,2803,2824
3193,2444,2516
2423,2901,2914
1909,2276,2407
2112,2804,2825
3194,2434,2514
2424,2901,2914
1910,2268,2415
2113,2804,2826
3195,2423,2512
2425,2901,2914
1911,2261,2422
2114,2805,2827
3196,2411,2511
2426,2901,2914
1912,2254,2428
2115,2806,2828
3197,2398,2509
2427,2901,2914
1913,2248,2434
2116,2807,2829
3198,2383,2506
2413,2901,2915
2412,2901,2915
2411,2901,2915
2410,2901,2915
2409,2901,2915
2408,2901,2915
2407,2901,2915
2406,2901,2915
2405,2901,2915
2404,2901,2915
2403,2901,2915
2402,2901,2915
2401,2901,2915
2400,2902,2915
2399,2902,2915
2398,2902,2915
2397,2902,2915
2396,2902,2915
2395,2902,2915
2394,2902,2915
2393,2902,2915
2392,2902,2915
2391,2903,2914
2390,2903,2914
2389,2903,2914
2388,2903,2914
2387,2903,2914
2386,2903,2914
2385,2904,2914
2384,2904,2914
1949,2128,2173
2490,3239,3245
2233,2880,2897
1950,2126,2169
2491,3239,3245
2234,2881,2897
1951,2124,2166
2492,3239,3245
2235,2881,2898
1952,2121,2162
2493,3240,3245
2236,2882,2898
1953,2119,2159
2494,3241,3244
2237,2882,2898
1954,2117,2155
2495,3242,3243
2238,2883,2898
1948,2130,2177
2489,3239,3245
2232,2880,2897
1947,2132,2180
2488,3239,3245
2231,2879,2897
2239,2883,2898
2240,2884,2899
2241,2884,2899
2242,2885,2899
2243,2885,2899
2244,2886,2899
2245,2886,2900
