1873,2327,2372
1874,2308,2392
1875,2295,2405
1876,2284,2415
1877,2275,2424
2510,3240,3246
2511,3241,3245
2512,3242,3244
2003,1962,1989
3112,2060,2093
3085,2015,2035
1976,2001,2033
2004,1961,1988
3113,2062,2095
3086,2017,2037
1977,1999,2031
2005,1960,1987
3114,2063,2097
3087,2018,2039
1978,1998,2029
2006,1958,1985
3115,2065,2100
3088,2020,2041
1979,1996,2028
2007,1957,1984
3116,2067,2102
3089,2021,2043
1980,1995,2026
2008,1956,1982
3117,2069,2105
3090,2023,2045
1981,1993,2024
2009,1954,1981
3118,2071,2108
3091,2024,2047
1982,1992,2022
2010,1953,1979
3119,2073,2110
3092,2026,2049
1983,1990,2021
2011,1952,1978
3120,2075,2113
3093,2027,2051
1984,1989,2019
2012,1951,1977
3121,2077,2115
3094,2029,2053
1985,1987,2017
2013,1949,1975
3122,2079,2118
3095,2030,2055
1986,1986,2016
2014,1948,1974
3123,2081,2121
3096,2032,2057
1987,1984,2014
2015,1947,1972
3124,2083,2124
3097,2034,2059
1988,1983,2013
2016,1946,1971
3125,2085,2126
3098,2035,2061
1989,1981,2011
2017,1944,1970
3126,2087,2129
3099,2037,2063
1990,1980,2009
2018,1943,1968
3127,2089,2132
3100,2039,2065
1991,1979,2008
2019,1942,1967
3128,2091,2135
3101,2040,2067
1992,1977,2006
2020,1941,1966
3129,2093,2138
3102,2042,2070
1993,1976,2005
2021,1940,1964
3130,2096,2141
3103,2044,2072
1994,1974,2003
2022,1938,1963
3131,2098,2144
3104,2045,2074
1995,1973,2002
2023,1937,1962
3132,2100,2147
1969,2012,2045
3078,2005,2022
3105,2047,2076
1996,1972,2000
2024,1936,1960
3133,2102,2150
1970,2010,2044
3079,2006,2023
3106,2049,2079
1997,1970,1998
2025,1935,1959
3134,2105,2154
1971,2008,2042
3080,2008,2025
3107,2051,2081
1998,1969,1997
2026,1934,1958
3135,2107,2157
1972,2007,2040
3081,2009,2027
3108,2052,2083
1999,1968,1995
2027,1932,1956
3136,2109,2160
1973,2005,2038
3082,2011,2029
3109,2054,2085
2000,1966,1994
2028,1931,1955
3137,2112,2164
1974,2004,2036
3083,2012,2031
3110,2056,2088
2001,1965,1992
2029,1930,1954
3138,2114,2167
1975,2002,2035
3084,2014,2033
3111,2058,2090
2002,1963,1991
2030,1929,1953
3139,2116,2171
2031,1928,1951
3140,2119,2174
2032,1927,1950
3141,2121,2178
2033,1926,1949
3142,2124,2182
2034,1924,1948
3143,2126,2186
2035,1923,1946
3144,2129,2190
2036,1922,1945
3145,2131,2194
2037,1921,1944
3146,2134,2198
2038,1920,1943
3147,2137,2202
2039,1919,1941
3148,2139,2206
2040,1918,1940
3149,2142,2211
2041,1917,1939
3150,2145,2216
2042,1916,1938
3151,2148,2221
2043,1914,1937
3152,2151,2226
2044,1913,1935
3153,2154,2231
2045,1912,1934
3154,2156,2236
2046,1911,1933
3155,2160,2242
2061,1896,1916
3170,2214,2464
2088,1871,1888
2067,1890,1909
3176,2244,2438
2094,1865,1882
2066,1891,1911
3175,2238,2443
2093,1866,1883
2065,1892,1912
3174,2233,2448
2092,1867,1884
2064,1893,1913
3173,2228,2452
2091,1868,1885
2063,1894,1914
3172,2223,2456
2090,1869,1886
2062,1895,1915
3171,2218,2460
2089,1870,1887
2509,3240,3246
3077,2003,2020
1968,2013,2047
2068,1889,1908
3177,2249,2433
2095,1864,1881
2469,2899,2901
1928,2089,2138
1928,2568,2604
2076,1881,1900
2049,1908,1929
3158,2169,2261
2069,1888,1907
3178,2256,2427
2096,1864,1880
2470,2898,2902
1929,2087,2135
1929,2570,2606
2077,1880,1899
2050,1907,1928
3159,2172,2269
2070,1887,1906
3179,2263,2421
2097,1863,1879
2471,2897,2902
1930,2085,2132
1930,2573,2608
2078,1880,1898
2051,1906,1927
3160,2176,2277
3160,2464,2484
2071,1886,1905
3180,2270,2414
2098,1862,1878
2472,2896,2903
1931,2083,2129
1931,2576,2610
2079,1879,1897
2052,1905,1926
3161,2179,2286
3161,2451,2485
2072,1885,1904
3181,2278,2406
2099,1861,1878
2473,2896,2903
1932,2080,2127
1932,2579,2612
2080,1878,1896
2053,1904,1925
3162,2182,2296
3162,2438,2484
2073,1884,1903
3182,2288,2398
2100,1860,1877
2474,2896,2904
1933,2078,2124
1933,2582,2614
2081,1877,1895
2054,1903,1924
3163,2186,2308
3163,2424,2483
2101,1859,1876
2475,2895,2904
1934,2076,2121
1934,2585,2616
2102,1859,1875
2476,2895,2904
1935,2074,2119
1935,2587,2618
2477,2895,2904
1936,2072,2116
1936,2590,2620
2478,2894,2905
1937,2070,2114
1937,2593,2622
2479,2894,2905
1938,2068,2111
1938,2595,2624
2501,2895,2904
3069,1993,2005
1960,2027,2063
1960,2651,2656
2500,2894,2904
3068,1991,2004
1959,2028,2065
1959,2648,2655
2499,2894,2905
3067,1990,2002
1958,2030,2067
1958,2645,2654
2498,2894,2905
3066,1989,2000
1957,2032,2069
1957,2643,2653
2497,2894,2905
3065,1988,1998
1956,2034,2071
1956,2640,2652
2496,2894,2905
3064,1986,1997
1955,2035,2073
1955,2638,2651
2495,2894,2905
3063,1985,1995
1954,2037,2075
1954,2635,2649
2494,2894,2905
3062,1984,1993
1953,2039,2077
1953,2633,2648
2493,2893,2905
3061,1983,1991
1952,2041,2079
1952,2630,2647
2492,2893,2905
3060,1981,1990
1951,2043,2081
1951,2628,2645
2491,2893,2906
3059,1980,1988
1950,2044,2083
1950,2626,2644
2490,2893,2906
3058,1979,1986
1949,2046,2086
1949,2623,2642
2489,2893,2906
3057,1978,1985
1948,2048,2088
1948,2621,2641
2502,2895,2904
3070,1994,2007
1961,2025,2061
1961,2655,2656
2503,2895,2903
2503,3241,3244
3071,1995,2009
1962,2023,2059
2504,2896,2903
2504,3241,3245
3072,1997,2011
1963,2022,2057
2505,2896,2903
2505,3240,3245
3073,1998,2012
1964,2020,2055
2506,2897,2902
2506,3240,3246
3074,1999,2014
1965,2018,2053
2507,2897,2901
2507,3240,3246
3075,2001,2016
1966,2017,2051
2508,2899,2900
2508,3240,3246
3076,2002,2018
1967,2015,2049
2488,2893,2906
3056,1977,1983
1947,2050,2090
1947,2618,2639
2487,2893,2906
3055,1976,1981
1946,2052,2092
1946,2616,2637
2486,2893,2906
3054,1975,1979
1945,2054,2095
1945,2613,2636
2485,2893,2906
3053,1974,1977
1944,2056,2097
1944,2611,2634
2484,2894,2905
3052,1973,1975
1943,2058,2099
1943,2608,2632
2483,2894,2905
3051,1973,1973
1942,2060,2102
1942,2606,2631
2482,2894,2905
1941,2062,2104
1941,2603,2629
2481,2894,2905
1940,2064,2106
1940,2601,2627
2480,2894,2905
1939,2066,2109
1939,2598,2625
2060,1897,1917
3169,2209,2467
2087,1871,1889
2059,1898,1918
3168,2205,2470
2086,1872,1890
2058,1899,1919
3167,2201,2473
2085,1873,1891
2057,1900,1920
3166,2197,2476
2084,1874,1892
2056,1901,1921
3165,2193,2356
3165,2373,2479
2083,1875,1893
2055,1902,1923
3164,2190,2324
3164,2407,2481
2082,1876,1894
2048,1909,1931
3157,2166,2255
3184,2314,2372
2075,1882,1901
2047,1910,1932
3156,2163,2248
3183,2299,2387
2074,1883,1902
2103,1858,1874
2104,1857,1873
2105,1856,1872
2106,1855,1871
2107,1854,1870
2108,1854,1869
2109,1853,1868
2110,1852,1867
2111,1851,1867
2112,1850,1866
2113,1850,1865
2114,1849,1864
2115,1848,1863
2116,1847,1862
2117,1846,1861
2118,1846,1860
2119,1845,1860
2120,1844,1859
2121,1843,1858
2122,1843,1857
2123,1842,1856
2124,1841,1855
2125,1840,1854
2126,1840,1854
2127,1839,1853
2128,1838,1852
2129,1837,1851
2130,1837,1850
2131,1836,1849
2132,1835,1849
2133,1834,1848
2134,1834,1847
2135,1833,1846
2136,1832,1845
2137,1831,1845
2138,1831,1844
2139,1830,1843
2140,1829,1842
2141,1829,1841
2142,1828,1841
2143,1827,1840
2144,1827,1839
2145,1826,1838
2146,1825,1837
2147,1824,1837
2148,1824,1836
2149,1823,1835
2150,1822,1834
2151,1822,1834
2152,1821,1833
2153,1820,1832
2154,1820,1831
2155,1819,1831
2156,1818,1830
2157,1818,1829
2158,1817,1828
2159,1816,1828
2160,1816,1827
2161,1815,1826
2162,1815,1825
2163,1814,1825
2164,1813,1824
2165,1813,1823
2166,1812,1823
2167,1811,1822
2168,1811,1821
2169,1810,1820
2170,1809,1820
2171,1809,1819
2172,1808,1818
2173,1808,1818
2174,1807,1817
2175,1806,1816
2176,1806,1815
2177,1805,1815
2178,1805,1814
2179,1804,1813
2180,1803,1813
2181,1803,1812
2182,1802,1811
2183,1802,1811
2184,1801,1810
2185,1801,1809
2186,1800,1809
2187,1799,1808
2188,1799,1807
2189,1798,1807
2190,1798,1806
2191,1797,1805
2192,1797,1805
2193,1796,1804
2194,1795,1803
2195,1795,1803
2196,1794,1802
2197,1794,1801
2198,1793,1801
2199,1793,1800
2200,1792,1799
2201,1792,1799
2202,1791,1798
2203,1791,1797
2204,1790,1797
2205,1790,1796
2206,1789,1796
2207,1789,1795
2208,1788,1794
2209,1788,1794
2210,1787,1793
2211,1786,1792
2212,1786,1792
2213,1786,1791
2214,1785,1791
2215,1785,1790
2216,1784,1789
2217,1784,1789
2218,1783,1788
2219,1783,1787
2220,1782,1787
2221,1782,1786
2222,1781,1786
2223,1781,1785
2224,1780,1784
2225,1780,1784
2226,1779,1783
2227,1779,1783
2228,1779,1782
2229,1778,1781
2230,1778,1781
2231,1777,1780
2232,1777,1779
2233,1776,1779
2234,1776,1778
2235,1776,1778
2236,1775,1777
2237,1775,1776
2238,1775,1776
2239,1774,1775
2240,1774,1774
1927,2092,2141
1927,2565,2602
1926,2094,2144
1926,2562,2600
1925,2096,2147
1925,2559,2598
1924,2098,2149
1924,2555,2595
1923,2101,2153
1923,2552,2593
1922,2103,2156
1922,2549,2591
1921,2106,2159
1921,2546,2589
1920,2108,2162
1920,2543,2586
1919,2111,2165
1919,2539,2584
1918,2113,2169
1918,2536,2582
1917,2116,2172
1917,2532,2579
1916,2118,2175
1916,2529,2577
1915,2121,2179
1915,2525,2574
1914,2123,2183
1914,2522,2572
1913,2126,2186
1913,2518,2569
1912,2129,2190
1912,2514,2567
1911,2131,2194
1911,2510,2564
1910,2134,2198
1910,2506,2562
1909,2137,2202
1909,2502,2559
1908,2140,2206
1908,2497,2556
1907,2143,2211
1907,2493,2553
1906,2146,2215
1906,2488,2551
1905,2149,2220
1905,2483,2548
1904,2152,2225
1904,2479,2545
1903,2155,2230
1903,2473,2542
1902,2158,2235
1902,2468,2539
1901,2161,2241
1901,2462,2536
1900,2165,2247
1900,2456,2532
1899,2168,2253
1899,2450,2529
1898,2171,2260
1898,2443,2526
1897,2175,2267
1897,2436,2522
1896,2179,2275
1896,2428,2519
1895,2182,2284
1895,2419,2515
1894,2186,2294
1894,2409,2512
1893,2190,2307
1893,2396,2508
1892,2194,2325
1892,2378,2504
1891,2198,2500
1890,2202,2496
1889,2206,2492
1888,2211,2488
1887,2215,2483
1886,2220,2479
1885,2225,2474
1884,2230,2469
1883,2235,2463
1882,2241,2458
1881,2247,2452
1880,2253,2446
1879,2260,2439
1878,2267,2432
