3226,2489,2538
1956,2206,2284
3254,2418,2450
1984,2149,2157
3253,2410,2461
1983,2148,2163
3252,2405,2469
1982,2148,2168
3251,2401,2476
1981,2148,2173
3250,2399,2481
1980,2149,2178
3249,2397,2486
1979,2151,2183
3248,2396,2491
1978,2152,2187
3238,2415,2523
1968,2171,2231
3239,2411,2520
1969,2169,2226
3240,2408,2518
1970,2167,2222
3225,2497,2538
1955,2210,2288
3224,2506,2536
1954,2214,2292
3223,2518,2531
1953,2218,2296
1952,2222,2299
1951,2226,2302
1950,2231,2304
1949,2236,2306
1977,2154,2191
3247,2395,2495
1948,2242,2306
1976,2155,2196
3246,2395,2499
1947,2248,2306
1975,2157,2200
3245,2396,2503
1946,2256,2305
1974,2159,2205
3244,2397,2506
1945,2265,2302
1973,2161,2209
3243,2399,2509
1944,2280,2292
3237,2420,2525
1967,2174,2235
2475,3235,3238
1972,2163,2213
3242,2402,2512
3233,2442,2532
1963,2184,2253
2471,3232,3239
3234,2436,2531
1964,2181,2249
2472,3232,3239
3235,2430,2529
1965,2179,2244
2473,3233,3239
3236,2425,2527
1966,2176,2240
2474,3234,3238
1971,2165,2218
3241,2404,2515
3232,2448,2534
1962,2187,2258
2470,3232,3238
3231,2454,2535
1961,2190,2262
2469,3232,3238
3230,2461,2536
1960,2193,2267
2468,3232,3238
3229,2467,2537
1959,2196,2271
2467,3232,3237
3228,2474,2538
1958,2199,2276
2466,3232,3236
3227,2481,2538
1957,2203,2280
2465,3233,3235
