1846,2254,2294
1847,2243,2298
1848,2234,2300
1849,2226,2299
1850,2219,2297
1851,2213,2294
1852,2208,2291
1853,2202,2287
1854,2197,2282
1855,2192,2278
1856,2188,2273
1857,2183,2268
1858,2179,2263
1859,2175,2258
1860,2171,2253
1861,2167,2248
1862,2163,2243
1863,2159,2239
1864,2156,2234
1865,2152,2229
1866,2149,2225
1867,2146,2221
1868,2142,2216
1869,2139,2212
1870,2136,2208
1871,2133,2204
1872,2130,2200
1873,2127,2197
1874,2124,2193
1875,2121,2189
1876,2119,2185
1877,2116,2182
1878,2113,2178
1879,2110,2175
1880,2108,2172
1881,2105,2168
1882,2103,2165
1883,2100,2162
1884,2098,2159
1885,2095,2155
1886,2093,2152
1887,2090,2149
1888,2088,2146
1889,2086,2143
1890,2083,2140
1891,2081,2138
1892,2079,2135
1893,2077,2132
2021,1898,1907
2020,1899,1908
2019,1900,1909
2018,1901,1911
2017,1901,1912
2006,1912,1926
2005,1913,1928
2004,1914,1929
2003,1915,1930
2002,1916,1932
2001,1917,1933
2000,1918,1934
1999,1919,1936
1998,1920,1937
1997,1921,1938
1996,1922,1940
1995,1923,1941
1994,1924,1942
1993,1925,1944
1992,1926,1945
1991,1927,1947
1990,1928,1948
1989,1929,1949
1988,1930,1951
1987,1932,1952
1986,1933,1954
1985,1934,1955
1984,1935,1956
1983,1936,1958
1982,1937,1959
1981,1938,1961
1980,1940,1962
1979,1941,1964
1978,1942,1965
1977,1943,1967
1976,1944,1968
1975,1945,1970
1974,1947,1971
1973,1948,1973
1972,1949,1974
1971,1950,1976
1970,1952,1977
1969,1953,1979
2007,1911,1925
2521,3238,3241
2008,1910,1924
2522,3237,3241
2009,1909,1922
2523,3237,3242
2010,1908,1921
2524,3236,3242
2011,1907,1920
2525,3236,3242
2016,1902,1913
2530,3239,3239
1895,2072,2126
2015,1903,1915
2529,3237,3241
1894,2074,2129
2014,1904,1916
2528,3237,3241
2013,1905,1917
2527,3236,3242
2012,1906,1918
2526,3236,3242
2022,1897,1905
2536,2893,2894
1901,2060,2111
2023,1896,1904
2537,2891,2895
1902,2058,2108
2024,1896,1903
2538,2891,2896
1903,2056,2106
2025,1895,1901
2539,2890,2896
1904,2054,2103
2026,1894,1900
2540,2890,2897
1905,2052,2101
2027,1893,1899
2541,2889,2897
1906,2050,2098
2028,1893,1897
2542,2889,2898
1907,2048,2096
2029,1892,1896
2543,2889,2898
1908,2046,2093
2030,1892,1894
2544,2888,2898
1909,2044,2091
1896,2070,2124
2031,1891,1893
2545,2888,2898
1910,2042,2089
1897,2068,2121
2546,2888,2899
1911,2040,2086
1898,2066,2118
2547,2888,2899
1912,2038,2084
1899,2064,2116
2548,2888,2899
1913,2037,2082
2569,2888,2898
1934,2001,2038
2568,2888,2899
1933,2003,2040
2567,2888,2899
1932,2004,2042
2566,2888,2899
1931,2006,2044
2565,2888,2899
1930,2008,2046
2564,2888,2899
1929,2009,2048
2563,2887,2899
1928,2011,2050
2562,2887,2899
1927,2012,2052
2561,2887,2899
1926,2014,2054
2560,2887,2899
1925,2016,2056
2559,2887,2900
1924,2017,2058
2558,2887,2900
1923,2019,2060
2557,2887,2900
1922,2021,2062
2570,2889,2898
1935,2000,2037
2571,2889,2898
1936,1998,2035
2572,2889,2898
1937,1997,2033
2573,2890,2897
1938,1995,2031
2574,2890,2897
1939,1994,2029
2575,2891,2896
1940,1992,2027
2576,2891,2896
1941,1991,2025
2577,2892,2895
1942,1989,2024
2556,2887,2900
1921,2022,2064
2555,2887,2900
1920,2024,2067
2554,2887,2899
1919,2026,2069
2553,2887,2899
1918,2028,2071
2552,2887,2899
1917,2029,2073
2551,2887,2899
1916,2031,2075
2550,2887,2899
1915,2033,2077
1900,2062,2113
2549,2887,2899
1914,2035,2080
1943,1988,2022
1944,1986,2020
1945,1985,2018
1946,1983,2016
1947,1982,2015
1948,1981,2013
1949,1979,2011
1950,1978,2010
1951,1976,2008
1952,1975,2006
1953,1974,2004
1954,1972,2003
1955,1971,2001
1956,1970,1999
1957,1968,1998
1958,1967,1996
1959,1966,1995
1960,1964,1993
1961,1963,1991
1962,1962,1990
1963,1960,1988
1964,1959,1986
1965,1958,1985
1966,1957,1983
1967,1955,1982
1968,1954,1980
