3157,2165,2174
3158,2165,2181
3159,2166,2187
3160,2168,2193
3161,2169,2199
3162,2171,2205
3163,2173,2211
3164,2176,2217
3165,2178,2223
3166,2180,2230
3167,2183,2237
3168,2185,2244
3169,2188,2252
3169,2475,2499
3170,2191,2260
3170,2463,2499
3171,2193,2269
3171,2452,2499
3172,2196,2279
3172,2440,2498
3173,2199,2291
3173,2427,2496
3174,2202,2305
3174,2412,2495
3175,2205,2324
3175,2391,2492
3176,2209,2490
3177,2212,2488
3178,2216,2485
3179,2219,2482
3180,2223,2479
3181,2227,2476
3196,2324,2385
1951,2069,2106
1951,2594,2641
1924,2130,2188
1924,2515,2580
2465,2896,2908
1918,2146,2212
1918,2491,2563
2459,2896,2908
1952,2067,2104
1952,2596,2643
1925,2127,2184
1925,2519,2582
2466,2896,2908
1919,2143,2208
1919,2495,2566
2460,2896,2908
1953,2065,2101
1953,2599,2645
1926,2125,2180
1926,2522,2585
2467,2896,2908
1920,2141,2204
1920,2499,2569
2461,2896,2908
1947,2077,2116
1947,2584,2633
1954,2064,2099
1954,2601,2647
1927,2122,2177
1927,2526,2588
2468,2896,2908
1921,2138,2200
1921,2503,2572
2462,2896,2908
1948,2075,2114
1948,2586,2635
1928,2120,2173
1928,2529,2590
2469,2896,2908
1922,2135,2195
1922,2507,2574
2463,2896,2908
1949,2073,2111
1949,2589,2637
1929,2117,2170
1929,2532,2593
2470,2896,2908
1923,2132,2191
1923,2511,2577
2464,2896,2908
1950,2071,2109
1950,2591,2639
1930,2115,2166
1930,2536,2595
2471,2896,2908
1931,2112,2163
1931,2539,2598
2472,2896,2908
1946,2079,2119
1946,2581,2631
2487,2901,2902
1973,2030,2057
1973,2641,2681
1897,2221,2487
3182,2231,2472
1978,2023,2047
1978,2650,2689
1945,2081,2121
1945,2579,2629
2486,2900,2904
1972,2032,2059
1972,2639,2679
1896,2226,2482
1977,2024,2049
1977,2648,2687
1971,2034,2061
1971,2637,2677
1895,2231,2477
1976,2026,2051
1976,2647,2685
1970,2035,2063
1970,2635,2676
1975,2027,2053
1975,2645,2684
1969,2037,2065
1969,2633,2674
1974,2029,2055
1974,2643,2682
1968,2039,2067
1968,2631,2672
1967,2040,2069
1967,2629,2670
1966,2042,2071
1966,2627,2669
1932,2110,2160
1932,2542,2600
2473,2896,2908
1933,2108,2156
1933,2545,2602
2474,2896,2908
1934,2105,2153
1934,2548,2605
2475,2896,2908
1935,2103,2150
1935,2551,2607
2476,2896,2907
1936,2101,2147
1936,2554,2609
2477,2896,2907
1917,2149,2217
1917,2486,2560
2458,2896,2908
2485,2899,2904
1944,2083,2124
1944,2576,2627
1916,2152,2222
1916,2481,2557
2457,2896,2908
2484,2898,2905
1943,2085,2127
1943,2574,2625
1915,2155,2227
1915,2476,2554
2456,2897,2908
2483,2898,2905
1942,2088,2130
1942,2571,2623
1914,2158,2232
1914,2471,2551
2455,2897,2907
2482,2898,2906
1941,2090,2132
1941,2568,2620
1913,2161,2237
1913,2466,2548
2454,2897,2907
2481,2897,2906
1940,2092,2135
1940,2566,2618
1912,2164,2243
1912,2460,2545
2453,2897,2907
2480,2897,2906
1939,2094,2138
1939,2563,2616
1911,2168,2249
1911,2455,2542
2452,2898,2907
2479,2897,2907
1938,2096,2141
1938,2560,2614
2478,2897,2907
1937,2098,2144
1937,2557,2612
1898,2217,2492
3183,2235,2469
1899,2212,2496
3184,2239,2465
1900,2208,2501
3185,2244,2461
1901,2204,2505
3186,2248,2457
1902,2200,2509
3187,2253,2452
1903,2196,2333
1903,2372,2513
3188,2259,2448
2445,2901,2904
1904,2192,2311
1904,2393,2517
3189,2264,2442
2446,2900,2905
1905,2188,2298
1905,2406,2521
3190,2270,2437
2447,2900,2905
1906,2185,2287
1906,2417,2524
3191,2276,2431
2448,2899,2906
1907,2181,2278
1907,2426,2528
3192,2283,2424
2449,2899,2906
1908,2178,2270
1908,2434,2531
3193,2291,2417
2450,2898,2906
1909,2174,2262
1909,2442,2535
3194,2300,2408
2451,2898,2907
1910,2171,2256
1910,2448,2538
3195,2310,2398
1979,2021,2045
1979,2652,2690
1980,2019,2043
1980,2654,2692
1981,2018,2041
1981,2656,2693
1982,2016,2039
1982,2658,2695
1955,2062,2096
1955,2603,2649
2496,3243,3243
1983,2015,2037
1983,2659,2696
1956,2060,2094
1956,2605,2651
2497,3241,3244
1984,2013,2035
1984,2661,2698
1957,2058,2092
1957,2608,2653
2498,3241,3245
1985,2012,2033
1985,2663,2699
1958,2056,2089
1958,2610,2654
2499,3240,3246
1986,2010,2032
1986,2665,2701
1959,2054,2087
1959,2612,2656
2500,3240,3246
1987,2009,2030
1987,2666,2702
1960,2053,2085
1960,2614,2658
2501,3240,3246
1988,2008,2028
1988,2668,2704
1961,2051,2082
1961,2616,2660
2502,3240,3246
1989,2006,2026
1989,2670,2705
1962,2049,2080
1962,2619,2662
2503,3240,3246
1990,2005,2024
1990,2672,2707
1963,2047,2078
1963,2621,2664
2504,3241,3246
1991,2003,2022
1991,2673,2708
1964,2045,2076
1964,2623,2665
2505,3241,3245
1992,2002,2021
1992,2675,2709
1965,2044,2074
1965,2625,2667
2506,3242,3245
1993,2001,2019
1993,2677,2711
1994,1999,2017
1994,2678,2712
1995,1998,2015
1995,2680,2714
1996,1996,2014
1996,2682,2715
1997,1995,2012
1997,2683,2716
1998,1994,2010
1998,2685,2718
1999,1992,2008
1999,2686,2719
2000,1991,2007
2000,2688,2720
2001,1990,2005
2001,2690,2722
2002,1989,2003
2002,2691,2723
2003,1987,2001
2003,2693,2724
2004,1986,2000
2004,2694,2726
2005,1985,1998
2005,2696,2727
2006,1984,1996
2006,2697,2728
2007,1982,1995
2007,2699,2730
2008,1981,1993
2008,2700,2731
2009,1980,1991
2009,2702,2732
2010,1979,1990
2010,2704,2733
2011,1978,1988
2011,2705,2735
2012,1976,1986
2012,2707,2736
2013,1975,1985
2013,2708,2737
2014,1974,1983
2014,2709,2738
2015,1973,1981
2015,2711,2740
2016,1972,1979
2016,2712,2741
2017,1971,1978
2017,2714,2742
2018,1970,1976
2018,2715,2743
2019,1969,1974
2019,2717,2744
2020,1968,1972
2020,2718,2745
2021,1967,1970
2021,2720,2747
2022,1967,1968
2022,2721,2748
2023,2722,2749
2024,2724,2750
2025,2725,2751
2026,2727,2752
2027,2728,2753
2028,2729,2754
2029,2731,2755
2030,2732,2757
2031,2734,2758
2032,2735,2759
2033,2736,2760
2034,2738,2761
2035,2739,2762
2036,2740,2763
2037,2742,2764
2038,2743,2765
2039,2744,2766
2040,2746,2767
2041,2747,2768
2042,2748,2769
2043,2750,2770
2044,2751,2771
2045,2752,2772
2046,2754,2772
2047,2755,2773
2048,2756,2774
2049,2758,2775
2050,2759,2776
2051,2760,2777
2052,2762,2778
2053,2763,2779
2054,2764,2779
2055,2765,2780
2056,2767,2781
2057,2768,2782
2058,2769,2783
2059,2771,2783
2060,2772,2784
2061,2773,2785
2062,2775,2786
2063,2776,2786
2064,2778,2787
2065,2779,2787
2066,2780,2788
2067,2782,2788
2068,2784,2789
2069,2785,2789
2070,2788,2789
1894,2236,2472
1893,2241,2467
1892,2247,2461
1891,2253,2455
1890,2260,2448
1889,2267,2441
1888,2274,2434
1887,2283,2425
1886,2292,2416
1885,2303,2405
1884,2318,2390
1883,2347,2361
