1942,2270,2304
1943,2260,2309
1944,2252,2311
1945,2246,2311
1946,2240,2310
1947,2234,2309
1948,2229,2307
1949,2224,2304
1950,2220,2301
1982,2145,2157
1953,2208,2289
3223,2490,2537
1954,2205,2284
3224,2482,2537
1955,2201,2280
3225,2475,2537
1956,2198,2275
3226,2467,2536
1957,2195,2271
3227,2461,2535
1958,2191,2266
3228,2454,2534
2466,3234,3235
1981,2145,2163
3251,2411,2452
1975,2152,2190
3245,2391,2490
1976,2150,2186
3246,2392,2485
1977,2149,2181
3247,2393,2481
1978,2147,2177
3248,2396,2475
1979,2146,2172
3249,2399,2469
1980,2145,2168
3250,2404,2461
1952,2212,2293
3222,2498,2536
1951,2216,2297
3221,2508,2534
3229,2447,2533
2467,3233,3236
1959,2188,2262
3230,2441,2531
2468,3232,3237
1960,2186,2257
3231,2435,2530
2469,3232,3238
1961,2183,2252
3232,2429,2528
2470,3232,3239
1962,2180,2248
3233,2423,2526
2471,3232,3239
1963,2177,2243
3234,2418,2524
2472,3233,3239
1964,2175,2239
3235,2413,2522
2473,3233,3239
1965,2172,2234
3236,2408,2519
2474,3233,3239
1966,2170,2229
3237,2404,2517
2475,3234,3239
1967,2168,2225
3238,2401,2514
2476,3235,3239
1968,2165,2221
3239,2398,2511
2477,3237,3237
1969,2163,2216
3240,2395,2508
1970,2161,2212
3241,2393,2505
1971,2159,2207
3242,2392,2502
1972,2157,2203
3243,2391,2498
1973,2155,2199
3244,2391,2494
1974,2153,2194
