1851,2284,2313
1852,2267,2325
1853,2256,2331
1854,2247,2334
1855,2239,2334
1856,2232,2333
1857,2225,2329
1858,2219,2324
1859,2213,2318
1860,2208,2312
1861,2203,2305
1862,2198,2298
1863,2194,2291
1864,2189,2284
1865,2185,2277
1866,2181,2271
1867,2177,2265
1868,2173,2259
1869,2169,2254
1870,2165,2248
1871,2162,2243
1872,2158,2238
1873,2155,2233
1874,2151,2228
1875,2148,2223
1876,2145,2219
1877,2141,2215
1878,2138,2210
1879,2135,2206
1880,2132,2202
1881,2129,2198
1882,2126,2194
1883,2124,2191
1884,2121,2187
1885,2118,2183
1886,2115,2180
1887,2113,2176
1888,2110,2173
1889,2107,2169
1890,2105,2166
1891,2102,2163
1892,2100,2160
1893,2097,2156
1894,2095,2153
1895,2092,2150
1896,2090,2147
1897,2088,2144
1898,2085,2141
1899,2083,2139
1900,2081,2136
1901,2079,2133
1902,2076,2130
1903,2074,2127
1904,2072,2125
1905,2070,2122
1906,2068,2120
1907,2066,2117
1908,2063,2114
1909,2061,2112
1910,2059,2109
2181,1784,1784
2180,1784,1785
2179,1784,1786
2178,1785,1787
2177,1785,1787
2176,1785,1788
2175,1786,1789
2174,1786,1789
2173,1787,1790
2172,1787,1791
2171,1788,1792
2170,1788,1792
2169,1789,1793
2168,1789,1794
2167,1790,1794
2166,1790,1795
2165,1791,1796
2164,1791,1797
2163,1792,1797
2162,1792,1798
2161,1793,1799
2160,1793,1799
2159,1794,1800
2158,1795,1801
2157,1795,1801
2156,1796,1802
2155,1796,1803
2154,1797,1804
2153,1797,1804
2152,1798,1805
2151,1798,1806
2150,1799,1806
2149,1800,1807
2148,1800,1808
2147,1801,1809
2146,1801,1809
2145,1802,1810
2144,1802,1811
2143,1803,1812
2142,1804,1812
2141,1804,1813
2140,1805,1814
2139,1805,1815
2138,1806,1815
2137,1807,1816
2136,1807,1817
2135,1808,1818
2134,1809,1818
2133,1809,1819
2132,1810,1820
2131,1810,1821
2130,1811,1821
2129,1812,1822
2128,1812,1823
2127,1813,1824
2126,1814,1824
2125,1814,1825
2124,1815,1826
2123,1816,1827
1975,1954,1986
1974,1956,1987
1973,1957,1989
1972,1958,1990
1971,1960,1992
1970,1961,1993
1969,1962,1995
1968,1964,1997
1967,1965,1998
1966,1966,2000
1965,1968,2001
1964,1969,2003
1963,1970,2004
1962,1972,2006
1961,1973,2008
1960,1975,2009
1959,1976,2011
1958,1978,2013
1957,1979,2014
1956,1980,2016
1955,1982,2018
1954,1983,2019
1953,1985,2021
1952,1986,2023
1951,1988,2025
1950,1989,2026
1949,1991,2028
1948,1992,2030
1947,1994,2032
1946,1995,2033
1945,1997,2035
1944,1999,2037
1943,2000,2039
1942,2002,2041
1941,2003,2043
1940,2005,2045
1939,2007,2046
1938,2008,2048
1937,2010,2050
1936,2012,2052
1935,2013,2054
1934,2015,2056
1933,2017,2058
1932,2018,2060
1931,2020,2062
1930,2022,2064
1929,2023,2066
1928,2025,2068
1927,2027,2070
1992,1933,1962
2533,2889,2900
2021,1901,1925
2022,1900,1923
2023,1899,1922
2024,1898,1921
2025,1897,1920
2026,1896,1919
1926,2029,2073
2020,1902,1926
2561,2894,2895
2047,1875,1896
1925,2031,2075
2019,1903,1927
2560,2893,2896
2046,1876,1897
2027,1895,1918
2028,1894,1917
2029,1893,1915
2030,1892,1914
2031,1891,1913
1911,2057,2107
2032,1890,1912
1912,2055,2104
2033,1889,1911
1991,1934,1963
2532,2889,2900
1990,1935,1964
2531,2889,2900
1989,1937,1966
2530,2889,2899
1988,1938,1967
2529,2890,2899
1987,1939,1968
2528,2890,2899
1986,1940,1970
2527,2890,2899
1985,1942,1971
2526,2891,2898
2526,3239,3241
1984,1943,1973
2525,2891,2898
2525,3238,3242
1983,1944,1974
2524,2891,2897
2524,3238,3243
1982,1945,1976
2523,2892,2897
2523,3238,3243
1981,1947,1977
2522,2893,2896
2522,3237,3243
1980,1948,1978
2521,3237,3243
1979,1949,1980
2520,3238,3243
2547,2889,2900
2006,1917,1943
1978,1950,1981
2519,3238,3243
2546,2889,2900
2005,1918,1944
1977,1952,1983
2518,3238,3242
2545,2889,2901
2004,1919,1946
1976,1953,1984
2517,3239,3241
2544,2888,2901
2003,1920,1947
2007,1916,1942
2548,2889,2900
2034,1888,1910
1913,2053,2102
2008,1915,1941
2549,2889,2900
2035,1887,1909
1914,2051,2100
2009,1914,1939
2550,2889,2900
2036,1886,1908
1915,2049,2097
2010,1912,1938
2551,2889,2900
2037,1885,1906
1916,2047,2095
2011,1911,1937
2552,2890,2900
2038,1884,1905
1917,2045,2093
2012,1910,1936
2553,2890,2899
2039,1883,1904
1918,2043,2090
2013,1909,1934
2554,2890,2899
2040,1882,1903
1919,2042,2088
2014,1908,1933
2555,2890,2899
2041,1881,1902
1920,2040,2086
2015,1907,1932
2556,2891,2899
2042,1880,1901
1921,2038,2083
2016,1906,1931
2557,2891,2898
2043,1879,1900
1922,2036,2081
2017,1905,1929
2558,2892,2898
2044,1878,1899
1923,2034,2079
2018,1904,1928
2559,2892,2897
2045,1877,1898
1924,2032,2077
2534,2889,2900
1993,1932,1960
2535,2889,2900
1994,1931,1959
2536,2889,2900
1995,1929,1957
2537,2888,2900
1996,1928,1956
2538,2888,2901
1997,1927,1955
2539,2888,2901
1998,1926,1953
2540,2888,2901
1999,1925,1952
2541,2888,2901
2000,1924,1951
2542,2888,2901
2001,1923,1950
2543,2888,2901
2002,1921,1948
2048,1874,1895
2049,1873,1894
2050,1873,1893
2051,1872,1891
2052,1871,1890
2053,1870,1889
2054,1869,1888
2055,1868,1887
2056,1867,1886
2057,1866,1885
2058,1865,1884
2059,1865,1883
2060,1864,1882
2061,1863,1881
2062,1862,1880
2063,1861,1879
2064,1860,1878
2065,1859,1877
2066,1858,1876
2067,1858,1875
2068,1857,1875
2069,1856,1874
2070,1855,1873
2071,1854,1872
2072,1853,1871
2073,1853,1870
2074,1852,1869
2075,1851,1868
2076,1850,1867
2077,1849,1866
2078,1849,1865
2079,1848,1864
2080,1847,1863
2081,1846,1862
2082,1845,1861
2083,1845,1860
2084,1844,1860
2085,1843,1859
2086,1842,1858
2087,1841,1857
2088,1841,1856
2089,1840,1855
2090,1839,1854
2091,1838,1853
2092,1838,1852
2093,1837,1852
2094,1836,1851
2095,1835,1850
2096,1835,1849
2097,1834,1848
2098,1833,1847
2099,1832,1846
2100,1832,1846
2101,1831,1845
2102,1830,1844
2103,1829,1843
2104,1829,1842
2105,1828,1841
2106,1827,1840
2107,1827,1840
2108,1826,1839
2109,1825,1838
2110,1824,1837
2111,1824,1836
2112,1823,1836
2113,1822,1835
2114,1822,1834
2115,1821,1833
2116,1820,1832
2117,1820,1831
2118,1819,1831
2119,1818,1830
2120,1818,1829
2121,1817,1828
2122,1816,1828
