1919,2437,2514
1919,2188,2289
1920,2445,2518
1920,2185,2280
1921,2453,2522
1921,2182,2272
1922,2459,2525
1922,2178,2265
1923,2466,2529
1923,2175,2259
1924,2472,2532
1924,2172,2252
1925,2478,2535
1925,2169,2246
1926,2483,2539
1926,2166,2241
1927,2488,2542
1927,2163,2235
1928,2493,2545
1928,2160,2230
1929,2498,2548
1929,2157,2225
1930,2502,2551
1930,2154,2220
1931,2507,2554
1931,2151,2215
1932,2511,2557
1932,2149,2211
1933,2515,2560
1933,2146,2207
1934,2519,2563
1934,2143,2202
1935,2523,2566
1935,2141,2198
1936,2527,2569
1936,2138,2194
1937,2530,2571
1937,2136,2190
1938,2534,2574
1938,2133,2186
1939,2537,2577
1939,2131,2182
1940,2541,2580
1940,2128,2179
1941,2544,2582
1941,2126,2175
1942,2547,2585
1942,2124,2171
1943,2551,2587
1943,2121,2168
1944,2554,2590
1944,2119,2164
1945,2557,2592
1945,2117,2161
1946,2560,2595
1946,2115,2158
1947,2563,2597
1947,2112,2154
2489,3241,3243
1948,2566,2600
1948,2110,2151
2490,3240,3244
1949,2568,2602
1949,2108,2148
2491,3240,3245
1950,2571,2605
1950,2106,2145
2492,3239,3245
1951,2574,2607
1951,2104,2142
2493,3239,3245
1952,2577,2609
1952,2102,2139
2494,3239,3246
1953,2579,2612
1953,2100,2136
2495,3240,3246
1954,2582,2614
1954,2098,2133
2496,3240,3246
1955,2584,2616
1955,2096,2130
2497,3240,3245
1956,2587,2619
1956,2094,2127
2498,3241,3245
1957,2589,2621
1957,2092,2124
2499,3242,3244
1958,2592,2623
1958,2090,2121
1959,2594,2625
1959,2088,2118
1960,2597,2627
1960,2087,2115
1961,2599,2630
1961,2085,2112
1962,2601,2632
1962,2083,2110
1963,2604,2634
1963,2081,2107
1964,2606,2636
1964,2080,2104
1965,2608,2638
1965,2078,2101
1966,2611,2640
1966,2076,2099
1967,2613,2642
1967,2075,2096
1968,2615,2644
1968,2073,2093
1969,2617,2646
1969,2072,2090
1970,2619,2648
1970,2070,2088
1971,2621,2650
1971,2069,2085
1972,2623,2652
1972,2067,2082
1973,2625,2654
1973,2066,2080
1974,2627,2656
1974,2065,2077
1975,2629,2658
1975,2063,2074
1976,2631,2660
1976,2062,2071
1977,2633,2662
1977,2062,2068
1978,2635,2664
1978,2061,2064
1979,2637,2666
1980,2639,2667
1981,2641,2669
1982,2643,2671
1983,2645,2673
1984,2647,2675
1985,2648,2677
1986,2650,2678
1987,2652,2680
1988,2654,2682
1989,2656,2684
1990,2657,2685
1991,2659,2687
2151,2837,2859
2408,2904,2909
2150,2836,2858
2407,2905,2908
2149,2835,2858
2406,2906,2907
2148,2835,2857
2147,2834,2856
2146,2833,2856
2145,2832,2855
2144,2831,2855
2143,2831,2854
2142,2830,2853
2141,2829,2853
2140,2828,2852
2139,2828,2851
2138,2827,2851
2137,2826,2850
2136,2825,2849
2135,2824,2849
2134,2823,2848
2133,2823,2847
2132,2822,2847
2131,2821,2846
2130,2820,2845
3211,2363,2382
2129,2819,2845
3210,2341,2404
2128,2819,2844
3209,2330,2415
2127,2818,2843
3208,2321,2425
2126,2817,2843
3207,2313,2432
2125,2816,2842
3206,2307,2439
2124,2815,2841
3205,2301,2445
2123,2814,2840
3204,2296,2451
2122,2814,2840
3203,2291,2456
2121,2813,2839
3202,2287,2461
2120,2812,2838
3201,2283,2465
2119,2811,2837
3200,2280,2470
2118,2810,2837
3199,2276,2474
2117,2809,2836
3198,2274,2477
2116,2808,2835
3197,2271,2481
2115,2808,2834
3196,2269,2484
2114,2807,2833
3195,2268,2487
2113,2806,2833
3194,2267,2490
2112,2805,2832
3193,2268,2493
2111,2804,2831
3192,2270,2496
2110,2803,2830
3191,2280,2499
2109,2802,2829
3190,2368,2501
2108,2801,2829
3189,2391,2503
2107,2800,2828
3188,2408,2505
2106,2800,2827
3187,2422,2507
2105,2799,2826
3186,2434,2509
2104,2798,2825
2431,2899,2912
2174,2854,2870
2432,2899,2912
2175,2855,2870
2433,2899,2912
2176,2856,2871
2434,2899,2912
2177,2857,2871
2435,2899,2912
2178,2857,2871
2436,2899,2912
2179,2858,2872
1918,2427,2511
1918,2192,2299
2459,2903,2906
1917,2416,2507
1917,2196,2310
2458,2903,2907
1916,2401,2503
1916,2199,2325
2457,2902,2908
3185,2445,2510
2103,2797,2824
1915,2373,2499
1915,2203,2353
2456,2902,2909
3184,2455,2511
2102,2796,2824
1914,2207,2495
2455,2901,2909
3183,2466,2512
2101,2795,2823
1913,2211,2490
2454,2901,2909
3182,2476,2512
2100,2794,2822
1912,2216,2486
2453,2901,2910
3181,2487,2511
2099,2793,2821
1911,2220,2481
2452,2900,2910
1910,2225,2477
2451,2900,2910
2194,2872,2874
1909,2229,2472
2450,2900,2911
2193,2870,2874
2437,2899,2912
2180,2859,2872
1897,2333,2366
2438,2899,2912
2181,2860,2872
1898,2311,2388
2439,2899,2912
2182,2860,2873
1899,2298,2402
2440,2899,2912
2183,2861,2873
1900,2287,2412
2441,2899,2912
2184,2862,2873
1901,2278,2421
2442,2899,2912
2185,2863,2873
1902,2271,2429
2443,2899,2912
2186,2864,2874
1903,2263,2437
2444,2899,2912
2187,2865,2874
1904,2257,2443
2445,2899,2911
2188,2865,2874
1905,2251,2450
2446,2899,2911
2189,2866,2874
1906,2245,2456
2447,2899,2911
2190,2867,2874
1907,2239,2461
2448,2900,2911
2191,2868,2874
1908,2234,2467
2449,2900,2911
2192,2869,2874
2430,2899,2912
2173,2854,2869
2429,2899,2912
2172,2853,2869
2428,2899,2912
2171,2852,2869
2427,2899,2912
2170,2851,2868
2426,2899,2912
2169,2851,2868
2425,2900,2912
2168,2850,2867
2424,2900,2912
2167,2849,2867
2423,2900,2912
2166,2848,2866
2422,2900,2912
2165,2848,2866
2421,2900,2912
2164,2847,2865
2420,2900,2912
2163,2846,2865
2419,2901,2912
2162,2845,2865
2418,2901,2911
2161,2845,2864
2417,2901,2911
2160,2844,2864
2416,2901,2911
2159,2843,2863
2415,2901,2911
2158,2842,2862
2414,2902,2911
2157,2841,2862
2413,2902,2910
2156,2841,2861
2412,2902,2910
2155,2840,2861
2411,2903,2910
2154,2839,2860
2410,2903,2909
2153,2838,2860
2409,2904,2909
2152,2838,2859
2098,2792,2820
2097,2791,2819
2096,2790,2818
2095,2789,2817
2094,2788,2817
2093,2788,2816
2092,2787,2815
2091,2786,2814
2090,2785,2813
2089,2784,2812
2088,2783,2811
2087,2782,2810
2086,2781,2809
2085,2780,2808
2084,2779,2807
2083,2778,2806
2082,2777,2805
2081,2776,2804
2080,2775,2803
2079,2774,2802
2078,2773,2801
2077,2772,2800
2076,2771,2799
2075,2770,2798
2074,2769,2797
2073,2768,2796
2072,2767,2795
2071,2765,2794
2070,2764,2793
2069,2763,2792
2068,2762,2791
2067,2761,2790
2066,2760,2789
2065,2759,2788
2064,2758,2787
2063,2757,2786
2062,2756,2785
2061,2755,2784
2060,2754,2782
2059,2752,2781
2058,2751,2780
2057,2750,2779
2056,2749,2778
2055,2748,2777
2054,2747,2776
2053,2746,2774
2052,2744,2773
2051,2743,2772
2050,2742,2771
2049,2741,2770
2048,2740,2769
2047,2739,2767
2046,2737,2766
2045,2736,2765
2044,2735,2764
2043,2734,2763
2042,2733,2761
2041,2731,2760
2040,2730,2759
2039,2729,2758
2038,2728,2756
2037,2726,2755
2036,2725,2754
2035,2724,2752
2034,2723,2751
2033,2721,2750
2032,2720,2749
2031,2719,2747
2030,2717,2746
2029,2716,2745
2028,2715,2743
2027,2713,2742
2026,2712,2740
2025,2711,2739
2024,2709,2738
2023,2708,2736
2022,2707,2735
2021,2705,2734
2020,2704,2732
2019,2702,2731
2018,2701,2729
2017,2700,2728
2016,2698,2726
2015,2697,2725
2014,2695,2724
2013,2694,2722
2012,2692,2721
2011,2691,2719
2010,2689,2718
2009,2688,2716
2008,2686,2715
2007,2685,2713
2006,2683,2711
2005,2682,2710
2004,2680,2708
2003,2679,2707
2002,2677,2705
2001,2676,2704
2000,2674,2702
1999,2672,2700
1998,2671,2699
1997,2669,2697
1996,2667,2695
1995,2666,2694
1994,2664,2692
1993,2662,2690
1992,2661,2689
