1883,2321,2387
1884,2305,2402
1885,2294,2414
1886,2284,2424
1887,2275,2432
1888,2268,2440
1889,2261,2447
1890,2254,2454
1891,2248,2460
1892,2242,2466
1893,2237,2471
1894,2232,2476
1895,2227,2482
1896,2222,2486
1897,2217,2491
1898,2213,2495
1899,2208,2500
1900,2204,2504
1901,2200,2508
1949,2591,2638
1949,2071,2109
1950,2593,2640
1950,2069,2107
1951,2596,2642
1951,2067,2104
1952,2598,2644
1952,2065,2102
1953,2600,2646
1953,2063,2099
1954,2603,2648
1954,2061,2097
1955,2605,2650
1955,2060,2094
1933,2548,2604
1933,2105,2154
2474,2896,2908
1948,2588,2636
1948,2073,2112
2489,2901,2901
1975,2646,2684
1975,2025,2051
1947,2586,2634
1947,2075,2114
2488,2900,2903
1974,2644,2683
1974,2027,2053
1946,2583,2632
1946,2077,2117
2487,2899,2904
1973,2643,2681
1973,2028,2055
1945,2581,2630
1945,2079,2119
2486,2898,2905
1972,2641,2680
1972,2030,2057
1944,2578,2628
1944,2081,2122
2485,2898,2905
1971,2639,2678
1971,2032,2059
1943,2576,2626
1943,2083,2125
2484,2898,2905
1970,2637,2676
1970,2033,2062
1942,2573,2624
1942,2085,2127
2483,2897,2906
1969,2635,2675
1969,2035,2064
1941,2570,2622
1941,2088,2130
2482,2897,2906
1968,2633,2673
1968,2037,2066
1940,2568,2620
1940,2090,2133
2481,2897,2906
1967,2631,2671
1967,2038,2068
1939,2565,2618
1939,2092,2136
2480,2896,2907
1938,2562,2615
1938,2094,2139
2479,2896,2907
1937,2559,2613
1937,2096,2142
2478,2896,2907
1936,2557,2611
1936,2098,2144
2477,2896,2907
1935,2554,2609
1935,2101,2147
2476,2896,2907
1934,2551,2606
1934,2103,2151
2475,2896,2908
3167,2182,2245
3168,2185,2252
3168,2477,2497
3169,2188,2260
3169,2465,2498
3170,2191,2269
3170,2454,2498
3171,2194,2279
3171,2442,2497
3172,2197,2290
3172,2429,2496
3173,2200,2304
3173,2415,2494
3174,2203,2322
3174,2395,2492
3175,2206,2490
3176,2210,2487
3177,2213,2485
3178,2217,2482
3179,2221,2479
3180,2225,2475
3181,2229,2472
3182,2233,2469
3186,2251,2452
3187,2257,2447
1902,2364,2512
1902,2196,2340
3188,2262,2442
1903,2390,2516
1903,2192,2314
3189,2268,2437
1904,2404,2520
1904,2189,2300
3190,2274,2431
1905,2415,2524
1905,2185,2289
3191,2281,2424
2447,2901,2903
1906,2424,2527
1906,2181,2279
3192,2289,2417
2448,2900,2904
1907,2433,2531
1907,2178,2271
3193,2298,2408
2449,2899,2905
1908,2440,2534
1908,2174,2263
3194,2308,2398
2450,2899,2905
1909,2447,2537
1909,2171,2256
3195,2322,2385
2451,2898,2906
1910,2453,2541
1910,2168,2250
3185,2246,2457
3184,2242,2461
3183,2237,2465
3166,2180,2238
3165,2177,2231
3164,2175,2225
3163,2172,2219
3162,2170,2213
3161,2168,2207
3160,2165,2201
3159,2163,2196
3158,2161,2190
3157,2160,2185
3156,2158,2180
1966,2629,2670
1966,2040,2070
2507,3242,3244
1993,2678,2711
1993,1998,2018
3155,2157,2174
1965,2627,2668
1965,2042,2072
2506,3241,3245
1992,2677,2710
1992,2000,2020
3154,2156,2168
1964,2625,2666
1964,2043,2074
2505,3241,3246
1991,2675,2708
1991,2001,2021
3153,2156,2161
1963,2622,2664
1963,2045,2076
2504,3240,3246
1990,2673,2707
1990,2003,2023
1961,2618,2661
1961,2049,2081
2502,3240,3246
1988,2670,2704
1988,2006,2027
1962,2620,2663
1962,2047,2079
2503,3240,3246
1989,2671,2706
1989,2004,2025
1960,2616,2659
1960,2050,2083
2501,3240,3246
1987,2668,2703
1987,2007,2029
1959,2614,2657
1959,2052,2085
2500,3240,3246
1986,2666,2701
1986,2008,2031
1958,2612,2655
1958,2054,2087
2499,3240,3245
1985,2665,2700
1985,2010,2032
1957,2609,2654
1957,2056,2090
2498,3241,3245
1984,2663,2698
1984,2011,2034
1956,2607,2652
1956,2058,2092
2497,3242,3244
1983,2661,2697
1983,2013,2036
1976,2648,2686
1976,2024,2049
1977,2650,2688
1977,2022,2047
1978,2652,2689
1978,2020,2046
1979,2654,2691
1979,2019,2044
1980,2656,2692
1980,2017,2042
1981,2657,2694
1981,2016,2040
1982,2659,2695
1982,2014,2038
1994,2680,2713
1994,1997,2016
1995,2682,2714
1995,1996,2014
1996,2683,2715
1996,1994,2013
1997,2685,2717
1997,1993,2011
1998,2686,2718
1998,1992,2009
1999,2688,2719
1999,1990,2008
2000,2690,2721
2000,1989,2006
2001,2691,2722
2001,1988,2004
2002,2693,2723
2002,1986,2002
2003,2694,2725
2003,1985,2001
2004,2696,2726
2004,1984,1999
2005,2698,2727
2005,1982,1997
2006,2699,2728
2006,1981,1996
2007,2701,2730
2007,1980,1994
2008,2702,2731
2008,1979,1993
2009,2704,2732
2009,1978,1991
2010,2705,2733
2010,1976,1989
2011,2707,2735
2011,1975,1988
2012,2708,2736
2012,1974,1986
2013,2710,2737
2013,1973,1984
2014,2711,2738
2014,1972,1983
2015,2713,2739
2015,1970,1981
2016,2714,2741
2016,1969,1980
2017,2716,2742
2017,1968,1978
2018,2717,2743
2018,1967,1976
2019,2719,2744
2019,1966,1975
2020,2720,2745
2020,1965,1973
2021,2721,2746
2021,1964,1972
2022,2723,2748
2022,1963,1970
2023,2724,2749
2023,1962,1968
2024,2726,2750
2024,1961,1967
2025,2727,2751
2025,1960,1965
2026,2729,2752
2026,1959,1963
2027,2730,2753
2027,1958,1961
2028,2731,2754
2028,1958,1959
2029,2733,2755
2030,2734,2756
2031,2736,2757
2032,2737,2758
2033,2738,2759
2034,2740,2760
2035,2741,2761
2036,2742,2762
2037,2744,2763
2038,2745,2764
2039,2747,2765
2040,2748,2766
2041,2749,2767
2042,2751,2768
2043,2752,2769
2044,2753,2770
2045,2755,2771
2046,2756,2771
2047,2757,2772
2048,2759,2773
2049,2760,2774
2050,2762,2775
2051,2763,2776
2052,2764,2776
2053,2766,2777
2054,2767,2778
2055,2769,2778
2056,2770,2779
2057,2772,2780
2058,2773,2780
2059,2775,2781
2060,2776,2781
2061,2778,2781
2473,2896,2908
1932,2545,2602
1932,2108,2157
2472,2896,2908
1931,2541,2599
1931,2110,2160
2471,2895,2908
1930,2538,2597
1930,2112,2163
2470,2895,2908
1929,2535,2594
1929,2115,2167
2469,2895,2908
1928,2532,2592
1928,2117,2170
2468,2895,2908
1927,2528,2589
1927,2120,2173
2467,2895,2908
1926,2525,2587
1926,2122,2177
2466,2896,2908
1925,2521,2584
1925,2125,2181
2465,2896,2908
1924,2518,2582
1924,2127,2184
2464,2896,2908
1923,2514,2579
1923,2130,2188
2463,2896,2908
1922,2510,2576
1922,2133,2192
2462,2896,2908
1921,2506,2574
1921,2135,2196
2461,2896,2908
1920,2502,2571
1920,2138,2200
2460,2896,2908
1919,2498,2568
1919,2141,2204
2459,2896,2908
1918,2494,2565
1918,2144,2209
2458,2896,2907
1917,2490,2562
1917,2146,2213
2457,2897,2907
1916,2485,2559
1916,2149,2218
2456,2897,2907
1915,2480,2556
1915,2152,2223
2455,2897,2907
1914,2475,2553
1914,2155,2228
2454,2897,2907
1913,2470,2550
1913,2158,2233
2453,2898,2906
1912,2465,2547
1912,2161,2238
2452,2898,2906
1911,2459,2544
1911,2165,2244
