1912,2231,2463
1913,2226,2468
1914,2222,2473
1915,2217,2477
1916,2213,2482
1917,2209,2486
1918,2392,2490
1918,2205,2346
1919,2413,2494
1919,2201,2325
1920,2426,2498
1920,2197,2311
1921,2437,2501
1921,2194,2300
1922,2447,2505
1922,2190,2290
1923,2455,2509
1923,2187,2282
1924,2463,2512
1924,2183,2274
1925,2470,2516
1925,2180,2267
1926,2476,2519
1926,2177,2260
1927,2482,2522
1927,2174,2254
1928,2488,2525
1928,2170,2248
1929,2493,2529
1929,2167,2242
1930,2499,2532
1930,2164,2237
1931,2504,2535
1931,2162,2232
1932,2509,2538
1932,2159,2227
1933,2513,2541
1933,2156,2222
1934,2518,2544
1934,2153,2217
1935,2522,2546
1935,2150,2213
1936,2526,2549
1936,2148,2208
1937,2530,2552
1937,2145,2204
1938,2534,2555
1938,2143,2200
1939,2538,2557
1939,2140,2195
1940,2542,2560
1940,2138,2191
1941,2546,2563
1941,2135,2188
1942,2549,2565
1942,2133,2184
1943,2553,2568
1943,2130,2180
1944,2556,2570
1944,2128,2176
1945,2560,2573
1945,2126,2173
2487,3240,3243
1946,2563,2575
1946,2123,2169
2488,3240,3244
1947,2566,2578
1947,2121,2165
2489,3239,3245
1948,2570,2580
1948,2119,2162
2490,3239,3245
1949,2573,2583
1949,2117,2159
2491,3239,3245
1950,2576,2585
1950,2115,2155
2492,3239,3245
1951,2579,2587
1951,2113,2152
2493,3239,3245
1952,2582,2590
1952,2111,2149
2494,3240,3245
1953,2585,2592
1953,2109,2145
2495,3240,3245
1954,2587,2594
1954,2107,2142
2496,3241,3245
1955,2590,2596
1955,2105,2139
2497,3242,3244
1956,2593,2599
1956,2103,2136
1957,2596,2601
1957,2101,2133
1958,2598,2603
1958,2099,2130
1959,2601,2606
1959,2097,2127
1960,2603,2608
1960,2095,2124
1961,2606,2610
1961,2093,2121
1962,2608,2612
1962,2092,2118
1963,2610,2615
1963,2090,2115
1964,2613,2617
1964,2088,2112
1965,2615,2619
1965,2087,2109
1966,2617,2621
1966,2085,2106
1967,2619,2624
1967,2083,2103
1968,2621,2626
1968,2082,2100
1969,2623,2628
1969,2081,2097
1970,2625,2630
1970,2079,2094
1971,2627,2633
1971,2078,2091
1972,2629,2635
1972,2077,2088
1973,2631,2637
1973,2076,2085
1974,2633,2639
1974,2075,2082
1975,2635,2642
1975,2075,2078
1976,2637,2644
1977,2639,2646
1978,2640,2648
1979,2642,2650
1980,2644,2652
1981,2646,2654
1982,2648,2656
1983,2649,2658
1984,2651,2660
1985,2653,2662
1986,2654,2664
1987,2656,2666
1988,2658,2668
1989,2659,2670
1990,2661,2672
1991,2663,2674
1992,2664,2676
1993,2666,2678
1994,2667,2680
1995,2669,2682
1996,2671,2683
1997,2672,2685
1998,2674,2687
1999,2675,2689
2000,2677,2691
2001,2678,2692
2002,2680,2694
2003,2681,2696
2004,2683,2697
2005,2684,2699
2006,2686,2701
2007,2687,2703
2008,2689,2704
2009,2690,2706
2010,2691,2708
2011,2693,2709
2012,2694,2711
2013,2696,2712
2014,2697,2714
2015,2698,2716
2016,2700,2717
2017,2701,2719
2018,2703,2720
2019,2704,2722
2020,2705,2723
2021,2707,2725
2022,2708,2726
2023,2709,2728
2024,2711,2729
2025,2712,2731
2026,2713,2732
2027,2714,2734
2200,2867,2883
2199,2866,2883
2138,2824,2850
2395,2905,2910
2137,2824,2850
2394,2906,2909
2136,2823,2849
2393,2907,2908
2135,2822,2848
2134,2821,2847
2139,2825,2851
2396,2905,2910
2170,2847,2870
2427,2900,2913
2424,2900,2914
2167,2845,2869
2171,2848,2871
2428,2900,2913
2425,2900,2914
2168,2846,2869
2172,2849,2871
2429,2900,2913
2426,2900,2914
2169,2847,2870
2173,2849,2872
2430,2900,2913
2198,2866,2883
1911,2236,2458
2452,2905,2907
2195,2864,2882
2197,2865,2882
1910,2241,2453
2451,2904,2908
2194,2863,2881
2196,2864,2882
1909,2247,2447
2450,2903,2909
2193,2863,2881
1908,2253,2441
2449,2903,2909
2192,2862,2880
1907,2259,2435
2448,2902,2910
2191,2861,2880
1906,2266,2428
2447,2902,2910
2190,2861,2880
1905,2274,2420
2446,2902,2910
2189,2860,2879
1904,2282,2412
2445,2901,2911
2188,2859,2879
1903,2292,2402
2444,2901,2911
2187,2859,2878
1902,2303,2390
2443,2901,2911
2186,2858,2878
1901,2320,2373
2442,2901,2912
2185,2857,2878
2441,2901,2912
2184,2857,2877
2174,2850,2872
2431,2900,2913
2175,2851,2873
2432,2900,2913
2176,2851,2873
2433,2900,2913
2177,2852,2874
2434,2900,2913
2178,2853,2874
2435,2900,2913
2179,2853,2875
2436,2900,2913
2180,2854,2875
2437,2900,2913
2181,2855,2876
2438,2900,2912
2182,2855,2876
2439,2900,2912
2183,2856,2877
2440,2900,2912
2423,2900,2914
2166,2845,2868
2422,2900,2914
2165,2844,2868
2421,2900,2914
2164,2843,2867
2420,2900,2914
2163,2843,2866
2419,2900,2914
2162,2842,2866
2418,2900,2914
2161,2841,2865
2417,2900,2914
2160,2840,2865
2416,2900,2913
2159,2840,2864
2415,2900,2913
2158,2839,2863
2414,2901,2913
2157,2838,2863
2413,2901,2913
2156,2838,2862
2412,2901,2913
2155,2837,2862
2411,2901,2913
2154,2836,2861
2410,2901,2913
2153,2835,2860
2409,2901,2913
2152,2835,2860
2408,2901,2913
2151,2834,2859
2407,2902,2913
2150,2833,2859
2406,2902,2913
2149,2833,2858
2405,2902,2912
2148,2832,2857
2404,2902,2912
2147,2831,2857
2403,2902,2912
2146,2830,2856
2402,2903,2912
2145,2830,2855
2401,2903,2912
2144,2829,2855
2400,2903,2911
2143,2828,2854
2399,2904,2911
2142,2827,2853
2398,2904,2911
2141,2827,2852
2397,2904,2910
2140,2826,2852
2201,2868,2884
2202,2868,2884
2203,2869,2884
2204,2870,2884
2205,2870,2885
2206,2871,2885
2207,2872,2885
2208,2872,2886
2209,2873,2886
2210,2874,2886
2211,2874,2886
2212,2875,2886
2213,2876,2887
2214,2876,2887
2215,2877,2887
2216,2878,2887
2217,2878,2887
2218,2879,2887
2219,2880,2887
2220,2881,2887
2221,2882,2887
2222,2882,2887
2223,2884,2887
2224,2885,2886
2133,2820,2847
3214,2355,2400
2132,2820,2846
3213,2341,2414
2131,2819,2845
3212,2332,2424
2130,2818,2845
3211,2324,2432
2129,2817,2844
3210,2317,2439
2128,2816,2843
3209,2312,2446
2127,2816,2842
3208,2307,2452
2126,2815,2841
3207,2302,2457
2125,2814,2841
3206,2298,2462
2124,2813,2840
3205,2295,2466
2123,2812,2839
3204,2292,2471
2122,2812,2838
3203,2289,2475
2121,2811,2837
3202,2287,2478
2120,2810,2837
3201,2285,2482
2119,2809,2836
3200,2284,2485
2118,2808,2835
3199,2285,2489
2117,2808,2834
3198,2286,2492
2116,2807,2833
3197,2290,2495
2115,2806,2833
3196,2301,2497
2114,2805,2832
3195,2333,2500
2113,2804,2831
3194,2365,2502
2112,2803,2830
3193,2386,2505
2111,2802,2829
3192,2402,2507
2110,2802,2828
3191,2416,2509
2109,2801,2827
3190,2428,2511
2108,2800,2827
3189,2439,2512
2107,2799,2826
3188,2450,2513
2106,2798,2825
3187,2460,2514
2105,2797,2824
3186,2470,2515
2104,2796,2823
3185,2480,2514
2103,2795,2822
3184,2491,2512
2102,2795,2821
2101,2794,2820
2100,2793,2819
2099,2792,2818
2098,2791,2817
2097,2790,2816
2096,2789,2816
2095,2788,2815
2094,2787,2814
2093,2786,2813
2092,2785,2812
2091,2785,2811
2090,2784,2810
2089,2783,2809
2088,2782,2808
2087,2781,2807
2086,2780,2806
2085,2779,2805
2084,2778,2804
2083,2777,2803
2082,2776,2802
2081,2775,2801
2080,2774,2800
2079,2773,2799
2078,2772,2797
2077,2771,2796
2076,2770,2795
2075,2769,2794
2074,2768,2793
2073,2767,2792
2072,2766,2791
2071,2765,2790
2070,2764,2789
2069,2763,2788
2068,2762,2787
2067,2761,2785
2066,2760,2784
2065,2759,2783
2064,2758,2782
2063,2757,2781
2062,2756,2780
2061,2754,2778
2060,2753,2777
2059,2752,2776
2058,2751,2775
2057,2750,2774
2056,2749,2772
2055,2748,2771
2054,2747,2770
2053,2746,2769
2052,2745,2768
2051,2743,2766
2050,2742,2765
2049,2741,2764
2048,2740,2763
2047,2739,2761
2046,2738,2760
2045,2737,2759
2044,2735,2757
2043,2734,2756
2042,2733,2755
2041,2732,2753
2040,2731,2752
2039,2729,2751
2038,2728,2749
2037,2727,2748
2036,2726,2747
2035,2725,2745
2034,2723,2744
2033,2722,2742
2032,2721,2741
2031,2720,2740
2030,2718,2738
2029,2717,2737
2028,2716,2735
