1862,2315,2354
1863,2295,2373
1864,2283,2386
1865,2272,2396
1866,2264,2404
1867,2256,2411
1868,2248,2418
1869,2242,2423
1870,2236,2429
1871,2230,2434
1872,2224,2439
1873,2219,2443
1874,2214,2447
1875,2209,2451
1876,2205,2454
1877,2200,2343
1877,2387,2457
1878,2196,2320
1878,2411,2459
1879,2192,2306
1879,2428,2461
1880,2187,2295
1880,2443,2461
1881,2183,2285
1882,2180,2277
1883,2176,2269
1884,2172,2262
1885,2169,2255
1886,2165,2249
1887,2162,2243
1888,2158,2238
1889,2155,2233
1890,2152,2227
1891,2149,2223
1892,2145,2218
1893,2142,2213
1894,2139,2209
1895,2136,2205
1896,2133,2201
1897,2131,2197
1898,2128,2193
1899,2125,2189
1900,2122,2185
1901,2119,2181
1902,2117,2178
1903,2114,2174
1904,2112,2171
1905,2109,2168
1906,2106,2164
1907,2104,2161
1908,2101,2158
1909,2099,2155
1910,2097,2152
1911,2094,2149
1912,2092,2146
1913,2089,2143
1914,2087,2140
1915,2085,2137
1916,2083,2134
1917,2080,2132
1918,2078,2129
1919,2076,2126
1920,2074,2124
1921,2072,2121
1922,2069,2118
1923,2067,2116
1924,2065,2113
1925,2063,2111
1926,2061,2108
1927,2059,2106
1928,2057,2104
1929,2055,2101
1930,2053,2099
1931,2051,2097
1932,2049,2094
1933,2047,2092
1934,2045,2090
1935,2043,2087
1936,2041,2085
1937,2040,2083
1938,2038,2081
1939,2036,2079
1940,2034,2077
1941,2032,2075
1942,2030,2073
1943,2029,2070
1944,2027,2068
1945,2025,2066
1946,2023,2064
1947,2022,2062
1948,2020,2060
1949,2018,2058
1950,2016,2057
1951,2015,2055
1952,2013,2053
1953,2011,2051
1954,2010,2049
1955,2008,2047
1956,2006,2045
1957,2005,2043
1958,2003,2042
1959,2002,2040
1960,2000,2038
1961,1998,2036
1962,1997,2034
1963,1995,2033
1964,1994,2031
1965,1992,2029
1966,1991,2028
1967,1989,2026
1968,1988,2024
1969,1986,2022
1970,1985,2021
1971,1983,2019
1972,1982,2018
1973,1980,2016
1974,1979,2014
1975,1977,2013
1976,1976,2011
1977,1974,2009
1978,1973,2008
1979,1971,2006
1980,1970,2005
1981,1969,2003
1982,1967,2002
1983,1966,2000
1984,1964,1999
1985,1963,1997
1986,1962,1996
1987,1960,1994
1988,1959,1993
1989,1958,1991
1990,1956,1990
1991,1955,1988
1992,1954,1987
1993,1952,1985
1994,1951,1984
1995,1950,1982
1996,1948,1981
1997,1947,1980
1998,1946,1978
1999,1945,1977
2000,1943,1975
2001,1942,1974
2002,1941,1973
2003,1939,1971
2004,1938,1970
2005,1937,1969
2006,1936,1967
2007,1935,1966
2008,1933,1965
2009,1932,1963
2010,1931,1962
2011,1930,1961
2012,1929,1959
2013,1927,1958
2014,1926,1957
2015,1925,1956
2016,1924,1954
2017,1923,1953
2018,1921,1952
2019,1920,1951
2020,1919,1949
2021,1918,1948
2022,1917,1947
2023,1916,1946
2024,1915,1944
2025,1913,1943
2026,1912,1942
2027,1911,1941
2028,1910,1940
2029,1909,1938
2030,1908,1937
2031,1907,1936
2032,1906,1935
2033,1905,1934
2034,1904,1933
2035,1902,1931
2036,1901,1930
2037,1900,1929
2038,1899,1928
2039,1898,1927
2040,1897,1926
2041,1896,1925
2042,1895,1924
2043,1894,1922
2044,1893,1921
2045,1892,1920
2046,1891,1919
2047,1890,1918
2048,1889,1917
2049,1888,1916
2050,1887,1915
2051,1886,1914
2052,1885,1913
2053,1884,1912
2054,1883,1911
2055,1882,1909
2056,1881,1908
2057,1880,1907
2058,1879,1906
2059,1878,1905
2060,1877,1904
2668,1711,1731
2669,1712,1731
2670,1712,1731
2671,1712,1732
2672,1712,1732
2673,1713,1732
2674,1713,1732
2675,1713,1733
2676,1713,1733
2677,1714,1733
2678,1714,1733
2679,1714,1734
2680,1714,1734
2681,1715,1734
2682,1715,1734
2683,1715,1735
2684,1715,1735
2685,1716,1735
2686,1716,1736
2687,1716,1736
2688,1717,1736
2689,1717,1736
2690,1717,1737
2691,1717,1737
2692,1718,1737
2693,1718,1738
2694,1718,1738
2695,1718,1738
2696,1719,1738
2697,1719,1739
2698,1719,1739
2699,1720,1739
2700,1720,1740
2701,1720,1740
2702,1721,1740
2703,1721,1741
2704,1721,1741
2705,1721,1741
2706,1722,1741
2707,1722,1742
2708,1722,1742
2709,1723,1742
2710,1723,1743
2711,1723,1743
2712,1724,1743
2713,1724,1744
2714,1724,1744
2715,1725,1744
2716,1725,1745
2717,1725,1745
2718,1725,1745
2719,1726,1746
2720,1726,1746
2721,1726,1746
2722,1727,1747
2723,1727,1747
2724,1727,1747
2725,1728,1748
2726,1728,1748
2727,1728,1748
2728,1729,1749
2729,1729,1749
2730,1729,1749
2731,1730,1750
2732,1730,1750
2733,1731,1751
2734,1731,1751
2735,1731,1751
2736,1732,1752
2737,1732,1752
2738,1732,1752
2739,1733,1753
2740,1733,1753
2741,1733,1754
2742,1734,1754
2743,1734,1754
2744,1734,1755
2745,1735,1755
2746,1735,1755
2747,1736,1756
2748,1736,1756
2749,1736,1757
2750,1737,1757
2751,1737,1757
2752,1738,1758
2753,1738,1758
2754,1738,1759
2755,1739,1759
2756,1739,1759
2757,1739,1760
2758,1740,1760
2759,1740,1761
2760,1741,1761
2761,1741,1761
2762,1741,1762
2763,1742,1762
2764,1742,1763
2765,1743,1763
2766,1743,1764
2767,1744,1764
2768,1744,1764
2769,1744,1765
2770,1745,1765
2771,1745,1766
2772,1746,1766
2773,1746,1767
2774,1746,1767
2775,1747,1768
2776,1747,1768
2777,1748,1768
2778,1748,1769
2779,1749,1769
2780,1749,1770
2781,1750,1770
2782,1750,1771
2783,1750,1771
2784,1751,1772
2785,1751,1772
2786,1752,1773
2787,1752,1773
2788,1753,1774
2789,1753,1774
2790,1754,1774
2791,1754,1775
2792,1754,1775
2793,1755,1776
2794,1755,1776
2795,1756,1777
2796,1756,1777
2797,1757,1778
2798,1757,1778
2799,1758,1779
2800,1758,1779
2801,1759,1780
2802,1759,1780
2803,1760,1781
2804,1760,1781
2805,1761,1782
2806,1761,1782
2807,1762,1783
2808,1762,1783
2809,1763,1784
2810,1763,1784
2811,1764,1785
2812,1764,1786
2813,1765,1786
2814,1765,1787
2815,1766,1787
2816,1766,1788
2817,1767,1788
2818,1767,1789
2819,1768,1789
2820,1768,1790
2821,1769,1790
2822,1769,1791
2823,1770,1791
2824,1770,1792
2825,1771,1793
2826,1771,1793
2827,1772,1794
2828,1773,1794
2829,1773,1795
2830,1774,1795
2831,1774,1796
2832,1775,1796
2833,1775,1797
2834,1776,1798
2835,1776,1798
2836,1777,1799
2837,1777,1799
2838,1778,1800
2839,1779,1801
2840,1779,1801
2841,1780,1802
2842,1780,1802
2843,1781,1803
2844,1781,1804
2845,1782,1804
2846,1783,1805
2847,1783,1805
2848,1784,1806
2849,1784,1807
2850,1785,1807
2851,1786,1808
2852,1786,1808
2853,1787,1809
2854,1787,1810
2855,1788,1810
2856,1789,1811
2857,1789,1812
2858,1790,1812
2859,1790,1813
2860,1791,1814
2861,1792,1814
2862,1792,1815
2863,1793,1815
2864,1793,1816
2865,1794,1817
2866,1795,1817
2867,1795,1818
2868,1796,1819
2869,1797,1819
2870,1797,1820
2871,1798,1821
2872,1799,1821
2873,1799,1822
2874,1800,1823
2875,1801,1823
2876,1801,1824
2877,1802,1825
2878,1802,1826
2879,1803,1826
2880,1804,1827
2881,1804,1828
2882,1805,1828
2883,1806,1829
2884,1807,1830
2885,1807,1830
2886,1808,1831
2887,1809,1832
2888,1809,1833
2889,1810,1833
2890,1811,1834
2891,1811,1835
2892,1812,1836
2893,1813,1836
2894,1813,1837
2895,1814,1838
2896,1815,1838
2897,1816,1839
2898,1816,1840
2899,1817,1841
2900,1818,1841
2901,1818,1842
2902,1819,1843
2903,1820,1844
2904,1821,1845
2905,1821,1845
2906,1822,1846
2907,1823,1847
2908,1824,1848
2909,1824,1848
2910,1825,1849
2911,1826,1850
2912,1827,1851
2913,1827,1852
2914,1828,1852
2915,1829,1853
2916,1830,1854
2917,1830,1855
2918,1831,1856
2919,1832,1856
2920,1833,1857
2921,1833,1858
2922,1834,1859
2923,1835,1860
2924,1836,1861
2925,1837,1861
2926,1837,1862
2927,1838,1863
2928,1839,1864
2929,1840,1865
2930,1841,1866
2931,1841,1867
2932,1842,1867
2933,1843,1868
2934,1844,1869
2935,1845,1870
2936,1846,1871
2937,1846,1872
2938,1847,1873
2939,1848,1874
2940,1849,1874
2941,1850,1875
2942,1851,1876
2943,1851,1877
2944,1852,1878
2945,1853,1879
2946,1854,1880
2947,1855,1881
2948,1856,1882
2949,1857,1883
2950,1858,1884
2951,1858,1885
3128,2113,2174
3127,2111,2171
3126,2108,2168
3125,2106,2164
3124,2103,2161
3123,2101,2158
3122,2098,2155
3121,2096,2152
3120,2093,2149
3119,2091,2146
3118,2089,2143
3117,2086,2140
3116,2084,2137
3115,2082,2134
3114,2080,2132
3113,2077,2129
3112,2075,2126
3111,2073,2124
3110,2071,2121
3109,2069,2118
3108,2067,2116
3107,2065,2113
3106,2062,2111
3105,2060,2108
3104,2058,2106
3103,2056,2104
3102,2054,2101
3101,2052,2099
3100,2050,2096
3099,2048,2094
3098,2047,2092
3097,2045,2090
3096,2043,2087
3095,2041,2085
3094,2039,2083
3093,2037,2081
3092,2035,2079
3091,2033,2077
3090,2032,2075
3089,2030,2072
3088,2028,2070
3087,2026,2068
3086,2024,2066
3085,2023,2064
3084,2021,2062
3083,2019,2060
3082,2018,2058
3081,2016,2057
3080,2014,2055
3079,2013,2053
3078,2011,2051
3077,2009,2049
3076,2008,2047
3075,2006,2045
3074,2004,2043
3018,1927,1958
3019,1928,1959
3020,1929,1961
3021,1931,1962
3022,1932,1963
3023,1933,1965
3024,1934,1966
3068,1995,2033
2527,2893,2901
2527,1694,1712
3025,1936,1967
3069,1996,2034
2528,2893,2901
2528,1694,1712
3026,1937,1969
3070,1998,2036
2529,2894,2900
2529,1694,1712
3027,1938,1970
3071,1999,2038
2530,2894,2900
2530,1694,1713
3073,2003,2042
2532,2896,2898
2532,1694,1713
2505,2892,2902
2505,1694,1712
3046,1963,1997
3072,2001,2040
2531,2895,2899
2531,1694,1713
2504,2892,2902
2504,1694,1712
3045,1961,1996
3028,1939,1971
3029,1940,1973
3030,1942,1974
2506,2891,2903
2506,1694,1712
3047,1964,1999
3058,1980,2016
2517,2891,2903
2517,3240,3244
2517,1693,1712
3031,1943,1975
2507,2891,2903
2507,1694,1712
3048,1965,2000
3059,1981,2017
2518,2891,2903
2518,3240,3244
2518,1693,1712
3032,1944,1977
2508,2891,2903
2508,1694,1712
3049,1967,2002
3060,1983,2019
2519,2891,2903
2519,3241,3243
2519,1693,1712
3033,1946,1978
2509,2891,2903
2509,1694,1712
3050,1968,2003
3061,1984,2021
2520,2891,2903
2520,1693,1712
3034,1947,1980
2510,2891,2903
2510,3240,3243
2510,1693,1712
3051,1970,2005
3062,1986,2022
2521,2891,2902
2521,1693,1712
2511,2891,2903
2511,3240,3244
2511,1693,1712
3052,1971,2006
3063,1987,2024
2522,2892,2902
2522,1694,1712
2512,2891,2903
2512,3239,3245
2512,1693,1712
3053,1972,2008
3064,1989,2026
2523,2892,2902
2523,1694,1712
2513,2891,2903
2513,3239,3245
2513,1693,1712
3054,1974,2009
3065,1990,2027
2524,2892,2902
2524,1694,1712
2514,2891,2903
2514,3239,3245
2514,1693,1712
3055,1975,2011
3066,1992,2029
2525,2892,2902
2525,1694,1712
2515,2891,2903
2515,3239,3245
2515,1693,1712
3056,1977,2013
3067,1993,2031
2526,2893,2901
2526,1694,1712
2516,2891,2903
2516,3239,3245
2516,1693,1712
3057,1978,2014
3044,1960,1994
2503,2892,2902
2503,1694,1712
3017,1926,1957
3043,1959,1993
2502,2892,2902
2502,1694,1712
3016,1925,1955
3042,1957,1991
2501,2892,2902
2501,1694,1713
3015,1924,1954
3041,1956,1990
2500,2893,2901
2500,1694,1713
3014,1922,1953
3040,1955,1988
2499,2893,2901
2499,1694,1713
3013,1921,1952
3039,1953,1987
2498,2893,2901
2498,1694,1713
3012,1920,1950
3038,1952,1985
2497,2894,2900
2497,1694,1713
3011,1919,1949
3037,1951,1984
2496,2894,2900
2496,1694,1713
3010,1918,1948
3036,1949,1982
2495,2895,2899
2495,1694,1713
3009,1917,1947
3035,1948,1981
2494,2897,2897
2494,1694,1713
3008,1915,1946
3129,2116,2178
3130,2119,2181
3131,2121,2185
3132,2124,2189
3133,2127,2193
3134,2130,2197
3135,2132,2201
3136,2135,2205
3137,2138,2209
3138,2141,2213
3139,2144,2218
3140,2147,2223
3141,2151,2227
3142,2154,2232
3143,2157,2238
3144,2160,2243
3145,2164,2249
3146,2167,2255
3147,2171,2262
3148,2175,2269
3149,2178,2276
3150,2182,2285
3151,2186,2294
3152,2190,2305
3152,2440,2451
3153,2194,2319
3153,2420,2454
3154,2198,2338
3154,2397,2453
3155,2203,2451
3156,2208,2448
3157,2212,2445
3158,2217,2441
3159,2222,2437
3160,2228,2433
3161,2234,2428
3162,2240,2423
3163,2246,2417
3164,2253,2411
3165,2261,2404
3166,2269,2396
3167,2279,2387
3168,2291,2376
3169,2308,2360
3007,1914,1944
3006,1913,1943
3005,1912,1942
3004,1911,1941
3003,1910,1939
3002,1909,1938
3001,1908,1937
3000,1907,1936
2999,1905,1935
2998,1904,1934
2997,1903,1932
2996,1902,1931
2995,1901,1930
2994,1900,1929
2993,1899,1928
2992,1898,1927
2991,1897,1926
2990,1896,1924
2989,1895,1923
2988,1894,1922
2987,1893,1921
2986,1892,1920
2985,1891,1919
2984,1890,1918
2983,1889,1917
2982,1888,1916
2981,1887,1915
2980,1886,1914
2979,1885,1912
2978,1884,1911
2977,1883,1910
2976,1882,1909
2975,1881,1908
2974,1880,1907
2973,1879,1906
2972,1878,1905
2971,1877,1904
2970,1876,1903
2969,1875,1902
2968,1874,1901
2967,1873,1900
2966,1872,1899
2965,1871,1898
2964,1870,1897
2963,1869,1896
2962,1868,1895
2961,1867,1894
2960,1867,1893
2959,1866,1892
2958,1865,1891
2957,1864,1890
2956,1863,1889
2955,1862,1888
2954,1861,1887
2953,1860,1886
2952,1859,1885
2667,1711,1731
2666,1711,1730
2665,1711,1730
2664,1710,1730
2663,1710,1730
2662,1710,1729
2661,1710,1729
2660,1710,1729
2659,1709,1729
2658,1709,1728
2657,1709,1728
2656,1709,1728
2655,1708,1728
2654,1708,1728
2653,1708,1727
2652,1708,1727
2651,1708,1727
2650,1707,1727
2649,1707,1726
2648,1707,1726
2647,1707,1726
2646,1707,1726
2645,1706,1726
2644,1706,1725
2643,1706,1725
2642,1706,1725
2641,1706,1725
2640,1705,1725
2639,1705,1724
2638,1705,1724
2637,1705,1724
2636,1705,1724
2635,1704,1724
2634,1704,1723
2633,1704,1723
2632,1704,1723
2631,1704,1723
2630,1704,1723
2629,1703,1723
2628,1703,1722
2627,1703,1722
2626,1703,1722
2625,1703,1722
2624,1702,1722
2623,1702,1721
2622,1702,1721
2621,1702,1721
2620,1702,1721
2619,1702,1721
2618,1702,1721
2617,1701,1720
2616,1701,1720
2615,1701,1720
2614,1701,1720
2613,1701,1720
2612,1701,1720
2611,1700,1720
2610,1700,1719
2609,1700,1719
2608,1700,1719
2607,1700,1719
2606,1700,1719
2605,1700,1719
2604,1699,1718
2603,1699,1718
2602,1699,1718
2601,1699,1718
2600,1699,1718
2599,1699,1718
2598,1699,1718
2597,1699,1718
2596,1698,1717
2595,1698,1717
2594,1698,1717
2593,1698,1717
2592,1698,1717
2591,1698,1717
2590,1698,1717
2589,1698,1717
2588,1697,1716
2587,1697,1716
2586,1697,1716
2585,1697,1716
2584,1697,1716
2583,1697,1716
2582,1697,1716
2581,1697,1716
2580,1697,1716
2579,1697,1715
2578,1696,1715
2577,1696,1715
2576,1696,1715
2575,1696,1715
2574,1696,1715
2573,1696,1715
2572,1696,1715
2571,1696,1715
2570,1696,1715
2569,1696,1715
2568,1696,1714
2567,1695,1714
2566,1695,1714
2565,1695,1714
2564,1695,1714
2563,1695,1714
2562,1695,1714
2561,1695,1714
2560,1695,1714
2559,1695,1714
2558,1695,1714
2557,1695,1714
2556,1695,1714
2555,1695,1714
2554,1695,1713
2553,1695,1713
2552,1694,1713
2551,1694,1713
2550,1694,1713
2549,1694,1713
2548,1694,1713
2547,1694,1713
2546,1694,1713
2545,1694,1713
2544,1694,1713
2543,1694,1713
2542,1694,1713
2541,1694,1713
2540,1694,1713
2539,1694,1713
2538,1694,1713
2537,1694,1713
2536,1694,1713
2535,1694,1713
2534,1694,1713
2533,1694,1713
2493,1694,1713
2492,1694,1713
2491,1694,1713
2490,1694,1713
2489,1694,1713
2488,1694,1713
2487,1694,1713
2486,1694,1713
2485,1694,1713
2484,1694,1713
2483,1694,1713
2482,1694,1713
2481,1694,1713
2480,1694,1713
2479,1694,1713
2478,1695,1713
2477,1695,1714
2476,1695,1714
2475,1695,1714
2474,1695,1714
2473,1695,1714
2472,1695,1714
2471,1695,1714
2470,1695,1714
2469,1695,1714
2468,1695,1714
2467,1695,1714
2466,1695,1714
2465,1695,1714
2464,1695,1714
2463,1696,1715
2462,1696,1715
2461,1696,1715
2460,1696,1715
2459,1696,1715
2458,1696,1715
2457,1696,1715
2456,1696,1715
2455,1696,1715
2454,1696,1715
2453,1696,1715
2452,1697,1716
2451,1697,1716
2450,1697,1716
2449,1697,1716
2448,1697,1716
2447,1697,1716
2446,1697,1716
2445,1697,1716
2444,1697,1716
2443,1697,1717
2442,1698,1717
2441,1698,1717
2440,1698,1717
2439,1698,1717
2438,1698,1717
2437,1698,1717
2436,1698,1717
2435,1698,1717
2434,1699,1718
2433,1699,1718
2432,1699,1718
2431,1699,1718
2430,1699,1718
2429,1699,1718
2428,1699,1718
2427,1699,1719
2426,1700,1719
2425,1700,1719
2424,1700,1719
2423,1700,1719
2422,1700,1719
2421,1700,1719
2420,1700,1720
2419,1701,1720
2418,1701,1720
2417,1701,1720
2416,1701,1720
2415,1701,1720
2414,1701,1721
2413,1702,1721
2412,1702,1721
2411,1702,1721
2410,1702,1721
2409,1702,1721
2408,1702,1722
2407,1702,1722
2406,1703,1722
2405,1703,1722
2404,1703,1722
2403,1703,1722
2402,1703,1723
2401,1704,1723
2400,1704,1723
2399,1704,1723
2398,1704,1723
2397,1704,1723
2396,1704,1724
2395,1705,1724
2394,1705,1724
2393,1705,1724
2392,1705,1724
2391,1705,1725
2390,1706,1725
2389,1706,1725
2388,1706,1725
2387,1706,1725
2386,1706,1726
2385,1707,1726
2384,1707,1726
2383,1707,1726
2382,1707,1727
2381,1707,1727
2380,1708,1727
2379,1708,1727
2378,1708,1727
2377,1708,1728
2376,1708,1728
2375,1709,1728
2374,1709,1728
2373,1709,1729
2372,1709,1729
2371,1710,1729
2370,1710,1729
2369,1710,1729
2368,1710,1730
2367,1710,1730
2366,1711,1730
2365,1711,1730
2364,1711,1731
2363,1711,1731
2362,1712,1731
2361,1712,1731
2360,1712,1732
2359,1712,1732
2358,1713,1732
2357,1713,1732
2356,1713,1733
2355,1713,1733
2354,1714,1733
2353,1714,1733
2352,1714,1734
2351,1714,1734
2350,1715,1734
2349,1715,1735
2348,1715,1735
2347,1715,1735
2346,1716,1735
2345,1716,1736
2344,1716,1736
2343,1717,1736
2342,1717,1736
2341,1717,1737
2340,1717,1737
2339,1718,1737
2338,1718,1738
2337,1718,1738
2336,1718,1738
2335,1719,1739
2334,1719,1739
2333,1719,1739
2332,1720,1739
2331,1720,1740
2330,1720,1740
2329,1720,1740
2328,1721,1741
2327,1721,1741
2326,1721,1741
2325,1722,1742
2324,1722,1742
2323,1722,1742
2322,1723,1743
2321,1723,1743
2320,1723,1743
2319,1724,1743
2318,1724,1744
2317,1724,1744
2316,1724,1744
2315,1725,1745
2314,1725,1745
2313,1725,1745
2312,1726,1746
2311,1726,1746
2310,1726,1746
2309,1727,1747
2308,1727,1747
2307,1727,1747
2306,1728,1748
2305,1728,1748
2304,1728,1749
2303,1729,1749
2302,1729,1749
2301,1729,1750
2300,1730,1750
2299,1730,1750
2298,1731,1751
2297,1731,1751
2296,1731,1751
2295,1732,1752
2294,1732,1752
2293,1732,1753
2292,1733,1753
2291,1733,1753
2290,1733,1754
2289,1734,1754
2288,1734,1754
2287,1734,1755
2286,1735,1755
2285,1735,1756
2284,1736,1756
2283,1736,1756
2282,1736,1757
2281,1737,1757
2280,1737,1758
2279,1738,1758
2278,1738,1758
2277,1738,1759
2276,1739,1759
2275,1739,1760
2274,1739,1760
2273,1740,1760
2272,1740,1761
2271,1741,1761
2270,1741,1762
2269,1741,1762
2268,1742,1762
2267,1742,1763
2266,1743,1763
2265,1743,1764
2264,1744,1764
2263,1744,1765
2262,1744,1765
2261,1745,1765
2260,1745,1766
2259,1746,1766
2258,1746,1767
2257,1746,1767
2256,1747,1768
2255,1747,1768
2254,1748,1769
2253,1748,1769
2252,1749,1769
2251,1749,1770
2250,1749,1770
2249,1750,1771
2248,1750,1771
2247,1751,1772
2246,1751,1772
2245,1752,1773
2244,1752,1773
2243,1753,1774
2242,1753,1774
2241,1754,1775
2240,1754,1775
2239,1754,1776
2238,1755,1776
2237,1755,1777
2236,1756,1777
2235,1756,1778
2234,1757,1778
2233,1757,1779
2232,1758,1779
2231,1758,1780
2230,1759,1780
2229,1759,1781
2228,1760,1781
2227,1760,1782
2226,1761,1782
2225,1761,1783
2224,1762,1783
2223,1762,1784
2222,1763,1784
2221,1763,1785
2220,1764,1785
2219,1764,1786
2218,1765,1786
2217,1765,1787
2216,1766,1787
2215,1766,1788
2214,1767,1788
2213,1767,1789
2212,1768,1789
2211,1768,1790
2210,1769,1790
2209,1769,1791
2208,1770,1792
2207,1770,1792
2206,1771,1793
2205,1771,1793
2204,1772,1794
2203,1773,1794
2202,1773,1795
2201,1774,1796
2200,1774,1796
2199,1775,1797
2198,1775,1797
2197,1776,1798
2196,1776,1798
2195,1777,1799
2194,1778,1800
2193,1778,1800
2192,1779,1801
2191,1779,1801
2190,1780,1802
2189,1780,1803
2188,1781,1803
2187,1781,1804
2186,1782,1804
2185,1783,1805
2184,1783,1806
2183,1784,1806
2182,1784,1807
2181,1785,1807
2180,1786,1808
2179,1786,1809
2178,1787,1809
2177,1787,1810
2176,1788,1810
2175,1789,1811
2174,1789,1812
2173,1790,1812
2172,1790,1813
2171,1791,1814
2170,1792,1814
2169,1792,1815
2168,1793,1816
2167,1794,1816
2166,1794,1817
2165,1795,1818
2164,1795,1818
2163,1796,1819
2162,1797,1820
2161,1797,1820
2160,1798,1821
2159,1799,1822
2158,1799,1822
2157,1800,1823
2156,1801,1824
2155,1801,1824
2154,1802,1825
2153,1803,1826
2152,1803,1826
2151,1804,1827
2150,1805,1828
2149,1805,1828
2148,1806,1829
2147,1807,1830
2146,1807,1831
2145,1808,1831
2144,1809,1832
2143,1809,1833
2142,1810,1833
2141,1811,1834
2140,1811,1835
2139,1812,1836
2138,1813,1836
2137,1813,1837
2136,1814,1838
2135,1815,1839
2134,1816,1839
2133,1816,1840
2132,1817,1841
2131,1818,1842
2130,1818,1842
2129,1819,1843
2128,1820,1844
2127,1821,1845
2126,1821,1845
2125,1822,1846
2124,1823,1847
2123,1824,1848
2122,1824,1849
2121,1825,1849
2120,1826,1850
2119,1827,1851
2118,1827,1852
2117,1828,1853
2116,1829,1853
2115,1830,1854
2114,1830,1855
2113,1831,1856
2112,1832,1857
2111,1833,1857
2110,1834,1858
2109,1834,1859
2108,1835,1860
2107,1836,1861
2106,1837,1862
2105,1838,1862
2104,1838,1863
2103,1839,1864
2102,1840,1865
2101,1841,1866
2100,1842,1867
2099,1842,1868
2098,1843,1868
2097,1844,1869
2096,1845,1870
2095,1846,1871
2094,1847,1872
2093,1847,1873
2092,1848,1874
2091,1849,1875
2090,1850,1876
2089,1851,1876
2088,1852,1877
2087,1852,1878
2086,1853,1879
2085,1854,1880
2084,1855,1881
2083,1856,1882
2082,1857,1883
2081,1858,1884
2080,1859,1885
2079,1859,1886
2078,1860,1887
2077,1861,1888
2076,1862,1888
2075,1863,1889
2074,1864,1890
2073,1865,1891
2072,1866,1892
2071,1867,1893
2070,1868,1894
2069,1869,1895
2068,1869,1896
2067,1870,1897
2066,1871,1898
2065,1872,1899
2064,1873,1900
2063,1874,1901
2062,1875,1902
2061,1876,1903
