2779,2847,2847
2780,2846,2847
2781,2845,2847
2782,2845,2846
2783,2844,2846
2784,2844,2846
2785,2843,2845
2786,2843,2845
2787,2842,2844
2788,2841,2844
2789,2841,2844
2790,2840,2843
2791,2840,2843
2792,2839,2842
2793,2839,2842
2794,2838,2842
2795,2838,2841
2796,2837,2841
2797,2837,2840
2798,2836,2840
2799,2835,2839
2800,2835,2839
2801,2834,2838
2932,2723,2744
2933,2721,2743
2934,2720,2742
2935,2719,2741
2936,2718,2740
2937,2716,2739
2938,2715,2738
2939,2714,2737
2940,2713,2736
2941,2712,2735
2942,2710,2734
2943,2709,2733
2944,2708,2732
2945,2706,2731
2946,2705,2729
2947,2704,2728
2948,2703,2727
2949,2701,2726
2950,2700,2725
2951,2699,2724
2952,2697,2723
2953,2696,2722
2954,2695,2721
2955,2693,2719
2956,2692,2718
2957,2691,2717
2958,2689,2716
2959,2688,2715
2960,2686,2714
2961,2685,2712
2962,2684,2711
2963,2682,2710
2964,2681,2709
2965,2679,2708
2966,2678,2706
2967,2676,2705
2968,2675,2704
2969,2674,2703
2970,2672,2701
2971,2671,2700
2972,2669,2699
2973,2668,2698
2974,2666,2696
2975,2665,2695
2976,2663,2694
2977,2662,2692
2978,2660,2691
2979,2659,2690
2980,2657,2688
2981,2655,2687
2982,2654,2686
2983,2652,2684
2984,2651,2683
2985,2649,2682
2986,2648,2680
2987,2646,2679
2988,2644,2677
2989,2643,2676
2990,2641,2675
2991,2640,2673
2992,2638,2672
2993,2636,2670
2994,2635,2669
2995,2633,2667
2996,2631,2666
3050,2537,2547
3049,2538,2552
3048,2538,2556
3017,2594,2631
2545,3224,3229
2802,2834,2838
3016,2596,2632
2544,3224,3228
3015,2598,2634
2543,3225,3228
3006,2614,2650
3005,2616,2651
3004,2617,2653
3003,2619,2655
3002,2621,2656
3011,2605,2641
2547,3223,3228
2804,2833,2837
3019,2590,2627
3012,2603,2640
2548,3223,3228
2805,2832,2837
3020,2588,2625
3013,2601,2638
2549,3224,3227
2806,2831,2836
3021,2586,2623
3014,2599,2636
2550,3224,3226
2807,2831,2836
3022,2584,2621
3010,2607,2643
2546,3223,3229
2803,2833,2837
3018,2592,2629
3001,2623,2658
3009,2609,2645
3000,2624,2659
3008,2610,2646
2999,2626,2661
3007,2612,2648
2998,2628,2663
2997,2630,2664
3023,2583,2619
3024,2581,2617
3025,2579,2615
3026,2577,2613
3027,2575,2611
3028,2573,2609
3029,2571,2607
3030,2569,2605
3031,2567,2602
3032,2565,2600
3033,2563,2598
3034,2562,2595
3035,2560,2593
3036,2558,2591
3037,2556,2588
3038,2554,2586
3039,2552,2583
3040,2550,2581
3041,2549,2578
3042,2547,2575
3043,2545,2572
3044,2544,2569
3045,2542,2566
3046,2541,2563
3047,2539,2560
2931,2724,2745
1848,2052,2062
2930,2725,2746
1847,2051,2067
2929,2726,2747
1846,2052,2071
2928,2727,2748
1845,2052,2075
2927,2728,2749
1844,2053,2078
2926,2730,2750
1843,2053,2082
2925,2731,2751
1842,2054,2085
2924,2732,2752
1841,2055,2088
2923,2733,2753
1840,2056,2092
2922,2734,2754
1839,2058,2095
2921,2735,2755
1838,2059,2098
2920,2737,2756
1837,2060,2101
2919,2738,2757
1836,2061,2105
2918,2739,2758
1835,2063,2108
2917,2740,2758
1834,2064,2111
2916,2741,2759
1833,2066,2114
2915,2742,2760
1832,2067,2117
2914,2743,2761
1831,2069,2120
2913,2744,2762
1830,2071,2123
2912,2745,2763
1829,2072,2126
2911,2746,2764
1828,2074,2130
2910,2747,2765
1827,2076,2133
2909,2749,2766
1826,2078,2136
2908,2750,2767
1825,2080,2139
2907,2751,2767
1824,2081,2142
2906,2752,2768
1823,2083,2145
2905,2753,2769
1822,2085,2148
2904,2754,2770
1821,2087,2151
2903,2755,2771
1820,2089,2154
2902,2756,2772
1819,2092,2157
2901,2757,2773
1818,2094,2160
2900,2758,2773
1817,2096,2163
2899,2759,2774
1816,2098,2166
2898,2760,2775
1815,2101,2169
2897,2761,2776
1814,2103,2172
2896,2762,2777
1813,2105,2175
2895,2763,2778
1812,2108,2178
2894,2764,2778
1811,2111,2181
2893,2765,2779
1810,2113,2183
2892,2766,2780
1809,2116,2186
2891,2767,2781
1808,2119,2189
2890,2768,2782
1807,2122,2191
2889,2769,2782
1806,2125,2193
2888,2770,2783
1805,2128,2196
2887,2771,2784
1804,2131,2198
2886,2772,2785
1803,2134,2200
2885,2772,2786
1802,2138,2202
2884,2773,2786
1801,2141,2204
2883,2774,2787
1800,2145,2205
2882,2775,2788
1799,2149,2206
2881,2776,2789
1798,2154,2207
2880,2777,2789
1797,2158,2208
2879,2778,2790
1796,2163,2208
2878,2779,2791
1795,2169,2207
2877,2780,2792
1794,2176,2205
2876,2781,2792
1793,2186,2200
2875,2782,2793
2874,2782,2794
2873,2783,2795
2872,2784,2795
2871,2785,2796
2870,2786,2797
2869,2787,2798
2868,2788,2798
2867,2788,2799
2866,2789,2800
2865,2790,2800
2864,2791,2801
2863,2792,2802
2862,2793,2803
2861,2793,2803
2860,2794,2804
2859,2795,2805
2858,2796,2805
2857,2797,2806
2856,2797,2807
2855,2798,2807
2854,2799,2808
2853,2800,2809
2852,2801,2809
2851,2801,2810
2850,2802,2811
2849,2803,2811
2848,2804,2812
2847,2804,2813
2846,2805,2813
2845,2806,2814
2844,2807,2815
2843,2807,2815
2842,2808,2816
2841,2809,2816
2840,2809,2817
2839,2810,2818
2838,2811,2818
2837,2812,2819
2836,2812,2819
2835,2813,2820
2834,2814,2821
2833,2814,2821
2832,2815,2822
2831,2816,2822
2830,2816,2823
2829,2817,2824
2828,2818,2824
2827,2818,2825
2826,2819,2825
2825,2820,2826
2824,2820,2826
2823,2821,2827
2822,2822,2828
2821,2822,2828
2820,2823,2829
2819,2824,2829
2818,2824,2830
2817,2825,2830
2816,2825,2831
2815,2826,2831
2814,2827,2832
2813,2827,2832
2812,2828,2833
2811,2828,2834
2810,2829,2834
2809,2830,2835
2808,2830,2835
