2642,2883,2884
2643,2882,2885
2644,2881,2886
2645,2881,2886
2646,2880,2886
2647,2880,2887
2648,2879,2887
2649,2879,2887
2650,2879,2887
2651,2878,2888
2652,2878,2888
2653,2878,2888
2654,2877,2888
2655,2877,2888
2656,2877,2888
2657,2877,2888
2658,2877,2888
2659,2876,2889
2660,2876,2889
2661,2876,2889
2662,2876,2889
2663,2875,2889
2664,2875,2889
2665,2875,2889
2666,2875,2889
2667,2875,2889
2668,2874,2889
2669,2874,2889
2670,2874,2889
2671,2874,2889
2672,2874,2889
2673,2874,2889
2674,2873,2889
2675,2873,2889
2676,2873,2889
2677,2873,2889
2678,2873,2889
2679,2873,2889
2680,2872,2888
2681,2872,2888
2682,2872,2888
2683,2872,2888
2684,2872,2888
2685,2872,2888
2686,2871,2888
2687,2871,2888
2688,2871,2888
2689,2871,2888
2690,2871,2888
2691,2871,2888
2692,2870,2887
2693,2870,2887
2694,2870,2887
2695,2870,2887
2696,2870,2887
2697,2869,2887
2698,2869,2887
2699,2869,2887
2700,2869,2887
2701,2869,2886
2702,2869,2886
2703,2868,2886
2704,2868,2886
2705,2868,2886
2706,2868,2886
2707,2868,2886
3058,2555,2561
3057,2555,2566
3056,2556,2569
3055,2557,2573
3054,2559,2576
3053,2560,2579
3052,2562,2582
3051,2563,2585
3050,2565,2588
3049,2567,2590
3048,2569,2593
3047,2570,2595
3046,2572,2598
3045,2574,2600
3044,2576,2603
3043,2578,2605
3042,2579,2607
3041,2581,2610
3040,2583,2612
3039,2585,2614
3038,2587,2616
3037,2589,2618
3036,2590,2621
3035,2592,2623
3034,2594,2625
3033,2596,2627
3032,2598,2629
3031,2600,2631
3030,2601,2633
3029,2603,2635
3028,2605,2636
3027,2607,2638
3026,2609,2640
3025,2610,2642
3024,2612,2644
3023,2614,2646
3022,2616,2648
3021,2617,2649
3020,2619,2651
3019,2621,2653
3018,2622,2655
3017,2624,2656
3016,2626,2658
3015,2627,2660
3014,2629,2661
3013,2631,2663
3012,2632,2665
3011,2634,2666
3010,2636,2668
3009,2637,2669
3008,2639,2671
3007,2641,2673
3006,2642,2674
3005,2644,2676
3004,2645,2677
3003,2647,2679
3002,2648,2680
3001,2650,2682
3000,2651,2683
2999,2653,2685
2998,2655,2686
2997,2656,2688
2996,2658,2689
2995,2659,2691
2994,2661,2692
2993,2662,2694
2992,2664,2695
2991,2665,2696
2990,2666,2698
2989,2668,2699
2988,2669,2701
2987,2671,2702
2986,2672,2703
2985,2674,2705
2984,2675,2706
2983,2676,2707
2982,2678,2709
2981,2679,2710
2980,2681,2711
2979,2682,2712
2978,2683,2714
2977,2685,2715
2976,2686,2716
2975,2687,2718
2974,2689,2719
2973,2690,2720
2972,2691,2721
2971,2693,2723
2970,2694,2724
2969,2695,2725
2968,2697,2726
2967,2698,2727
2966,2699,2729
2965,2700,2730
2964,2702,2731
2963,2703,2732
2962,2704,2733
2961,2705,2735
2960,2707,2736
2959,2708,2737
2958,2709,2738
2957,2710,2739
2956,2711,2740
2538,3230,3231
2795,2840,2861
2539,3228,3232
2796,2839,2860
2540,3228,3232
2797,2839,2860
2541,3227,3232
2798,2838,2859
2546,3229,3230
2803,2836,2857
2545,3228,3231
2802,2836,2858
2544,3227,3232
2801,2837,2858
2543,3227,3232
2800,2837,2858
2542,3227,3232
2799,2838,2859
2890,2778,2803
1808,2196,2215
2836,2817,2840
2891,2777,2802
1809,2187,2219
2837,2817,2839
2892,2777,2802
1810,2180,2220
2838,2816,2839
2893,2776,2801
1811,2174,2221
2839,2816,2838
2894,2775,2800
1812,2168,2220
2840,2815,2838
2895,2774,2799
1813,2163,2219
2841,2814,2837
2896,2773,2798
1814,2159,2218
2842,2814,2837
2751,2857,2876
2944,2725,2753
1862,2046,2080
2750,2857,2876
2943,2727,2754
1861,2048,2083
2889,2779,2804
2749,2857,2877
2942,2728,2756
1860,2049,2086
2888,2780,2805
2748,2858,2877
2941,2729,2757
1859,2051,2089
2887,2781,2805
2747,2858,2877
2940,2730,2758
1858,2052,2092
2886,2782,2806
2746,2858,2877
2939,2731,2759
1857,2054,2095
2885,2782,2807
2745,2859,2878
2938,2732,2760
1856,2055,2098
2884,2783,2808
2744,2859,2878
2937,2733,2761
1855,2057,2100
2883,2784,2809
2743,2859,2878
2936,2734,2762
1854,2058,2103
2882,2785,2809
2742,2859,2878
2935,2735,2763
1853,2060,2106
2881,2786,2810
2741,2860,2879
2934,2736,2764
1852,2062,2109
2880,2786,2811
2740,2860,2879
2933,2737,2765
1851,2063,2112
2879,2787,2812
2739,2860,2879
2932,2739,2766
1850,2065,2115
2878,2788,2812
2738,2861,2879
2931,2740,2767
1849,2067,2118
2877,2789,2813
2737,2861,2880
2930,2741,2768
1848,2068,2121
2876,2790,2814
2736,2861,2880
2929,2742,2769
1847,2070,2124
2875,2790,2815
2723,2864,2883
2916,2755,2781
1834,2097,2164
2862,2800,2824
2724,2864,2883
2917,2754,2780
1835,2095,2161
2863,2799,2823
2725,2864,2882
2918,2753,2779
1836,2093,2158
2864,2799,2822
2726,2864,2882
2919,2752,2778
1837,2091,2155
2865,2798,2822
2727,2863,2882
2920,2751,2777
1838,2088,2152
2866,2797,2821
2728,2863,2882
2921,2750,2776
1839,2086,2148
2867,2796,2820
2729,2863,2881
2922,2749,2775
1840,2084,2145
2868,2796,2820
2730,2863,2881
2923,2748,2774
1841,2082,2142
2869,2795,2819
2731,2862,2881
2924,2747,2773
1842,2080,2139
2870,2794,2818
2732,2862,2881
2925,2746,2773
1843,2078,2136
2871,2793,2817
2733,2862,2881
2926,2745,2772
1844,2076,2133
2872,2793,2817
2734,2862,2880
2927,2744,2771
1845,2074,2130
2873,2792,2816
2735,2861,2880
2928,2743,2770
1846,2072,2127
2874,2791,2815
2752,2856,2876
2945,2724,2752
1863,2045,2077
2753,2856,2875
2946,2723,2751
1864,2044,2074
2754,2856,2875
2947,2722,2750
1865,2043,2071
2755,2855,2875
2948,2721,2749
1866,2042,2068
2756,2855,2875
2949,2720,2748
1867,2041,2065
2757,2855,2874
2950,2719,2747
1868,2040,2062
2758,2854,2874
2951,2717,2746
1869,2039,2059
2759,2854,2874
2952,2716,2745
1870,2038,2055
2953,2715,2744
1871,2038,2052
2954,2714,2743
1872,2038,2048
2955,2713,2741
1873,2040,2042
2722,2864,2883
2915,2756,2782
1833,2100,2167
2861,2801,2824
2721,2865,2883
2914,2757,2783
1832,2102,2170
2860,2801,2825
2720,2865,2883
2913,2758,2784
1831,2105,2173
2859,2802,2826
2719,2865,2883
2912,2759,2785
1830,2107,2176
2858,2803,2826
2718,2865,2884
2911,2759,2785
1829,2110,2179
2857,2804,2827
2717,2866,2884
2910,2760,2786
1828,2112,2182
2856,2804,2828
2716,2866,2884
2909,2761,2787
1827,2115,2185
2855,2805,2828
2715,2866,2884
2908,2762,2788
1826,2118,2188
2854,2806,2829
2714,2866,2884
2907,2763,2789
1825,2121,2191
2853,2806,2830
2713,2866,2885
2906,2764,2790
1824,2124,2194
2852,2807,2830
2712,2867,2885
2905,2765,2791
1823,2127,2197
2851,2808,2831
2711,2867,2885
2904,2766,2792
1822,2130,2200
2850,2808,2832
2710,2867,2885
2903,2767,2792
1821,2133,2203
2849,2809,2832
2709,2867,2885
2902,2768,2793
1820,2136,2205
2848,2810,2833
2708,2867,2885
2901,2769,2794
1819,2140,2208
2847,2810,2833
2900,2770,2795
1818,2143,2210
2846,2811,2834
2899,2770,2796
1817,2147,2213
2845,2812,2835
2898,2771,2797
1816,2151,2215
2844,2812,2835
2897,2772,2797
1815,2155,2216
2843,2813,2836
2760,2854,2873
2761,2853,2873
2762,2853,2873
2763,2853,2872
2764,2852,2872
2765,2852,2872
2766,2852,2871
2767,2851,2871
2768,2851,2871
2769,2851,2870
2770,2850,2870
2771,2850,2870
2772,2849,2869
2773,2849,2869
2774,2849,2869
2775,2848,2868
2776,2848,2868
2777,2847,2868
2778,2847,2867
2779,2847,2867
2780,2846,2867
2781,2846,2866
2782,2845,2866
2783,2845,2865
2784,2844,2865
2785,2844,2865
2786,2844,2864
2787,2843,2864
2788,2843,2863
2789,2842,2863
2790,2842,2863
2791,2841,2862
2792,2841,2862
2793,2841,2861
2794,2840,2861
2804,2835,2857
2805,2835,2856
2806,2834,2856
2807,2834,2855
2808,2833,2855
2809,2833,2854
2810,2832,2854
2811,2832,2853
2812,2831,2853
2813,2831,2852
2814,2830,2852
2815,2830,2851
2816,2829,2851
2817,2828,2850
2818,2828,2850
2819,2827,2849
2820,2827,2849
2821,2826,2848
2822,2826,2848
2823,2825,2847
2824,2825,2847
2825,2824,2846
2826,2823,2846
2827,2823,2845
2828,2822,2845
2829,2822,2844
2830,2821,2843
2831,2820,2843
2832,2820,2842
2833,2819,2842
2834,2819,2841
2835,2818,2841
