2540,3228,3231
2541,3227,3231
2542,3226,3231
2543,3226,3231
2547,3227,3229
2546,3226,3230
2545,3226,3231
2544,3226,3231
2661,2880,2882
2662,2879,2882
2663,2879,2883
2664,2878,2883
2665,2878,2883
2666,2877,2884
2667,2877,2884
2668,2876,2884
2669,2876,2884
2670,2876,2884
2671,2875,2884
2672,2875,2885
2673,2875,2885
2674,2874,2885
2675,2874,2885
2676,2874,2885
2677,2874,2885
2678,2873,2885
2679,2873,2885
2680,2873,2885
2681,2873,2885
2682,2872,2885
2683,2872,2885
2684,2872,2885
2685,2872,2885
2686,2871,2885
2687,2871,2885
2688,2871,2885
2689,2871,2885
2690,2870,2885
2691,2870,2885
2692,2870,2885
2693,2870,2884
2694,2870,2884
2695,2869,2884
2696,2869,2884
2697,2869,2884
2698,2869,2884
2699,2868,2884
2700,2868,2884
2701,2868,2884
2702,2868,2884
2703,2867,2883
2704,2867,2883
2705,2867,2883
2706,2867,2883
2707,2867,2883
2708,2866,2883
2709,2866,2883
2710,2866,2883
2711,2866,2882
2712,2865,2882
2713,2865,2882
2714,2865,2882
2715,2865,2882
2716,2864,2882
2717,2864,2881
2718,2864,2881
2719,2864,2881
2720,2863,2881
2721,2863,2881
2722,2863,2881
2723,2863,2880
2724,2862,2880
2725,2862,2880
2726,2862,2880
2727,2862,2880
2728,2861,2879
2729,2861,2879
2730,2861,2879
2731,2860,2879
2732,2860,2878
2733,2860,2878
2734,2860,2878
2735,2859,2878
2736,2859,2878
2737,2859,2877
2738,2858,2877
2739,2858,2877
2740,2858,2877
2741,2858,2876
2742,2857,2876
2743,2857,2876
2744,2857,2876
2745,2856,2875
2746,2856,2875
2747,2856,2875
2748,2855,2874
2749,2855,2874
2750,2855,2874
2751,2854,2874
2752,2854,2873
2753,2854,2873
2754,2853,2873
2755,2853,2872
2756,2853,2872
2757,2852,2872
2758,2852,2871
2759,2852,2871
2760,2851,2871
2761,2851,2871
2762,2850,2870
2763,2850,2870
2764,2850,2870
2765,2849,2869
2766,2849,2869
2767,2849,2868
2768,2848,2868
2769,2848,2868
2770,2847,2867
2771,2847,2867
2772,2847,2867
2773,2846,2866
2774,2846,2866
2775,2845,2866
2776,2845,2865
2777,2845,2865
2778,2844,2864
2779,2844,2864
2780,2843,2864
2781,2843,2863
2782,2843,2863
2783,2842,2863
2784,2842,2862
2785,2841,2862
2786,2841,2861
2787,2840,2861
2788,2840,2860
2789,2839,2860
2790,2839,2860
2791,2838,2859
2792,2838,2859
2793,2838,2858
2794,2837,2858
2795,2837,2857
2796,2836,2857
2797,2836,2857
2798,2835,2856
2799,2835,2856
1848,2060,2106
2930,2735,2762
1849,2059,2103
2931,2734,2761
1850,2057,2100
2932,2733,2760
1851,2056,2097
2933,2732,2759
1852,2054,2094
2934,2731,2758
1853,2053,2091
2935,2730,2757
1854,2052,2088
2936,2729,2756
1855,2050,2085
2937,2728,2755
1856,2049,2082
2938,2727,2754
1857,2048,2079
2939,2725,2753
1858,2047,2076
2940,2724,2752
1859,2046,2073
2941,2723,2751
1860,2045,2069
2942,2722,2750
1861,2044,2066
2943,2721,2749
1862,2043,2063
2944,2720,2748
1863,2043,2059
2945,2719,2747
1864,2043,2055
2946,2717,2746
1865,2043,2050
2947,2716,2744
2948,2715,2743
2949,2714,2742
2950,2713,2741
2951,2711,2740
2952,2710,2739
2953,2709,2738
2954,2708,2737
2955,2707,2736
2956,2705,2734
2957,2704,2733
2958,2703,2732
2959,2702,2731
2960,2700,2730
2961,2699,2729
2962,2698,2727
2963,2696,2726
2964,2695,2725
2965,2694,2724
2966,2693,2723
2967,2691,2721
3056,2549,2556
3055,2549,2561
3054,2550,2565
3053,2551,2568
3052,2552,2571
3051,2554,2575
3050,2555,2578
3049,2557,2580
3048,2559,2583
3047,2560,2586
3046,2562,2589
3045,2564,2591
3044,2566,2594
3043,2568,2596
3042,2570,2599
3041,2571,2601
3040,2573,2603
3039,2575,2606
3038,2577,2608
3037,2579,2610
3036,2581,2612
3035,2583,2614
3034,2584,2617
3033,2586,2619
3032,2588,2621
3031,2590,2623
3030,2592,2625
3029,2594,2627
3028,2596,2629
3027,2597,2631
2996,2650,2683
2995,2651,2684
2994,2653,2686
2993,2654,2687
2992,2656,2688
2991,2657,2690
2990,2659,2691
2989,2660,2693
2988,2662,2694
2987,2663,2695
2986,2665,2697
2985,2666,2698
2984,2668,2700
2983,2669,2701
2982,2671,2702
2981,2672,2704
2968,2690,2720
2969,2689,2719
2970,2687,2718
2971,2686,2716
2972,2685,2715
2973,2683,2714
2974,2682,2713
2975,2680,2711
2976,2679,2710
2977,2678,2709
2978,2676,2708
2979,2675,2706
2980,2673,2705
2997,2648,2681
2998,2647,2680
2999,2645,2678
3000,2643,2677
3001,2642,2675
3002,2640,2674
3003,2639,2672
3004,2637,2671
3005,2635,2669
3006,2634,2667
3007,2632,2666
3008,2630,2664
3009,2629,2663
3010,2627,2661
3011,2625,2659
3012,2624,2658
3013,2622,2656
3014,2620,2654
3015,2619,2653
3016,2617,2651
3017,2615,2649
3018,2613,2647
3019,2612,2646
3020,2610,2644
3021,2608,2642
3022,2606,2640
3023,2605,2638
3024,2603,2636
3025,2601,2635
3026,2599,2633
1847,2062,2109
2929,2736,2763
1846,2064,2112
2928,2738,2764
1845,2065,2115
2927,2739,2765
1844,2067,2118
2926,2740,2766
1843,2069,2121
2925,2741,2767
1842,2070,2124
2924,2742,2768
1841,2072,2127
2923,2743,2769
1840,2074,2130
2922,2744,2770
1839,2076,2133
2921,2745,2771
1838,2078,2136
2920,2746,2772
1837,2080,2139
2919,2747,2773
1836,2082,2142
2918,2748,2774
1835,2084,2145
2917,2749,2775
1834,2086,2148
2916,2750,2776
1833,2088,2152
2915,2751,2776
1832,2090,2155
2914,2752,2777
1831,2093,2158
2913,2753,2778
1830,2095,2161
2912,2754,2779
1829,2097,2164
2911,2755,2780
1828,2099,2167
2910,2756,2781
1827,2102,2170
2909,2757,2782
1826,2104,2173
2908,2758,2783
1825,2107,2176
2907,2759,2784
1824,2109,2179
2906,2760,2785
1823,2112,2182
2905,2761,2785
1822,2115,2185
2904,2761,2786
1821,2117,2188
2903,2762,2787
1820,2120,2191
2902,2763,2788
1819,2123,2194
2901,2764,2789
1818,2126,2196
2900,2765,2790
1817,2129,2199
2899,2766,2791
1816,2132,2202
2898,2767,2791
1815,2136,2204
2897,2768,2792
1814,2139,2206
2896,2769,2793
1813,2143,2209
2895,2770,2794
1812,2146,2211
2894,2771,2795
1811,2150,2212
2893,2771,2796
1810,2154,2214
2892,2772,2796
1809,2159,2215
2891,2773,2797
1808,2164,2216
2890,2774,2798
1807,2169,2216
2889,2775,2799
1806,2174,2216
2888,2776,2800
1805,2181,2215
2887,2777,2801
1804,2189,2212
2886,2777,2801
2885,2778,2802
2884,2779,2803
2883,2780,2804
2882,2781,2804
2881,2782,2805
2880,2782,2806
2879,2783,2807
2878,2784,2808
2877,2785,2808
2876,2786,2809
2875,2786,2810
2874,2787,2811
2873,2788,2811
2872,2789,2812
2871,2790,2813
2870,2790,2813
2869,2791,2814
2868,2792,2815
2867,2793,2816
2866,2793,2816
2865,2794,2817
2864,2795,2818
2863,2796,2818
2862,2796,2819
2861,2797,2820
2860,2798,2821
2859,2799,2821
2858,2799,2822
2857,2800,2823
2856,2801,2823
2855,2801,2824
2854,2802,2825
2853,2803,2825
2852,2803,2826
2851,2804,2827
2850,2805,2827
2849,2806,2828
2848,2806,2829
2847,2807,2829
2846,2808,2830
2845,2808,2830
2844,2809,2831
2843,2810,2832
2842,2810,2832
2841,2811,2833
2840,2811,2834
2839,2812,2834
2838,2813,2835
2837,2813,2835
2836,2814,2836
2835,2815,2837
2834,2815,2837
2833,2816,2838
2832,2817,2838
2831,2817,2839
2830,2818,2840
2829,2818,2840
2828,2819,2841
2827,2820,2841
2826,2820,2842
2825,2821,2842
2824,2821,2843
2823,2822,2843
2822,2822,2844
2821,2823,2845
2820,2824,2845
2819,2824,2846
2818,2825,2846
2817,2825,2847
2816,2826,2847
2815,2826,2848
2814,2827,2848
2813,2827,2849
2812,2828,2849
2811,2829,2850
2810,2829,2850
2809,2830,2851
2808,2830,2851
2807,2831,2852
2806,2831,2852
2805,2832,2853
2804,2832,2853
2803,2833,2854
2802,2833,2854
2801,2834,2855
2800,2834,2855
