2548,2891,2893
2549,2890,2894
2550,2889,2895
2551,2889,2895
2552,2888,2896
2553,2888,2896
2554,2888,2897
2555,2887,2897
2556,2887,2897
2557,2887,2897
2558,2887,2898
2559,2887,2898
2560,2886,2898
2561,2886,2898
2562,2886,2898
2563,2886,2898
2564,2886,2898
2565,2886,2899
2566,2886,2899
2567,2886,2899
2568,2886,2899
2592,2892,2893
2591,2891,2894
2590,2890,2895
2589,2889,2895
2588,2889,2896
2587,2889,2896
2586,2888,2897
2585,2888,2897
2584,2888,2897
2583,2887,2897
2582,2887,2898
2581,2887,2898
2580,2887,2898
2579,2887,2898
2578,2887,2898
2577,2886,2898
2576,2886,2898
2575,2886,2899
2574,2886,2899
2573,2886,2899
2572,2886,2899
2571,2886,2899
2570,2886,2899
2569,2886,2899
2523,3238,3238
2524,3237,3240
2525,3236,3240
2526,3236,3241
2527,3235,3241
2532,3237,3239
2531,3236,3240
2530,3235,3240
2529,3235,3241
2528,3235,3241
1841,2247,2273
1842,2235,2279
1843,2226,2280
1844,2218,2280
1845,2212,2279
1846,2206,2277
1847,2200,2274
1848,2195,2271
1849,2190,2267
1850,2185,2263
1851,2181,2259
1852,2176,2255
1853,2172,2251
1854,2168,2247
1855,2164,2242
1856,2160,2238
1941,1983,2011
1940,1984,2013
1939,1985,2015
1938,1987,2016
1937,1988,2018
1936,1989,2020
1935,1991,2022
1934,1992,2024
1933,1994,2026
1932,1995,2028
1931,1997,2030
1930,1998,2032
1929,2000,2033
1928,2001,2035
1927,2003,2037
1926,2004,2039
1925,2006,2041
1924,2007,2043
1923,2009,2045
1922,2010,2047
1921,2012,2049
1920,2014,2051
1919,2015,2054
1918,2017,2056
1917,2018,2058
1916,2020,2060
1915,2022,2062
1914,2023,2064
1913,2025,2066
1912,2027,2069
1895,2058,2109
1894,2060,2111
1893,2062,2114
1892,2064,2117
1891,2066,2119
1890,2068,2122
1889,2070,2125
1888,2073,2127
1887,2075,2130
1886,2077,2133
1885,2079,2136
1884,2081,2139
1883,2084,2142
1896,2056,2106
1897,2054,2104
1898,2052,2101
1899,2050,2099
1900,2048,2096
1901,2046,2094
1902,2045,2091
1903,2043,2089
1904,2041,2087
1905,2039,2084
1906,2037,2082
1907,2035,2080
1908,2034,2077
1909,2032,2075
1910,2030,2073
1911,2028,2071
1942,1981,2009
1943,1980,2007
1944,1979,2006
1945,1977,2004
1946,1976,2002
1947,1975,2000
1948,1973,1999
1949,1972,1997
1950,1971,1995
1951,1969,1993
1952,1968,1992
1953,1967,1990
1954,1966,1988
1955,1965,1987
1956,1963,1985
1957,1962,1983
1958,1961,1982
1959,1960,1980
1960,1959,1978
1961,1957,1977
1962,1956,1975
1963,1955,1973
1964,1954,1972
1965,1953,1970
1966,1952,1968
1967,1951,1967
1968,1950,1965
1969,1949,1963
1970,1948,1962
1971,1946,1960
1972,1945,1959
1973,1944,1957
1974,1944,1955
1975,1943,1954
1976,1942,1952
1977,1941,1950
1978,1940,1949
1979,1939,1947
1980,1938,1945
1981,1938,1943
1982,1937,1941
1983,1937,1939
1882,2086,2145
1881,2088,2148
1880,2091,2151
1879,2093,2154
1878,2095,2157
1877,2098,2160
1876,2100,2163
1875,2103,2166
1874,2105,2170
1873,2108,2173
1872,2111,2176
1871,2113,2180
1870,2116,2183
1869,2119,2187
1868,2122,2190
1867,2125,2194
1866,2127,2198
1865,2130,2202
1864,2133,2205
1863,2137,2209
1862,2140,2213
1861,2143,2217
1860,2146,2221
1859,2150,2225
1858,2153,2230
1857,2157,2234
