3225,2482,2538
1955,2204,2283
3226,2474,2537
1956,2200,2279
3227,2467,2537
1957,2197,2274
1983,2147,2154
3252,2413,2451
1982,2146,2161
3251,2406,2461
1981,2146,2166
3250,2401,2469
1980,2147,2171
3249,2398,2475
1979,2148,2176
3248,2395,2481
1978,2149,2180
3247,2393,2486
1977,2150,2185
3246,2393,2490
1976,2152,2189
3224,2490,2537
1954,2208,2287
3223,2498,2537
1953,2211,2291
3222,2507,2534
1952,2215,2295
3221,2523,2526
1951,2219,2299
1950,2224,2302
1949,2228,2305
1948,2233,2307
1947,2239,2309
1975,2153,2193
3245,2392,2494
1946,2244,2310
1974,2155,2198
3244,2392,2498
1945,2251,2309
3238,2405,2517
1968,2167,2224
2476,3235,3238
1973,2157,2202
3243,2393,2502
1944,2259,2308
3237,2409,2520
1967,2170,2228
2475,3234,3239
1972,2159,2206
3242,2395,2505
1943,2268,2304
3236,2414,2522
1966,2172,2233
2474,3233,3239
1971,2161,2211
3241,2397,2509
3234,2424,2526
1964,2177,2242
2472,3232,3239
1969,2165,2220
3239,2402,2514
3235,2419,2524
1965,2174,2237
2473,3233,3239
1970,2163,2215
3240,2399,2512
3233,2429,2528
1963,2180,2247
2471,3232,3239
3232,2435,2530
1962,2182,2251
2470,3232,3239
3231,2441,2532
1961,2185,2256
2469,3232,3238
3230,2447,2533
1960,2188,2260
2468,3232,3238
3229,2454,2535
1959,2191,2265
2467,3232,3237
3228,2461,2536
1958,2194,2270
2466,3233,3235
