3195,2506,2517
3196,2493,2521
3197,2483,2523
3198,2473,2523
3199,2464,2522
3200,2455,2522
3201,2446,2521
3202,2437,2519
3203,2427,2518
3204,2417,2516
3205,2406,2514
3206,2396,2512
3207,2384,2509
3208,2373,2507
3209,2363,2504
3210,2353,2502
3211,2346,2499
3212,2340,2496
3213,2336,2493
3226,2374,2417
3225,2362,2430
3224,2355,2439
3223,2348,2447
3222,2344,2453
3221,2340,2459
3220,2336,2464
3219,2334,2469
3218,2332,2474
3217,2331,2478
3216,2331,2482
3215,2331,2486
3214,2333,2489
1914,2309,2351
1915,2293,2366
1916,2282,2375
1917,2273,2382
1918,2265,2388
1919,2258,2392
1920,2252,2395
1921,2246,2396
1922,2240,2396
1923,2235,2393
1924,2230,2385
1925,2225,2373
1926,2221,2359
1927,2217,2345
1928,2212,2333
1929,2208,2322
1930,2205,2313
1931,2201,2304
1972,2108,2114
1971,2108,2119
1970,2109,2123
1969,2110,2127
1968,2111,2131
1967,2113,2134
1966,2114,2138
1965,2116,2141
1964,2117,2145
1963,2119,2149
1962,2121,2152
1961,2122,2156
1960,2124,2159
1959,2126,2163
1958,2128,2167
1957,2130,2170
1956,2132,2174
1955,2134,2178
1954,2136,2182
1953,2139,2186
1952,2141,2190
1951,2143,2194
1950,2145,2198
2490,3240,3243
1949,2148,2202
2489,3239,3244
1948,2150,2206
2488,3239,3244
1947,2153,2211
2487,3238,3244
1946,2155,2215
2486,3238,3244
1945,2158,2220
2485,3238,3244
1944,2160,2224
2484,3238,3244
1943,2163,2229
2483,3238,3243
1942,2166,2234
2482,3238,3243
1941,2169,2239
2481,3238,3242
1940,2172,2245
2480,3239,3241
1939,2174,2250
1938,2177,2256
1937,2181,2262
1936,2184,2268
1935,2187,2274
1934,2190,2281
1933,2194,2288
1932,2197,2296
2150,2841,2842
2151,2841,2844
2152,2841,2845
2153,2841,2846
2154,2841,2848
2155,2841,2849
2156,2842,2850
2157,2842,2851
2158,2842,2852
2159,2843,2853
2160,2843,2854
2161,2844,2855
2162,2844,2856
2163,2845,2857
2164,2845,2857
2165,2845,2858
2296,2897,2915
2297,2897,2915
2298,2897,2915
2299,2897,2915
2300,2897,2915
2301,2898,2915
2302,2898,2915
2303,2898,2915
2304,2898,2915
2305,2898,2916
2306,2899,2916
2307,2899,2916
2308,2899,2916
2309,2899,2916
2310,2899,2916
2311,2899,2916
2312,2900,2916
2313,2900,2916
2314,2900,2916
2315,2900,2916
2316,2900,2916
2317,2900,2916
2318,2900,2917
2319,2900,2917
2320,2901,2917
2321,2901,2917
2322,2901,2917
2323,2901,2917
2324,2901,2917
2325,2901,2917
2326,2901,2917
2327,2901,2917
2328,2901,2917
2329,2902,2917
2330,2902,2917
2331,2902,2917
2332,2902,2917
2333,2902,2917
2334,2902,2917
2335,2902,2917
2336,2902,2918
2337,2902,2918
2338,2902,2918
2339,2902,2918
2340,2902,2918
2341,2902,2918
2342,2902,2918
2343,2902,2918
2344,2902,2918
2345,2902,2918
2346,2902,2918
2347,2902,2918
2348,2902,2918
2349,2902,2918
2350,2903,2918
2351,2903,2918
2352,2903,2918
2353,2903,2918
2354,2903,2918
2355,2903,2918
2356,2903,2918
2357,2903,2918
2358,2903,2918
2359,2903,2918
2360,2903,2918
2361,2903,2918
2362,2903,2918
2363,2903,2918
2413,2905,2915
2412,2905,2915
2411,2904,2915
2410,2904,2916
2409,2904,2916
2408,2904,2916
2407,2904,2916
2406,2904,2916
2405,2904,2917
2404,2903,2917
2403,2903,2917
2402,2903,2917
2401,2903,2917
2400,2903,2917
2399,2903,2917
2398,2903,2917
2385,2903,2918
2386,2903,2918
2387,2903,2918
2388,2903,2918
2389,2903,2918
2390,2903,2918
2391,2903,2918
2392,2903,2918
2393,2903,2918
2394,2903,2918
2395,2903,2918
2396,2903,2918
2397,2903,2918
2414,2905,2915
2415,2905,2914
2416,2905,2914
2417,2906,2914
2418,2906,2913
2419,2907,2913
2420,2907,2912
2421,2908,2912
2422,2909,2911
2384,2903,2918
2383,2903,2918
2382,2903,2918
2381,2903,2918
2380,2903,2918
2379,2903,2919
2378,2903,2919
2377,2903,2919
2376,2903,2919
2375,2903,2919
2374,2903,2919
2373,2903,2919
2372,2903,2919
2371,2903,2919
2370,2903,2919
2369,2903,2919
2368,2903,2919
2367,2903,2919
2366,2903,2919
2365,2903,2919
2364,2903,2919
2295,2896,2915
2294,2896,2914
2293,2896,2914
2292,2896,2914
2291,2895,2914
2290,2895,2914
2289,2895,2914
2288,2895,2914
2287,2895,2914
2286,2894,2913
2285,2894,2913
2284,2894,2913
2283,2894,2913
2282,2893,2913
2281,2893,2913
2280,2893,2912
2279,2892,2912
2278,2892,2912
2277,2892,2912
2276,2892,2912
2275,2891,2912
2274,2891,2911
2273,2891,2911
2272,2890,2911
2271,2890,2911
2270,2890,2911
2269,2890,2910
2268,2889,2910
2267,2889,2910
2266,2889,2910
2265,2888,2910
2264,2888,2909
2263,2888,2909
2262,2887,2909
2261,2887,2909
2260,2887,2908
2259,2886,2908
2258,2886,2908
2257,2886,2908
2256,2885,2907
2255,2885,2907
2254,2885,2907
2253,2884,2906
2252,2884,2906
2251,2884,2906
2250,2883,2906
2249,2883,2905
2248,2883,2905
2247,2882,2905
2246,2882,2904
2245,2881,2904
2244,2881,2904
2243,2881,2903
2242,2880,2903
2241,2880,2903
2240,2880,2902
2239,2879,2902
2238,2879,2902
2237,2878,2901
2236,2878,2901
2235,2878,2900
2234,2877,2900
2233,2877,2900
2232,2876,2899
2231,2876,2899
2230,2876,2898
2229,2875,2898
2228,2875,2898
2227,2874,2897
2226,2874,2897
2225,2874,2896
2224,2873,2896
2223,2873,2895
2222,2872,2895
2221,2872,2895
2220,2871,2894
2219,2871,2894
2218,2871,2893
2217,2870,2893
2216,2870,2892
2215,2869,2892
2214,2869,2891
2213,2868,2891
2212,2868,2890
2211,2867,2890
2210,2867,2889
2209,2867,2889
2208,2866,2888
2207,2866,2887
2206,2865,2887
2205,2865,2886
2204,2864,2886
2203,2864,2885
2202,2863,2885
2201,2863,2884
2200,2862,2883
2199,2862,2883
2198,2861,2882
2197,2861,2882
2196,2861,2881
2195,2860,2880
2194,2860,2880
2193,2859,2879
2192,2859,2879
2191,2858,2878
2190,2858,2877
2189,2857,2877
2188,2857,2876
2187,2856,2875
2186,2856,2875
2185,2855,2874
2184,2855,2873
2183,2854,2872
2182,2854,2872
2181,2853,2871
2180,2853,2870
2179,2852,2870
2178,2852,2869
2177,2851,2868
2176,2851,2867
2175,2850,2867
2174,2850,2866
2173,2849,2865
2172,2849,2864
2171,2848,2863
2170,2848,2863
2169,2847,2862
2168,2847,2861
2167,2846,2860
2166,2846,2859
