1854,2298,2324
1855,2278,2341
1856,2266,2350
1857,2256,2356
1858,2248,2359
1859,2240,2361
1860,2234,2360
1861,2227,2357
1862,2221,2350
1863,2216,2342
1864,2211,2331
1865,2206,2321
1866,2201,2311
1867,2196,2302
1868,2192,2294
1869,2187,2286
1870,2183,2279
1871,2179,2272
1872,2175,2265
1873,2172,2259
1874,2168,2253
1875,2164,2247
1876,2161,2242
1877,2157,2237
1878,2154,2232
1879,2150,2227
1880,2147,2222
1881,2144,2218
1882,2141,2213
1883,2138,2209
1884,2135,2205
1885,2132,2201
1886,2129,2197
1887,2126,2193
1888,2123,2189
1889,2120,2185
1890,2118,2182
1891,2115,2178
1892,2112,2175
1893,2110,2171
1894,2107,2168
1895,2105,2165
1896,2102,2161
1897,2100,2158
1898,2097,2155
1899,2095,2152
1900,2092,2149
1901,2090,2146
1902,2088,2143
1903,2085,2140
1904,2083,2137
1905,2081,2135
1906,2078,2132
1907,2076,2129
1908,2074,2126
1909,2072,2124
1910,2070,2121
1911,2067,2119
1912,2065,2116
1913,2063,2113
1914,2061,2111
1915,2059,2108
1916,2057,2106
1917,2055,2104
1918,2053,2101
1919,2051,2099
1920,2049,2096
1921,2047,2094
1922,2045,2092
1923,2043,2090
1924,2041,2087
3154,2297,2352
3153,2282,2364
3152,2271,2371
3151,2262,2375
3150,2254,2370
3149,2246,2347
3148,2239,2326
3147,2233,2311
3146,2227,2299
3145,2222,2289
3144,2216,2280
3143,2211,2272
3142,2207,2265
3141,2202,2258
3140,2197,2251
3139,2193,2245
3138,2189,2240
3137,2185,2234
3136,2181,2229
3135,2177,2224
3134,2173,2219
3133,2170,2214
3132,2166,2210
3131,2162,2205
3130,2159,2201
3129,2156,2197
3128,2152,2193
3127,2149,2189
3126,2146,2185
3125,2143,2182
3124,2140,2178
3123,2137,2174
3122,2134,2171
3121,2131,2167
3120,2128,2164
3119,2125,2161
3118,2122,2157
3117,2120,2154
3116,2117,2151
3115,2114,2148
3114,2112,2145
3113,2109,2142
3112,2107,2139
3111,2104,2136
3110,2102,2133
3109,2099,2131
3108,2097,2128
3107,2094,2125
3106,2092,2122
3105,2089,2120
3104,2087,2117
3103,2085,2115
3102,2083,2112
3101,2080,2110
3100,2078,2107
3099,2076,2105
3098,2074,2102
3097,2072,2100
3096,2069,2097
3095,2067,2095
3094,2065,2093
3093,2063,2090
3092,2061,2088
3091,2059,2086
3090,2057,2084
3089,2055,2081
3088,2053,2079
3087,2051,2077
3086,2049,2075
3085,2047,2073
3084,2045,2071
3083,2043,2069
3082,2041,2067
3081,2039,2064
3080,2038,2062
3079,2036,2060
3078,2034,2058
3077,2032,2056
3076,2030,2054
3075,2028,2053
3074,2027,2051
3073,2025,2049
3072,2023,2047
3071,2021,2045
3070,2020,2043
3069,2018,2041
3068,2016,2039
3067,2015,2037
3066,2013,2036
3065,2011,2034
3064,2010,2032
3063,2008,2030
3062,2006,2029
3061,2005,2027
3060,2003,2025
3059,2001,2023
3058,2000,2022
3057,1998,2020
3056,1997,2018
3055,1995,2017
3054,1994,2015
3053,1992,2013
3052,1991,2012
3051,1989,2010
3050,1988,2008
3049,1986,2007
3048,1985,2005
3047,1983,2004
3046,1982,2002
3045,1980,2000
3044,1979,1999
3043,1977,1997
3042,1976,1996
3041,1974,1994
3040,1973,1993
3039,1971,1991
3038,1970,1990
3037,1969,1988
3036,1967,1987
3035,1966,1985
3034,1964,1984
2426,1701,1709
2425,1701,1709
2424,1701,1709
2423,1701,1710
2422,1701,1710
2421,1702,1710
2420,1702,1710
2419,1702,1710
2418,1702,1710
2417,1702,1710
2416,1702,1711
2415,1702,1711
2414,1702,1711
2413,1703,1711
2412,1703,1711
2411,1703,1711
2410,1703,1711
2409,1703,1712
2408,1703,1712
2407,1703,1712
2406,1704,1712
2405,1704,1712
2404,1704,1712
2403,1704,1713
2402,1704,1713
2401,1704,1713
2400,1704,1713
2399,1705,1713
2398,1705,1713
2397,1705,1714
2396,1705,1714
2395,1705,1714
2394,1705,1714
2393,1706,1714
2392,1706,1715
2391,1706,1715
2390,1706,1715
2389,1706,1715
2388,1706,1715
2387,1707,1716
2386,1707,1716
2385,1707,1716
2384,1707,1716
2383,1707,1716
2382,1708,1717
2381,1708,1717
2380,1708,1717
2379,1708,1717
2378,1708,1717
2377,1708,1718
2376,1709,1718
2375,1709,1718
2374,1709,1718
2373,1709,1718
2372,1709,1719
2371,1710,1719
2370,1710,1719
2369,1710,1719
2368,1710,1720
2367,1710,1720
2366,1711,1720
2365,1711,1720
2364,1711,1721
2363,1711,1721
2362,1712,1721
2361,1712,1721
2360,1712,1721
2359,1712,1722
2358,1712,1722
2357,1713,1722
2356,1713,1722
2355,1713,1723
2354,1713,1723
2353,1714,1723
2352,1714,1723
2351,1714,1724
2350,1714,1724
2349,1714,1724
2348,1715,1725
2347,1715,1725
2346,1715,1725
2345,1715,1725
2344,1716,1726
2343,1716,1726
2342,1716,1726
2341,1716,1726
2340,1717,1727
2339,1717,1727
2338,1717,1727
2337,1717,1728
2336,1718,1728
2335,1718,1728
2334,1718,1728
2333,1718,1729
2332,1719,1729
2331,1719,1729
2330,1719,1730
2329,1720,1730
2328,1720,1730
2327,1720,1730
2326,1720,1731
2325,1721,1731
2324,1721,1731
2323,1721,1732
2322,1721,1732
2321,1722,1732
2320,1722,1733
2319,1722,1733
2318,1723,1733
2317,1723,1734
2316,1723,1734
2315,1723,1734
2314,1724,1735
2313,1724,1735
2312,1724,1735
2311,1725,1735
2310,1725,1736
2309,1725,1736
2308,1726,1736
2307,1726,1737
2306,1726,1737
2305,1726,1738
2304,1727,1738
2303,1727,1738
2302,1727,1739
2301,1728,1739
2300,1728,1739
2299,1728,1740
2298,1729,1740
2297,1729,1740
2296,1729,1741
2295,1730,1741
2294,1730,1741
2293,1730,1742
2292,1731,1742
2291,1731,1742
2290,1731,1743
2289,1732,1743
2288,1732,1744
2287,1732,1744
2286,1733,1744
2285,1733,1745
2284,1733,1745
2283,1734,1745
2282,1734,1746
2281,1734,1746
2280,1735,1747
2279,1735,1747
2278,1736,1747
2277,1736,1748
2276,1736,1748
2275,1737,1749
2274,1737,1749
2273,1737,1749
2272,1738,1750
2271,1738,1750
2270,1738,1751
2269,1739,1751
2268,1739,1751
2267,1740,1752
2266,1740,1752
2265,1740,1753
2264,1741,1753
2263,1741,1754
2262,1742,1754
2261,1742,1754
2260,1742,1755
2259,1743,1755
2258,1743,1756
2257,1743,1756
2256,1744,1757
2255,1744,1757
2254,1745,1757
2253,1745,1758
2252,1745,1758
2251,1746,1759
2250,1746,1759
2249,1747,1760
2248,1747,1760
2247,1748,1761
2246,1748,1761
2245,1748,1761
2244,1749,1762
2243,1749,1762
2242,1750,1763
2241,1750,1763
2240,1751,1764
2239,1751,1764
2238,1751,1765
2237,1752,1765
2236,1752,1766
2235,1753,1766
2234,1753,1767
2233,1754,1767
2232,1754,1768
2231,1754,1768
2230,1755,1769
2229,1755,1769
2228,1756,1770
2227,1756,1770
2226,1757,1771
2225,1757,1771
2224,1758,1772
2223,1758,1772
2222,1759,1773
2221,1759,1773
2220,1760,1774
2219,1760,1774
2218,1760,1775
2217,1761,1775
2216,1761,1776
2215,1762,1776
2214,1762,1777
2213,1763,1777
2212,1763,1778
2211,1764,1778
2210,1764,1779
2209,1765,1779
2208,1765,1780
2207,1766,1780
2206,1766,1781
2205,1767,1782
2204,1767,1782
2203,1768,1783
2202,1768,1783
2201,1769,1784
2200,1769,1784
2199,1770,1785
2198,1770,1785
2197,1771,1786
2196,1771,1787
2195,1772,1787
2194,1773,1788
2193,1773,1788
2192,1774,1789
2191,1774,1789
2190,1775,1790
2189,1775,1791
2188,1776,1791
2187,1776,1792
2186,1777,1792
2185,1777,1793
2184,1778,1794
2183,1778,1794
2182,1779,1795
2181,1780,1795
2180,1780,1796
2179,1781,1797
2178,1781,1797
2177,1782,1798
2176,1782,1798
2175,1783,1799
2174,1784,1800
2173,1784,1800
2172,1785,1801
2171,1785,1802
2170,1786,1802
2169,1786,1803
2168,1787,1803
2167,1788,1804
2166,1788,1805
2165,1789,1805
2164,1789,1806
2163,1790,1807
2162,1791,1807
2161,1791,1808
2160,1792,1809
2159,1792,1809
2158,1793,1810
2157,1794,1811
2156,1794,1811
2155,1795,1812
2154,1795,1813
2153,1796,1813
2152,1797,1814
2151,1797,1815
2150,1798,1815
2149,1799,1816
2148,1799,1817
2147,1800,1817
2146,1800,1818
2145,1801,1819
2144,1802,1819
2143,1802,1820
2519,2891,2899
2519,3238,3244
2519,1697,1704
1978,1956,1990
2518,2891,2899
2518,3238,3244
2518,1697,1704
1977,1958,1991
2517,2892,2899
2517,3238,3243
2517,1697,1704
1976,1959,1993
2516,2892,2898
2516,3239,3243
2516,1697,1704
1975,1960,1994
2515,2893,2897
2515,3240,3242
2515,1697,1704
1974,1962,1996
2514,2894,2897
2514,1697,1704
1973,1963,1997
1972,1964,1999
1971,1966,2000
1970,1967,2002
1969,1969,2003
1968,1970,2005
1967,1971,2007
1966,1973,2008
1965,1974,2010
1964,1976,2011
1963,1977,2013
1962,1979,2015
1961,1980,2016
1960,1981,2018
1959,1983,2020
1958,1984,2021
1957,1986,2023
1956,1987,2025
1955,1989,2027
1954,1990,2028
1953,1992,2030
1952,1994,2032
1951,1995,2034
1950,1997,2035
1949,1998,2037
1948,2000,2039
1947,2001,2041
1946,2003,2043
1945,2005,2045
1983,1950,1982
2524,2890,2901
2524,3240,3242
2524,1697,1704
1934,2023,2066
1984,1948,1981
2525,2890,2901
2525,1697,1704
1935,2021,2064
1985,1947,1979
2526,2889,2901
2526,1697,1704
2012,1915,1943
1936,2020,2062
1986,1946,1978
2527,2889,2901
2527,1697,1704
2013,1914,1942
1937,2018,2060
1987,1945,1976
2528,2889,2901
2528,1697,1704
2014,1913,1941
1938,2016,2058
1988,1943,1975
2529,2889,2901
2529,1697,1704
2015,1911,1940
1939,2015,2056
1989,1942,1974
2530,2889,2901
2530,1697,1704
2016,1910,1938
1940,2013,2054
1990,1941,1972
2531,2889,2901
2531,1697,1704
2017,1909,1937
1941,2011,2052
1991,1940,1971
2532,2889,2901
2532,1697,1704
2018,1908,1936
1942,2010,2050
2011,1916,1944
2552,2894,2896
2552,1698,1705
2038,1887,1913
2010,1917,1946
2551,2893,2897
2551,1698,1705
2037,1888,1914
2036,1889,1915
2035,1890,1916
2034,1891,1917
2033,1892,1918
2005,1923,1952
2546,2891,2900
2546,1698,1705
2032,1893,1920
1992,1938,1969
2533,2889,2901
2533,1697,1704
2019,1907,1935
1943,2008,2048
1993,1937,1968
2534,2889,2901
2534,1697,1704
2020,1906,1933
1944,2006,2046
1994,1936,1967
2535,2889,2901
2535,1697,1704
2021,1905,1932
1995,1935,1965
2536,2889,2901
2536,1697,1704
2022,1904,1931
1996,1933,1964
2537,2889,2901
2537,1697,1704
2023,1903,1930
1997,1932,1963
2538,2889,2901
2538,1697,1704
2024,1902,1929
1998,1931,1961
2539,2889,2901
2539,1698,1704
2025,1901,1928
1999,1930,1960
2540,2890,2901
2540,1698,1704
2026,1900,1926
2000,1929,1959
2541,2890,2901
2541,1698,1704
2027,1899,1925
2001,1927,1957
2542,2890,2901
2542,1698,1705
2028,1897,1924
2002,1926,1956
2543,2890,2900
2543,1698,1705
2029,1896,1923
2003,1925,1955
2544,2890,2900
2544,1698,1705
2030,1895,1922
2004,1924,1953
2545,2891,2900
2545,1698,1705
2031,1894,1921
1982,1951,1984
2523,2890,2900
2523,3239,3243
2523,1697,1704
2550,2893,2898
2550,1698,1705
2009,1918,1947
1933,2025,2068
1981,1952,1985
2522,2890,2900
2522,3238,3243
2522,1697,1704
2549,2892,2899
2549,1698,1705
2008,1919,1948
1932,2027,2070
1980,1954,1987
2521,2890,2900
2521,3238,3244
2521,1697,1704
2548,2892,2899
2548,1698,1705
2007,1920,1950
1931,2029,2072
1979,1955,1988
2520,2891,2900
2520,3238,3244
2520,1697,1704
2547,2891,2899
2547,1698,1705
2006,1922,1951
1930,2030,2074
1929,2032,2076
1928,2034,2079
1927,2036,2081
1926,2038,2083
1925,2040,2085
2039,1886,1912
2040,1885,1911
2041,1884,1910
2042,1883,1909
2043,1882,1907
2044,1881,1906
2045,1880,1905
2046,1879,1904
2047,1878,1903
2048,1878,1902
2049,1877,1901
2050,1876,1900
2051,1875,1899
2052,1874,1898
2053,1873,1897
2054,1872,1896
2055,1871,1895
2056,1870,1894
2057,1869,1893
2058,1868,1892
2059,1867,1891
2060,1866,1890
2061,1865,1889
2062,1865,1888
2063,1864,1887
2064,1863,1886
2065,1862,1885
2066,1861,1884
2067,1860,1883
2068,1859,1882
2069,1858,1881
2070,1857,1880
2071,1857,1879
2072,1856,1878
2073,1855,1877
2074,1854,1876
2075,1853,1875
2076,1852,1875
2077,1851,1874
2078,1851,1873
2079,1850,1872
2080,1849,1871
2081,1848,1870
2082,1847,1869
2083,1846,1868
2084,1846,1867
2085,1845,1866
2086,1844,1865
2087,1843,1865
2088,1842,1864
2089,1842,1863
2090,1841,1862
2091,1840,1861
2092,1839,1860
2093,1838,1859
2094,1838,1858
2095,1837,1858
2096,1836,1857
2097,1835,1856
2098,1834,1855
2099,1834,1854
2100,1833,1853
2101,1832,1852
2102,1831,1852
2103,1831,1851
2104,1830,1850
2105,1829,1849
2106,1828,1848
2107,1828,1848
2108,1827,1847
2109,1826,1846
2110,1825,1845
2111,1825,1844
2112,1824,1843
2113,1823,1843
2114,1822,1842
2115,1822,1841
2116,1821,1840
2117,1820,1840
2118,1819,1839
2119,1819,1838
2120,1818,1837
2121,1817,1836
2122,1817,1836
2123,1816,1835
2124,1815,1834
2125,1815,1833
2126,1814,1833
2127,1813,1832
2128,1812,1831
2129,1812,1830
2130,1811,1830
2131,1810,1829
2132,1810,1828
2133,1809,1827
2134,1808,1827
2135,1808,1826
2136,1807,1825
2137,1806,1824
2138,1806,1824
2139,1805,1823
2140,1804,1822
2141,1804,1822
2142,1803,1821
2427,1701,1709
2428,1701,1709
2429,1701,1709
2430,1700,1709
2431,1700,1708
2432,1700,1708
2433,1700,1708
2434,1700,1708
2435,1700,1708
2436,1700,1708
2437,1700,1708
2438,1700,1708
2439,1700,1708
2440,1699,1707
2441,1699,1707
2442,1699,1707
2443,1699,1707
2444,1699,1707
2445,1699,1707
2446,1699,1707
2447,1699,1707
2448,1699,1707
2449,1699,1706
2450,1699,1706
2451,1699,1706
2452,1698,1706
2453,1698,1706
2454,1698,1706
2455,1698,1706
2456,1698,1706
2457,1698,1706
2458,1698,1706
2459,1698,1706
2460,1698,1706
2461,1698,1705
2462,1698,1705
2463,1698,1705
2464,1698,1705
2465,1698,1705
2466,1698,1705
2467,1698,1705
2468,1697,1705
2469,1697,1705
2470,1697,1705
2471,1697,1705
2472,1697,1705
2473,1697,1705
2474,1697,1705
2475,1697,1705
2476,1697,1704
2477,1697,1704
2478,1697,1704
2479,1697,1704
2480,1697,1704
2481,1697,1704
2482,1697,1704
2483,1697,1704
2484,1697,1704
2485,1697,1704
2486,1697,1704
2487,1697,1704
2488,1697,1704
2489,1697,1704
2490,1697,1704
2491,1697,1704
2492,1697,1704
2493,1697,1704
2494,1697,1704
2495,1697,1704
2496,1697,1704
2497,1697,1704
2498,1697,1704
2499,1697,1704
2500,1697,1704
2501,1697,1704
2502,1697,1704
2503,1697,1704
2504,1697,1704
2505,1697,1704
2506,1697,1704
2507,1697,1704
2508,1697,1704
2509,1697,1704
2510,1697,1704
2511,1697,1704
2512,1697,1704
2513,1697,1704
2553,1698,1705
2554,1699,1705
2555,1699,1705
2556,1699,1705
2557,1699,1706
2558,1699,1706
2559,1699,1706
2560,1699,1706
2561,1699,1706
2562,1699,1706
2563,1699,1706
2564,1699,1706
2565,1699,1706
2566,1700,1706
2567,1700,1706
2568,1700,1706
2569,1700,1707
2570,1700,1707
2571,1700,1707
2572,1700,1707
2573,1700,1707
2574,1700,1707
2575,1700,1707
2576,1701,1707
2577,1701,1707
2578,1701,1708
2579,1701,1708
2580,1701,1708
2581,1701,1708
2582,1701,1708
2583,1701,1708
2584,1702,1708
2585,1702,1708
2586,1702,1708
2587,1702,1709
2588,1702,1709
2589,1702,1709
2590,1702,1709
2591,1702,1709
2592,1703,1709
2593,1703,1709
2594,1703,1710
2595,1703,1710
2596,1703,1710
2597,1703,1710
2598,1703,1710
2599,1704,1710
2600,1704,1710
2601,1704,1711
2602,1704,1711
2603,1704,1711
2604,1704,1711
2605,1704,1711
2606,1705,1711
2607,1705,1711
2608,1705,1712
2609,1705,1712
2610,1705,1712
2611,1705,1712
2612,1706,1712
2613,1706,1712
2614,1706,1713
2615,1706,1713
2616,1706,1713
2617,1706,1713
2618,1707,1713
2619,1707,1714
2620,1707,1714
2621,1707,1714
2622,1707,1714
2623,1707,1714
2624,1708,1714
2625,1708,1715
2626,1708,1715
2627,1708,1715
2628,1708,1715
2629,1709,1715
2630,1709,1716
2631,1709,1716
2632,1709,1716
2633,1709,1716
2634,1710,1716
2635,1710,1717
2636,1710,1717
2637,1710,1717
2638,1710,1717
2639,1711,1717
2640,1711,1718
2641,1711,1718
2642,1711,1718
2643,1711,1718
2644,1712,1719
2645,1712,1719
2646,1712,1719
2647,1712,1719
2648,1713,1719
2649,1713,1720
2650,1713,1720
2651,1713,1720
2652,1713,1720
2653,1714,1721
2654,1714,1721
2655,1714,1721
2656,1714,1721
2657,1715,1722
2658,1715,1722
2659,1715,1722
2660,1715,1722
2661,1716,1723
2662,1716,1723
2663,1716,1723
2664,1716,1723
2665,1717,1724
2666,1717,1724
2667,1717,1724
2668,1717,1724
2669,1718,1725
2670,1718,1725
2671,1718,1725
2672,1718,1725
2673,1719,1726
2674,1719,1726
2675,1719,1726
2676,1719,1727
2677,1720,1727
2678,1720,1727
2679,1720,1727
2680,1720,1728
2681,1721,1728
2682,1721,1728
2683,1721,1729
2684,1722,1729
2685,1722,1729
2686,1722,1729
2687,1722,1730
2688,1723,1730
2689,1723,1730
2690,1723,1731
2691,1724,1731
2692,1724,1731
2693,1724,1732
2694,1725,1732
2695,1725,1732
2696,1725,1732
2697,1725,1733
2698,1726,1733
2699,1726,1733
2700,1726,1734
2701,1727,1734
2702,1727,1734
2703,1727,1735
2704,1728,1735
2705,1728,1735
2706,1728,1736
2707,1729,1736
2708,1729,1736
2709,1729,1737
2710,1730,1737
2711,1730,1737
2712,1730,1738
2713,1730,1738
2714,1731,1738
2715,1731,1739
2716,1731,1739
2717,1732,1739
2718,1732,1740
2719,1733,1740
2720,1733,1740
2721,1733,1741
2722,1734,1741
2723,1734,1742
2724,1734,1742
2725,1735,1742
2726,1735,1743
2727,1735,1743
2728,1736,1743
2729,1736,1744
2730,1736,1744
2731,1737,1745
2732,1737,1745
2733,1737,1745
2734,1738,1746
2735,1738,1746
2736,1739,1746
2737,1739,1747
2738,1739,1747
2739,1740,1748
2740,1740,1748
2741,1740,1748
2742,1741,1749
2743,1741,1749
2744,1742,1750
2745,1742,1750
2746,1742,1750
2747,1743,1751
2748,1743,1751
2749,1744,1752
2750,1744,1752
2751,1744,1753
2752,1745,1753
2753,1745,1753
2754,1746,1754
2755,1746,1754
2756,1746,1755
2757,1747,1755
2758,1747,1756
2759,1748,1756
2760,1748,1756
2761,1749,1757
2762,1749,1757
2763,1749,1758
2764,1750,1758
2765,1750,1759
2766,1751,1759
2767,1751,1759
2768,1752,1760
2769,1752,1760
2770,1752,1761
2771,1753,1761
2772,1753,1762
2773,1754,1762
2774,1754,1763
2775,1755,1763
2776,1755,1764
2777,1756,1764
2778,1756,1765
2779,1756,1765
2780,1757,1766
2781,1757,1766
2782,1758,1766
2783,1758,1767
2784,1759,1767
2785,1759,1768
2786,1760,1768
2787,1760,1769
2788,1761,1769
2789,1761,1770
2790,1762,1770
2791,1762,1771
2792,1763,1771
2793,1763,1772
2794,1764,1772
2795,1764,1773
2796,1764,1773
2797,1765,1774
2798,1765,1774
2799,1766,1775
2800,1766,1776
2801,1767,1776
2802,1767,1777
2803,1768,1777
2804,1768,1778
2805,1769,1778
2806,1770,1779
2807,1770,1779
2808,1771,1780
2809,1771,1780
2810,1772,1781
2811,1772,1781
2812,1773,1782
2813,1773,1783
2814,1774,1783
2815,1774,1784
2816,1775,1784
2817,1775,1785
2818,1776,1785
2819,1776,1786
2820,1777,1786
2821,1777,1787
2822,1778,1788
2823,1779,1788
2824,1779,1789
2825,1780,1789
2826,1780,1790
2827,1781,1790
2828,1781,1791
2829,1782,1792
2830,1782,1792
2831,1783,1793
2832,1784,1793
2833,1784,1794
2834,1785,1795
2835,1785,1795
2836,1786,1796
2837,1787,1796
2838,1787,1797
2839,1788,1798
2840,1788,1798
2841,1789,1799
2842,1789,1800
2843,1790,1800
2844,1791,1801
2845,1791,1801
2846,1792,1802
2847,1792,1803
2848,1793,1803
2849,1794,1804
2850,1794,1805
2851,1795,1805
2852,1796,1806
2853,1796,1807
2854,1797,1807
2855,1797,1808
2856,1798,1808
2857,1799,1809
2858,1799,1810
2859,1800,1810
2860,1801,1811
2861,1801,1812
2862,1802,1812
2863,1803,1813
2864,1803,1814
2865,1804,1815
2866,1804,1815
2867,1805,1816
2868,1806,1817
2869,1806,1817
2870,1807,1818
2871,1808,1819
2872,1808,1819
2873,1809,1820
2874,1810,1821
2875,1810,1822
2876,1811,1822
2877,1812,1823
2878,1813,1824
2879,1813,1824
2880,1814,1825
2881,1815,1826
2882,1815,1827
2883,1816,1827
2884,1817,1828
2885,1817,1829
2886,1818,1830
2887,1819,1830
2888,1820,1831
2889,1820,1832
2890,1821,1833
2891,1822,1833
2892,1822,1834
2893,1823,1835
2894,1824,1836
2895,1825,1836
2896,1825,1837
2897,1826,1838
2898,1827,1839
2899,1828,1839
2900,1828,1840
2901,1829,1841
2902,1830,1842
2903,1831,1843
2904,1831,1843
2905,1832,1844
2906,1833,1845
2907,1834,1846
2908,1834,1847
2909,1835,1847
2910,1836,1848
2911,1837,1849
2912,1838,1850
2913,1838,1851
2914,1839,1852
2915,1840,1852
2916,1841,1853
2917,1842,1854
2918,1842,1855
2919,1843,1856
2920,1844,1857
2921,1845,1857
2922,1846,1858
2923,1847,1859
2924,1847,1860
2925,1848,1861
2926,1849,1862
2927,1850,1863
2928,1851,1864
2929,1852,1864
2930,1852,1865
2931,1853,1866
2932,1854,1867
2933,1855,1868
2934,1856,1869
2935,1857,1870
2936,1858,1871
2937,1858,1872
2938,1859,1873
2939,1860,1874
2940,1861,1874
2941,1862,1875
2942,1863,1876
2943,1864,1877
2944,1865,1878
2945,1866,1879
2946,1866,1880
2947,1867,1881
2948,1868,1882
2949,1869,1883
2950,1870,1884
2951,1871,1885
2952,1872,1886
2953,1873,1887
2954,1874,1888
2955,1875,1889
2956,1876,1890
2957,1877,1891
2958,1878,1892
2959,1879,1893
2960,1880,1894
2961,1880,1895
2962,1881,1896
2963,1882,1897
2964,1883,1898
2965,1884,1899
2966,1885,1900
2967,1886,1901
2968,1887,1902
2969,1888,1903
2970,1889,1904
2971,1890,1905
2972,1891,1906
2973,1892,1907
2974,1893,1908
2975,1894,1910
2976,1895,1911
2977,1897,1912
2978,1898,1913
2979,1899,1914
2980,1900,1915
2981,1901,1916
2982,1902,1917
2983,1903,1918
2984,1904,1920
2985,1905,1921
2986,1906,1922
2987,1907,1923
2988,1908,1924
2989,1909,1925
2990,1910,1926
2991,1912,1928
2992,1913,1929
2993,1914,1930
2994,1915,1931
2995,1916,1932
2996,1917,1933
2997,1918,1935
2998,1919,1936
2999,1921,1937
3000,1922,1938
3001,1923,1940
3002,1924,1941
3003,1925,1942
3004,1926,1943
3005,1928,1944
3006,1929,1946
3007,1930,1947
3008,1931,1948
3009,1932,1950
3010,1934,1951
3011,1935,1952
3012,1936,1953
3013,1937,1955
3014,1938,1956
3015,1940,1957
3016,1941,1959
3017,1942,1960
3018,1943,1961
3019,1945,1963
3020,1946,1964
3021,1947,1965
3022,1949,1967
3023,1950,1968
3024,1951,1969
3025,1952,1971
3026,1954,1972
3027,1955,1974
3028,1956,1975
3029,1958,1976
3030,1959,1978
3031,1960,1979
3032,1962,1981
3033,1963,1982
