2589,2887,2890
2590,2887,2891
2591,2886,2892
2592,2886,2892
2593,2885,2893
2594,2885,2893
2595,2884,2893
1906,2011,2027
1905,2012,2029
2540,3233,3234
1904,2013,2032
2539,3232,3235
1903,2014,2034
2538,3232,3236
1902,2015,2037
2537,3231,3237
1901,2016,2039
2536,3231,3237
1900,2017,2042
2535,3232,3237
1899,2019,2044
2534,3232,3237
1898,2020,2046
2533,3232,3237
1897,2021,2049
2532,3233,3236
1896,2022,2051
1895,2024,2054
1894,2025,2056
1893,2027,2059
1892,2028,2061
2653,2886,2889
1882,2044,2086
2652,2886,2890
1881,2045,2089
2651,2885,2890
1880,2047,2091
2650,2885,2891
1879,2049,2094
2649,2885,2891
1878,2051,2096
2648,2884,2892
1877,2052,2099
2654,2887,2889
1883,2042,2083
1884,2040,2081
1857,2093,2157
2628,2882,2895
1885,2039,2078
1858,2091,2154
2629,2882,2895
1886,2037,2076
2639,2883,2894
1868,2069,2124
1859,2089,2150
2630,2882,2895
1891,2030,2063
2644,2884,2893
1873,2060,2110
1890,2031,2066
2643,2883,2893
1872,2062,2113
1889,2033,2068
2642,2883,2893
1871,2064,2115
1888,2034,2071
2641,2883,2893
1870,2066,2118
1887,2036,2073
2640,2883,2894
1869,2067,2121
1860,2086,2147
2631,2882,2895
2632,2882,2895
1861,2084,2144
2633,2882,2895
1862,2082,2141
2634,2882,2895
1863,2080,2138
2635,2882,2894
1864,2078,2135
2645,2884,2893
1874,2058,2107
1865,2076,2132
2636,2882,2894
2646,2884,2892
1875,2056,2104
1866,2074,2130
2637,2883,2894
2647,2884,2892
1876,2054,2102
1867,2072,2127
2638,2883,2894
1907,2010,2024
1908,2009,2021
1909,2008,2018
1910,2008,2015
1911,2008,2012
2627,2882,2895
1856,2096,2160
2626,2882,2895
1855,2098,2163
2625,2882,2896
1854,2101,2166
2624,2882,2896
1853,2103,2169
2623,2882,2896
1852,2106,2173
2622,2882,2896
1851,2108,2176
2621,2882,2896
1850,2111,2179
2620,2882,2896
1849,2114,2183
2619,2882,2896
1848,2116,2186
2618,2882,2896
1847,2119,2189
2617,2882,2896
1846,2122,2193
2616,2882,2896
1845,2125,2196
2615,2882,2896
1844,2128,2199
2614,2882,2896
1843,2131,2203
2613,2882,2896
1842,2134,2206
2612,2882,2896
1841,2137,2209
2611,2882,2896
1840,2140,2213
2610,2882,2896
1839,2144,2216
2609,2882,2896
1838,2147,2219
2608,2882,2896
1837,2151,2222
2607,2882,2895
1836,2155,2226
2606,2882,2895
1835,2158,2228
2605,2882,2895
1834,2163,2231
2604,2883,2895
1833,2167,2234
2603,2883,2895
1832,2171,2236
2602,2883,2895
1831,2176,2238
2601,2883,2895
1830,2181,2240
2600,2883,2895
1829,2186,2241
2599,2883,2894
1828,2192,2242
2598,2884,2894
1827,2199,2242
2597,2884,2894
1826,2206,2241
2596,2884,2894
1825,2217,2236
