1864,2304,2371
1865,2290,2385
1866,2278,2396
1867,2269,2405
1868,2261,2413
1869,2253,2420
1870,2246,2426
1871,2240,2432
1872,2234,2437
1873,2228,2442
1874,2223,2447
1875,2218,2452
1876,2213,2456
1877,2208,2460
1878,2204,2464
1879,2199,2346
1879,2376,2468
1880,2195,2320
1880,2402,2471
1881,2191,2306
1881,2418,2474
1882,2187,2294
1882,2430,2477
1883,2183,2284
1883,2441,2480
1884,2179,2276
1884,2451,2482
1885,2175,2268
1885,2461,2484
1886,2172,2261
1886,2471,2484
1887,2168,2255
1888,2165,2248
1889,2161,2243
1890,2158,2237
1891,2155,2232
1892,2151,2227
1893,2148,2222
1894,2145,2217
1895,2142,2213
1896,2139,2208
1897,2136,2204
1898,2133,2200
1899,2130,2196
1900,2127,2192
1901,2125,2188
1902,2122,2184
1903,2119,2181
1904,2117,2177
1905,2114,2174
1906,2111,2170
1907,2109,2167
1908,2106,2164
1909,2104,2160
1910,2101,2157
1911,2099,2154
1912,2096,2151
1913,2094,2148
1914,2092,2145
1915,2089,2142
1916,2087,2139
1917,2085,2137
1918,2083,2134
1919,2080,2131
1920,2078,2128
1921,2076,2126
1922,2074,2123
1923,2072,2120
1924,2069,2118
1925,2067,2115
1926,2065,2113
1927,2063,2110
1928,2061,2108
1929,2059,2105
1930,2057,2103
1931,2055,2101
1932,2053,2098
1933,2051,2096
1934,2049,2094
1935,2047,2092
1936,2045,2089
1937,2043,2087
1938,2041,2085
1939,2040,2083
1940,2038,2081
1941,2036,2078
1942,2034,2076
1943,2032,2074
1944,2030,2072
1945,2029,2070
1946,2027,2068
1947,2025,2066
1948,2023,2064
1949,2022,2062
1950,2020,2060
1951,2018,2058
1952,2016,2056
1953,2015,2054
1954,2013,2052
1955,2011,2051
1956,2010,2049
1957,2008,2047
1958,2007,2045
1959,2005,2043
1960,2003,2041
1961,2002,2040
1962,2000,2038
1963,1999,2036
1964,1997,2034
1965,1995,2032
1966,1994,2031
1967,1992,2029
1968,1991,2027
1969,1989,2026
1970,1988,2024
1971,1986,2022
1972,1985,2021
1973,1983,2019
1974,1982,2017
1975,1980,2016
1976,1979,2014
1977,1977,2012
1978,1976,2011
1979,1974,2009
1980,1973,2008
1981,1972,2006
1982,1970,2005
1983,1969,2003
1984,1967,2001
1985,1966,2000
1986,1965,1998
1987,1963,1997
1988,1962,1995
1989,1961,1994
1990,1959,1992
1991,1958,1991
1992,1956,1990
1993,1955,1988
1994,1954,1987
1995,1953,1985
1996,1951,1984
1997,1950,1982
1998,1949,1981
1999,1947,1980
2000,1946,1978
2001,1945,1977
2002,1943,1975
2003,1942,1974
2004,1941,1973
2005,1940,1971
2006,1938,1970
2007,1937,1969
2008,1936,1967
2009,1935,1966
2010,1934,1965
2011,1932,1963
2012,1931,1962
2013,1930,1961
2014,1929,1959
2015,1928,1958
2016,1926,1957
2017,1925,1956
2018,1924,1954
2019,1923,1953
2020,1922,1952
2021,1921,1950
2022,1919,1949
2023,1918,1948
2024,1917,1947
2025,1916,1946
2026,1915,1944
2027,1914,1943
2028,1913,1942
2029,1911,1941
2030,1910,1940
2031,1909,1938
2032,1908,1937
2033,1907,1936
2034,1906,1935
2035,1905,1934
2036,1904,1933
2037,1903,1931
2038,1902,1930
2039,1901,1929
2040,1900,1928
2041,1898,1927
2042,1897,1926
2043,1896,1925
2044,1895,1923
2045,1894,1922
2046,1893,1921
2047,1892,1920
2048,1891,1919
2049,1890,1918
2050,1889,1917
2051,1888,1916
2052,1887,1915
2053,1886,1914
2054,1885,1913
2055,1884,1912
2056,1883,1910
2057,1882,1909
2058,1881,1908
2059,1880,1907
2060,1879,1906
2061,1878,1905
2062,1877,1904
2631,1704,1723
2632,1704,1723
2633,1705,1723
2634,1705,1723
2635,1705,1723
2636,1705,1724
2637,1705,1724
2638,1706,1724
2639,1706,1724
2640,1706,1724
2641,1706,1725
2642,1706,1725
2643,1706,1725
2644,1707,1725
2645,1707,1725
2646,1707,1726
2647,1707,1726
2648,1707,1726
2649,1708,1726
2650,1708,1726
2651,1708,1727
2652,1708,1727
2653,1709,1727
2654,1709,1727
2655,1709,1727
2656,1709,1728
2657,1709,1728
2658,1710,1728
2659,1710,1728
2660,1710,1729
2661,1710,1729
2662,1710,1729
2663,1711,1729
2664,1711,1730
2665,1711,1730
2666,1711,1730
2667,1712,1730
2668,1712,1731
2669,1712,1731
2670,1712,1731
2671,1713,1731
2672,1713,1731
2673,1713,1732
2674,1713,1732
2675,1714,1732
2676,1714,1733
2677,1714,1733
2678,1714,1733
2679,1715,1733
2680,1715,1734
2681,1715,1734
2682,1715,1734
2683,1716,1734
2684,1716,1735
2685,1716,1735
2686,1716,1735
2687,1717,1735
2688,1717,1736
2689,1717,1736
2690,1717,1736
2691,1718,1737
2692,1718,1737
2693,1718,1737
2694,1719,1737
2695,1719,1738
2696,1719,1738
2697,1719,1738
2698,1720,1739
2699,1720,1739
2700,1720,1739
2701,1721,1739
2702,1721,1740
2703,1721,1740
2704,1721,1740
2705,1722,1741
2706,1722,1741
2707,1722,1741
2708,1723,1742
2709,1723,1742
2710,1723,1742
2711,1724,1743
2712,1724,1743
2713,1724,1743
2714,1725,1744
2715,1725,1744
2716,1725,1744
2717,1725,1745
2718,1726,1745
2719,1726,1745
2720,1726,1746
2721,1727,1746
2722,1727,1746
2723,1727,1747
2724,1728,1747
2725,1728,1747
2726,1728,1748
2727,1729,1748
2728,1729,1748
2729,1729,1749
2730,1730,1749
2731,1730,1749
2732,1730,1750
2733,1731,1750
2734,1731,1750
2735,1732,1751
2736,1732,1751
2737,1732,1751
2738,1733,1752
2739,1733,1752
2740,1733,1753
2741,1734,1753
2742,1734,1753
2743,1734,1754
2744,1735,1754
2745,1735,1754
2746,1735,1755
2747,1736,1755
2748,1736,1756
2749,1737,1756
2750,1737,1756
2751,1737,1757
2752,1738,1757
2753,1738,1758
2754,1739,1758
2755,1739,1758
2756,1739,1759
2757,1740,1759
2758,1740,1760
2759,1740,1760
2760,1741,1760
2761,1741,1761
2762,1742,1761
2763,1742,1762
2764,1742,1762
2765,1743,1763
2766,1743,1763
2767,1744,1763
2768,1744,1764
2769,1745,1764
2770,1745,1765
2771,1745,1765
2772,1746,1766
2773,1746,1766
2774,1747,1766
2775,1747,1767
2776,1747,1767
2777,1748,1768
2778,1748,1768
2779,1749,1769
2780,1749,1769
2781,1750,1770
2782,1750,1770
2783,1751,1770
2784,1751,1771
2785,1751,1771
2786,1752,1772
2787,1752,1772
2788,1753,1773
2789,1753,1773
2790,1754,1774
2791,1754,1774
2792,1755,1775
2793,1755,1775
2794,1756,1776
2795,1756,1776
2796,1756,1777
2797,1757,1777
2798,1757,1778
2799,1758,1778
2800,1758,1779
2801,1759,1779
2802,1759,1780
2803,1760,1780
2804,1760,1781
2805,1761,1781
2806,1761,1782
2807,1762,1782
2808,1762,1783
2809,1763,1783
2810,1763,1784
2811,1764,1784
2812,1764,1785
2813,1765,1785
2814,1765,1786
2815,1766,1786
2816,1766,1787
2817,1767,1787
2818,1767,1788
2819,1768,1788
2820,1768,1789
2821,1769,1789
2822,1769,1790
2823,1770,1791
2824,1770,1791
2825,1771,1792
2826,1771,1792
2827,1772,1793
2828,1773,1793
2829,1773,1794
2830,1774,1794
2831,1774,1795
2832,1775,1796
2833,1775,1796
2834,1776,1797
2835,1776,1797
2836,1777,1798
2837,1777,1798
2838,1778,1799
2839,1779,1800
2840,1779,1800
2841,1780,1801
2842,1780,1801
2843,1781,1802
2844,1781,1803
2845,1782,1803
2846,1783,1804
2847,1783,1804
2848,1784,1805
2849,1784,1806
2850,1785,1806
2851,1785,1807
2852,1786,1807
2853,1787,1808
2854,1787,1809
2855,1788,1809
2856,1788,1810
2857,1789,1811
2858,1790,1811
2859,1790,1812
2860,1791,1813
2861,1791,1813
2862,1792,1814
2863,1793,1814
2864,1793,1815
2865,1794,1816
2866,1795,1816
2867,1795,1817
2868,1796,1818
2869,1796,1818
2870,1797,1819
2871,1798,1820
2872,1798,1820
2873,1799,1821
2874,1800,1822
2875,1800,1822
2876,1801,1823
2877,1802,1824
2878,1802,1824
2879,1803,1825
2880,1804,1826
2881,1804,1827
2882,1805,1827
2883,1806,1828
2884,1806,1829
2885,1807,1829
2886,1808,1830
2887,1808,1831
2888,1809,1831
2889,1810,1832
2890,1810,1833
2891,1811,1834
2892,1812,1834
2893,1812,1835
2894,1813,1836
2895,1814,1837
2896,1814,1837
2897,1815,1838
2898,1816,1839
2899,1817,1840
2900,1817,1840
2901,1818,1841
2902,1819,1842
2903,1819,1843
2904,1820,1843
2905,1821,1844
2906,1822,1845
2907,1822,1846
2908,1823,1846
2909,1824,1847
2910,1825,1848
2911,1825,1849
2912,1826,1850
2913,1827,1850
2914,1828,1851
3045,1960,1993
3046,1961,1995
3047,1962,1996
3048,1964,1998
3049,1965,1999
3050,1967,2001
3051,1968,2002
3052,1969,2004
3053,1971,2006
3054,1972,2007
3055,1974,2009
3056,1975,2010
3057,1976,2012
3058,1978,2014
3059,1979,2015
3060,1981,2017
3061,1982,2018
3062,1984,2020
3063,1985,2022
3064,1987,2023
3065,1988,2025
3066,1990,2027
3067,1991,2029
3068,1993,2030
3069,1994,2032
3070,1996,2034
3071,1997,2035
3072,1999,2037
3073,2000,2039
3074,2002,2041
3075,2004,2043
3076,2005,2045
3077,2007,2046
3078,2009,2048
3079,2010,2050
3080,2012,2052
3081,2013,2054
3082,2015,2056
3083,2017,2058
3084,2019,2060
3085,2020,2062
3086,2022,2064
3087,2024,2066
3088,2025,2068
3089,2027,2070
3090,2029,2072
3091,2031,2074
3092,2033,2076
3093,2034,2078
3094,2036,2080
3095,2038,2082
3096,2040,2084
3097,2042,2087
3171,2306,2363
3170,2290,2379
3169,2279,2389
3168,2269,2398
3167,2261,2406
3166,2253,2413
3165,2246,2419
3164,2240,2425
3163,2234,2430
3162,2228,2435
3161,2223,2439
3160,2218,2443
3159,2213,2447
3158,2208,2451
3157,2203,2454
3126,2104,2163
3125,2101,2160
3124,2099,2157
3123,2097,2154
3122,2094,2151
3121,2092,2148
3120,2090,2145
3119,2087,2142
3118,2085,2139
3117,2083,2136
3116,2080,2133
3115,2078,2131
3114,2076,2128
3113,2074,2125
3112,2072,2123
3111,2070,2120
3098,2044,2089
3099,2046,2091
3100,2047,2093
3101,2049,2096
3102,2051,2098
3103,2053,2100
3104,2055,2103
3105,2057,2105
3106,2059,2108
3107,2061,2110
3108,2063,2112
3109,2065,2115
3110,2068,2117
3127,2106,2167
3128,2109,2170
3129,2111,2173
3130,2114,2177
3131,2117,2180
3132,2119,2184
3133,2122,2188
3134,2125,2191
3135,2127,2195
3136,2130,2199
3137,2133,2203
3138,2136,2208
3139,2139,2212
3140,2142,2217
3141,2145,2221
3142,2148,2226
3143,2151,2231
3144,2154,2236
3145,2158,2242
3146,2161,2247
3147,2164,2254
3148,2168,2260
3149,2171,2267
3150,2175,2274
3151,2179,2282
3152,2183,2291
3153,2187,2302
3153,2441,2459
3154,2191,2315
3154,2424,2460
3155,2195,2332
3155,2403,2458
3156,2199,2456
3044,1958,1992
3043,1957,1990
3042,1956,1989
3041,1954,1988
3040,1953,1986
3039,1952,1985
3038,1950,1983
3037,1949,1982
3036,1948,1980
3035,1947,1979
3034,1945,1978
3033,1944,1976
3032,1943,1975
3031,1942,1973
3030,1940,1972
3029,1939,1971
3028,1938,1969
3027,1937,1968
3026,1935,1967
3025,1934,1965
3024,1933,1964
3023,1932,1963
3022,1931,1961
3021,1929,1960
3020,1928,1959
3019,1927,1957
3018,1926,1956
3017,1925,1955
3016,1923,1954
3015,1922,1952
3014,1921,1951
3013,1920,1950
3012,1919,1949
3011,1918,1947
3010,1917,1946
3009,1915,1945
3008,1914,1944
3007,1913,1943
3006,1912,1941
3005,1911,1940
3004,1910,1939
3003,1909,1938
3002,1908,1937
3001,1907,1935
3000,1905,1934
2999,1904,1933
2998,1903,1932
2997,1902,1931
2996,1901,1930
2995,1900,1928
2994,1899,1927
2993,1898,1926
2992,1897,1925
2991,1896,1924
2990,1895,1923
2989,1894,1922
2988,1893,1921
2987,1892,1920
2986,1891,1918
2985,1890,1917
2984,1889,1916
2983,1888,1915
2982,1887,1914
2981,1886,1913
2980,1885,1912
2979,1884,1911
2978,1883,1910
2977,1882,1909
2976,1881,1908
2975,1880,1907
2974,1879,1906
2973,1878,1905
2972,1877,1904
2971,1876,1903
2970,1875,1902
2969,1874,1901
2968,1873,1900
2967,1872,1899
2966,1871,1898
2965,1870,1897
2964,1870,1896
2963,1869,1895
2962,1868,1894
2961,1867,1893
2960,1866,1892
2959,1865,1891
2958,1864,1890
2957,1863,1889
2956,1862,1888
2955,1861,1887
2954,1860,1886
2953,1860,1885
2952,1859,1884
2951,1858,1883
2950,1857,1882
2949,1856,1881
2948,1855,1880
2947,1854,1879
2946,1853,1878
2945,1853,1878
2944,1852,1877
2943,1851,1876
2942,1850,1875
2941,1849,1874
2940,1848,1873
2939,1848,1872
2938,1847,1871
2937,1846,1870
2936,1845,1870
2935,1844,1869
2934,1843,1868
2933,1843,1867
2932,1842,1866
2931,1841,1865
2930,1840,1864
2929,1839,1864
2928,1839,1863
2927,1838,1862
2926,1837,1861
2925,1836,1860
2924,1835,1859
2923,1835,1858
2922,1834,1858
2921,1833,1857
2920,1832,1856
2919,1831,1855
2918,1831,1854
2917,1830,1854
2916,1829,1853
2915,1828,1852
2630,1704,1722
2629,1704,1722
2628,1704,1722
2627,1704,1722
2626,1703,1722
2625,1703,1722
2624,1703,1721
2623,1703,1721
2622,1703,1721
2621,1703,1721
2620,1702,1721
2619,1702,1721
2618,1702,1720
2617,1702,1720
2616,1702,1720
2615,1702,1720
2614,1701,1720
2613,1701,1720
2612,1701,1720
2611,1701,1719
2610,1701,1719
2609,1701,1719
2608,1701,1719
2607,1700,1719
2606,1700,1719
2605,1700,1719
2604,1700,1718
2603,1700,1718
2602,1700,1718
2601,1700,1718
2600,1700,1718
2599,1699,1718
2598,1699,1718
2597,1699,1717
2596,1699,1717
2595,1699,1717
2594,1699,1717
2593,1699,1717
2592,1699,1717
2591,1698,1717
2590,1698,1717
2589,1698,1717
2588,1698,1716
2587,1698,1716
2586,1698,1716
2585,1698,1716
2584,1698,1716
2583,1698,1716
2582,1697,1716
2581,1697,1716
2580,1697,1716
2579,1697,1715
2578,1697,1715
2577,1697,1715
2576,1697,1715
2575,1697,1715
2574,1697,1715
2573,1697,1715
2572,1697,1715
2571,1696,1715
2570,1696,1715
2569,1696,1715
2568,1696,1715
2567,1696,1714
2566,1696,1714
2565,1696,1714
2564,1696,1714
2563,1696,1714
2562,1696,1714
2561,1696,1714
2560,1696,1714
2559,1696,1714
2558,1696,1714
2557,1695,1714
2556,1695,1714
2555,1695,1714
2554,1695,1714
2553,1695,1713
2552,1695,1713
2551,1695,1713
2550,1695,1713
2549,1695,1713
2548,1695,1713
2547,1695,1713
2546,1695,1713
2545,1695,1713
2544,1695,1713
2543,1695,1713
2542,1695,1713
2541,1695,1713
2540,1695,1713
2539,1695,1713
2538,1695,1713
2537,1695,1713
2536,1695,1713
2535,1694,1713
2534,1694,1713
2533,1694,1713
2532,1694,1713
2531,1694,1713
2530,1694,1713
2529,1694,1713
2529,2897,2898
2528,1694,1713
2528,2896,2899
2527,1694,1713
2527,2895,2900
2526,1694,1713
2526,2894,2900
2525,1694,1713
2525,2894,2901
2524,1694,1713
2524,2893,2901
2523,1694,1713
2523,2893,2902
2522,1694,1713
2522,2893,2902
2521,1694,1713
2521,2892,2902
2520,1694,1713
2520,2892,2902
2519,1694,1713
2519,2892,2903
2518,1694,1713
2518,2892,2903
2518,3241,3243
2517,1694,1713
2517,2892,2903
2517,3240,3244
2516,1694,1713
2516,2892,2903
2516,3240,3245
2515,1694,1713
2515,2891,2903
2515,3239,3245
2514,1694,1713
2514,2891,2903
2514,3239,3245
2513,1694,1713
2513,2891,2903
2513,3239,3245
2512,1694,1713
2512,2891,2903
2512,3239,3245
2511,1694,1713
2511,2891,2903
2511,3240,3245
2510,1694,1713
2510,2891,2903
2510,3240,3244
2509,1694,1713
2509,2891,2903
2509,3241,3244
2508,1694,1713
2508,2891,2903
2507,1694,1713
2507,2891,2903
2506,1694,1713
2506,2891,2903
2505,1694,1713
2505,2891,2903
2504,1694,1713
2504,2892,2903
2503,1694,1713
2503,2892,2903
2502,1694,1713
2502,2892,2903
2501,1694,1713
2501,2892,2903
2500,1694,1713
2500,2892,2902
2499,1694,1713
2499,2892,2902
2498,1694,1713
2498,2893,2902
2497,1695,1713
2497,2893,2902
2496,1695,1713
2496,2893,2901
2495,1695,1713
2495,2894,2901
2494,1695,1713
2494,2894,2901
2493,1695,1713
2493,2895,2900
2492,1695,1713
2492,2895,2899
2491,1695,1713
2491,2896,2898
2490,1695,1713
2489,1695,1713
2488,1695,1713
2487,1695,1713
2486,1695,1713
2485,1695,1713
2484,1695,1713
2483,1695,1713
2482,1695,1714
2481,1695,1714
2480,1695,1714
2479,1695,1714
2478,1695,1714
2477,1695,1714
2476,1695,1714
2475,1696,1714
2474,1696,1714
2473,1696,1714
2472,1696,1714
2471,1696,1714
2470,1696,1714
2469,1696,1714
2468,1696,1714
2467,1696,1715
2466,1696,1715
2465,1696,1715
2464,1696,1715
2463,1696,1715
2462,1697,1715
2461,1697,1715
2460,1697,1715
2459,1697,1715
2458,1697,1715
2457,1697,1715
2456,1697,1716
2455,1697,1716
2454,1697,1716
2453,1697,1716
2452,1697,1716
2451,1698,1716
2450,1698,1716
2449,1698,1716
2448,1698,1716
2447,1698,1716
2446,1698,1717
2445,1698,1717
2444,1698,1717
2443,1698,1717
2442,1698,1717
2441,1699,1717
2440,1699,1717
2439,1699,1717
2438,1699,1718
2437,1699,1718
2436,1699,1718
2435,1699,1718
2434,1699,1718
2433,1700,1718
2432,1700,1718
2431,1700,1718
2430,1700,1719
2429,1700,1719
2428,1700,1719
2427,1700,1719
2426,1701,1719
2425,1701,1719
2424,1701,1719
2423,1701,1720
2422,1701,1720
2421,1701,1720
2420,1701,1720
2419,1702,1720
2418,1702,1720
2417,1702,1721
2416,1702,1721
2415,1702,1721
2414,1702,1721
2413,1702,1721
2412,1703,1721
2411,1703,1722
2410,1703,1722
2409,1703,1722
2408,1703,1722
2407,1703,1722
2406,1704,1722
2405,1704,1723
2404,1704,1723
2403,1704,1723
2402,1704,1723
2401,1705,1723
2400,1705,1723
2399,1705,1724
2398,1705,1724
2397,1705,1724
2396,1705,1724
2395,1706,1724
2394,1706,1725
2393,1706,1725
2392,1706,1725
2391,1706,1725
2390,1707,1725
2389,1707,1726
2388,1707,1726
2387,1707,1726
2386,1707,1726
2385,1708,1726
2384,1708,1727
2383,1708,1727
2382,1708,1727
2381,1708,1727
2380,1709,1728
2379,1709,1728
2378,1709,1728
2377,1709,1728
2376,1709,1728
2375,1710,1729
2374,1710,1729
2373,1710,1729
2372,1710,1729
2371,1711,1730
2370,1711,1730
2369,1711,1730
2368,1711,1730
2367,1712,1731
2366,1712,1731
2365,1712,1731
2364,1712,1731
2363,1712,1732
2362,1713,1732
2361,1713,1732
2360,1713,1732
2359,1713,1733
2358,1714,1733
2357,1714,1733
2356,1714,1733
2355,1714,1734
2354,1715,1734
2353,1715,1734
2352,1715,1734
2351,1715,1735
2350,1716,1735
2349,1716,1735
2348,1716,1736
2347,1717,1736
2346,1717,1736
2345,1717,1736
2344,1717,1737
2343,1718,1737
2342,1718,1737
2341,1718,1738
2340,1718,1738
2339,1719,1738
2338,1719,1738
2337,1719,1739
2336,1720,1739
2335,1720,1739
2334,1720,1740
2333,1720,1740
2332,1721,1740
2331,1721,1740
2330,1721,1741
2329,1722,1741
2328,1722,1741
2327,1722,1742
2326,1723,1742
2325,1723,1742
2324,1723,1743
2323,1723,1743
2322,1724,1743
2321,1724,1744
2320,1724,1744
2319,1725,1744
2318,1725,1745
2317,1725,1745
2316,1726,1745
2315,1726,1746
2314,1726,1746
2313,1727,1746
2312,1727,1747
2311,1727,1747
2310,1728,1747
2309,1728,1748
2308,1728,1748
2307,1729,1748
2306,1729,1749
2305,1729,1749
2304,1730,1749
2303,1730,1750
2302,1730,1750
2301,1731,1751
2300,1731,1751
2299,1731,1751
2298,1732,1752
2297,1732,1752
2296,1732,1752
2295,1733,1753
2294,1733,1753
2293,1734,1753
2292,1734,1754
2291,1734,1754
2290,1735,1755
2289,1735,1755
2288,1735,1755
2287,1736,1756
2286,1736,1756
2285,1736,1757
2284,1737,1757
2283,1737,1757
2282,1738,1758
2281,1738,1758
2280,1738,1759
2279,1739,1759
2278,1739,1759
2277,1740,1760
2276,1740,1760
2275,1740,1761
2274,1741,1761
2273,1741,1761
2272,1742,1762
2271,1742,1762
2270,1742,1763
2269,1743,1763
2268,1743,1763
2267,1744,1764
2266,1744,1764
2265,1744,1765
2264,1745,1765
2263,1745,1766
2262,1746,1766
2261,1746,1767
2260,1747,1767
2259,1747,1767
2258,1747,1768
2257,1748,1768
2256,1748,1769
2255,1749,1769
2254,1749,1770
2253,1750,1770
2252,1750,1771
2251,1750,1771
2250,1751,1771
2249,1751,1772
2248,1752,1772
2247,1752,1773
2246,1753,1773
2245,1753,1774
2244,1754,1774
2243,1754,1775
2242,1754,1775
2241,1755,1776
2240,1755,1776
2239,1756,1777
2238,1756,1777
2237,1757,1778
2236,1757,1778
2235,1758,1779
2234,1758,1779
2233,1759,1780
2232,1759,1780
2231,1760,1781
2230,1760,1781
2229,1761,1782
2228,1761,1782
2227,1762,1783
2226,1762,1783
2225,1763,1784
2224,1763,1784
2223,1764,1785
2222,1764,1785
2221,1765,1786
2220,1765,1786
2219,1766,1787
2218,1766,1787
2217,1767,1788
2216,1767,1788
2215,1768,1789
2214,1768,1790
2213,1769,1790
2212,1769,1791
2211,1770,1791
2210,1770,1792
2209,1771,1792
2208,1771,1793
2207,1772,1793
2206,1772,1794
2205,1773,1795
2204,1774,1795
2203,1774,1796
2202,1775,1796
2201,1775,1797
2200,1776,1797
2199,1776,1798
2198,1777,1799
2197,1777,1799
2196,1778,1800
2195,1778,1800
2194,1779,1801
2193,1780,1801
2192,1780,1802
2191,1781,1803
2190,1781,1803
2189,1782,1804
2188,1782,1804
2187,1783,1805
2186,1784,1806
2185,1784,1806
2184,1785,1807
2183,1785,1807
2182,1786,1808
2181,1787,1809
2180,1787,1809
2179,1788,1810
2178,1788,1811
2177,1789,1811
2176,1790,1812
2175,1790,1813
2174,1791,1813
2173,1791,1814
2172,1792,1814
2171,1793,1815
2170,1793,1816
2169,1794,1816
2168,1795,1817
2167,1795,1818
2166,1796,1818
2165,1796,1819
2164,1797,1820
2163,1798,1820
2162,1798,1821
2161,1799,1822
2160,1800,1822
2159,1800,1823
2158,1801,1824
2157,1802,1824
2156,1802,1825
2155,1803,1826
2154,1804,1826
2153,1804,1827
2152,1805,1828
2151,1806,1829
2150,1806,1829
2149,1807,1830
2148,1808,1831
2147,1808,1831
2146,1809,1832
2145,1810,1833
2144,1810,1834
2143,1811,1834
2142,1812,1835
2141,1812,1836
2140,1813,1836
2139,1814,1837
2138,1815,1838
2137,1815,1839
2136,1816,1839
2135,1817,1840
2134,1817,1841
2133,1818,1842
2132,1819,1842
2131,1820,1843
2130,1820,1844
2129,1821,1845
2128,1822,1846
2127,1822,1846
2126,1823,1847
2125,1824,1848
2124,1825,1849
2123,1825,1849
2122,1826,1850
2121,1827,1851
2120,1828,1852
2119,1828,1853
2118,1829,1853
2117,1830,1854
2116,1831,1855
2115,1832,1856
2114,1832,1857
2113,1833,1858
2112,1834,1858
2111,1835,1859
2110,1835,1860
2109,1836,1861
2108,1837,1862
2107,1838,1862
2106,1839,1863
2105,1839,1864
2104,1840,1865
2103,1841,1866
2102,1842,1867
2101,1843,1868
2100,1844,1868
2099,1844,1869
2098,1845,1870
2097,1846,1871
2096,1847,1872
2095,1848,1873
2094,1849,1874
2093,1849,1875
2092,1850,1876
2091,1851,1876
2090,1852,1877
2089,1853,1878
2088,1854,1879
2087,1855,1880
2086,1855,1881
2085,1856,1882
2084,1857,1883
2083,1858,1884
2082,1859,1885
2081,1860,1886
2080,1861,1887
2079,1862,1888
2078,1862,1888
2077,1863,1889
2076,1864,1890
2075,1865,1891
2074,1866,1892
2073,1867,1893
2072,1868,1894
2071,1869,1895
2070,1870,1896
2069,1871,1897
2068,1872,1898
2067,1873,1899
2066,1874,1900
2065,1874,1901
2064,1875,1902
2063,1876,1903
