2665,2880,2880
2666,2879,2881
2667,2878,2882
2668,2878,2882
2669,2877,2883
2670,2877,2883
2671,2876,2883
2672,2876,2883
2673,2875,2883
2674,2875,2883
2675,2875,2884
2676,2874,2884
2677,2874,2884
2678,2874,2884
2679,2874,2884
2680,2873,2884
2681,2873,2884
2682,2873,2884
2683,2872,2884
2684,2872,2884
2685,2872,2884
2686,2872,2884
2687,2871,2884
2688,2871,2884
2689,2871,2884
2690,2871,2884
2691,2870,2884
2692,2870,2884
2693,2870,2884
2694,2870,2884
2695,2869,2883
2696,2869,2883
2697,2869,2883
2698,2869,2883
2699,2868,2883
2700,2868,2883
2701,2868,2883
2702,2868,2883
2703,2867,2883
2704,2867,2883
2705,2867,2883
2706,2867,2882
2707,2866,2882
2708,2866,2882
2709,2866,2882
2710,2866,2882
2711,2866,2882
2712,2865,2882
2713,2865,2881
2714,2865,2881
2715,2865,2881
2716,2864,2881
2717,2864,2881
2718,2864,2881
2719,2863,2880
2720,2863,2880
2721,2863,2880
2722,2863,2880
2723,2862,2880
2724,2862,2879
2725,2862,2879
2726,2862,2879
2727,2861,2879
2728,2861,2879
2729,2861,2878
2730,2860,2878
2731,2860,2878
2732,2860,2878
2733,2860,2878
2734,2859,2877
2735,2859,2877
2736,2859,2877
2737,2858,2877
2738,2858,2876
2739,2858,2876
2740,2858,2876
2741,2857,2876
2742,2857,2875
2743,2857,2875
2744,2856,2875
2745,2856,2875
2746,2856,2874
2747,2855,2874
2748,2855,2874
2749,2855,2873
2750,2854,2873
2751,2854,2873
2752,2854,2873
2753,2853,2872
2754,2853,2872
2755,2853,2872
2756,2852,2871
2757,2852,2871
2758,2852,2871
2759,2851,2870
2760,2851,2870
2761,2850,2870
2762,2850,2869
2763,2850,2869
2764,2849,2869
2765,2849,2868
2766,2849,2868
2767,2848,2868
2768,2848,2867
2769,2847,2867
2770,2847,2867
2771,2847,2866
2772,2846,2866
2773,2846,2866
2774,2845,2865
2775,2845,2865
2776,2845,2865
2777,2844,2864
2778,2844,2864
2779,2843,2863
2780,2843,2863
2781,2843,2863
2782,2842,2862
2783,2842,2862
2784,2841,2861
2785,2841,2861
2786,2840,2861
2787,2840,2860
2788,2839,2860
2789,2839,2859
2790,2839,2859
2791,2838,2858
2792,2838,2858
2793,2837,2858
2794,2837,2857
2795,2836,2857
2796,2836,2856
2797,2835,2856
2798,2835,2855
2799,2834,2855
2800,2834,2854
2801,2833,2854
2802,2833,2853
2803,2832,2853
2804,2832,2852
2805,2831,2852
2806,2831,2851
2807,2830,2851
2808,2830,2850
2809,2829,2850
2810,2829,2849
2811,2828,2849
2812,2828,2848
2813,2827,2848
2814,2826,2847
2815,2826,2847
2816,2825,2846
2817,2825,2846
2818,2824,2845
2819,2824,2845
2820,2823,2844
2821,2822,2844
2822,2822,2843
2823,2821,2843
2824,2821,2842
2825,2820,2841
2826,2820,2841
2827,2819,2840
2828,2818,2840
2829,2818,2839
2830,2817,2839
2831,2817,2838
2832,2816,2837
2833,2815,2837
2834,2815,2836
2835,2814,2836
2836,2813,2835
2837,2813,2834
2838,2812,2834
2839,2812,2833
2840,2811,2833
2841,2810,2832
2842,2810,2831
2843,2809,2831
2844,2808,2830
2845,2808,2830
2846,2807,2829
2847,2806,2828
2848,2806,2828
2849,2805,2827
2850,2804,2826
2851,2804,2826
2852,2803,2825
2853,2802,2824
2854,2801,2824
2855,2801,2823
2856,2800,2822
2857,2799,2822
2858,2799,2821
2859,2798,2820
2860,2797,2820
2861,2796,2819
2862,2796,2818
2863,2795,2817
2864,2794,2817
2865,2793,2816
2866,2793,2815
2867,2792,2815
2868,2791,2814
2869,2790,2813
3029,2592,2625
3028,2594,2627
3027,2595,2629
3026,2597,2631
3025,2599,2633
3024,2601,2635
3023,2603,2637
3022,2605,2639
3021,2606,2640
3020,2608,2642
3019,2610,2644
3018,2612,2646
3017,2613,2648
3016,2615,2649
3015,2617,2651
3014,2619,2653
3013,2620,2654
3012,2622,2656
3011,2624,2658
3010,2625,2659
3009,2627,2661
3008,2629,2663
2986,2663,2696
2871,2789,2812
2985,2665,2697
2870,2790,2812
2984,2666,2698
2983,2668,2700
2982,2669,2701
2547,3227,3229
2981,2671,2702
2546,3226,3230
2980,2672,2704
2545,3226,3231
2979,2673,2705
2544,3226,3231
2978,2675,2706
2543,3226,3231
2977,2676,2708
2542,3226,3231
3056,2548,2553
2976,2678,2709
2541,3227,3231
3055,2548,2558
2991,2656,2689
2876,2785,2808
2973,2682,2713
2974,2680,2711
2975,2679,2710
2540,3228,3230
3054,2548,2562
2990,2657,2690
2875,2786,2809
2989,2659,2691
2874,2787,2809
2988,2660,2693
2873,2787,2810
2987,2662,2694
2872,2788,2811
2992,2654,2687
2877,2784,2807
2993,2653,2686
2878,2783,2806
2994,2651,2684
2879,2782,2806
2995,2650,2683
2880,2782,2805
2996,2648,2681
2881,2781,2804
2997,2647,2680
2882,2780,2803
2998,2645,2678
2883,2779,2803
2999,2643,2677
2884,2778,2802
3000,2642,2675
1803,2190,2210
2885,2778,2801
3001,2640,2674
1804,2181,2214
2886,2777,2800
3002,2639,2672
1805,2174,2215
2887,2776,2799
3003,2637,2671
1806,2169,2216
2888,2775,2799
3004,2635,2669
1807,2164,2215
2889,2774,2798
3005,2634,2668
1808,2159,2215
2890,2773,2797
3006,2632,2666
1809,2154,2213
2891,2772,2796
3007,2630,2664
1810,2150,2212
2892,2771,2795
3030,2590,2623
3031,2588,2621
3032,2586,2619
3033,2584,2617
3034,2583,2615
3035,2581,2613
3036,2579,2611
3037,2577,2608
3038,2575,2606
3039,2573,2604
3040,2571,2602
3041,2569,2599
3042,2568,2597
3043,2566,2594
3044,2564,2592
3045,2562,2589
3046,2560,2587
3047,2559,2584
3048,2557,2581
3049,2555,2578
3050,2554,2575
3051,2552,2572
3052,2551,2569
3053,2549,2566
2972,2683,2714
2971,2685,2715
2970,2686,2716
2969,2687,2718
2968,2689,2719
2967,2690,2720
2966,2691,2721
2965,2693,2723
2964,2694,2724
2963,2695,2725
2962,2697,2726
2961,2698,2727
2960,2699,2729
2959,2700,2730
2958,2702,2731
2957,2703,2732
2956,2704,2733
2955,2705,2734
2954,2707,2735
2953,2708,2737
2952,2709,2738
2951,2710,2739
2950,2712,2740
2949,2713,2741
2948,2714,2742
2947,2715,2743
1864,2046,2048
2946,2716,2744
1863,2044,2054
2945,2717,2745
1862,2043,2058
2944,2719,2746
1861,2044,2062
2943,2720,2748
1860,2044,2066
2942,2721,2749
1859,2045,2069
2941,2722,2750
1858,2046,2072
2940,2723,2751
1857,2047,2075
2939,2724,2752
1856,2048,2078
2938,2726,2753
1855,2049,2082
2937,2727,2754
1854,2050,2085
2936,2728,2755
1853,2052,2088
2935,2729,2756
1852,2053,2091
2934,2730,2757
1851,2054,2094
2933,2731,2758
1850,2056,2097
2932,2732,2759
1849,2057,2100
2931,2733,2760
1848,2059,2103
2930,2734,2761
1847,2060,2106
2929,2735,2762
1846,2062,2109
2928,2737,2763
1845,2064,2112
2927,2738,2764
1844,2065,2115
2926,2739,2765
1843,2067,2118
2925,2740,2766
1842,2069,2121
2924,2741,2767
1841,2070,2124
2923,2742,2768
1840,2072,2127
2922,2743,2769
1839,2074,2130
2921,2744,2770
1838,2076,2133
2920,2745,2771
1837,2078,2136
2919,2746,2772
1836,2080,2139
2918,2747,2773
1835,2082,2142
2917,2748,2773
1834,2084,2145
2916,2749,2774
1833,2086,2148
2915,2750,2775
1832,2088,2151
2914,2751,2776
1831,2090,2155
2913,2752,2777
1830,2092,2158
2912,2753,2778
1829,2095,2161
2911,2754,2779
1828,2097,2164
2910,2755,2780
1827,2099,2167
2909,2756,2781
1826,2102,2170
2908,2757,2782
1825,2104,2173
2907,2758,2783
1824,2107,2176
2906,2759,2783
1823,2109,2179
2905,2760,2784
1822,2112,2182
2904,2761,2785
1821,2115,2185
2903,2762,2786
1820,2117,2188
2902,2762,2787
1819,2120,2191
2901,2763,2788
1818,2123,2193
2900,2764,2789
1817,2126,2196
2899,2765,2790
1816,2129,2199
2898,2766,2790
1815,2132,2201
2897,2767,2791
1814,2136,2204
2896,2768,2792
1813,2139,2206
2895,2769,2793
1812,2143,2208
2894,2770,2794
1811,2146,2210
2893,2771,2795
