1872,2314,2383
1873,2299,2397
1874,2288,2409
1875,2278,2418
1876,2270,2427
1877,2262,2434
1878,2255,2441
1879,2249,2448
1880,2243,2454
1881,2237,2459
1882,2231,2465
1883,2226,2470
1884,2221,2475
1885,2216,2479
1886,2212,2484
1887,2207,2488
1888,2203,2492
2341,1733,1733
2340,1733,1733
2339,1733,1734
2338,1734,1734
2337,1734,1735
2336,1734,1735
2335,1734,1736
2334,1734,1736
2333,1735,1736
2332,1735,1737
2331,1735,1737
2330,1735,1738
2329,1736,1738
2328,1736,1738
2327,1736,1739
2326,1736,1739
2325,1737,1740
2324,1737,1740
2323,1737,1740
2322,1737,1741
2321,1738,1741
2320,1738,1742
2319,1738,1742
2318,1738,1742
2317,1739,1743
2316,1739,1743
2315,1739,1744
2314,1740,1744
2313,1740,1744
2312,1740,1745
2311,1741,1745
2310,1741,1746
2309,1741,1746
2308,1741,1746
2307,1742,1747
2306,1742,1747
2305,1742,1748
2304,1743,1748
2303,1743,1748
2302,1743,1749
2301,1744,1749
2300,1744,1750
2299,1744,1750
2298,1745,1750
2297,1745,1751
2296,1745,1751
2295,1746,1752
2294,1746,1752
2293,1746,1753
2292,1747,1753
2291,1747,1753
2290,1747,1754
2289,1748,1754
2288,1748,1755
2287,1749,1755
2286,1749,1756
2285,1749,1756
2284,1750,1757
2283,1750,1757
2282,1750,1757
2281,1751,1758
2280,1751,1758
2279,1751,1759
2278,1752,1759
2277,1752,1760
2276,1753,1760
2275,1753,1761
2274,1753,1761
2273,1754,1761
2272,1754,1762
2271,1755,1762
2270,1755,1763
2269,1755,1763
2268,1756,1764
2267,1756,1764
2266,1757,1765
2265,1757,1765
2264,1757,1766
2263,1758,1766
2262,1758,1767
2261,1759,1767
2260,1759,1768
2259,1759,1768
2258,1760,1769
2257,1760,1769
2256,1761,1770
2255,1761,1770
2254,1762,1771
2253,1762,1771
2252,1762,1772
2251,1763,1772
2250,1763,1773
2249,1764,1773
2248,1764,1774
2247,1765,1774
2246,1765,1775
2245,1766,1775
2244,1766,1776
2243,1766,1776
2242,1767,1777
2241,1767,1777
2240,1768,1778
2239,1768,1778
2238,1769,1779
2237,1769,1779
2236,1770,1780
2235,1770,1780
2234,1771,1781
2233,1771,1781
2232,1772,1782
2231,1772,1783
2230,1773,1783
2229,1773,1784
2228,1774,1784
2227,1774,1785
2226,1775,1785
2225,1775,1786
2224,1776,1786
2223,1776,1787
2222,1777,1788
2221,1777,1788
2220,1778,1789
2219,1778,1789
2218,1779,1790
2217,1779,1790
2216,1780,1791
2215,1780,1792
2214,1781,1792
2213,1781,1793
2212,1782,1793
2211,1782,1794
2210,1783,1794
2209,1783,1795
2208,1784,1796
3009,1920,1925
1900,2468,2535
1900,2159,2237
3008,1919,1923
1899,2463,2532
1899,2162,2242
3007,1918,1922
1898,2456,2529
1898,2165,2248
2512,3241,3245
1917,2541,2580
1917,2111,2166
3026,1937,1947
2485,2893,2905
3053,1969,1986
1944,2622,2629
1944,2052,2093
2513,3242,3244
1918,2544,2582
1918,2108,2163
3027,1938,1949
2486,2893,2905
3054,1970,1988
1945,2625,2630
1945,2050,2091
1919,2547,2584
1919,2106,2160
3028,1939,1950
2487,2893,2905
1920,2551,2587
1920,2103,2156
3029,1940,1951
2488,2893,2905
1921,2554,2589
1921,2101,2153
3030,1941,1953
2489,2893,2905
1922,2557,2591
1922,2098,2150
3031,1943,1954
2490,2893,2905
1923,2560,2593
1923,2096,2147
3032,1944,1955
2491,2893,2905
1924,2563,2595
1924,2094,2144
3033,1945,1957
2492,2893,2905
1925,2567,2597
1925,2092,2141
3034,1946,1958
2493,2893,2905
1926,2570,2599
1926,2089,2139
3035,1947,1960
2494,2893,2905
1927,2573,2601
1927,2087,2136
3036,1948,1961
2495,2893,2905
2496,2893,2905
2497,2893,2905
2498,2893,2905
2499,2893,2905
2500,2893,2905
2501,2894,2904
2502,2894,2904
2503,2894,2904
2504,2894,2904
2504,3241,3244
2505,2895,2903
2505,3240,3245
2506,2895,2903
2506,3240,3245
2507,2895,2903
2507,3240,3246
2508,2896,2902
2508,3240,3246
2509,2896,2902
2509,3240,3246
2510,2897,2901
2510,3240,3246
2511,2898,2900
2511,3240,3245
1946,2048,2089
3055,1971,1989
1947,2046,2086
3056,1973,1991
1948,2044,2084
3057,1974,1992
1949,2042,2082
3058,1975,1994
1950,2041,2080
3059,1977,1995
1951,2039,2078
3060,1978,1997
1952,2037,2076
3061,1979,1999
1953,2035,2073
3062,1981,2000
1954,2033,2071
3063,1982,2002
1955,2032,2069
3064,1983,2004
1956,2030,2067
3065,1985,2005
1957,2028,2065
3066,1986,2007
1958,2026,2063
3067,1988,2009
1959,2025,2061
3068,1989,2010
1960,2023,2059
3069,1990,2012
1961,2021,2057
3070,1992,2014
1962,2020,2055
3071,1993,2015
1963,2018,2054
3072,1995,2017
1964,2016,2052
3073,1996,2019
1965,2015,2050
3074,1997,2021
1966,2013,2048
3075,1999,2022
1967,2011,2046
3076,2000,2024
1968,2010,2044
3077,2002,2026
1969,2008,2042
3078,2003,2028
1970,2006,2041
3079,2005,2030
1971,2005,2039
3080,2006,2031
1972,2003,2037
3081,2008,2033
1973,2002,2035
3082,2009,2035
1974,2000,2033
3083,2011,2037
1975,1999,2032
3084,2012,2039
1976,1997,2030
3085,2014,2041
1977,1996,2028
3086,2015,2043
1978,1994,2027
3087,2017,2044
1979,1993,2025
3088,2019,2046
1980,1991,2023
3089,2020,2048
1981,1990,2021
3090,2022,2050
1982,1988,2020
3091,2023,2052
1983,1987,2018
3092,2025,2054
1984,1985,2017
3093,2027,2056
1985,1984,2015
3094,2028,2058
2081,1874,1894
2082,1873,1893
2083,1872,1892
2084,1871,1891
3004,1916,1918
1895,2436,2519
1895,2176,2269
2098,1859,1878
3003,1915,1916
1894,2428,2515
1894,2179,2277
2097,1860,1879
3002,1914,1915
1893,2418,2512
1893,2183,2286
2096,1860,1880
2095,1861,1880
2094,1862,1881
2093,1863,1882
2092,1864,1883
2091,1865,1884
2090,1866,1885
2089,1867,1886
2088,1867,1887
2087,1868,1888
2086,1869,1889
2085,1870,1890
3005,1916,1919
1896,2443,2522
1896,2172,2261
2099,1858,1877
2473,2898,2901
1905,2493,2549
1905,2143,2212
3014,1925,1931
3041,1954,1968
1932,2587,2611
1932,2076,2122
1999,1964,1993
3108,2053,2089
3006,1917,1921
1897,2450,2525
1897,2169,2255
2100,1857,1876
2474,2897,2902
1906,2498,2552
1906,2140,2207
3015,1926,1933
3042,1955,1970
1933,2590,2613
1933,2074,2120
2000,1963,1992
3109,2054,2091
2475,2896,2902
1907,2502,2555
1907,2137,2203
3016,1927,1934
3043,1957,1971
1934,2593,2614
1934,2072,2117
2001,1961,1990
3110,2056,2094
2476,2896,2903
1908,2507,2558
1908,2135,2199
3017,1928,1935
3044,1958,1973
1935,2596,2616
1935,2070,2115
2002,1960,1989
3111,2058,2096
2477,2895,2903
1909,2511,2560
1909,2132,2195
3018,1929,1936
3045,1959,1974
1936,2599,2618
1936,2068,2112
2003,1959,1987
3112,2060,2098
2478,2895,2903
1910,2515,2563
1910,2129,2191
3019,1930,1938
3046,1960,1976
1937,2601,2619
1937,2066,2110
2004,1958,1986
3113,2062,2101
2479,2895,2904
1911,2519,2565
1911,2126,2187
3020,1931,1939
3047,1961,1977
1938,2604,2621
1938,2064,2107
2005,1956,1984
3114,2064,2103
2480,2894,2904
1912,2523,2568
1912,2124,2184
3021,1932,1940
3048,1963,1978
1939,2607,2623
1939,2062,2105
2006,1955,1983
3115,2066,2106
2481,2894,2904
1913,2526,2570
1913,2121,2180
3022,1933,1942
3049,1964,1980
1940,2610,2624
1940,2060,2102
2007,1954,1981
3116,2068,2108
2482,2894,2904
1914,2530,2573
1914,2118,2176
3023,1934,1943
3050,1965,1982
1941,2613,2625
1941,2058,2100
2008,1952,1980
3117,2070,2111
2031,1925,1950
3140,2121,2181
3167,2207,2466
2058,1896,1918
2030,1926,1951
3139,2118,2178
3166,2203,2469
2057,1897,1919
2029,1927,1952
3138,2116,2174
3165,2199,2472
2056,1898,1920
2028,1928,1953
3137,2114,2170
3164,2195,2475
2055,1899,1921
2027,1929,1955
3136,2111,2167
3163,2191,2336
3163,2395,2477
2054,1900,1922
2026,1930,1956
3135,2109,2164
1904,2489,2547
1904,2146,2216
3013,1924,1930
3040,1953,1967
1931,2584,2609
1931,2078,2125
1903,2484,2544
1903,2149,2221
3012,1923,1929
3039,1952,1965
1930,2581,2607
1930,2080,2127
1902,2479,2541
1902,2152,2226
3011,1922,1927
3038,1951,1964
1929,2579,2605
1929,2083,2130
1901,2474,2538
1901,2155,2231
3010,1921,1926
3037,1949,1962
1928,2576,2603
1928,2085,2133
2032,1923,1948
3141,2123,2185
3168,2211,2463
2059,1895,1917
2033,1922,1947
3142,2126,2189
3169,2216,2459
2060,1894,1916
2034,1921,1946
3143,2129,2193
3170,2221,2455
2061,1893,1915
2035,1920,1945
3144,2131,2197
3171,2225,2451
2062,1892,1914
1915,2534,2575
1915,2116,2173
3024,1935,1944
2483,2894,2905
3051,1966,1983
1942,2616,2627
1942,2056,2098
3172,2230,2447
2063,1891,1913
1916,2537,2578
1916,2113,2169
3025,1936,1946
2484,2894,2905
3052,1968,1985
1943,2618,2628
1943,2054,2095
3173,2236,2442
2064,1890,1911
2012,1947,1974
3121,2078,2121
2011,1949,1976
3120,2076,2119
2010,1950,1977
3119,2074,2116
3146,2137,2206
2037,1918,1942
2009,1951,1979
3118,2072,2113
3145,2134,2201
2036,1919,1943
2053,1901,1923
3162,2187,2316
3162,2416,2479
2080,1875,1895
2052,1902,1925
3161,2184,2303
3161,2432,2481
2079,1876,1896
2051,1903,1926
3160,2180,2292
3160,2445,2482
2078,1876,1897
2050,1904,1927
3159,2177,2282
3159,2458,2481
2077,1877,1898
2049,1905,1928
3158,2173,2274
2076,1878,1899
2048,1906,1929
3157,2170,2266
2075,1879,1900
2047,1907,1930
3156,2166,2259
2074,1880,1901
2046,1908,1931
3155,2163,2252
3182,2311,2372
2073,1881,1902
2045,1909,1933
3154,2160,2246
3181,2296,2386
2072,1882,1903
2044,1910,1934
3153,2157,2240
3180,2285,2397
2071,1883,1904
2043,1911,1935
3152,2154,2235
3179,2276,2406
2070,1884,1905
2042,1912,1936
3151,2151,2229
3178,2268,2413
2069,1885,1906
2041,1913,1937
3150,2148,2224
3177,2260,2420
2068,1886,1907
2040,1915,1939
3149,2145,2219
3176,2253,2426
2067,1887,1908
2039,1916,1940
3148,2142,2215
3175,2247,2432
2066,1888,1909
2038,1917,1941
3147,2139,2210
3174,2241,2437
2065,1889,1910
1998,1965,1995
3107,2051,2087
3134,2106,2160
2025,1932,1957
1997,1967,1996
3106,2049,2084
3133,2104,2157
2024,1933,1958
1996,1968,1998
3105,2047,2082
3132,2102,2154
2023,1934,1960
1995,1970,1999
3104,2045,2080
3131,2099,2151
2022,1935,1961
1994,1971,2001
3103,2044,2078
3130,2097,2147
2021,1936,1962
1993,1972,2002
3102,2042,2075
3129,2095,2144
2020,1937,1964
1992,1974,2004
3101,2040,2073
3128,2093,2141
2019,1939,1965
1991,1975,2005
3100,2038,2071
3127,2091,2138
2018,1940,1966
1990,1977,2007
3099,2037,2069
3126,2088,2135
2017,1941,1968
1989,1978,2008
3098,2035,2067
3125,2086,2133
2016,1942,1969
1988,1979,2010
3097,2033,2065
3124,2084,2130
2015,1944,1970
1987,1981,2012
3096,2032,2062
3123,2082,2127
2014,1945,1972
1986,1982,2013
3095,2030,2060
3122,2080,2124
2013,1946,1973
1892,2408,2508
1892,2187,2297
1891,2394,2504
1891,2191,2310
1890,2374,2500
1890,2194,2330
1889,2199,2496
2101,1856,1875
2102,1855,1874
2103,1855,1873
2104,1854,1872
2105,1853,1871
2106,1852,1870
2107,1851,1870
2108,1850,1869
2109,1850,1868
2110,1849,1867
2111,1848,1866
2112,1847,1865
2113,1846,1864
2114,1846,1863
2115,1845,1863
2116,1844,1862
2117,1843,1861
2118,1842,1860
2119,1842,1859
2120,1841,1858
2121,1840,1857
2122,1839,1857
2123,1839,1856
2124,1838,1855
2125,1837,1854
2126,1836,1853
2127,1836,1852
2128,1835,1852
2129,1834,1851
2130,1833,1850
2131,1833,1849
2132,1832,1848
2133,1831,1848
2134,1830,1847
2135,1830,1846
2136,1829,1845
2137,1828,1844
2138,1827,1844
2139,1827,1843
2140,1826,1842
2141,1825,1841
2142,1825,1841
2143,1824,1840
2144,1823,1839
2145,1823,1838
2146,1822,1837
2147,1821,1837
2148,1820,1836
2149,1820,1835
2150,1819,1834
2151,1818,1834
2152,1818,1833
2153,1817,1832
2154,1816,1832
2155,1816,1831
2156,1815,1830
2157,1814,1829
2158,1814,1829
2159,1813,1828
2160,1812,1827
2161,1812,1826
2162,1811,1826
2163,1810,1825
2164,1810,1824
2165,1809,1824
2166,1808,1823
2167,1808,1822
2168,1807,1821
2169,1807,1821
2170,1806,1820
2171,1805,1819
2172,1805,1819
2173,1804,1818
2174,1803,1817
2175,1803,1817
2176,1802,1816
2177,1802,1815
2178,1801,1815
2179,1800,1814
2180,1800,1813
2181,1799,1813
2182,1799,1812
2183,1798,1811
2184,1797,1811
2185,1797,1810
2186,1796,1809
2187,1796,1809
2188,1795,1808
2189,1794,1807
2190,1794,1807
2191,1793,1806
2192,1793,1806
2193,1792,1805
2194,1792,1804
2195,1791,1804
2196,1790,1803
2197,1790,1802
2198,1789,1802
2199,1789,1801
2200,1788,1801
2201,1788,1800
2202,1787,1799
2203,1787,1799
2204,1786,1798
2205,1785,1797
2206,1785,1797
2207,1784,1796
