3221,2454,2532
1951,2195,2276
3222,2447,2530
1952,2192,2271
1979,2139,2147
1978,2138,2153
1977,2139,2158
1976,2139,2162
3245,2404,2443
1975,2140,2167
3244,2395,2453
1974,2142,2171
3243,2390,2461
1973,2143,2175
3223,2440,2529
1953,2189,2266
3224,2433,2527
1954,2186,2261
3225,2426,2525
1955,2183,2256
3226,2419,2523
1956,2180,2251
3227,2413,2521
1957,2177,2246
3228,2407,2519
1958,2175,2241
3229,2402,2517
1959,2172,2237
3230,2397,2514
1960,2170,2232
3231,2393,2512
1961,2167,2227
3220,2461,2533
1950,2199,2281
3219,2469,2533
1949,2202,2286
3242,2386,2468
1972,2145,2180
2480,3238,3239
3218,2477,2534
1948,2206,2291
3241,2383,2474
1971,2146,2184
2479,3236,3240
3217,2485,2534
1947,2209,2296
3240,2381,2479
1970,2148,2188
2478,3235,3241
3216,2493,2533
1946,2213,2301
3239,2380,2484
1969,2150,2192
2477,3235,3241
3215,2503,2532
1945,2217,2306
3238,2379,2488
1968,2152,2197
2476,3234,3241
3214,2516,2526
1944,2222,2310
3237,2379,2492
1967,2154,2201
2475,3234,3241
1943,2226,2314
3236,2380,2496
1966,2156,2205
2474,3234,3240
1942,2231,2317
3235,2381,2499
1965,2158,2210
2473,3234,3240
1941,2236,2320
1940,2241,2322
1939,2247,2323
1938,2254,2323
1937,2261,2322
1936,2271,2318
1964,2160,2214
2472,3234,3240
3234,2383,2503
1935,2284,2310
1963,2162,2218
2471,3234,3239
3233,2386,2506
1962,2165,2223
2470,3235,3238
3232,2389,2509
