2723,1738,1738
2724,1738,1738
2725,1738,1739
2726,1739,1739
2727,1739,1739
2728,1739,1740
2729,1740,1740
2730,1740,1741
2731,1740,1741
2732,1741,1741
2733,1741,1742
2734,1741,1742
2735,1742,1743
2736,1742,1743
2737,1743,1743
2738,1743,1744
2739,1743,1744
2740,1744,1745
2741,1744,1745
2742,1744,1746
2743,1745,1746
2744,1745,1746
2745,1745,1747
2462,1700,1703
2461,1700,1703
2460,1700,1703
2459,1700,1703
2458,1700,1703
2457,1700,1703
2456,1700,1703
2455,1700,1703
2454,1700,1703
2453,1701,1703
2452,1701,1703
2451,1701,1704
2450,1701,1704
2449,1701,1704
2448,1701,1704
2447,1701,1704
2446,1701,1704
2445,1701,1704
2444,1701,1704
2443,1701,1704
2442,1701,1705
2441,1701,1705
2440,1701,1705
2439,1702,1705
2438,1702,1705
2437,1702,1705
2436,1702,1705
2435,1702,1705
2434,1702,1706
2433,1702,1706
2432,1702,1706
2431,1702,1706
2430,1702,1706
2429,1702,1706
2428,1703,1706
2427,1703,1706
2426,1703,1707
2425,1703,1707
2424,1703,1707
2423,1703,1707
2422,1703,1707
2421,1703,1707
2420,1703,1707
2419,1704,1708
2418,1704,1708
2417,1704,1708
2416,1704,1708
2415,1704,1708
2414,1704,1708
2413,1704,1709
2412,1704,1709
2411,1705,1709
2410,1705,1709
2409,1705,1709
2408,1705,1709
2407,1705,1710
2406,1705,1710
2405,1705,1710
2404,1705,1710
2403,1706,1710
2402,1706,1710
2401,1706,1711
2400,1706,1711
2399,1706,1711
2398,1706,1711
2397,1706,1711
2396,1707,1712
2395,1707,1712
2394,1707,1712
2393,1707,1712
2392,1707,1712
2391,1707,1713
2390,1708,1713
2389,1708,1713
2388,1708,1713
2387,1708,1713
2386,1708,1714
2385,1708,1714
2384,1709,1714
2383,1709,1714
2382,1709,1714
2381,1709,1715
2380,1709,1715
2379,1709,1715
2378,1710,1715
2377,1710,1715
2376,1710,1716
2375,1710,1716
2374,1710,1716
2373,1711,1716
2372,1711,1717
2371,1711,1717
2370,1711,1717
2369,1711,1717
2368,1711,1717
2367,1712,1718
2366,1712,1718
2365,1712,1718
2364,1712,1718
2363,1713,1719
2362,1713,1719
2361,1713,1719
2360,1713,1719
2359,1713,1720
2358,1714,1720
2357,1714,1720
2356,1714,1720
2355,1714,1721
2354,1714,1721
2353,1715,1721
2352,1715,1721
2351,1715,1722
2350,1715,1722
2349,1716,1722
2348,1716,1723
2347,1716,1723
2346,1716,1723
2345,1716,1723
2344,1717,1724
2343,1717,1724
2342,1717,1724
2341,1717,1724
2340,1718,1725
2339,1718,1725
2338,1718,1725
2337,1718,1726
2336,1719,1726
2335,1719,1726
2334,1719,1726
2333,1719,1727
2332,1720,1727
2331,1720,1727
2330,1720,1728
2329,1720,1728
2328,1721,1728
2327,1721,1729
2326,1721,1729
2325,1722,1729
2324,1722,1729
2323,1722,1730
2322,1722,1730
2321,1723,1730
2320,1723,1731
2319,1723,1731
2318,1723,1731
2317,1724,1732
2316,1724,1732
2315,1724,1732
2314,1725,1733
2313,1725,1733
2312,1725,1733
2311,1725,1734
2310,1726,1734
2309,1726,1734
2308,1726,1735
2307,1727,1735
2306,1727,1735
2305,1727,1736
2304,1728,1736
2303,1728,1736
2302,1728,1737
2301,1728,1737
2300,1729,1737
2299,1729,1738
2298,1729,1738
2297,1730,1739
2296,1730,1739
2295,1730,1739
2294,1731,1740
2293,1731,1740
2292,1731,1740
2291,1732,1741
2290,1732,1741
2289,1732,1741
2288,1733,1742
2287,1733,1742
2286,1733,1743
2285,1734,1743
2284,1734,1743
2283,1734,1744
2282,1735,1744
2281,1735,1745
2280,1735,1745
2279,1736,1745
2278,1736,1746
2277,1736,1746
2276,1737,1747
2275,1737,1747
2274,1738,1747
2273,1738,1748
2272,1738,1748
2271,1739,1749
2270,1739,1749
2269,1739,1749
2268,1740,1750
2267,1740,1750
2266,1740,1751
2265,1741,1751
2264,1741,1751
2263,1742,1752
2262,1742,1752
2261,1742,1753
2260,1743,1753
2259,1743,1754
2258,1744,1754
2257,1744,1754
2256,1744,1755
2255,1745,1755
2254,1745,1756
2253,1746,1756
2252,1746,1757
2251,1746,1757
2250,1747,1758
2249,1747,1758
2248,1748,1758
2247,1748,1759
2246,1748,1759
2245,1749,1760
2244,1749,1760
2243,1750,1761
2242,1750,1761
2241,1750,1762
2240,1751,1762
2239,1751,1763
2238,1752,1763
2237,1752,1764
2236,1753,1764
2235,1753,1765
2234,1753,1765
2233,1754,1766
2232,1754,1766
2231,1755,1767
2230,1755,1767
2229,1756,1768
2228,1756,1768
2227,1757,1769
2226,1757,1769
2225,1757,1770
2224,1758,1770
2223,1758,1771
2222,1759,1771
2221,1759,1772
2220,1760,1772
2219,1760,1773
2218,1761,1773
2217,1761,1774
2216,1762,1774
2215,1762,1775
2214,1763,1775
2213,1763,1776
2212,1764,1776
2211,1764,1777
2210,1765,1777
2209,1765,1778
2208,1766,1778
2207,1766,1779
2206,1767,1779
2205,1767,1780
2204,1768,1781
2203,1768,1781
2202,1769,1782
2201,1769,1782
2200,1770,1783
2199,1770,1783
2198,1771,1784
2197,1771,1784
2196,1772,1785
2195,1772,1786
2194,1773,1786
2193,1773,1787
2192,1774,1787
2191,1774,1788
2190,1775,1789
2189,1775,1789
2188,1776,1790
2187,1776,1790
2186,1777,1791
2185,1777,1791
2184,1778,1792
2183,1778,1793
2182,1779,1793
2181,1780,1794
2180,1780,1794
2179,1781,1795
2048,1877,1901
2047,1878,1902
2046,1879,1903
2045,1880,1904
2044,1881,1905
3153,2312,2332
2043,1882,1906
3152,2290,2350
2042,1883,1907
3151,2277,2357
2041,1884,1908
3150,2267,2355
2040,1885,1909
3149,2258,2342
2039,1885,1910
3148,2250,2325
2038,1886,1911
3147,2243,2312
2037,1887,1913
3146,2236,2300
2036,1888,1914
3145,2230,2290
2035,1889,1915
3144,2225,2281
2034,1890,1916
3143,2219,2273
2033,1891,1917
3142,2214,2265
2032,1893,1918
3141,2209,2258
2031,1894,1919
3140,2204,2252
2030,1895,1920
3139,2200,2246
2029,1896,1922
3138,2195,2240
2028,1897,1923
3137,2191,2234
2027,1898,1924
3136,2187,2229
2026,1899,1925
3135,2183,2224
2025,1900,1926
3134,2179,2219
2024,1901,1927
3133,2175,2214
2023,1902,1928
3132,2172,2210
2022,1903,1930
3131,2168,2206
2021,1904,1931
3130,2164,2201
2020,1905,1932
3129,2161,2197
2019,1906,1933
3128,2158,2193
2018,1907,1934
3127,2154,2189
2017,1908,1936
3126,2151,2185
2016,1909,1937
3125,2148,2181
2015,1910,1938
3124,2145,2178
2014,1912,1939
3123,2142,2174
2013,1913,1941
3122,2139,2171
2012,1914,1942
3121,2136,2167
2011,1915,1943
3120,2133,2164
2010,1916,1944
3119,2130,2161
2009,1917,1946
3118,2127,2157
2008,1918,1947
3117,2124,2154
2007,1919,1948
3116,2121,2151
2006,1921,1949
3115,2119,2148
2005,1922,1951
3114,2116,2145
2004,1923,1952
3113,2113,2142
2003,1924,1953
3112,2111,2139
2002,1925,1954
3111,2108,2136
2001,1926,1956
3110,2106,2133
2000,1928,1957
3109,2103,2130
1999,1929,1958
3108,2101,2128
1998,1930,1960
3107,2098,2125
1997,1931,1961
3106,2096,2122
1996,1932,1962
3105,2093,2120
1995,1934,1964
3104,2091,2117
1994,1935,1965
3103,2089,2114
1993,1936,1967
3102,2086,2112
1992,1937,1968
3101,2084,2109
1991,1938,1969
3100,2082,2107
1990,1940,1971
3099,2080,2104
1989,1941,1972
3098,2077,2102
1988,1942,1973
3097,2075,2099
1987,1943,1975
3096,2073,2097
1986,1945,1976
3095,2071,2095
1985,1946,1978
3094,2069,2092
1984,1947,1979
3093,2067,2090
1983,1949,1981
3092,2065,2088
1982,1950,1982
3091,2062,2085
1981,1951,1984
3090,2060,2083
1950,1995,2034
3059,2004,2023
1949,1997,2035
3058,2003,2021
1948,1998,2037
3057,2001,2019
1947,2000,2039
3056,2000,2017
1946,2001,2041
3055,1998,2016
1945,2003,2043
3054,1997,2014
1944,2005,2045
3053,1995,2012
1943,2006,2046
3052,1993,2011
1942,2008,2048
3051,1992,2009
1941,2010,2050
3050,1990,2008
1940,2011,2052
3049,1989,2006
1939,2013,2054
3048,1987,2004
1938,2015,2056
3047,1986,2003
1937,2016,2058
3046,1984,2001
1936,2018,2060
3045,1983,2000
1935,2020,2062
3044,1981,1998
1922,2043,2090
3031,1963,1978
1923,2041,2087
3032,1965,1980
1924,2040,2085
3033,1966,1981
1925,2038,2083
3034,1967,1983
1926,2036,2081
3035,1969,1984
1927,2034,2079
3036,1970,1986
1928,2032,2077
3037,1971,1987
1929,2030,2074
3038,1973,1989
1930,2029,2072
3039,1974,1990
1931,2027,2070
3040,1976,1992
1932,2025,2068
3041,1977,1993
1933,2023,2066
3042,1979,1995
1934,2021,2064
3043,1980,1996
1951,1994,2032
3060,2006,2024
1952,1992,2030
3061,2008,2026
1953,1991,2028
3062,2009,2028
1954,1989,2027
3063,2011,2030
1955,1988,2025
3064,2013,2031
1956,1986,2023
3065,2014,2033
1957,1985,2021
3066,2016,2035
1958,1983,2020
3067,2018,2037
1959,1982,2018
3068,2019,2039
1960,1980,2016
3069,2021,2040
1961,1979,2015
3070,2023,2042
1962,1977,2013
3071,2025,2044
1963,1976,2011
3072,2026,2046
1964,1974,2010
3073,2028,2048
1965,1973,2008
3074,2030,2050
1966,1971,2006
3075,2032,2052
1967,1970,2005
3076,2034,2054
1968,1969,2003
3077,2035,2056
1969,1967,2002
3078,2037,2058
1970,1966,2000
3079,2039,2060
1971,1964,1999
3080,2041,2062
1972,1963,1997
3081,2043,2064
1973,1962,1996
3082,2045,2066
1974,1960,1994
3083,2047,2068
1975,1959,1992
3084,2048,2070
1976,1958,1991
3085,2050,2072
1977,1956,1989
3086,2052,2074
1978,1955,1988
3087,2054,2077
1979,1954,1986
3088,2056,2079
1980,1952,1985
3089,2058,2081
2049,1876,1900
2050,1875,1899
2051,1874,1898
2052,1873,1897
2053,1872,1896
2054,1871,1895
2055,1870,1894
2056,1869,1893
2057,1868,1891
2058,1867,1890
2059,1867,1889
2060,1866,1888
2061,1865,1888
2062,1864,1887
2063,1863,1886
2064,1862,1885
2065,1861,1884
2066,1860,1883
2067,1859,1882
2068,1859,1881
2069,1858,1880
2070,1857,1879
2071,1856,1878
2072,1855,1877
2073,1854,1876
2074,1853,1875
2075,1853,1874
2076,1852,1873
2077,1851,1872
2078,1850,1871
2079,1849,1870
2080,1848,1869
2081,1848,1869
2082,1847,1868
2083,1846,1867
2084,1845,1866
2085,1844,1865
2086,1843,1864
2087,1843,1863
2088,1842,1862
2089,1841,1861
2090,1840,1861
2091,1839,1860
2092,1839,1859
2093,1838,1858
2094,1837,1857
2095,1836,1856
2096,1836,1855
2097,1835,1854
2098,1834,1854
2099,1833,1853
2100,1832,1852
2101,1832,1851
2102,1831,1850
2103,1830,1849
2104,1829,1849
2105,1829,1848
2106,1828,1847
2107,1827,1846
2108,1826,1845
2109,1826,1845
2110,1825,1844
2111,1824,1843
2112,1823,1842
2113,1823,1841
2114,1822,1840
2115,1821,1840
2116,1821,1839
2117,1820,1838
2118,1819,1837
2119,1818,1837
2120,1818,1836
2121,1817,1835
2122,1816,1834
2123,1816,1833
2124,1815,1833
2125,1814,1832
2126,1814,1831
2127,1813,1830
2128,1812,1830
2129,1812,1829
2130,1811,1828
2131,1810,1827
2132,1809,1827
2133,1809,1826
2134,1808,1825
2135,1807,1825
2136,1807,1824
2137,1806,1823
2138,1805,1822
2139,1805,1822
2140,1804,1821
2141,1804,1820
2142,1803,1819
2143,1802,1819
2144,1802,1818
2145,1801,1817
2146,1800,1817
2147,1800,1816
2148,1799,1815
2149,1798,1815
2150,1798,1814
2151,1797,1813
2152,1797,1813
2153,1796,1812
2154,1795,1811
2155,1795,1810
2156,1794,1810
2157,1793,1809
2158,1793,1808
2159,1792,1808
2160,1792,1807
2161,1791,1807
2162,1790,1806
2163,1790,1805
2164,1789,1805
2165,1789,1804
2166,1788,1803
2167,1788,1803
2168,1787,1802
2169,1786,1801
2170,1786,1801
2171,1785,1800
2172,1785,1799
2173,1784,1799
2174,1783,1798
2175,1783,1798
2176,1782,1797
2177,1782,1796
2178,1781,1796
2463,1700,1702
2464,1700,1702
2465,1700,1702
2466,1700,1702
2467,1700,1702
2468,1700,1702
2469,1700,1702
2470,1700,1702
2471,1700,1702
2472,1700,1702
2473,1700,1702
2474,1700,1702
2475,1700,1702
2476,1700,1701
2477,1700,1701
2478,1700,1701
2479,1700,1701
2480,1700,1701
2481,1699,1701
2482,1699,1701
2483,1699,1701
2484,1699,1701
2485,1699,1701
2486,1699,1701
2487,1699,1701
2488,1699,1701
2489,1699,1701
2490,1699,1701
2491,1699,1701
2492,1699,1701
2493,1699,1701
2494,1699,1700
2495,1699,1700
2496,1699,1700
2497,1700,1700
2498,1700,1700
2499,1700,1700
2500,1700,1700
2501,1700,1700
2502,1700,1700
2503,1700,1700
2504,1700,1700
2505,1700,1700
2506,1700,1700
2507,1700,1700
2508,1700,1700
2509,1700,1700
2510,1700,1700
2511,1700,1700
2512,1700,1700
2513,1700,1700
2514,1700,1700
1921,2045,2092
3030,1962,1977
1920,2047,2094
3029,1960,1976
1919,2049,2097
3028,1959,1974
1918,2051,2099
3027,1958,1973
1917,2053,2101
3026,1956,1971
1916,2055,2104
3025,1955,1970
1915,2057,2106
3024,1954,1968
1914,2059,2109
3023,1953,1967
1913,2061,2111
3022,1951,1966
1912,2063,2114
3021,1950,1964
1911,2065,2116
3020,1949,1963
1910,2068,2119
3019,1947,1962
1909,2070,2121
3018,1946,1960
1908,2072,2124
3017,1945,1959
1907,2074,2127
3016,1944,1958
1906,2076,2129
3015,1942,1956
1905,2078,2132
3014,1941,1955
1904,2081,2135
3013,1940,1954
1903,2083,2138
3012,1939,1952
1902,2085,2141
3011,1937,1951
1901,2088,2143
3010,1936,1950
1900,2090,2146
3009,1935,1948
1899,2092,2149
3008,1934,1947
1898,2095,2152
3007,1933,1946
1897,2097,2155
3006,1931,1945
1896,2100,2159
3005,1930,1943
1895,2102,2162
3004,1929,1942
1894,2105,2165
3003,1928,1941
1893,2107,2168
3002,1927,1940
1892,2110,2172
3001,1925,1938
1891,2112,2175
3000,1924,1937
1890,2115,2179
2999,1923,1936
1889,2118,2182
2998,1922,1935
1888,2121,2186
2997,1921,1934
1887,2123,2189
2996,1920,1932
1886,2126,2193
2995,1919,1931
1885,2129,2197
2994,1917,1930
1884,2132,2201
2993,1916,1929
1883,2135,2205
2992,1915,1928
1882,2138,2209
2991,1914,1926
1881,2141,2214
2990,1913,1925
1880,2144,2218
2989,1912,1924
1879,2147,2222
2988,1911,1923
1878,2151,2227
2987,1910,1922
1877,2154,2232
2986,1909,1921
1876,2157,2237
2985,1908,1919
1875,2161,2242
2984,1906,1918
1874,2164,2248
2983,1905,1917
1873,2168,2253
2982,1904,1916
1872,2172,2259
2981,1903,1915
1871,2176,2265
2980,1902,1914
1870,2180,2272
2979,1901,1913
1869,2184,2278
2978,1900,1912
1868,2188,2286
2977,1899,1910
1867,2192,2293
2976,1898,1909
1866,2197,2301
2975,1897,1908
1865,2201,2310
2974,1896,1907
1864,2206,2319
2973,1895,1906
1863,2211,2329
2972,1894,1905
1862,2216,2338
2971,1893,1904
1861,2222,2346
2970,1892,1903
1860,2228,2351
2969,1891,1902
1859,2235,2354
2968,1890,1901
1858,2242,2355
2967,1889,1900
1857,2249,2353
2966,1888,1899
1856,2258,2350
2965,1887,1898
1855,2268,2343
2964,1886,1897
1854,2282,2333
2963,1885,1896
2520,3238,3244
2520,2891,2899
2521,3238,3244
2521,2891,2899
2522,3238,3243
2522,2890,2900
2523,3238,3243
2523,2890,2900
2524,3239,3242
2524,2890,2900
2519,3238,3244
2519,2891,2899
2518,3238,3243
2518,2892,2898
2517,3239,3243
2517,2892,2898
2516,3239,3243
2516,2893,2897
2515,3240,3241
2515,2894,2896
2535,2889,2901
2536,2889,2901
2537,2889,2901
2538,2889,2901
2539,2889,2901
2540,2889,2901
2541,2889,2901
2542,2890,2901
2543,2890,2901
2544,2890,2900
2545,2890,2900
2546,2890,2900
2547,2891,2900
2548,2891,2899
2549,2891,2899
2550,2892,2899
2551,2892,2898
2552,2893,2898
2553,2893,2897
2554,2895,2896
2534,2889,2901
2533,2889,2901
2532,2889,2901
2531,2889,2901
2530,2889,2901
2529,2889,2901
2528,2889,2901
2527,2889,2901
2526,2890,2901
2525,2890,2900
2779,1759,1762
2780,1760,1763
2781,1760,1763
2782,1761,1764
2783,1761,1764
2784,1762,1765
2785,1762,1765
2786,1763,1766
2787,1763,1766
2788,1764,1767
2789,1764,1767
2790,1765,1768
2791,1765,1768
2792,1765,1769
2793,1766,1769
2794,1766,1770
2795,1767,1770
2796,1767,1771
2797,1768,1771
2798,1768,1772
2799,1769,1772
2800,1769,1773
2801,1770,1774
2802,1770,1774
2803,1771,1775
2804,1771,1775
2805,1772,1776
2806,1772,1776
2807,1773,1777
2808,1773,1777
2809,1774,1778
2810,1774,1778
2811,1775,1779
2812,1775,1780
2813,1776,1780
2814,1777,1781
2815,1777,1781
2816,1778,1782
2817,1778,1782
2818,1779,1783
2819,1779,1784
2820,1780,1784
2821,1780,1785
2822,1781,1785
2823,1781,1786
2824,1782,1786
2825,1782,1787
2826,1783,1788
2827,1784,1788
2828,1784,1789
2829,1785,1789
2830,1785,1790
2831,1786,1791
2832,1786,1791
2833,1787,1792
2834,1787,1792
2835,1788,1793
2836,1789,1794
2837,1789,1794
2838,1790,1795
2839,1790,1795
2840,1791,1796
2841,1792,1797
2842,1792,1797
2843,1793,1798
2844,1793,1799
2845,1794,1799
2846,1795,1800
2847,1795,1801
2848,1796,1801
2849,1796,1802
2850,1797,1802
2851,1798,1803
2852,1798,1804
2853,1799,1804
2854,1799,1805
2855,1800,1806
2856,1801,1806
2857,1801,1807
2858,1802,1808
2859,1803,1808
2860,1803,1809
2861,1804,1810
2862,1804,1810
2863,1805,1811
2864,1806,1812
2865,1806,1813
2866,1807,1813
2867,1808,1814
2868,1808,1815
2869,1809,1815
2870,1810,1816
2871,1810,1817
2872,1811,1817
2873,1812,1818
2874,1812,1819
2875,1813,1820
2876,1814,1820
2877,1814,1821
2878,1815,1822
2879,1816,1822
2880,1817,1823
2881,1817,1824
2882,1818,1825
2883,1819,1825
2884,1819,1826
2885,1820,1827
2886,1821,1828
2887,1821,1828
2888,1822,1829
2889,1823,1830
2890,1824,1831
2891,1824,1831
2892,1825,1832
2893,1826,1833
2894,1826,1834
2895,1827,1835
2896,1828,1835
2897,1829,1836
2898,1829,1837
2899,1830,1838
2900,1831,1838
2901,1832,1839
2902,1832,1840
2903,1833,1841
2904,1834,1842
2905,1835,1842
2906,1835,1843
2907,1836,1844
2908,1837,1845
2909,1838,1846
2910,1839,1847
2911,1839,1847
2912,1840,1848
2913,1841,1849
2914,1842,1850
2915,1843,1851
2916,1843,1852
2917,1844,1852
2918,1845,1853
2919,1846,1854
2920,1847,1855
2921,1847,1856
2922,1848,1857
2923,1849,1858
2924,1850,1858
2925,1851,1859
2926,1852,1860
2927,1852,1861
2928,1853,1862
2929,1854,1863
2930,1855,1864
2931,1856,1865
2932,1857,1866
2933,1857,1867
2934,1858,1867
2935,1859,1868
2936,1860,1869
2937,1861,1870
2938,1862,1871
2939,1863,1872
2940,1864,1873
2941,1864,1874
2942,1865,1875
2943,1866,1876
2944,1867,1877
2945,1868,1878
2946,1869,1879
2947,1870,1880
2948,1871,1881
2949,1872,1882
2950,1873,1883
2951,1874,1883
2952,1874,1884
2953,1875,1885
2954,1876,1886
2955,1877,1887
2956,1878,1888
2957,1879,1889
2958,1880,1890
2959,1881,1891
2960,1882,1892
2961,1883,1894
2962,1884,1895
2778,1759,1762
2777,1759,1761
2776,1758,1761
2775,1758,1760
2774,1757,1760
2773,1757,1759
2772,1756,1759
2771,1756,1758
2770,1756,1758
2769,1755,1758
2768,1755,1757
2767,1754,1757
2766,1754,1756
2765,1753,1756
2764,1753,1755
2763,1753,1755
2762,1752,1754
2761,1752,1754
2760,1751,1753
2759,1751,1753
2758,1751,1752
2757,1750,1752
2756,1750,1752
2755,1749,1751
2754,1749,1751
2753,1749,1750
2752,1748,1750
2751,1748,1749
2750,1747,1749
2749,1747,1749
2748,1747,1748
2747,1746,1748
2746,1746,1747
