2615,2881,2895
1844,2116,2186
2616,2881,2895
1845,2113,2183
2617,2881,2895
1846,2111,2179
2618,2881,2895
1847,2108,2176
2619,2881,2895
1848,2106,2173
2620,2881,2895
1849,2103,2170
2621,2881,2895
1850,2101,2167
2622,2881,2895
1851,2098,2163
2673,2885,2887
1902,2015,2022
2537,3231,3236
2672,2884,2887
1901,2016,2025
2536,3231,3236
2671,2884,2888
1900,2016,2028
2535,3231,3236
2670,2884,2888
1899,2017,2031
2534,3232,3236
2669,2883,2889
1898,2018,2034
2533,3233,3235
2668,2883,2889
1897,2019,2037
2667,2883,2890
1896,2020,2039
2666,2883,2890
1895,2021,2042
2665,2883,2890
1894,2022,2045
2664,2882,2890
1893,2023,2047
2663,2882,2891
1892,2024,2050
2662,2882,2891
1891,2025,2052
2661,2882,2891
1890,2027,2055
2660,2882,2891
1889,2028,2057
2659,2882,2892
1888,2029,2060
2658,2882,2892
1887,2031,2062
2657,2881,2892
1886,2032,2065
2656,2881,2892
1885,2034,2068
2655,2881,2892
1884,2035,2070
2654,2881,2893
1883,2037,2073
2653,2881,2893
1882,2038,2075
2652,2881,2893
1881,2040,2078
2626,2881,2895
1855,2089,2151
2625,2881,2895
1854,2091,2154
2624,2881,2895
1853,2093,2157
2623,2881,2895
1852,2096,2160
1856,2086,2148
2627,2880,2895
1857,2084,2145
2628,2880,2895
1858,2082,2142
2629,2880,2895
1859,2080,2139
2630,2880,2895
1860,2078,2136
2631,2880,2895
1861,2076,2133
2632,2880,2895
1862,2074,2130
2633,2880,2895
2643,2881,2894
1872,2055,2102
1863,2072,2127
2634,2880,2895
2644,2881,2894
1873,2053,2099
1864,2070,2124
2635,2880,2895
2645,2881,2894
1874,2051,2096
1865,2068,2121
2636,2880,2895
2646,2881,2894
1875,2049,2094
1866,2066,2118
2637,2880,2895
2647,2881,2894
1876,2048,2091
1867,2064,2115
2638,2880,2895
2648,2881,2894
1877,2046,2088
1868,2062,2113
2639,2880,2895
2649,2881,2893
1878,2044,2086
1869,2060,2110
2640,2880,2894
2650,2881,2893
1879,2043,2083
1870,2058,2107
2641,2880,2894
2651,2881,2893
1880,2041,2080
1871,2056,2104
2642,2880,2894
2614,2882,2894
1843,2119,2189
2613,2882,2894
1842,2122,2193
2612,2882,2894
1841,2125,2196
2611,2882,2894
1840,2128,2199
2610,2882,2894
1839,2131,2203
2609,2882,2894
1838,2134,2206
2608,2883,2894
1837,2137,2209
2607,2883,2893
1836,2140,2212
2606,2883,2893
1835,2144,2215
2605,2883,2893
1834,2147,2218
2604,2884,2893
1833,2151,2221
2603,2884,2892
1832,2155,2224
2602,2884,2892
1831,2159,2227
2601,2885,2892
1830,2163,2229
2600,2885,2891
1829,2167,2232
2599,2886,2891
1828,2172,2234
2598,2886,2890
1827,2176,2235
2597,2887,2889
1826,2182,2237
1825,2187,2237
1824,2194,2237
1823,2201,2236
1822,2211,2232
2538,3231,3236
2539,3231,3235
2540,3231,3235
2541,3232,3234
