2544,3224,3227
2545,3223,3228
2546,3223,3228
2547,3223,3228
2551,3224,3225
2550,3223,3226
2549,3223,3227
2548,3223,3228
2880,2780,2781
2881,2779,2781
2882,2777,2780
2883,2776,2780
2884,2775,2779
2885,2774,2778
2886,2773,2778
2887,2772,2777
2888,2771,2776
2889,2770,2776
2890,2769,2775
2891,2768,2774
2892,2766,2774
2893,2765,2773
2894,2764,2772
2895,2763,2771
2896,2762,2771
2897,2761,2770
2898,2760,2769
2899,2759,2768
2900,2758,2768
2901,2757,2767
2902,2756,2766
2903,2754,2765
2904,2753,2764
2905,2752,2764
2906,2751,2763
2907,2750,2762
2908,2749,2761
2909,2748,2760
2910,2747,2759
2911,2745,2759
2912,2744,2758
2913,2743,2757
2914,2742,2756
2915,2741,2755
2916,2740,2754
2917,2739,2753
2918,2737,2752
2919,2736,2752
2920,2735,2751
2921,2734,2750
2922,2733,2749
2923,2731,2748
2924,2730,2747
2925,2729,2746
2926,2728,2745
2927,2727,2744
2928,2725,2743
2929,2724,2742
2930,2723,2741
2931,2722,2740
2932,2721,2739
2933,2719,2738
2934,2718,2737
2935,2717,2736
2936,2715,2735
2937,2714,2734
2938,2713,2733
2939,2712,2732
2940,2710,2731
2941,2709,2730
2942,2708,2729
2943,2706,2728
2944,2705,2727
2945,2704,2726
2946,2702,2725
2947,2701,2724
2948,2700,2723
2949,2698,2722
2950,2697,2721
2951,2696,2719
2952,2694,2718
2953,2693,2717
2954,2692,2716
2955,2690,2715
2956,2689,2714
2957,2687,2713
2958,2686,2712
2959,2685,2710
2960,2683,2709
2961,2682,2708
2962,2680,2707
2963,2679,2706
2964,2677,2704
2965,2676,2703
2966,2674,2702
2967,2673,2701
2968,2671,2700
2969,2670,2698
2970,2668,2697
2971,2667,2696
2972,2665,2695
2973,2664,2693
2974,2662,2692
2975,2661,2691
2976,2659,2689
1791,2177,2202
1792,2169,2204
1793,2163,2205
1794,2158,2206
1795,2153,2205
1796,2149,2205
1797,2145,2204
1798,2141,2202
1799,2137,2201
1800,2134,2199
1801,2131,2197
1802,2127,2195
1803,2124,2193
1804,2121,2190
1805,2118,2188
1806,2116,2185
1807,2113,2183
1808,2110,2180
1809,2108,2177
1810,2105,2174
1811,2103,2172
1812,2100,2169
1813,2098,2166
1844,2054,2064
2987,2642,2674
1843,2053,2069
2986,2643,2676
1826,2072,2126
1825,2074,2129
3004,2613,2648
1824,2076,2132
3003,2614,2650
1823,2078,2136
3002,2616,2652
1822,2079,2139
3001,2618,2653
1821,2081,2142
3000,2620,2655
1820,2083,2145
1819,2085,2148
1818,2087,2151
1817,2089,2154
1816,2091,2157
1815,2093,2160
1814,2096,2163
1827,2071,2123
1828,2069,2120
1829,2067,2117
1830,2066,2114
1831,2065,2111
1832,2063,2107
1833,2062,2104
1834,2060,2101
2977,2658,2688
1835,2059,2098
2978,2656,2687
1836,2058,2094
2979,2655,2685
1837,2057,2091
2980,2653,2684
1838,2056,2088
2981,2651,2683
1839,2055,2084
2982,2650,2681
1840,2054,2081
2983,2648,2680
1841,2054,2077
2984,2647,2679
1842,2053,2073
2985,2645,2677
3005,2611,2647
3006,2609,2645
3007,2607,2643
3008,2605,2642
3009,2603,2640
3010,2602,2638
3011,2600,2637
3012,2598,2635
3013,2596,2633
3014,2594,2631
3015,2592,2629
3016,2590,2628
3017,2589,2626
3018,2587,2624
3019,2585,2622
3020,2583,2620
3021,2581,2618
3022,2579,2616
3023,2577,2614
3024,2575,2612
3025,2573,2610
3026,2571,2608
3027,2569,2606
3028,2567,2604
3029,2566,2601
3030,2564,2599
3031,2562,2597
3032,2560,2595
3033,2558,2592
3034,2556,2590
3035,2554,2587
3036,2552,2585
3037,2550,2582
3038,2549,2580
3039,2547,2577
3040,2545,2574
3041,2543,2571
3042,2542,2569
3043,2540,2565
3044,2539,2562
3045,2537,2559
3046,2536,2555
3047,2535,2551
3048,2535,2547
3049,2536,2541
2999,2621,2657
2998,2623,2658
2997,2625,2660
2996,2627,2661
2995,2628,2663
2994,2630,2664
2993,2632,2666
2992,2633,2667
2991,2635,2669
2990,2637,2670
2989,2638,2672
2988,2640,2673
