2223,2883,2883
2224,2882,2885
2225,2882,2886
2226,2882,2887
2227,2882,2888
2228,2882,2889
2229,2882,2890
2230,2882,2890
2231,2882,2891
2232,2882,2892
2233,2883,2893
2234,2883,2893
2365,2905,2920
2364,2905,2920
2363,2905,2920
2362,2905,2920
2361,2904,2920
2360,2904,2920
1923,2292,2339
3208,2458,2526
1924,2279,2348
3209,2450,2525
1925,2270,2353
3210,2441,2524
1926,2262,2356
3211,2433,2522
1927,2255,2357
3212,2424,2521
1928,2249,2357
3213,2416,2519
1929,2243,2355
3214,2407,2517
1930,2237,2351
3215,2399,2515
1931,2232,2347
3216,2390,2512
1932,2228,2341
3217,2383,2510
2348,2903,2921
1967,2129,2159
2347,2903,2921
1966,2131,2163
2346,2903,2921
1965,2133,2167
3221,2360,2499
3206,2475,2528
3222,2357,2495
3207,2467,2527
2479,3236,3242
1938,2203,2299
3223,2355,2492
2480,3236,3243
1939,2199,2292
3224,2354,2488
2481,3236,3243
1940,2196,2285
3225,2353,2484
2338,2903,2920
1957,2149,2199
3227,2354,2476
2339,2903,2920
1958,2147,2195
3228,2356,2471
2340,2903,2920
1959,2144,2191
3229,2358,2466
2341,2903,2920
1960,2142,2187
3230,2362,2460
2342,2903,2920
1961,2140,2183
3231,2366,2454
1946,2177,2251
2343,2903,2920
1962,2138,2179
3232,2371,2446
1947,2174,2245
2344,2903,2920
1963,2136,2175
1936,2210,2313
2477,3237,3241
3233,2378,2437
1948,2171,2240
2345,2903,2921
1964,2135,2171
1937,2207,2305
2478,3236,3242
3234,2390,2423
1949,2168,2235
2476,3237,3240
1935,2214,2320
3220,2365,2502
3205,2484,2527
1934,2219,2327
3219,2370,2505
3204,2493,2526
1933,2223,2334
3218,2376,2507
3203,2505,2523
2354,2904,2920
1973,2123,2135
1950,2166,2231
2355,2904,2920
1974,2123,2129
1968,2128,2155
1951,2163,2226
2356,2904,2920
1942,2189,2273
2483,3237,3243
1969,2127,2151
1952,2161,2221
2357,2904,2920
1943,2186,2267
2484,3238,3243
1970,2125,2147
2334,2902,2920
1953,2158,2217
2358,2904,2920
1944,2183,2262
2485,3238,3242
1971,2124,2143
2335,2902,2920
1954,2156,2212
2359,2904,2920
1945,2180,2256
2486,3240,3241
1972,2123,2139
2336,2902,2920
1955,2153,2208
2353,2904,2920
2352,2904,2920
2351,2904,2920
2350,2904,2920
2349,2904,2920
2482,3237,3243
1941,2192,2279
3226,2353,2480
2337,2902,2920
1956,2151,2203
2366,2905,2920
2367,2905,2920
2368,2905,2920
2369,2905,2920
2370,2905,2920
2371,2905,2919
2372,2905,2919
2373,2906,2919
2374,2906,2919
2375,2906,2919
2376,2906,2919
2377,2906,2919
2378,2906,2919
2379,2906,2918
2380,2906,2918
2381,2907,2918
2382,2907,2918
2383,2907,2918
2384,2907,2918
2385,2907,2917
2386,2907,2917
2387,2908,2917
2388,2908,2917
2389,2908,2916
2390,2908,2916
2391,2909,2916
2392,2909,2915
2393,2909,2915
2394,2910,2914
2395,2910,2914
2396,2911,2913
2333,2902,2920
2332,2902,2920
2331,2902,2920
2330,2902,2920
2329,2902,2920
2328,2902,2920
2327,2901,2920
2326,2901,2920
2325,2901,2920
2324,2901,2920
2323,2901,2920
2322,2901,2920
2321,2901,2920
2320,2901,2919
2319,2900,2919
2318,2900,2919
2317,2900,2919
2316,2900,2919
2315,2900,2919
2314,2900,2919
2313,2900,2919
2312,2899,2919
2311,2899,2919
2310,2899,2918
2309,2899,2918
2308,2899,2918
2307,2899,2918
2306,2899,2918
2305,2898,2918
2304,2898,2918
2303,2898,2917
2302,2898,2917
2301,2898,2917
2300,2898,2917
2299,2897,2917
2298,2897,2917
2297,2897,2916
2296,2897,2916
2295,2897,2916
2294,2896,2916
2293,2896,2916
2292,2896,2916
2291,2896,2915
2290,2896,2915
2289,2895,2915
2288,2895,2915
2287,2895,2914
2286,2895,2914
2285,2895,2914
2284,2894,2914
2283,2894,2914
2282,2894,2913
2281,2894,2913
2280,2894,2913
2279,2893,2912
2278,2893,2912
2277,2893,2912
2276,2893,2912
2275,2892,2911
2274,2892,2911
2273,2892,2911
2272,2892,2910
2271,2892,2910
2270,2891,2910
2269,2891,2909
2268,2891,2909
2267,2891,2909
2266,2890,2908
2265,2890,2908
2264,2890,2908
2263,2890,2907
2262,2889,2907
2261,2889,2907
2260,2889,2906
2259,2889,2906
2258,2888,2905
2257,2888,2905
2256,2888,2905
2255,2888,2904
2254,2887,2904
2253,2887,2903
2252,2887,2903
2251,2887,2902
2250,2886,2902
2249,2886,2902
2248,2886,2901
2247,2886,2901
2246,2885,2900
2245,2885,2900
2244,2885,2899
2243,2885,2898
2242,2885,2898
2241,2884,2897
2240,2884,2897
2239,2884,2896
2238,2884,2896
2237,2883,2895
2236,2883,2894
2235,2883,2894
