1943,2283,2291
1944,2267,2303
1945,2257,2306
1946,2250,2308
1947,2243,2308
1948,2237,2307
1949,2232,2305
1950,2227,2303
1951,2223,2300
1955,2207,2286
3225,2489,2538
1956,2203,2282
3226,2482,2538
1957,2200,2277
3227,2474,2538
1958,2197,2273
3228,2467,2537
2466,3233,3236
1959,2193,2268
3229,2461,2536
2467,3232,3237
1983,2147,2159
3253,2416,2451
1976,2153,2192
3246,2394,2495
1977,2152,2188
3247,2394,2491
1978,2150,2184
3248,2395,2486
1979,2149,2179
3249,2397,2481
1980,2148,2175
3250,2399,2475
1981,2147,2170
3251,2403,2469
1982,2147,2165
3252,2408,2461
1954,2211,2290
3224,2497,2537
1953,2214,2294
3223,2507,2535
1952,2218,2297
3222,2520,2529
3230,2454,2535
2468,3232,3238
1960,2190,2264
3231,2448,2534
2469,3232,3238
1961,2187,2259
3232,2441,2532
2470,3232,3239
1962,2185,2255
3233,2435,2530
2471,3232,3239
1963,2182,2250
3234,2430,2529
2472,3232,3239
1964,2179,2245
3235,2424,2527
2473,3233,3239
1965,2177,2241
3236,2419,2525
2474,3234,3239
1966,2174,2236
3237,2415,2522
2475,3234,3238
1967,2172,2232
3238,2410,2520
2476,3236,3237
1968,2169,2227
3239,2407,2517
1969,2167,2223
3240,2403,2515
1970,2165,2219
3241,2400,2512
1971,2163,2214
3242,2398,2509
1972,2161,2210
3243,2396,2506
1973,2159,2206
3244,2395,2502
1974,2157,2201
3245,2394,2499
1975,2155,2197
