3220,2447,2530
1950,2193,2274
1978,2137,2145
1977,2136,2151
1976,2137,2156
1975,2137,2160
3244,2415,2425
1974,2139,2165
3243,2398,2444
2481,3238,3239
1973,2140,2169
3221,2440,2528
1951,2190,2268
3222,2432,2526
1952,2187,2263
3223,2425,2525
1953,2184,2258
3224,2419,2523
1954,2181,2253
3225,2412,2521
1955,2178,2248
3226,2406,2519
1956,2175,2243
3227,2400,2516
1957,2173,2239
3228,2395,2514
1958,2170,2234
3229,2390,2511
1959,2168,2229
3230,2386,2508
1960,2165,2225
3219,2454,2531
1949,2196,2279
3242,2391,2453
1972,2141,2173
2480,3237,3240
3218,2462,2532
1948,2200,2284
3241,2386,2461
1971,2143,2177
2479,3236,3241
3217,2470,2533
1947,2203,2289
3240,2382,2468
1970,2144,2182
2478,3235,3241
3216,2477,2533
1946,2207,2295
3239,2379,2473
1969,2146,2186
2477,3235,3241
3215,2486,2533
1945,2211,2300
3238,2377,2478
1968,2148,2190
2476,3234,3241
3214,2494,2532
1944,2215,2305
3237,2376,2483
1967,2150,2194
2475,3234,3241
3213,2504,2530
1943,2219,2310
3236,2375,2487
1966,2152,2198
2474,3234,3240
1942,2223,2314
3235,2375,2491
1965,2154,2203
2473,3234,3240
1941,2228,2318
3234,2376,2495
1964,2156,2207
2472,3234,3239
1940,2233,2322
3233,2378,2499
1963,2158,2211
2471,3235,3238
1939,2238,2325
1938,2243,2327
1937,2249,2328
1936,2256,2327
1935,2264,2325
1934,2274,2321
1962,2161,2216
3232,2380,2502
1933,2288,2312
1961,2163,2220
3231,2383,2505
