2538,3230,3230
2539,3228,3232
2540,3228,3232
2541,3227,3232
2542,3227,3232
2546,3228,3230
2545,3227,3231
2544,3227,3232
2543,3227,3232
2646,2882,2884
2647,2881,2885
2648,2880,2885
2649,2880,2886
2650,2880,2886
2651,2879,2886
2652,2879,2887
2653,2878,2887
2654,2878,2887
2655,2878,2887
2656,2877,2887
2657,2877,2887
2658,2877,2888
2659,2877,2888
2660,2876,2888
2661,2876,2888
2662,2876,2888
2663,2876,2888
2664,2875,2888
2665,2875,2888
2666,2875,2888
2667,2875,2888
2668,2875,2888
2669,2874,2888
2670,2874,2888
2671,2874,2888
2672,2874,2888
2673,2874,2888
2674,2873,2888
2675,2873,2888
2676,2873,2888
2677,2873,2888
2678,2873,2888
2679,2872,2888
2680,2872,2888
2681,2872,2888
2682,2872,2888
2683,2872,2888
2684,2872,2888
2685,2871,2888
2686,2871,2888
2687,2871,2887
2688,2871,2887
2689,2871,2887
2690,2871,2887
2691,2870,2887
2692,2870,2887
2693,2870,2887
2694,2870,2887
2695,2870,2887
2696,2869,2887
2697,2869,2886
2698,2869,2886
2699,2869,2886
2700,2869,2886
2701,2868,2886
2702,2868,2886
2703,2868,2886
2704,2868,2886
2705,2868,2885
2706,2867,2885
2707,2867,2885
2708,2867,2885
2709,2867,2885
2710,2867,2885
2711,2866,2885
2712,2866,2884
2713,2866,2884
2714,2866,2884
2715,2866,2884
2716,2865,2884
2717,2865,2884
2718,2865,2883
2719,2865,2883
3058,2554,2558
3057,2553,2563
3056,2554,2567
3055,2555,2571
3054,2557,2574
3053,2558,2577
3052,2560,2580
3051,2561,2583
3050,2563,2586
3049,2565,2588
3048,2567,2591
3047,2568,2594
3046,2570,2596
3045,2572,2599
3044,2574,2601
3043,2576,2603
3042,2577,2606
3041,2579,2608
3040,2581,2610
3039,2583,2612
3038,2585,2615
3037,2587,2617
3036,2589,2619
3035,2590,2621
3034,2592,2623
3033,2594,2625
3032,2596,2627
3031,2598,2629
3030,2599,2631
3029,2601,2633
3028,2603,2635
3027,2605,2637
3026,2607,2639
3025,2608,2641
3024,2610,2642
3023,2612,2644
3022,2614,2646
3021,2615,2648
3020,2617,2650
3019,2619,2651
3018,2621,2653
3017,2622,2655
3016,2624,2657
3015,2626,2658
3014,2627,2660
3013,2629,2662
3012,2631,2663
3011,2632,2665
3010,2634,2667
3009,2636,2668
3008,2637,2670
3007,2639,2671
3006,2640,2673
3005,2642,2674
3004,2644,2676
3003,2645,2678
3002,2647,2679
3001,2648,2681
3000,2650,2682
2999,2651,2684
2998,2653,2685
2997,2654,2686
2996,2656,2688
2995,2657,2689
2994,2659,2691
2993,2660,2692
2992,2662,2694
2991,2663,2695
2990,2665,2696
2989,2666,2698
2988,2668,2699
2987,2669,2701
2986,2671,2702
2985,2672,2703
2984,2674,2705
2983,2675,2706
2982,2676,2707
2981,2678,2709
2980,2679,2710
2979,2681,2711
2978,2682,2713
2977,2683,2714
2846,2810,2833
2845,2811,2834
2844,2812,2835
2843,2812,2835
2842,2813,2836
2841,2814,2836
2840,2814,2837
2839,2815,2838
2838,2815,2838
2837,2816,2839
2836,2817,2839
2835,2817,2840
2834,2818,2840
2833,2819,2841
2832,2819,2842
2831,2820,2842
2830,2820,2843
2829,2821,2843
2828,2821,2844
2827,2822,2844
2826,2823,2845
2825,2823,2846
2824,2824,2846
2823,2824,2847
2822,2825,2847
2821,2826,2848
2820,2826,2848
2819,2827,2849
2818,2827,2849
2817,2828,2850
2816,2828,2850
2815,2829,2851
2814,2829,2851
2813,2830,2852
2812,2830,2852
2811,2831,2853
2810,2831,2853
2809,2832,2854
2808,2833,2854
2807,2833,2855
2806,2834,2855
2805,2834,2856
2804,2835,2856
2803,2835,2856
2802,2836,2857
2801,2836,2857
2800,2837,2858
2799,2837,2858
2798,2837,2859
2797,2838,2859
2796,2838,2860
2795,2839,2860
2794,2839,2860
2793,2840,2861
2792,2840,2861
2791,2841,2862
2790,2841,2862
2789,2842,2863
2788,2842,2863
2787,2843,2863
2786,2843,2864
2785,2843,2864
2784,2844,2865
2783,2844,2865
2782,2845,2865
2781,2845,2866
2780,2846,2866
2779,2846,2866
2748,2857,2876
2747,2857,2877
2746,2858,2877
2745,2858,2877
2744,2858,2878
2743,2859,2878
2742,2859,2878
2741,2859,2878
2740,2859,2879
2739,2860,2879
2738,2860,2879
2737,2860,2879
2736,2861,2880
2735,2861,2880
2734,2861,2880
2733,2861,2880
2720,2865,2883
2721,2864,2883
2722,2864,2883
2723,2864,2882
2724,2864,2882
2725,2863,2882
2726,2863,2882
2727,2863,2882
2728,2863,2881
2729,2862,2881
2730,2862,2881
2731,2862,2881
2732,2862,2880
2749,2857,2876
2750,2856,2876
2751,2856,2876
2752,2856,2875
2753,2855,2875
2754,2855,2875
2755,2855,2875
2756,2854,2874
2757,2854,2874
2758,2854,2874
2759,2853,2873
2760,2853,2873
2761,2853,2873
2762,2852,2872
2763,2852,2872
2764,2852,2872
2765,2851,2871
2766,2851,2871
2767,2851,2871
2768,2850,2870
2769,2850,2870
2770,2849,2870
2771,2849,2869
2772,2849,2869
2773,2848,2869
2774,2848,2868
2775,2848,2868
2776,2847,2868
2777,2847,2867
2778,2846,2867
2847,2810,2833
2848,2809,2832
2849,2808,2831
2850,2808,2831
2851,2807,2830
2852,2806,2830
2853,2806,2829
2854,2805,2828
2855,2804,2828
2856,2804,2827
2857,2803,2826
2858,2802,2826
2859,2801,2825
2860,2801,2824
2861,2800,2824
2862,2799,2823
2863,2799,2822
2864,2798,2822
2865,2797,2821
2866,2796,2820
2867,2796,2819
2868,2795,2819
2869,2794,2818
2870,2793,2817
2871,2793,2817
2872,2792,2816
2873,2791,2815
2874,2790,2814
2875,2789,2814
2876,2789,2813
2877,2788,2812
2878,2787,2811
2879,2786,2811
2880,2786,2810
2881,2785,2809
2882,2784,2808
2883,2783,2808
2884,2782,2807
2885,2781,2806
2886,2781,2805
2887,2780,2805
2888,2779,2804
1807,2197,2212
2889,2778,2803
1808,2187,2217
2890,2777,2802
1809,2180,2219
2891,2776,2801
1810,2174,2220
2892,2776,2801
1811,2168,2219
2893,2775,2800
1812,2163,2219
2894,2774,2799
1813,2159,2217
2895,2773,2798
1814,2155,2216
2896,2772,2797
1815,2151,2214
2897,2771,2796
1816,2147,2212
2898,2770,2796
1817,2143,2210
2899,2770,2795
1818,2140,2208
2900,2769,2794
1819,2136,2205
2901,2768,2793
1820,2133,2203
2902,2767,2792
1821,2130,2200
2903,2766,2791
1822,2127,2197
2904,2765,2791
1823,2124,2194
2905,2764,2790
1824,2121,2191
2906,2763,2789
1825,2118,2188
2907,2762,2788
1826,2115,2185
2908,2761,2787
1827,2112,2182
2909,2760,2786
1828,2110,2179
2910,2759,2785
1829,2107,2176
2911,2758,2784
1830,2105,2173
2912,2758,2784
1831,2102,2170
2913,2757,2783
1832,2100,2167
2914,2756,2782
1833,2097,2164
2915,2755,2781
1834,2095,2161
2916,2754,2780
1835,2093,2158
2917,2753,2779
1836,2091,2155
2918,2752,2778
1837,2088,2152
2919,2751,2777
1838,2086,2148
2920,2750,2776
1839,2084,2145
2921,2749,2775
1840,2082,2142
2922,2748,2774
1841,2080,2139
2923,2747,2773
1842,2078,2136
2924,2746,2772
1843,2076,2133
2925,2745,2771
1844,2074,2130
2926,2744,2771
1845,2072,2127
2927,2743,2770
1846,2070,2124
2928,2742,2769
1847,2069,2121
2929,2741,2768
1848,2067,2118
2930,2740,2767
1849,2065,2115
2931,2738,2766
1850,2063,2112
2932,2737,2765
1851,2062,2109
2933,2736,2764
1852,2060,2106
2934,2735,2763
1853,2058,2103
2935,2734,2762
1854,2057,2100
2936,2733,2761
1855,2055,2097
2937,2732,2760
1856,2054,2095
2938,2731,2759
1857,2052,2092
2939,2730,2758
1858,2051,2089
2940,2729,2757
1859,2049,2086
2941,2728,2755
1860,2048,2083
2942,2726,2754
1861,2047,2080
2943,2725,2753
1862,2046,2077
2944,2724,2752
1863,2044,2074
2945,2723,2751
1864,2043,2071
2946,2722,2750
1865,2042,2068
2947,2721,2749
1866,2041,2065
2948,2720,2748
1867,2040,2061
2949,2718,2747
1868,2040,2058
2950,2717,2746
1869,2039,2055
2951,2716,2745
1870,2039,2051
2952,2715,2744
1871,2040,2046
2953,2714,2743
2954,2713,2741
2955,2711,2740
2956,2710,2739
2957,2709,2738
2958,2708,2737
2959,2707,2736
2960,2705,2735
2961,2704,2733
2962,2703,2732
2963,2702,2731
2964,2700,2730
2965,2699,2729
2966,2698,2727
2967,2696,2726
2968,2695,2725
2969,2694,2724
2970,2693,2723
2971,2691,2721
2972,2690,2720
2973,2689,2719
2974,2687,2718
2975,2686,2716
2976,2685,2715
