1910,2246,2446
1911,2241,2451
1912,2235,2457
1913,2230,2462
1914,2226,2466
1915,2221,2471
1916,2217,2476
1917,2212,2480
1918,2208,2484
1974,2078,2083
1973,2078,2087
1972,2079,2090
1971,2080,2093
1970,2081,2096
1969,2083,2099
1968,2084,2102
1967,2086,2105
1966,2087,2108
1965,2089,2111
1964,2090,2114
1963,2092,2117
1962,2094,2120
1961,2096,2123
1960,2097,2126
1959,2099,2129
1958,2101,2132
1957,2103,2135
1956,2105,2138
1944,2130,2179
1943,2133,2183
1942,2135,2187
1941,2137,2191
1940,2140,2195
1939,2142,2199
1939,2544,2547
1938,2145,2203
1938,2539,2546
1937,2148,2207
1937,2534,2544
1936,2150,2212
1936,2529,2541
1935,2153,2216
1935,2524,2539
1934,2156,2221
1934,2520,2536
1933,2158,2226
1933,2515,2534
1932,2161,2231
1932,2510,2531
1931,2164,2236
1931,2505,2528
1930,2167,2241
1930,2499,2525
1929,2170,2247
1929,2494,2522
1928,2173,2253
1928,2488,2519
1927,2176,2259
1927,2482,2516
1926,2180,2266
1926,2475,2513
1925,2183,2273
1925,2468,2510
1924,2186,2280
1924,2461,2506
1923,2190,2288
1923,2452,2503
1922,2193,2298
1922,2443,2499
1921,2197,2308
1921,2433,2496
1920,2201,2321
1920,2420,2492
1919,2204,2338
1919,2403,2488
2389,2907,2908
2390,2906,2909
2391,2906,2910
2392,2905,2910
2393,2905,2911
2394,2904,2911
2395,2904,2911
2396,2904,2912
2397,2903,2912
2398,2903,2912
2399,2903,2912
2400,2903,2912
2401,2902,2913
2402,2902,2913
2403,2902,2913
2404,2902,2913
2405,2902,2913
2406,2901,2913
2407,2901,2913
2408,2901,2913
2409,2901,2914
2410,2901,2914
2411,2901,2914
2412,2901,2914
2413,2901,2914
2414,2900,2914
2415,2900,2914
2416,2900,2914
2417,2900,2914
2418,2900,2914
2419,2900,2914
2420,2900,2914
2421,2900,2914
2422,2900,2914
2423,2900,2914
2424,2900,2914
1909,2252,2440
2450,2905,2907
1908,2258,2434
2449,2904,2908
1907,2265,2427
2448,2903,2909
1906,2272,2419
2447,2903,2909
1905,2281,2411
2446,2903,2910
1904,2290,2402
2445,2902,2910
1903,2302,2390
2444,2902,2911
1902,2317,2374
2443,2902,2911
2442,2901,2911
2441,2901,2912
2440,2901,2912
2439,2901,2912
2438,2901,2912
2437,2901,2912
2436,2900,2913
2435,2900,2913
2434,2900,2913
2433,2900,2913
2432,2900,2913
2431,2900,2913
2430,2900,2913
2429,2900,2914
2428,2900,2914
2427,2900,2914
2426,2900,2914
2425,2900,2914
1945,2128,2176
2486,3241,3242
1946,2126,2172
2487,3240,3243
1947,2123,2168
2488,3239,3244
1948,2121,2165
2489,3239,3245
1949,2119,2161
2490,3239,3245
1950,2117,2158
2491,3239,3245
1955,2107,2142
2496,3241,3244
1954,2109,2145
2495,3240,3245
1953,2111,2148
2494,3240,3245
1952,2113,2151
2493,3239,3245
1951,2115,2155
2492,3239,3245
1998,2678,2680
1999,2679,2682
2000,2681,2685
2001,2682,2687
2002,2683,2689
2003,2684,2691
2004,2686,2693
2005,2687,2694
2006,2688,2696
2137,2823,2849
2138,2824,2850
2139,2825,2851
2140,2825,2851
2141,2826,2852
2232,2888,2889
2231,2887,2890
2230,2886,2890
2229,2885,2890
2228,2884,2890
2227,2883,2890
2226,2882,2890
2225,2882,2890
2224,2881,2890
2223,2880,2890
2222,2880,2890
2221,2879,2890
2220,2878,2890
2219,2878,2889
2218,2877,2889
2217,2876,2889
2216,2876,2889
2215,2875,2889
2214,2875,2888
2213,2874,2888
2212,2873,2888
2211,2873,2888
2210,2872,2887
2209,2871,2887
2208,2871,2887
2207,2870,2886
2206,2870,2886
2205,2869,2886
2204,2868,2885
2203,2868,2885
2202,2867,2885
2201,2867,2884
2200,2866,2884
2171,2847,2871
2159,2839,2864
2172,2848,2872
2160,2840,2865
2173,2849,2872
2161,2841,2865
2174,2849,2873
2162,2841,2866
2175,2850,2873
2163,2842,2866
2176,2851,2874
2164,2843,2867
2177,2851,2874
2165,2843,2868
2178,2852,2875
2166,2844,2868
2179,2853,2875
2167,2845,2869
2180,2853,2876
2168,2845,2869
2181,2854,2876
2169,2846,2870
2182,2855,2877
2170,2847,2870
2183,2855,2877
2184,2856,2878
2185,2857,2878
2186,2857,2878
2188,2858,2879
2142,2827,2853
2189,2859,2880
2143,2828,2854
2190,2860,2880
2144,2828,2854
2191,2860,2881
2145,2829,2855
2192,2861,2881
2146,2830,2856
2193,2862,2881
2147,2831,2856
2194,2862,2882
2148,2831,2857
2195,2863,2882
2149,2832,2858
2196,2863,2883
2150,2833,2858
2197,2864,2883
2151,2834,2859
2198,2865,2883
2152,2834,2860
2199,2865,2884
2187,2858,2879
2153,2835,2860
2158,2839,2863
2154,2836,2861
2155,2836,2862
2156,2837,2862
2157,2838,2863
2136,2822,2849
2135,2822,2848
2134,2821,2847
3215,2359,2398
2133,2820,2846
3214,2344,2413
2132,2819,2846
3213,2334,2424
2131,2819,2845
3212,2326,2432
2130,2818,2844
3211,2320,2439
2129,2817,2843
3210,2314,2446
2128,2816,2842
3209,2309,2452
2127,2815,2842
3208,2305,2457
2126,2815,2841
3207,2301,2462
2125,2814,2840
3206,2297,2466
2124,2813,2839
3205,2295,2471
2123,2812,2839
3204,2292,2475
2122,2811,2838
3203,2290,2479
2121,2811,2837
3202,2289,2482
2120,2810,2836
3201,2288,2486
2119,2809,2835
3200,2289,2489
2118,2808,2834
3199,2291,2492
2117,2807,2834
3198,2296,2495
2116,2806,2833
3197,2308,2498
2115,2806,2832
3196,2336,2500
2114,2805,2831
3195,2365,2503
2113,2804,2830
3194,2385,2505
2112,2803,2829
3193,2401,2507
2111,2802,2828
3192,2415,2509
2110,2801,2828
3191,2427,2511
2109,2801,2827
3190,2438,2512
2108,2800,2826
3189,2449,2514
2107,2799,2825
3188,2459,2515
2106,2798,2824
3187,2469,2515
2105,2797,2823
3186,2479,2515
2104,2796,2822
3185,2490,2514
2103,2795,2821
2102,2794,2820
2101,2794,2819
2100,2793,2818
2099,2792,2817
2098,2791,2816
2097,2790,2816
2096,2789,2815
2095,2788,2814
2094,2787,2813
2093,2786,2812
2092,2785,2811
2091,2785,2810
2090,2784,2809
2089,2783,2808
2088,2782,2807
2087,2781,2806
2086,2780,2805
2085,2779,2804
2084,2778,2803
2083,2777,2801
2082,2776,2800
2081,2775,2799
2080,2774,2798
2079,2773,2797
2078,2772,2796
2077,2771,2795
2076,2770,2794
2075,2769,2793
2074,2768,2792
2073,2767,2791
2072,2766,2790
2071,2765,2788
2070,2764,2787
2069,2763,2786
2068,2762,2785
2067,2761,2784
2066,2760,2783
2065,2759,2782
2064,2758,2780
2063,2757,2779
2062,2756,2778
2061,2755,2777
2060,2754,2776
2059,2753,2774
2058,2752,2773
2057,2750,2772
2056,2749,2771
2055,2748,2769
2054,2747,2768
2053,2746,2767
2052,2745,2766
2051,2744,2764
2050,2743,2763
2049,2742,2762
2048,2741,2760
2047,2739,2759
2046,2738,2758
2045,2737,2757
2044,2736,2755
2043,2735,2754
2042,2734,2752
2041,2732,2751
2040,2731,2750
2039,2730,2748
2038,2729,2747
2037,2728,2746
2036,2727,2744
2035,2725,2743
2034,2724,2741
2033,2723,2740
2032,2722,2738
2031,2720,2737
2030,2719,2735
2029,2718,2734
2028,2717,2733
2027,2716,2731
2026,2714,2729
2025,2713,2728
2024,2712,2726
2023,2711,2725
2022,2709,2723
2021,2708,2722
2020,2707,2720
2019,2705,2719
2018,2704,2717
2017,2703,2715
2016,2701,2714
2015,2700,2712
2014,2699,2710
2013,2698,2709
2012,2696,2707
2011,2695,2705
2010,2694,2703
2009,2692,2702
2008,2691,2700
2007,2690,2698
