2535,3232,3233
2536,3231,3234
2537,3230,3235
2538,3230,3235
2539,3229,3235
2543,3230,3232
2542,3230,3233
2541,3229,3234
2540,3229,3234
2614,2885,2888
2615,2884,2889
2616,2884,2889
2617,2883,2890
2618,2883,2890
2619,2883,2891
2620,2882,2891
2621,2882,2891
2622,2882,2891
2623,2881,2892
2624,2881,2892
2625,2881,2892
2626,2881,2892
2627,2880,2892
2628,2880,2892
2629,2880,2893
2630,2880,2893
2631,2880,2893
2632,2880,2893
2633,2879,2893
2634,2879,2893
2635,2879,2893
2636,2879,2893
2637,2879,2893
2638,2879,2893
2639,2879,2893
2640,2879,2893
2641,2878,2893
2642,2878,2893
2643,2878,2893
2644,2878,2893
2645,2878,2893
2646,2878,2893
2647,2878,2893
2648,2878,2893
2649,2878,2893
3060,2572,2576
3059,2572,2580
3058,2573,2583
3057,2574,2586
3056,2576,2589
3055,2577,2592
3054,2579,2595
3053,2581,2598
3052,2582,2600
3051,2584,2603
3050,2586,2605
3049,2588,2608
3048,2589,2610
3047,2591,2612
3046,2593,2615
3045,2595,2617
3044,2596,2619
3043,2598,2621
3042,2600,2623
3041,2602,2625
3040,2603,2627
3039,2605,2630
3038,2607,2632
3037,2609,2634
3036,2610,2636
3035,2612,2637
3034,2614,2639
3033,2616,2641
3032,2617,2643
3031,2619,2645
3030,2621,2647
3029,2623,2649
3028,2624,2651
3027,2626,2652
3026,2628,2654
3025,2629,2656
3024,2631,2658
3023,2633,2659
3022,2634,2661
3021,2636,2663
3020,2637,2664
3019,2639,2666
3018,2641,2668
3017,2642,2669
3016,2644,2671
3015,2645,2673
3014,2647,2674
3013,2649,2676
3012,2650,2677
3011,2652,2679
3010,2653,2681
3009,2655,2682
3008,2656,2684
3007,2658,2685
3006,2659,2687
3005,2661,2688
3004,2662,2690
3003,2664,2691
3002,2665,2693
3001,2667,2694
3000,2668,2695
2999,2670,2697
2998,2671,2698
2997,2672,2700
2996,2674,2701
2995,2675,2702
2994,2677,2704
2993,2678,2705
2992,2679,2707
2991,2681,2708
2990,2682,2709
2989,2684,2711
2988,2685,2712
2987,2686,2713
2986,2688,2715
2985,2689,2716
2984,2690,2717
2983,2692,2718
2982,2693,2720
2981,2694,2721
2980,2696,2722
2979,2697,2723
2978,2698,2725
2977,2699,2726
2976,2701,2727
2975,2702,2728
2974,2703,2730
2973,2705,2731
2972,2706,2732
1889,2026,2033
2971,2707,2733
1888,2026,2037
2970,2708,2734
1887,2027,2040
2969,2709,2736
1886,2027,2043
2968,2711,2737
1885,2028,2046
2967,2712,2738
1884,2029,2049
2966,2713,2739
1883,2030,2052
2965,2714,2740
1882,2031,2055
2964,2716,2741
1881,2032,2057
2963,2717,2743
1880,2033,2060
2962,2718,2744
1879,2034,2063
2961,2719,2745
1878,2036,2066
2960,2720,2746
1877,2037,2068
2959,2721,2747
1876,2038,2071
2958,2723,2748
1875,2040,2074
2957,2724,2749
1874,2041,2077
2956,2725,2750
1873,2043,2079
2955,2726,2751
1872,2044,2082
2954,2727,2752
1871,2046,2085
2953,2728,2754
1870,2047,2087
2952,2729,2755
1869,2049,2090
2951,2731,2756
1868,2050,2093
2950,2732,2757
1867,2052,2096
2949,2733,2758
1866,2054,2098
2948,2734,2759
1865,2055,2101
2947,2735,2760
1864,2057,2104
2946,2736,2761
1863,2059,2107
2945,2737,2762
1862,2061,2110
2944,2738,2763
1861,2062,2113
2943,2739,2764
1860,2064,2115
2942,2740,2765
1859,2066,2118
2941,2741,2766
1858,2068,2121
2940,2742,2767
1857,2070,2124
2939,2744,2768
1856,2072,2127
2938,2745,2769
1855,2074,2130
2937,2746,2770
1854,2076,2133
2936,2747,2771
1853,2078,2136
2935,2748,2772
1852,2080,2139
2934,2749,2773
1851,2082,2142
2933,2750,2774
1850,2084,2145
2932,2751,2775
1849,2086,2148
2931,2752,2776
1848,2089,2151
2930,2753,2777
1847,2091,2154
2929,2754,2778
1846,2093,2157
2928,2755,2779
1845,2096,2161
2927,2756,2779
1844,2098,2164
2926,2757,2780
1843,2100,2167
2925,2758,2781
1842,2103,2170
2924,2759,2782
1841,2105,2173
2923,2760,2783
1840,2108,2176
2922,2761,2784
1839,2110,2180
2921,2762,2785
1838,2113,2183
2920,2763,2786
1837,2116,2186
2919,2763,2787
1836,2119,2189
2918,2764,2788
1835,2121,2192
2917,2765,2788
1834,2124,2196
2916,2766,2789
1833,2127,2199
2915,2767,2790
1832,2130,2202
2914,2768,2791
1831,2134,2205
2913,2769,2792
1830,2137,2208
2912,2770,2793
1829,2140,2211
2911,2771,2794
1828,2144,2214
2910,2772,2794
1827,2147,2216
2909,2773,2795
1826,2151,2219
2908,2774,2796
1825,2155,2221
2907,2775,2797
2776,2858,2868
2775,2859,2868
2774,2859,2869
2773,2860,2869
2772,2860,2869
2771,2860,2870
2770,2861,2870
2769,2861,2870
2768,2862,2870
2767,2862,2871
2766,2862,2871
2765,2863,2871
2764,2863,2872
2763,2863,2872
2762,2864,2872
2761,2864,2872
2760,2864,2873
2759,2865,2873
2758,2865,2873
2757,2865,2873
2756,2866,2874
2755,2866,2874
2754,2866,2874
2753,2866,2874
2752,2867,2875
2751,2867,2875
2750,2867,2875
2749,2868,2875
2748,2868,2876
2747,2868,2876
2746,2868,2876
2745,2869,2876
2744,2869,2877
2743,2869,2877
2742,2869,2877
2741,2870,2878
2740,2870,2878
2739,2870,2878
2738,2870,2878
2737,2870,2878
2736,2871,2879
2735,2871,2879
2734,2871,2879
2733,2871,2879
2732,2871,2880
2731,2872,2880
2730,2872,2880
2729,2872,2880
2728,2872,2881
2727,2872,2881
2726,2872,2881
2725,2873,2881
2724,2873,2882
2723,2873,2882
2722,2873,2882
2721,2873,2882
2720,2873,2883
2719,2873,2883
2718,2874,2883
2717,2874,2883
2716,2874,2884
2715,2874,2884
2714,2874,2884
2713,2874,2884
2712,2874,2884
2711,2874,2885
2710,2874,2885
2709,2874,2885
2678,2876,2891
2677,2876,2891
2676,2876,2891
2675,2876,2891
2674,2877,2891
2673,2877,2891
2672,2877,2891
2671,2877,2892
2670,2877,2892
2669,2877,2892
2668,2877,2892
2667,2877,2892
2666,2877,2892
2665,2877,2892
2664,2877,2892
2663,2877,2892
2650,2878,2893
2651,2878,2893
2652,2878,2893
2653,2878,2893
2654,2877,2893
2655,2877,2893
2656,2877,2893
2657,2877,2893
2658,2877,2893
2659,2877,2893
2660,2877,2893
2661,2877,2893
2662,2877,2892
2679,2876,2891
2680,2876,2890
2681,2876,2890
2682,2876,2890
2683,2876,2890
2684,2876,2890
2685,2876,2890
2686,2876,2889
2687,2876,2889
2688,2876,2889
2689,2876,2889
2690,2876,2889
2691,2876,2889
2692,2876,2888
2693,2876,2888
2694,2876,2888
2695,2876,2888
2696,2875,2888
2697,2875,2888
2698,2875,2887
2699,2875,2887
2700,2875,2887
2701,2875,2887
2702,2875,2887
2703,2875,2886
2704,2875,2886
2705,2875,2886
2706,2875,2886
2707,2875,2886
2708,2875,2885
2777,2858,2868
2778,2858,2868
2779,2857,2867
2780,2857,2867
2781,2856,2867
2782,2856,2866
2783,2856,2866
2784,2855,2866
2785,2855,2865
2786,2854,2865
2787,2854,2865
2788,2853,2864
2789,2853,2864
2790,2852,2864
2791,2852,2863
2792,2852,2863
2793,2851,2863
2794,2851,2862
2795,2850,2862
2796,2850,2862
2797,2849,2861
2798,2849,2861
2799,2848,2861
2800,2848,2860
2801,2847,2860
2802,2847,2859
2803,2846,2859
2804,2846,2859
2805,2845,2858
2806,2845,2858
2807,2844,2857
2808,2844,2857
2809,2843,2857
2810,2843,2856
2811,2842,2856
2812,2842,2855
2813,2841,2855
2814,2840,2855
2815,2840,2854
2816,2839,2854
2817,2839,2853
2818,2838,2853
2819,2838,2852
2820,2837,2852
2821,2837,2851
2822,2836,2851
2823,2835,2851
2824,2835,2850
2825,2834,2850
2826,2834,2849
2827,2833,2849
2828,2833,2848
2829,2832,2848
2830,2831,2847
2831,2831,2847
2832,2830,2846
2833,2830,2846
2834,2829,2845
2835,2828,2845
2836,2828,2844
2837,2827,2844
2838,2826,2843
2839,2826,2843
2840,2825,2842
2841,2825,2842
2842,2824,2841
2843,2823,2841
2844,2823,2840
2845,2822,2839
2846,2821,2839
2847,2821,2838
2848,2820,2838
2849,2819,2837
2850,2819,2837
2851,2818,2836
2852,2817,2835
2853,2817,2835
2854,2816,2834
2855,2815,2834
2856,2815,2833
2857,2814,2833
2858,2813,2832
2859,2813,2831
2860,2812,2831
2861,2811,2830
2862,2810,2829
2863,2810,2829
2864,2809,2828
2865,2808,2828
2866,2808,2827
2867,2807,2826
2868,2806,2826
2869,2805,2825
2870,2805,2824
2871,2804,2824
2872,2803,2823
2873,2802,2822
2874,2802,2822
2875,2801,2821
2876,2800,2820
2877,2799,2820
2878,2799,2819
2879,2798,2818
2880,2797,2818
2881,2796,2817
2882,2795,2816
2883,2795,2815
2884,2794,2815
2885,2793,2814
2886,2792,2813
2887,2792,2813
2888,2791,2812
2889,2790,2811
2890,2789,2810
2891,2788,2810
2892,2787,2809
2893,2787,2808
2894,2786,2807
2895,2785,2807
2896,2784,2806
2897,2783,2805
1816,2210,2221
2898,2782,2804
1817,2198,2227
2899,2782,2803
1818,2190,2229
2900,2781,2803
1819,2183,2230
2901,2780,2802
1820,2178,2229
2902,2779,2801
1821,2172,2229
2903,2778,2800
1822,2168,2227
2904,2777,2799
1823,2163,2225
2905,2776,2799
1824,2159,2223
2906,2775,2798
