1847,2279,2289
1848,2258,2303
1849,2247,2308
1850,2238,2310
1851,2230,2309
1852,2224,2307
1853,2217,2304
1854,2211,2300
1855,2206,2296
1856,2201,2291
1857,2196,2285
1858,2191,2280
1973,1951,1978
1972,1952,1980
1971,1953,1981
1970,1954,1983
1969,1956,1984
1968,1957,1986
1967,1958,1987
1966,1959,1989
1965,1961,1991
1964,1962,1992
1963,1963,1994
1962,1965,1995
1961,1966,1997
1960,1967,1999
1959,1969,2000
1958,1970,2002
1957,1972,2003
1956,1973,2005
1955,1974,2007
1954,1976,2008
1953,1977,2010
1952,1978,2012
1951,1980,2014
1950,1981,2015
1949,1983,2017
1948,1984,2019
1947,1986,2020
1946,1987,2022
1945,1989,2024
1944,1990,2026
1943,1992,2028
1942,1993,2029
1941,1995,2031
1940,1996,2033
1939,1998,2035
1938,1999,2037
1909,2050,2098
1910,2048,2096
1911,2046,2093
2032,1887,1901
1912,2044,2091
2033,1887,1900
1913,2042,2089
2034,1886,1899
1914,2040,2086
2035,1885,1897
1915,2038,2084
2036,1884,1896
1937,2001,2039
2031,1888,1902
2572,2893,2894
2058,1866,1871
1936,2002,2041
2030,1889,1903
2571,2892,2896
2057,1867,1872
1935,2004,2042
2056,1868,1873
1934,2006,2044
2055,1869,1875
1933,2007,2046
2054,1869,1876
1932,2009,2048
2053,1870,1877
1931,2010,2050
2052,1871,1878
1930,2012,2052
2051,1871,1879
1929,2014,2054
2050,1872,1880
1916,2036,2082
2037,1883,1895
1917,2035,2079
2038,1882,1894
1918,2033,2077
2039,1881,1893
1919,2031,2075
2040,1880,1892
1920,2029,2073
2041,1880,1891
1921,2027,2071
2042,1879,1889
1922,2026,2069
2043,1878,1888
1923,2024,2067
2044,1877,1887
1924,2022,2064
2045,1876,1886
1925,2020,2062
2046,1875,1885
1926,2019,2060
2047,1875,1884
1927,2017,2058
2048,1874,1883
1928,2015,2056
2049,1873,1881
1908,2052,2100
2570,2891,2896
2029,1890,1904
1907,2054,2103
2569,2891,2897
2028,1891,1906
1906,2056,2105
2568,2890,2897
2027,1892,1907
1905,2058,2108
2567,2890,2898
2026,1893,1908
1904,2060,2110
2566,2890,2898
2025,1894,1909
1903,2062,2113
2565,2889,2898
2024,1895,1910
1902,2064,2115
2564,2889,2899
2023,1896,1912
1901,2066,2118
2563,2889,2899
2022,1897,1913
1900,2068,2121
2562,2889,2899
2021,1898,1914
1899,2070,2123
2561,2888,2899
2020,1899,1915
2560,2888,2899
2019,1900,1916
2559,2888,2899
2018,1901,1918
2558,2888,2900
2017,1902,1919
2551,2887,2900
2010,1909,1927
2552,2887,2900
2011,1908,1926
2553,2887,2900
2012,1907,1925
2554,2888,2900
2013,1906,1924
2555,2888,2900
2014,1905,1922
2550,2887,2900
2009,1910,1929
2549,2887,2900
2008,1911,1930
2548,2888,2900
2007,1912,1931
2547,2888,2900
2006,1913,1933
2546,2888,2900
2005,1914,1934
1974,1949,1977
1975,1948,1975
1976,1947,1974
1977,1946,1972
2519,3240,3240
1978,1944,1971
2520,3238,3241
1979,1943,1969
2521,3237,3242
1980,1942,1968
2522,3237,3242
1981,1941,1967
2523,3237,3242
1982,1940,1965
2524,3237,3242
1983,1938,1964
2525,3237,3242
1984,1937,1962
2526,3237,3242
1985,1936,1961
2527,3237,3242
1986,1935,1959
2528,3238,3241
1987,1934,1958
1988,1932,1957
1989,1931,1955
2531,2893,2894
1990,1930,1954
2532,2892,2895
1991,1929,1952
2533,2891,2896
1992,1928,1951
2534,2890,2897
1993,1927,1950
2535,2890,2897
1994,1926,1948
2536,2890,2898
1995,1925,1947
2537,2889,2898
1996,1923,1946
2538,2889,2898
1997,1922,1944
2539,2889,2898
1998,1921,1943
2540,2888,2899
1999,1920,1942
2541,2888,2899
2000,1919,1940
2542,2888,2899
2001,1918,1939
2543,2888,2899
2002,1917,1938
2544,2888,2899
2003,1916,1936
2545,2888,2900
2004,1915,1935
2556,2888,2900
2015,1904,1921
2557,2888,2900
2016,1903,1920
2059,1866,1870
2060,1865,1869
2061,1865,1867
2062,1864,1866
2063,1864,1864
1898,2072,2126
1897,2074,2129
1896,2077,2131
1895,2079,2134
1894,2081,2137
1893,2083,2140
1892,2086,2143
1891,2088,2146
1890,2090,2149
1889,2093,2152
1888,2095,2155
1887,2098,2158
1886,2100,2161
1885,2103,2164
1884,2105,2168
1883,2108,2171
1882,2110,2174
1881,2113,2178
1880,2116,2181
1879,2118,2185
1878,2121,2188
1877,2124,2192
1876,2127,2196
1875,2130,2200
1874,2133,2204
1873,2136,2208
1872,2139,2212
1871,2142,2216
1870,2145,2220
1869,2149,2225
1868,2152,2229
1867,2155,2234
1866,2159,2238
1865,2163,2243
1864,2166,2248
1863,2170,2253
1862,2174,2258
1861,2178,2264
1860,2182,2269
1859,2187,2275
