2073,1880,1901
2074,1879,1900
2075,1878,1899
2076,1877,1898
2077,1876,1897
2078,1875,1896
2079,1874,1895
2080,1873,1894
2081,1872,1893
2082,1871,1892
2083,1870,1891
2084,1869,1890
2085,1869,1889
2086,1868,1889
2087,1867,1888
2088,1866,1887
2089,1865,1886
2090,1864,1885
2091,1863,1884
2092,1862,1883
2093,1862,1882
2094,1861,1881
2095,1860,1880
2096,1859,1879
2097,1858,1878
2098,1857,1877
2099,1856,1876
2100,1856,1875
2101,1855,1875
2102,1854,1874
2103,1853,1873
2104,1852,1872
2105,1851,1871
2106,1851,1870
2107,1850,1869
2108,1849,1868
2109,1848,1867
2110,1847,1867
2111,1847,1866
2112,1846,1865
2113,1845,1864
2114,1844,1863
2115,1843,1862
2116,1843,1861
2117,1842,1860
2118,1841,1860
2119,1840,1859
2120,1839,1858
2121,1839,1857
2122,1838,1856
2123,1837,1855
2124,1836,1855
2125,1836,1854
2126,1835,1853
2127,1834,1852
2128,1833,1851
2129,1833,1851
2130,1832,1850
2964,1877,1878
2965,1877,1879
2966,1878,1880
2967,1879,1881
2968,1879,1882
2969,1880,1883
2970,1881,1884
2971,1882,1885
2972,1883,1887
2973,1883,1888
2974,1884,1889
2975,1885,1890
2976,1886,1891
2977,1887,1892
2978,1888,1893
2979,1888,1894
1871,2319,2377
2980,1889,1895
1872,2302,2393
2981,1890,1896
1873,2290,2405
2982,1891,1898
1874,2280,2415
2983,1892,1899
1875,2271,2424
2984,1893,1900
1876,2263,2432
2985,1894,1901
1877,2256,2439
2986,1895,1902
1878,2250,2445
2987,1896,1903
1879,2243,2451
2988,1897,1904
1880,2238,2457
2989,1897,1905
2476,2897,2902
1908,2132,2195
1908,2511,2558
3017,1926,1939
1881,2232,2462
2990,1898,1907
2477,2896,2902
1909,2129,2192
1909,2515,2561
3018,1927,1940
1882,2227,2467
2991,1899,1908
2478,2896,2903
1910,2126,2188
1910,2519,2563
3019,1928,1941
1883,2222,2472
2992,1900,1909
2479,2895,2903
1911,2124,2184
1911,2523,2566
3020,1929,1943
1884,2217,2477
2993,1901,1910
2480,2895,2903
1912,2121,2180
1912,2527,2568
3021,1930,1944
1885,2212,2482
2994,1902,1911
2481,2894,2904
1913,2118,2177
1913,2531,2571
3022,1931,1945
1886,2208,2486
2995,1903,1912
2482,2894,2904
1914,2116,2173
1914,2535,2573
3023,1932,1946
1887,2203,2490
2996,1904,1913
2483,2894,2904
1915,2113,2170
1915,2538,2575
3024,1933,1948
1888,2199,2494
2997,1905,1915
2484,2894,2904
1916,2111,2166
1916,2542,2578
3025,1934,1949
1889,2195,2333
1889,2372,2498
2998,1906,1916
2485,2894,2904
1917,2108,2163
1917,2545,2580
3026,1935,1950
1890,2191,2311
1890,2394,2502
2999,1907,1917
2486,2893,2905
1918,2106,2160
1918,2549,2582
3027,1937,1952
1891,2187,2298
1891,2407,2506
3000,1908,1918
2487,2893,2905
1919,2103,2157
1919,2552,2584
3028,1938,1953
1892,2183,2287
1892,2418,2510
3001,1909,1919
2488,2893,2905
1920,2101,2154
1920,2555,2586
3029,1939,1954
1893,2180,2278
1893,2427,2513
3002,1910,1920
2489,2893,2905
1921,2099,2151
1921,2558,2588
3030,1940,1956
1894,2176,2269
1894,2436,2517
3003,1911,1922
2490,2893,2905
1922,2096,2148
1922,2562,2590
3031,1941,1957
1895,2172,2262
1895,2443,2520
3004,1912,1923
2491,2893,2905
1923,2094,2145
1923,2565,2592
3032,1942,1958
1896,2169,2255
1896,2450,2523
3005,1913,1924
2492,2893,2905
1924,2092,2142
1924,2568,2594
3033,1943,1960
1897,2165,2249
1897,2457,2526
3006,1914,1925
2493,2893,2905
1925,2089,2139
1925,2571,2596
3034,1945,1961
1898,2162,2243
1898,2463,2530
3007,1915,1926
2494,2893,2905
1926,2087,2136
1926,2574,2598
3035,1946,1963
1899,2159,2237
1899,2469,2533
3008,1916,1928
2495,2893,2905
1927,2085,2133
1927,2577,2600
3036,1947,1964
1900,2156,2232
1900,2474,2536
3009,1917,1929
2496,2893,2905
1928,2083,2131
1928,2580,2602
3037,1948,1965
1901,2153,2227
1901,2479,2539
3010,1918,1930
2497,2893,2905
1929,2080,2128
1929,2583,2604
3038,1949,1967
1902,2149,2222
1902,2484,2542
3011,1919,1931
2498,2893,2905
1930,2078,2125
1930,2586,2606
3039,1951,1968
1903,2146,2217
1903,2489,2545
3012,1920,1933
2499,2893,2905
1931,2076,2123
1931,2589,2607
3040,1952,1970
1904,2143,2212
1904,2494,2547
3013,1921,1934
2500,2893,2905
1932,2074,2120
1932,2593,2609
3041,1953,1971
1905,2140,2208
1905,2499,2550
3014,1922,1935
2501,2893,2905
1933,2072,2117
1933,2596,2611
3042,1954,1972
1906,2138,2204
1906,2503,2553
3015,1923,1936
2474,2899,2900
2502,2893,2904
1934,2070,2115
1934,2599,2612
3043,1955,1974
1907,2135,2200
1907,2507,2555
3016,1924,1938
2475,2897,2901
2503,2894,2904
1935,2068,2112
1935,2602,2613
3044,1957,1975
2504,3242,3243
2504,2894,2904
1936,2066,2110
1936,2605,2615
3045,1958,1977
2505,3241,3245
2505,2894,2904
1937,2064,2107
1937,2608,2616
3046,1959,1978
2506,3240,3245
2506,2894,2903
1938,2062,2105
1938,2612,2616
3047,1960,1980
2507,3240,3245
2507,2895,2903
1939,2060,2103
3048,1962,1981
2508,3240,3246
2508,2895,2903
1940,2058,2100
3049,1963,1983
2509,3240,3246
2509,2895,2902
1941,2056,2098
3050,1964,1984
2510,3240,3246
2510,2896,2902
1942,2054,2096
3051,1966,1986
2511,3240,3246
2511,2896,2901
1943,2052,2093
3052,1967,1987
2512,3240,3245
2512,2897,2901
1944,2050,2091
3053,1968,1989
2513,3241,3245
2513,2899,2899
1945,2048,2089
3054,1969,1990
2514,3242,3244
1946,2046,2087
3055,1971,1992
2014,1943,1971
3123,2083,2130
2015,1942,1969
3124,2085,2133
2016,1941,1968
3125,2087,2135
2017,1940,1967
3126,2089,2138
2018,1938,1965
3127,2091,2141
2019,1937,1964
3128,2094,2144
2020,1936,1963
3129,2096,2147
2021,1935,1961
3130,2098,2150
2022,1934,1960
3131,2100,2154
2023,1932,1959
3132,2103,2157
2024,1931,1957
3133,2105,2160
2025,1930,1956
3134,2107,2163
2026,1929,1955
3135,2110,2167
2027,1928,1954
3136,2112,2170
2028,1927,1952
3137,2115,2174
2029,1925,1951
3138,2117,2177
2030,1924,1950
3139,2120,2181
2031,1923,1949
3140,2122,2185
2032,1922,1947
3141,2125,2189
2033,1921,1946
3142,2127,2192
2034,1920,1945
3143,2130,2197
2035,1919,1944
3144,2133,2201
2036,1917,1942
3145,2136,2205
2037,1916,1941
3146,2138,2209
2038,1915,1940
3147,2141,2214
2039,1914,1939
3148,2144,2219
2040,1913,1938
3149,2147,2223
2041,1912,1937
3150,2150,2229
2042,1911,1935
3151,2153,2234
2043,1910,1934
3152,2156,2239
2067,1885,1908
3176,2259,2420
2066,1886,1909
3175,2252,2426
2065,1887,1910
3174,2246,2432
2064,1888,1911
3173,2240,2437
2063,1889,1912
3172,2235,2442
2062,1890,1913
3171,2229,2446
2061,1891,1914
3170,2224,2451
2060,1892,1915
3169,2219,2455
2059,1893,1916
3168,2215,2458
2058,1894,1917
3167,2210,2462
2057,1895,1918
3166,2206,2465
2056,1896,1919
3165,2202,2469
2055,1897,1921
3164,2198,2471
2068,1884,1907
3177,2267,2413
2069,1883,1906
3178,2275,2405
2070,1882,1904
3179,2284,2397
2071,1882,1903
3180,2295,2386
2072,1881,1902
3181,2310,2372
2054,1898,1922
3163,2194,2474
2053,1899,1923
3162,2190,2330
3162,2401,2476
2052,1900,1924
3161,2186,2313
3161,2421,2478
2051,1901,1925
3160,2182,2300
3160,2436,2480
2050,1902,1926
3159,2179,2290
3159,2449,2480
2049,1903,1927
3158,2175,2280
3158,2463,2479
2048,1904,1928
3157,2172,2272
2047,1906,1930
3156,2169,2265
2046,1907,1931
3155,2165,2258
2045,1908,1932
3154,2162,2251
2044,1909,1933
3153,2159,2245
2013,1944,1972
3122,2081,2127
2012,1946,1973
3121,2079,2124
2011,1947,1975
3120,2076,2121
2010,1948,1976
3119,2074,2119
2009,1949,1978
3118,2072,2116
2008,1951,1979
3117,2070,2114
2007,1952,1980
3116,2068,2111
2006,1953,1982
3115,2066,2108
2005,1955,1983
3114,2064,2106
2004,1956,1985
3113,2062,2103
2003,1957,1986
3112,2061,2101
2002,1959,1988
3111,2059,2099
2001,1960,1989
3110,2057,2096
2000,1961,1990
3109,2055,2094
1999,1963,1992
3108,2053,2091
1998,1964,1993
3107,2051,2089
1997,1965,1995
3106,2049,2087
1996,1967,1996
3105,2047,2085
1995,1968,1998
3104,2046,2082
1994,1969,1999
3103,2044,2080
1993,1971,2001
3102,2042,2078
1992,1972,2003
3101,2040,2076
1991,1973,2004
3100,2039,2074
1990,1975,2006
3099,2037,2071
1989,1976,2007
3098,2035,2069
1988,1978,2009
3097,2033,2067
1987,1979,2010
3096,2032,2065
1986,1981,2012
3095,2030,2063
1985,1982,2014
3094,2028,2061
1984,1983,2015
3093,2027,2059
1983,1985,2017
3092,2025,2057
1982,1986,2018
3091,2023,2055
1981,1988,2020
3090,2022,2053
1980,1989,2022
3089,2020,2051
1979,1991,2023
3088,2019,2049
1978,1992,2025
3087,2017,2047
1977,1994,2027
3086,2015,2045
1976,1995,2029
3085,2014,2043
1975,1997,2030
3084,2012,2041
1974,1998,2032
3083,2011,2039
1973,2000,2034
3082,2009,2038
1972,2001,2035
3081,2008,2036
1971,2003,2037
3080,2006,2034
1970,2005,2039
3079,2005,2032
1969,2006,2041
3078,2003,2030
1968,2008,2043
3077,2001,2028
1967,2009,2044
3076,2000,2027
1966,2011,2046
3075,1999,2025
1965,2013,2048
3074,1997,2023
1964,2014,2050
3073,1996,2021
1963,2016,2052
3072,1994,2020
1962,2018,2054
3071,1993,2018
1961,2019,2056
3070,1991,2016
1960,2021,2058
3069,1990,2015
1959,2023,2060
3068,1988,2013
1958,2024,2062
3067,1987,2011
1957,2026,2064
3066,1986,2009
1956,2028,2066
3065,1984,2008
1955,2030,2068
3064,1983,2006
1954,2031,2070
3063,1981,2005
1953,2033,2072
3062,1980,2003
1952,2035,2074
3061,1979,2001
1951,2037,2076
3060,1977,2000
1950,2039,2078
3059,1976,1998
1949,2040,2080
3058,1975,1997
1948,2042,2082
3057,1973,1995
1947,2044,2084
3056,1972,1993
2136,1827,1845
2137,1827,1844
2138,1826,1843
2139,1825,1843
2140,1825,1842
2141,1824,1841
2142,1823,1840
2143,1822,1840
2144,1822,1839
2145,1821,1838
2146,1820,1837
2147,1820,1837
2148,1819,1836
2149,1818,1835
2150,1818,1834
2151,1817,1834
2152,1816,1833
2153,1816,1832
2154,1815,1831
2155,1814,1831
2156,1814,1830
2157,1813,1829
2158,1812,1828
2159,1812,1828
2160,1811,1827
2161,1810,1826
2162,1810,1826
2163,1809,1825
2164,1808,1824
2165,1808,1824
2166,1807,1823
2167,1806,1822
2168,1806,1821
2169,1805,1821
2170,1804,1820
2171,1804,1819
2172,1803,1819
2173,1803,1818
2174,1802,1817
2175,1801,1817
2176,1801,1816
2177,1800,1815
2178,1799,1815
2179,1799,1814
2180,1798,1813
2181,1798,1813
2182,1797,1812
2183,1796,1811
2184,1796,1811
2185,1795,1810
2186,1795,1809
2187,1794,1809
2188,1793,1808
2189,1793,1808
2190,1792,1807
2191,1792,1806
2192,1791,1806
2193,1791,1805
2194,1790,1804
2195,1789,1804
2196,1789,1803
2197,1788,1802
2198,1788,1802
2199,1787,1801
2200,1787,1801
2201,1786,1800
2202,1785,1799
2203,1785,1799
2204,1784,1798
2205,1784,1798
2206,1783,1797
2207,1783,1796
2208,1782,1796
2209,1782,1795
2210,1781,1795
2211,1781,1794
2212,1780,1794
2213,1780,1793
2214,1779,1792
2215,1778,1792
2216,1778,1791
2217,1777,1791
2218,1777,1790
2219,1776,1790
2220,1776,1789
2221,1775,1788
2222,1775,1788
2223,1774,1787
2224,1774,1787
2225,1773,1786
2226,1773,1786
2227,1772,1785
2228,1772,1785
2229,1771,1784
2230,1771,1783
2231,1770,1783
2232,1770,1782
2233,1769,1782
2234,1769,1781
2235,1768,1781
2236,1768,1780
2237,1768,1780
2238,1767,1779
2239,1767,1779
2240,1766,1778
2241,1766,1778
2242,1765,1777
2243,1765,1777
2244,1764,1776
2245,1764,1776
2246,1763,1775
2247,1763,1775
2248,1762,1774
2249,1762,1774
2250,1762,1773
2251,1761,1773
2252,1761,1772
2253,1760,1772
2254,1760,1771
2255,1759,1771
2256,1759,1770
2257,1758,1770
2258,1758,1769
2259,1758,1769
2260,1757,1768
2261,1757,1768
2262,1756,1767
2263,1756,1767
2264,1756,1766
2265,1755,1766
2266,1755,1765
2267,1754,1765
2268,1754,1765
2269,1753,1764
2270,1753,1764
2271,1753,1763
2272,1752,1763
2273,1752,1762
2274,1751,1762
2275,1751,1761
2276,1751,1761
2277,1750,1760
2278,1750,1760
2279,1749,1760
2280,1749,1759
2281,1749,1759
2282,1748,1758
2283,1748,1758
2284,1748,1757
2285,1747,1757
2286,1747,1757
2287,1746,1756
2288,1746,1756
2289,1746,1755
2290,1745,1755
2291,1745,1754
2292,1745,1754
2293,1744,1754
2294,1744,1753
2295,1744,1753
2296,1743,1752
2297,1743,1752
2298,1742,1752
2299,1742,1751
2300,1742,1751
2301,1741,1750
2302,1741,1750
2303,1741,1750
2304,1740,1749
2305,1740,1749
2306,1740,1748
2307,1739,1748
2308,1739,1748
2309,1739,1747
2310,1738,1747
2311,1738,1747
2312,1738,1746
2313,1737,1746
2314,1737,1745
2315,1737,1745
2316,1736,1745
2317,1736,1744
2318,1736,1744
2319,1736,1744
2320,1735,1743
2321,1735,1743
2322,1735,1742
2323,1734,1742
2324,1734,1742
2325,1734,1741
2326,1733,1741
2327,1733,1741
2328,1733,1740
2329,1733,1740
2330,1732,1740
2331,1732,1739
2332,1732,1739
2333,1731,1739
2334,1731,1738
2335,1731,1738
2336,1731,1738
2337,1730,1737
2338,1730,1737
2339,1730,1737
2340,1729,1736
2341,1729,1736
2342,1729,1736
2343,1729,1735
2344,1728,1735
2345,1728,1735
2346,1728,1734
2347,1728,1734
2348,1727,1734
2349,1727,1733
2350,1727,1733
2351,1727,1733
2352,1726,1732
2353,1726,1732
2354,1726,1732
2355,1726,1732
2356,1725,1731
2357,1725,1731
2358,1725,1731
2359,1725,1730
2360,1724,1730
2361,1724,1730
2362,1724,1729
2363,1724,1729
2364,1724,1729
2365,1723,1729
2366,1723,1728
2367,1723,1728
2368,1723,1728
2369,1722,1727
2370,1722,1727
2371,1722,1727
2372,1722,1727
2373,1722,1726
2374,1721,1726
2375,1721,1726
2376,1721,1725
2377,1721,1725
2378,1721,1725
2379,1720,1725
2380,1720,1724
2381,1720,1724
2382,1720,1724
2383,1720,1724
2384,1719,1723
2385,1719,1723
2386,1719,1723
2387,1719,1722
2388,1719,1722
2389,1719,1722
2390,1718,1722
2391,1718,1721
2392,1718,1721
2393,1718,1721
2394,1718,1721
2395,1718,1720
2396,1717,1720
2397,1717,1720
2398,1717,1720
2399,1717,1719
2400,1717,1719
2401,1717,1719
2402,1717,1719
2403,1717,1718
2404,1716,1718
2405,1716,1718
2406,1716,1718
2407,1716,1717
2408,1716,1717
2409,1716,1717
2410,1716,1716
2411,1716,1716
2412,1716,1716
2135,1828,1846
2134,1829,1847
2133,1830,1847
2132,1830,1848
2131,1831,1849
