2555,2890,2893
2556,2889,2894
2557,2889,2894
2558,2888,2895
2559,2888,2895
2560,2887,2896
2561,2887,2896
2562,2887,2896
2563,2887,2897
2564,2886,2897
2565,2886,2897
2566,2886,2897
2567,2886,2897
2568,2886,2898
2569,2886,2898
2570,2886,2898
2571,2885,2898
2572,2885,2898
2573,2885,2898
2574,2885,2898
2575,2885,2898
2576,2885,2898
2601,2892,2892
2600,2890,2893
2599,2890,2894
2598,2889,2895
2597,2889,2895
2596,2888,2896
2595,2888,2896
2594,2887,2896
2593,2887,2897
2592,2887,2897
2591,2887,2897
2590,2887,2897
2589,2886,2897
2588,2886,2898
2587,2886,2898
2586,2886,2898
2585,2886,2898
2584,2886,2898
2583,2886,2898
2582,2885,2898
2581,2885,2898
2580,2885,2898
2579,2885,2898
2578,2885,2898
2577,2885,2898
2525,3237,3239
2526,3236,3240
2527,3235,3240
2528,3235,3240
2529,3235,3240
2534,3237,3237
2533,3235,3239
2532,3235,3239
2531,3235,3240
2530,3235,3240
1936,1985,2011
1935,1987,2013
1934,1988,2015
1933,1989,2017
1932,1991,2019
1931,1992,2021
1930,1994,2023
1929,1995,2025
1928,1996,2027
1927,1998,2029
1926,1999,2031
1925,2001,2033
1924,2002,2035
1923,2004,2037
1922,2005,2039
1921,2007,2041
1920,2008,2043
1919,2010,2045
1918,2011,2047
1917,2013,2049
1916,2014,2051
1915,2016,2053
1914,2018,2055
1913,2019,2057
1912,2021,2059
1911,2022,2062
1910,2024,2064
1909,2026,2066
1908,2027,2068
1907,2029,2071
1890,2060,2112
1889,2062,2114
1888,2064,2117
1887,2066,2120
1886,2069,2122
1885,2071,2125
1884,2073,2128
1883,2075,2131
1882,2077,2134
1881,2079,2136
1880,2082,2139
1879,2084,2142
1878,2086,2145
1891,2058,2109
1892,2056,2107
1893,2054,2104
1894,2053,2101
1895,2051,2099
1896,2049,2096
1897,2047,2094
1898,2045,2092
1899,2043,2089
1900,2041,2087
1901,2040,2084
1902,2038,2082
1903,2036,2080
1904,2034,2077
1905,2032,2075
1906,2031,2073
1937,1984,2009
1938,1983,2008
1939,1982,2006
1940,1980,2004
1941,1979,2002
1942,1978,2000
1943,1977,1998
1944,1975,1997
1945,1974,1995
1946,1973,1993
1947,1972,1991
1948,1971,1989
1949,1969,1988
1950,1968,1986
1951,1967,1984
1952,1966,1982
1953,1965,1980
1954,1964,1978
1955,1963,1977
1956,1962,1975
1957,1961,1973
1958,1960,1971
1959,1959,1969
1960,1958,1967
1961,1957,1965
1962,1957,1963
1963,1956,1961
1964,1956,1959
1877,2088,2148
1876,2091,2151
1875,2093,2154
1874,2096,2157
1873,2098,2161
1872,2101,2164
1871,2103,2167
1870,2106,2170
1869,2108,2174
1868,2111,2177
1867,2113,2181
1866,2116,2184
1865,2119,2188
1864,2122,2191
1863,2125,2195
1862,2128,2198
1861,2131,2202
1860,2134,2206
1859,2137,2210
1858,2140,2214
1857,2143,2217
1856,2147,2221
1855,2150,2225
1854,2153,2229
1853,2157,2233
1852,2161,2237
1851,2165,2241
1850,2169,2245
1849,2173,2249
1848,2177,2253
1847,2181,2257
1846,2186,2260
1845,2191,2263
1844,2196,2266
1843,2202,2269
1842,2208,2270
1841,2215,2271
1840,2222,2271
1839,2232,2269
1838,2245,2262
