1818,2206,2226
1819,2196,2230
1820,2189,2232
1821,2183,2232
1822,2177,2231
1823,2172,2230
1824,2168,2229
1825,2163,2227
1826,2159,2224
1827,2155,2222
1828,2151,2220
1829,2147,2217
1830,2144,2214
1831,2140,2211
1832,2137,2208
1833,2134,2205
1834,2131,2202
1835,2127,2199
1836,2124,2196
1837,2122,2192
2701,2878,2885
2700,2878,2886
2699,2878,2886
2698,2878,2886
2697,2878,2886
2696,2878,2887
2695,2878,2887
2694,2878,2887
2693,2878,2887
2692,2878,2887
2691,2878,2888
2690,2878,2888
2689,2878,2888
2688,2878,2888
2687,2878,2889
2686,2878,2889
2685,2878,2889
2684,2878,2889
2683,2878,2889
2682,2878,2890
2681,2878,2890
2680,2878,2890
2679,2878,2890
2678,2878,2890
2677,2878,2890
2676,2878,2891
2675,2878,2891
2674,2878,2891
2673,2878,2891
2672,2878,2891
1884,2030,2056
2655,2878,2893
1883,2031,2058
2654,2878,2893
1882,2032,2061
2653,2878,2893
1881,2034,2064
2652,2878,2893
1880,2035,2066
2651,2878,2893
1879,2036,2069
2650,2878,2894
1878,2038,2072
2649,2878,2894
1877,2039,2074
2648,2878,2894
1876,2041,2077
2647,2878,2894
1875,2042,2080
2646,2878,2894
1874,2044,2082
2645,2879,2894
1873,2045,2085
2644,2879,2894
1872,2047,2088
2643,2879,2894
1885,2029,2053
2656,2878,2893
1886,2028,2050
2657,2878,2893
1887,2027,2047
2658,2878,2893
1888,2026,2045
2659,2878,2893
1889,2025,2042
2660,2878,2893
1890,2024,2039
2661,2878,2893
2534,3233,3233
1891,2024,2035
2662,2878,2893
2535,3231,3234
1892,2023,2032
2663,2878,2892
2536,3230,3235
1893,2024,2028
2664,2878,2892
2537,3230,3235
2665,2878,2892
2538,3230,3235
2666,2878,2892
2539,3230,3235
2667,2878,2892
2540,3230,3235
2668,2878,2892
2541,3230,3234
2669,2878,2892
2542,3230,3233
2670,2878,2891
2671,2878,2891
2702,2878,2885
2703,2878,2885
2704,2878,2884
2705,2878,2884
2706,2878,2884
2707,2878,2884
2708,2878,2883
2709,2878,2883
2710,2878,2883
2711,2878,2882
2712,2878,2882
2713,2878,2882
2714,2878,2881
2715,2878,2881
2716,2878,2881
2717,2878,2880
2718,2878,2880
2719,2879,2879
1871,2049,2090
2642,2879,2894
1870,2050,2093
2641,2879,2894
1869,2052,2096
2640,2879,2894
1868,2054,2099
2639,2879,2894
1867,2055,2101
2638,2879,2894
1866,2057,2104
2637,2879,2894
1865,2059,2107
2636,2879,2894
1864,2061,2110
2635,2879,2894
1863,2062,2113
2634,2879,2894
1862,2064,2115
2633,2879,2894
1861,2066,2118
2632,2880,2894
1860,2068,2121
2631,2880,2894
1859,2070,2124
2630,2880,2894
1858,2072,2127
2629,2880,2894
1857,2074,2130
2628,2880,2893
1856,2076,2133
2627,2880,2893
1855,2078,2136
2626,2880,2893
1854,2080,2139
2625,2880,2893
1846,2098,2164
2617,2882,2892
1845,2100,2167
2616,2882,2892
1844,2103,2170
2615,2883,2891
2624,2881,2893
1853,2082,2142
1843,2105,2173
2614,2883,2891
2623,2881,2893
1852,2084,2145
1842,2108,2176
2613,2883,2891
2622,2881,2893
1851,2086,2148
1841,2111,2180
2612,2884,2890
2621,2881,2893
1850,2089,2151
1840,2113,2183
2611,2884,2890
2620,2881,2893
1849,2091,2154
1839,2116,2186
2610,2885,2889
2619,2882,2892
1848,2093,2157
1838,2119,2189
2609,2886,2888
2618,2882,2892
1847,2096,2160
