2531,3234,3236
3045,2627,2630
2532,3233,3237
3046,2626,2627
2533,3232,3237
2534,3232,3237
2539,3233,3235
2538,3232,3236
2537,3232,3237
2536,3232,3237
2535,3232,3237
2585,2888,2891
2586,2887,2892
2587,2886,2892
2639,2885,2893
2638,2884,2893
2949,2757,2762
1867,2076,2132
2646,2888,2889
2637,2884,2893
2948,2758,2763
1866,2078,2135
2645,2887,2890
2636,2884,2894
2947,2759,2764
1865,2080,2138
2644,2886,2891
2635,2884,2894
2946,2761,2765
1864,2082,2141
2643,2886,2891
2634,2884,2894
2945,2762,2765
1863,2084,2144
2642,2886,2892
2633,2884,2894
2944,2763,2766
1862,2086,2147
2641,2885,2892
2632,2883,2894
2943,2764,2767
1861,2089,2150
2640,2885,2892
2631,2883,2895
2942,2766,2767
1860,2091,2153
2630,2883,2895
2941,2767,2768
1859,2093,2156
2629,2883,2895
1858,2096,2160
2628,2883,2895
1857,2098,2163
2627,2883,2895
1856,2101,2166
2626,2883,2895
1855,2103,2169
2625,2883,2895
1854,2106,2173
2624,2883,2895
1853,2108,2176
2611,2882,2896
1840,2147,2220
2612,2882,2896
1841,2144,2216
2613,2882,2896
1842,2140,2213
2614,2882,2896
1843,2137,2210
2615,2882,2896
1844,2134,2206
2616,2882,2896
1845,2131,2203
2617,2882,2896
1846,2128,2199
2618,2882,2896
1847,2125,2196
2619,2882,2896
1848,2122,2193
2620,2882,2896
1849,2119,2189
2621,2882,2896
1850,2116,2186
2622,2882,2896
1851,2114,2182
2623,2882,2896
1852,2111,2179
2610,2882,2896
1839,2151,2223
2609,2882,2896
1838,2155,2226
2608,2882,2896
1837,2158,2229
2607,2882,2896
1836,2162,2232
2606,2882,2896
1835,2167,2235
2605,2882,2896
1834,2171,2238
2604,2882,2896
1833,2175,2240
2603,2883,2896
1832,2180,2242
2602,2883,2896
1831,2186,2243
2601,2883,2896
1830,2191,2245
2600,2883,2895
1829,2198,2245
2599,2883,2895
1828,2205,2244
2598,2883,2895
1827,2214,2241
2597,2883,2895
2596,2884,2895
2595,2884,2895
2594,2884,2895
2593,2884,2894
2592,2884,2894
2591,2885,2894
2590,2885,2893
2589,2885,2893
2588,2886,2893
1894,2028,2061
2976,2725,2735
1895,2026,2059
2977,2724,2734
1896,2025,2057
2978,2722,2733
1897,2023,2054
2979,2721,2732
1898,2022,2052
2980,2720,2731
1899,2020,2049
2981,2718,2730
1900,2019,2047
2982,2717,2728
1901,2018,2045
2983,2716,2727
1902,2016,2042
2984,2715,2726
1903,2015,2040
2985,2713,2725
1904,2014,2038
2986,2712,2724
1905,2013,2035
2987,2711,2722
1906,2011,2033
2988,2710,2721
1907,2010,2030
2989,2708,2720
1908,2009,2028
2990,2707,2719
1909,2008,2026
2991,2706,2718
1910,2007,2023
2992,2704,2716
1911,2006,2021
2993,2703,2715
1912,2005,2018
2994,2702,2714
1913,2005,2015
2995,2700,2712
1914,2004,2013
2996,2699,2711
1915,2004,2009
2997,2698,2710
2998,2696,2709
2999,2695,2707
3000,2693,2706
3001,2692,2705
3002,2691,2703
3003,2689,2702
3004,2688,2700
3005,2687,2699
3006,2685,2698
3007,2684,2696
3008,2682,2695
3009,2681,2693
3010,2679,2692
3011,2678,2690
3012,2677,2689
3013,2675,2688
3014,2674,2686
3015,2672,2685
3016,2671,2683
3017,2669,2681
3018,2668,2680
3019,2666,2678
3020,2665,2677
3021,2663,2675
3022,2662,2674
3023,2660,2672
3024,2659,2670
3025,2657,2669
3026,2656,2667
3027,2654,2665
3028,2653,2664
3029,2651,2662
3030,2650,2660
3031,2648,2658
3032,2646,2657
3033,2645,2655
3034,2643,2653
3035,2642,2651
3036,2640,2649
3037,2639,2647
3038,2637,2645
3039,2636,2643
3040,2634,2641
3041,2633,2639
3042,2631,2637
3043,2630,2635
3044,2628,2633
1893,2029,2064
2975,2726,2736
1892,2031,2066
2974,2727,2737
1891,2032,2069
2973,2728,2739
1890,2034,2071
2972,2730,2740
1889,2035,2074
2971,2731,2741
1888,2037,2076
2970,2732,2742
1887,2038,2079
2969,2733,2743
1886,2040,2081
2968,2735,2744
1885,2042,2084
2967,2736,2745
1884,2043,2086
2966,2737,2746
1883,2045,2089
2965,2738,2747
1882,2047,2091
2964,2739,2748
1881,2049,2094
2963,2741,2749
1880,2050,2096
2962,2742,2750
1879,2052,2099
2961,2743,2751
1878,2054,2102
2960,2744,2752
1877,2056,2104
2959,2745,2753
1876,2058,2107
2958,2746,2754
1875,2060,2110
2957,2748,2755
1874,2062,2113
2956,2749,2756
1873,2063,2115
2955,2750,2757
1872,2065,2118
2954,2751,2758
1871,2067,2121
2953,2752,2759
1870,2069,2124
2952,2754,2760
1869,2071,2127
2951,2755,2760
1868,2073,2129
2950,2756,2761
