2543,2891,2894
2544,2890,2895
2545,2890,2895
2546,2889,2896
2547,2889,2896
2548,2888,2897
2549,2888,2897
2550,2888,2897
2551,2888,2898
2552,2887,2898
2553,2887,2898
2554,2887,2898
2555,2887,2898
2556,2887,2899
2557,2887,2899
2558,2887,2899
2559,2887,2899
2560,2886,2899
2561,2886,2899
2562,2886,2899
2563,2886,2899
2585,2891,2894
2584,2891,2895
2583,2890,2896
2582,2890,2896
2581,2889,2897
2580,2889,2897
2579,2888,2897
2578,2888,2898
2577,2888,2898
2576,2888,2898
2575,2887,2898
2574,2887,2898
2573,2887,2898
2572,2887,2899
2571,2887,2899
2570,2887,2899
2569,2887,2899
2568,2887,2899
2567,2887,2899
2566,2886,2899
2565,2886,2899
2564,2886,2899
2522,3238,3239
2523,3237,3240
2524,3236,3241
2525,3236,3241
2526,3236,3241
2531,3237,3239
2530,3236,3240
2529,3236,3241
2528,3236,3241
2527,3236,3241
1843,2252,2280
1844,2240,2286
1845,2231,2288
1846,2223,2288
1847,2216,2286
1848,2210,2284
1849,2204,2281
1850,2199,2278
1851,2194,2274
1852,2189,2270
1853,2184,2265
1854,2180,2261
1855,2176,2256
1856,2171,2252
1857,2167,2247
1858,2164,2243
1859,2160,2238
1860,2156,2234
1861,2153,2230
1862,2149,2225
1863,2146,2221
1864,2143,2217
1865,2140,2213
1866,2136,2209
1867,2133,2205
1868,2130,2201
1869,2127,2197
1870,2124,2194
1871,2122,2190
1872,2119,2186
1873,2116,2183
1874,2113,2179
1945,1980,2010
1944,1982,2012
1943,1983,2014
1942,1984,2016
1941,1986,2017
1940,1987,2019
1939,1989,2021
1938,1990,2023
1937,1992,2025
1936,1993,2026
1935,1994,2028
1934,1996,2030
1933,1997,2032
1932,1999,2034
1931,2000,2036
1930,2002,2038
1929,2004,2040
1928,2005,2042
1927,2007,2044
1926,2008,2046
1925,2010,2048
1924,2011,2050
1923,2013,2052
1922,2015,2054
1921,2016,2056
1920,2018,2058
1919,2020,2060
1918,2021,2062
1917,2023,2064
1916,2025,2066
1899,2056,2106
1898,2058,2108
1897,2060,2111
1896,2062,2114
1895,2064,2116
1894,2066,2119
1893,2068,2122
1892,2070,2124
1891,2072,2127
1890,2075,2130
1889,2077,2133
1888,2079,2135
1887,2081,2138
1900,2054,2103
1901,2052,2101
1902,2050,2099
1903,2048,2096
1904,2046,2094
1905,2044,2091
1906,2042,2089
1907,2041,2087
1908,2039,2084
1909,2037,2082
1910,2035,2080
1911,2033,2077
1912,2032,2075
1913,2030,2073
1914,2028,2071
1915,2026,2069
1946,1979,2008
1947,1977,2007
1948,1976,2005
1949,1975,2003
1950,1973,2002
1951,1972,2000
1952,1971,1998
1953,1969,1996
1954,1968,1995
1955,1967,1993
1956,1966,1991
1957,1964,1990
1958,1963,1988
1959,1962,1986
1960,1961,1985
1961,1959,1983
1962,1958,1982
1963,1957,1980
1964,1956,1978
1965,1954,1977
1966,1953,1975
1967,1952,1974
1968,1951,1972
1969,1950,1971
1970,1949,1969
1971,1947,1967
1972,1946,1966
1973,1945,1964
1974,1944,1963
1975,1943,1961
1976,1942,1960
1977,1941,1958
1978,1940,1957
1979,1939,1955
1980,1938,1954
1981,1936,1952
1982,1935,1951
1983,1934,1949
1984,1933,1948
1985,1932,1946
1986,1931,1945
1987,1930,1943
1988,1929,1942
1989,1928,1940
1990,1927,1939
1991,1927,1937
1992,1926,1936
1993,1925,1934
1994,1924,1933
1995,1923,1931
1996,1922,1929
1997,1921,1928
1998,1921,1926
1999,1920,1924
2000,1920,1923
2001,1920,1920
1886,2084,2141
1885,2086,2144
1884,2088,2147
1883,2091,2150
1882,2093,2153
1881,2095,2156
1880,2098,2159
1879,2100,2163
1878,2103,2166
1877,2105,2169
1876,2108,2172
1875,2111,2176
