1879,2319,2387
1880,2304,2402
1881,2292,2414
1882,2282,2423
1883,2274,2432
1884,2266,2439
1885,2259,2446
1886,2253,2453
1887,2247,2459
1888,2241,2465
1889,2235,2470
1890,2230,2475
1891,2225,2480
1892,2220,2485
1893,2216,2490
1894,2211,2494
1895,2207,2499
1896,2203,2503
2045,1925,1938
2044,1926,1939
2043,1927,1940
2042,1929,1941
2041,1930,1943
2040,1931,1944
2039,1932,1945
2038,1933,1947
2037,1934,1948
2051,1919,1930
3133,2105,2121
2063,1908,1915
3145,2128,2164
2064,1907,1914
3146,2130,2168
2065,1906,1913
3147,2132,2171
2066,1905,1911
3148,2135,2176
2067,1904,1910
3149,2137,2180
2068,1904,1909
3150,2139,2184
2069,1903,1908
3151,2142,2188
2070,1902,1906
3152,2144,2193
2071,1901,1905
3153,2146,2197
2072,1900,1904
3154,2149,2202
2073,1900,1903
3155,2152,2206
2074,1899,1901
3156,2154,2211
2075,1898,1900
3157,2157,2217
2076,1898,1898
3158,2160,2222
3159,2162,2227
3160,2165,2233
3161,2168,2239
3162,2171,2246
3163,2174,2253
3164,2177,2260
3164,2481,2489
3165,2180,2268
3165,2467,2493
3166,2183,2276
3166,2455,2493
3167,2186,2286
3167,2443,2492
3168,2190,2297
3168,2430,2491
3169,2193,2311
3169,2414,2489
3170,2197,2330
3170,2394,2487
3171,2200,2485
3172,2204,2482
3173,2207,2480
3174,2211,2477
3175,2215,2474
3176,2219,2470
3177,2224,2467
3178,2228,2463
3179,2233,2459
3180,2238,2455
3191,2329,2369
1906,2454,2539
1906,2166,2248
3190,2311,2387
1905,2448,2536
1905,2169,2254
3189,2298,2399
1904,2441,2533
1904,2173,2261
3188,2288,2408
1903,2434,2529
1903,2176,2268
3187,2280,2416
1902,2425,2526
1902,2180,2276
1928,2545,2599
1928,2105,2156
2469,2895,2907
1929,2548,2602
1929,2103,2153
2470,2895,2907
1930,2551,2604
1930,2101,2150
2471,2895,2907
1957,2620,2657
1957,2046,2081
1931,2554,2606
1931,2098,2147
2472,2895,2907
1932,2557,2608
1932,2096,2144
2473,2895,2907
3181,2243,2450
1933,2560,2611
1933,2094,2141
2474,2895,2907
3182,2248,2446
1897,2199,2507
3183,2253,2441
1898,2372,2511
1898,2195,2330
3184,2259,2435
1899,2393,2515
1899,2191,2310
3185,2266,2430
1900,2406,2518
1900,2187,2296
2050,1920,1931
3132,2103,2117
1956,2618,2656
1956,2047,2083
2497,2900,2901
1983,2671,2698
1983,2003,2030
2049,1921,1933
3131,2102,2114
1955,2615,2654
1955,2049,2085
2496,2899,2902
1982,2669,2696
1982,2004,2032
2048,1922,1934
3130,2101,2110
1981,2667,2695
1981,2006,2033
2047,1923,1935
3129,2100,2106
1980,2666,2693
1980,2007,2035
2046,1924,1936
3128,2100,2101
1979,2664,2692
1979,2009,2037
1978,2662,2691
1978,2011,2039
1977,2660,2689
1977,2012,2041
3186,2272,2423
1901,2416,2522
1901,2183,2286
1969,2645,2677
1969,2025,2056
1970,2647,2679
1970,2023,2054
1971,2649,2680
1971,2022,2052
1972,2651,2682
1972,2020,2050
1973,2653,2683
1973,2018,2048
1974,2654,2685
1974,2017,2046
1975,2656,2686
1975,2015,2044
1976,2658,2688
1976,2014,2043
1927,2542,2597
1927,2108,2159
2468,2895,2906
2495,2898,2903
1954,2613,2652
1954,2051,2087
1926,2539,2594
1926,2110,2162
2467,2895,2906
2494,2897,2904
1953,2611,2650
1953,2053,2090
1925,2536,2592
1925,2113,2166
2466,2896,2906
2493,2897,2904
1952,2609,2648
1952,2055,2092
1924,2532,2590
1924,2115,2169
2465,2896,2906
2492,2897,2905
1951,2606,2647
1951,2057,2094
2491,2896,2905
1950,2604,2645
1950,2059,2097
2490,2896,2905
1949,2602,2643
1949,2061,2099
2489,2896,2905
1948,2599,2641
1948,2063,2101
2488,2895,2906
1947,2597,2639
1947,2064,2104
2487,2895,2906
1946,2595,2637
1946,2066,2106
2486,2895,2906
1945,2592,2635
1945,2068,2109
2485,2895,2906
1944,2590,2633
1944,2070,2111
2484,2895,2906
1943,2587,2631
1943,2072,2114
2483,2895,2907
1942,2585,2629
1942,2075,2116
2058,1913,1921
3140,2117,2145
1964,2635,2669
1964,2033,2066
2505,3240,3246
1991,2685,2708
1991,1991,2016
2059,1912,1920
3141,2119,2149
1965,2637,2671
1965,2032,2064
2506,3240,3246
1992,2687,2710
1992,1990,2014
2060,1911,1919
3142,2121,2152
1966,2639,2672
1966,2030,2062
2507,3241,3246
1993,2689,2711
1993,1988,2013
2061,1910,1918
3143,2124,2156
1967,2641,2674
1967,2028,2060
2508,3241,3245
1994,2690,2712
1994,1987,2011
2062,1909,1916
3144,2126,2160
1968,2643,2676
1968,2027,2058
2509,3242,3245
1995,2692,2713
1995,1986,2009
2057,1913,1923
3139,2115,2142
1963,2633,2667
1963,2035,2068
2504,3240,3246
1990,2684,2707
1990,1993,2018
2056,1914,1924
3138,2114,2138
1962,2631,2666
1962,2037,2070
2503,3240,3246
1989,2682,2706
1989,1994,2019
2055,1915,1925
3137,2112,2135
1961,2628,2664
1961,2039,2072
2502,3240,3246
1988,2680,2704
1988,1996,2021
2054,1916,1926
3136,2110,2131
1960,2626,2662
1960,2040,2074
2501,3240,3245
1987,2678,2703
1987,1997,2023
2053,1917,1928
3135,2108,2128
1959,2624,2661
1959,2042,2076
2500,3241,3244
1986,2676,2702
1986,1998,2025
2052,1918,1929
3134,2106,2124
1958,2622,2659
1958,2044,2079
2499,3242,3243
1985,2675,2700
1985,2000,2026
2475,2895,2907
1934,2563,2613
1934,2092,2138
2476,2895,2907
1935,2566,2615
1935,2089,2135
2477,2895,2907
1936,2569,2617
1936,2087,2132
2478,2895,2907
1937,2571,2619
1937,2085,2129
2479,2895,2907
1938,2574,2621
1938,2083,2127
2480,2895,2907
1939,2577,2623
1939,2081,2124
2481,2895,2907
1940,2579,2625
1940,2079,2121
2482,2895,2907
1941,2582,2627
1941,2077,2119
1984,2673,2699
1984,2001,2028
1996,2694,2715
1996,1984,2008
1997,2696,2716
1997,1983,2006
1998,2697,2717
1998,1981,2005
1999,2699,2718
1999,1980,2003
2000,2701,2719
2000,1979,2001
2001,2702,2720
2001,1977,2000
2002,2704,2722
2002,1976,1998
2003,2706,2723
2003,1975,1997
2004,2707,2724
2004,1973,1995
2005,2709,2725
2005,1972,1994
2006,2711,2726
2006,1971,1992
2007,2712,2727
2007,1970,1990
2008,2714,2728
2008,1968,1989
2009,2716,2729
2009,1967,1987
2010,2717,2730
2010,1966,1986
2011,2719,2731
2011,1964,1984
2012,2721,2732
2012,1963,1983
2013,2723,2733
2013,1962,1981
2014,2724,2734
2014,1961,1980
2015,2726,2734
2015,1959,1979
2016,2728,2735
2016,1958,1977
2017,2730,2736
2017,1957,1976
2018,2732,2736
2018,1956,1974
2019,2735,2736
2019,1955,1973
2464,2896,2906
1923,2529,2587
1923,2118,2172
2463,2896,2905
1922,2525,2585
1922,2120,2176
2462,2897,2905
1921,2522,2582
1921,2123,2179
2461,2897,2905
1920,2518,2580
1920,2125,2183
2460,2898,2904
1919,2515,2577
1919,2128,2187
2459,2898,2904
1918,2511,2574
1918,2131,2191
2458,2899,2903
1917,2507,2572
1917,2133,2195
2457,2899,2903
1916,2503,2569
1916,2136,2199
2456,2901,2901
1915,2499,2566
1915,2139,2203
1914,2494,2563
1914,2142,2207
1913,2490,2561
1913,2145,2212
1912,2485,2558
1912,2147,2216
1911,2481,2555
1911,2150,2221
1910,2476,2552
1910,2153,2226
1909,2471,2549
1909,2157,2231
1908,2465,2546
1908,2160,2236
1907,2460,2542
1907,2163,2242
2020,1953,1971
2021,1952,1970
2022,1951,1968
2023,1950,1967
2024,1949,1966
2025,1947,1964
2026,1946,1963
2027,1945,1962
2028,1944,1960
2029,1943,1959
2030,1942,1957
2031,1941,1956
2032,1939,1955
2033,1938,1953
2034,1937,1952
2035,1936,1951
2036,1935,1949
