2540,2891,2894
2541,2891,2895
2542,2890,2896
2543,2889,2896
2544,2889,2897
2545,2889,2897
2546,2888,2897
2547,2888,2898
2548,2888,2898
2549,2888,2898
2550,2887,2898
2551,2887,2899
2552,2887,2899
2553,2887,2899
2554,2887,2899
2555,2887,2899
2556,2887,2899
2557,2887,2899
2558,2887,2899
2559,2887,2899
2581,2892,2895
2580,2891,2895
2579,2890,2896
2578,2890,2897
2577,2889,2897
2576,2889,2897
2575,2889,2898
2574,2888,2898
2573,2888,2898
2572,2888,2898
2571,2888,2898
2570,2888,2899
2569,2887,2899
2568,2887,2899
2567,2887,2899
2566,2887,2899
2565,2887,2899
2564,2887,2899
2563,2887,2899
2562,2887,2899
2561,2887,2899
2560,2887,2899
2530,3237,3240
1844,2262,2281
1845,2247,2290
1846,2237,2293
1847,2228,2294
1848,2221,2293
1849,2215,2291
1850,2209,2288
1851,2203,2284
1852,2198,2280
1853,2193,2276
1854,2188,2271
1855,2184,2267
1856,2179,2262
1857,2175,2257
1858,2171,2252
1859,2167,2248
1860,2163,2243
1861,2160,2239
1862,2156,2234
1863,2153,2230
1864,2149,2225
1865,2146,2221
1866,2143,2217
1867,2139,2213
1868,2136,2209
1869,2133,2205
1870,2130,2201
1871,2127,2197
1872,2124,2193
1873,2121,2190
1874,2119,2186
1875,2116,2182
1876,2113,2179
1877,2111,2175
1878,2108,2172
1879,2105,2169
1880,2103,2165
1881,2100,2162
1882,2098,2159
1883,2095,2156
1884,2093,2153
1885,2090,2150
1886,2088,2147
1887,2086,2144
1888,2084,2141
1948,1978,2009
1947,1980,2011
1946,1981,2012
1945,1982,2014
1944,1984,2016
1943,1985,2018
1942,1987,2020
1941,1988,2021
1940,1990,2023
1939,1991,2025
1938,1993,2027
1937,1994,2029
1936,1996,2031
1935,1997,2032
1934,1999,2034
1933,2000,2036
1932,2002,2038
1931,2003,2040
1930,2005,2042
1929,2006,2044
1928,2008,2046
1927,2009,2048
1926,2011,2050
1925,2013,2052
1924,2014,2054
1923,2016,2056
1922,2018,2058
1921,2019,2060
1920,2021,2062
1919,2023,2064
1902,2054,2103
1901,2056,2106
1900,2058,2108
1899,2060,2111
1898,2062,2113
1897,2064,2116
1896,2066,2119
1895,2068,2121
1894,2070,2124
1893,2072,2127
1892,2075,2129
1891,2077,2132
1890,2079,2135
1903,2052,2101
1904,2050,2098
1905,2048,2096
1906,2046,2094
1907,2044,2091
1908,2042,2089
1909,2040,2087
1910,2039,2084
1911,2037,2082
1912,2035,2080
1913,2033,2077
1914,2031,2075
1915,2030,2073
1916,2028,2071
1917,2026,2069
1918,2024,2067
1949,1977,2007
1950,1976,2006
1951,1974,2004
1952,1973,2002
1953,1971,2000
1954,1970,1999
1955,1969,1997
1956,1967,1995
1957,1966,1994
1958,1965,1992
1959,1964,1991
1960,1962,1989
1961,1961,1987
1962,1960,1986
1963,1959,1984
1964,1957,1983
1965,1956,1981
1966,1955,1979
1967,1954,1978
1968,1952,1976
1969,1951,1975
1970,1950,1973
1971,1949,1972
1972,1948,1970
1973,1946,1969
1974,1945,1967
1975,1944,1966
1976,1943,1964
1977,1942,1963
1978,1941,1961
1979,1939,1960
1980,1938,1958
1981,1937,1957
1982,1936,1955
1983,1935,1954
1984,1934,1952
1985,1933,1951
1986,1932,1949
1987,1931,1948
1988,1930,1946
1989,1929,1945
1990,1928,1944
1991,1926,1942
1992,1925,1941
1993,1924,1939
1994,1923,1938
1995,1922,1937
1996,1921,1935
1997,1920,1934
1998,1919,1932
1999,1919,1931
2000,1918,1930
2001,1917,1928
2002,1916,1927
2003,1915,1925
2004,1914,1924
2005,1913,1923
2006,1912,1921
2521,3239,3239
2007,1911,1920
2522,3237,3241
2008,1910,1918
2523,3237,3241
2009,1910,1917
2524,3236,3242
2010,1909,1915
2525,3236,3242
2011,1908,1914
2526,3236,3242
2012,1907,1912
2527,3236,3242
2013,1907,1911
2528,3236,3241
2014,1906,1909
2529,3237,3241
2015,1906,1907
1889,2081,2138
