2286,2904,2906
2287,2904,2907
2288,2904,2907
2289,2904,2908
2290,2903,2908
2291,2903,2909
2292,2903,2909
2293,2903,2910
2294,2903,2910
2295,2904,2910
2296,2904,2911
2297,2904,2911
2298,2904,2912
2299,2904,2912
2300,2904,2912
2301,2904,2912
2302,2904,2913
2303,2904,2913
2304,2904,2913
2305,2904,2914
2306,2904,2914
2307,2904,2914
2308,2904,2914
2309,2905,2914
2310,2905,2915
2311,2905,2915
2312,2905,2915
2313,2905,2915
2314,2905,2915
2315,2905,2916
2316,2905,2916
2317,2905,2916
2318,2906,2916
2319,2906,2916
2320,2906,2916
2321,2906,2916
2322,2906,2917
2323,2906,2917
2324,2906,2917
2325,2906,2917
2326,2906,2917
2327,2907,2917
3209,2509,2526
3210,2497,2530
3211,2488,2531
2346,2909,2917
3212,2479,2531
2347,2909,2917
3213,2471,2531
2348,2909,2917
1929,2298,2314
3214,2463,2530
2349,2909,2917
1930,2280,2328
3215,2455,2529
2350,2910,2917
1931,2270,2333
3216,2447,2528
1976,2132,2142
2357,2911,2916
2473,3236,3239
1959,2159,2215
1944,2202,2291
3229,2371,2498
2340,2908,2918
1943,2206,2297
3228,2373,2501
2339,2908,2918
1957,2164,2224
1942,2210,2303
3227,2376,2504
2338,2908,2918
1956,2166,2229
1941,2214,2308
3226,2380,2507
2337,2908,2918
1940,2218,2314
3225,2385,2510
2336,2908,2917
3239,2388,2445
1954,2171,2238
1939,2222,2319
3224,2390,2512
2335,2907,2917
3238,2382,2454
1953,2174,2243
1938,2226,2324
3223,2396,2515
2334,2907,2917
1969,2139,2173
2483,3239,3240
1975,2132,2147
2356,2911,2916
3237,2377,2461
1952,2177,2248
1937,2231,2328
3222,2403,2517
2333,2907,2917
1968,2141,2177
2482,3237,3241
1974,2132,2152
2355,2911,2916
3236,2374,2467
1951,2180,2253
1936,2236,2332
3221,2410,2519
2332,2907,2917
1967,2142,2181
2481,3237,3242
1973,2133,2156
2354,2910,2917
3235,2371,2472
1950,2183,2258
1935,2242,2335
3220,2417,2521
2331,2907,2917
1966,2144,2185
2480,3236,3242
1972,2135,2160
2353,2910,2917
1934,2248,2336
3219,2424,2523
2330,2907,2917
1965,2146,2189
2479,3236,3242
1971,2136,2165
2352,2910,2917
1933,2254,2337
3218,2432,2525
2329,2907,2917
1970,2137,2169
1955,2169,2233
3240,2399,2433
2351,2910,2917
1932,2261,2336
3217,2440,2527
2328,2907,2917
2474,3235,3240
1960,2157,2211
1945,2199,2285
3230,2369,2494
2341,2908,2918
2475,3235,3241
1961,2155,2206
1946,2195,2280
3231,2368,2490
2342,2908,2917
2476,3235,3241
1962,2152,2202
1947,2192,2274
3232,2368,2486
2343,2909,2917
2477,3235,3242
1963,2150,2198
1948,2189,2269
3233,2368,2482
2344,2909,2917
2478,3235,3242
1964,2148,2193
1958,2161,2219
2472,3237,3238
1949,2186,2263
3234,2369,2477
2345,2909,2917
2358,2912,2916
2359,2912,2915
2360,2912,2915
2361,2913,2915
2362,2914,2914
