2885,2811,2811
2886,2810,2811
2887,2809,2811
2888,2808,2811
2889,2806,2810
2890,2805,2810
2891,2804,2809
2892,2803,2809
2893,2803,2808
2894,2802,2808
2895,2801,2807
2896,2800,2806
2897,2799,2806
2898,2798,2805
2899,2797,2804
2900,2796,2804
2901,2795,2803
2902,2794,2802
2903,2793,2802
2904,2792,2801
2905,2791,2800
3055,2600,2604
3054,2601,2607
3053,2603,2610
3052,2604,2612
3051,2605,2615
3050,2607,2617
3049,2609,2620
3048,2610,2622
3047,2612,2624
3046,2613,2626
3045,2615,2628
3044,2617,2631
3043,2618,2633
3042,2620,2635
3041,2622,2637
2906,2790,2800
1824,2209,2237
2595,2886,2891
2907,2789,2799
1825,2200,2239
2596,2885,2892
2908,2788,2798
1826,2193,2240
2597,2885,2892
2909,2787,2798
1827,2187,2239
2598,2884,2893
2910,2787,2797
1828,2181,2238
2599,2884,2893
2911,2786,2796
1829,2176,2237
2600,2884,2893
2912,2785,2795
1830,2171,2235
2601,2884,2893
2913,2784,2795
1831,2167,2233
2602,2883,2894
2914,2783,2794
1832,2163,2230
2603,2883,2894
2915,2782,2793
1833,2159,2228
2604,2883,2894
2916,2781,2792
1834,2155,2225
2605,2883,2894
2917,2780,2791
1835,2151,2222
2606,2882,2894
2918,2779,2791
1836,2147,2219
2607,2882,2895
2919,2778,2790
1837,2144,2216
2608,2882,2895
2920,2777,2789
1838,2140,2212
2609,2882,2895
2921,2776,2788
1839,2137,2209
2610,2882,2895
2922,2775,2788
1840,2134,2206
2611,2882,2895
2923,2774,2787
1841,2131,2203
2612,2882,2895
2924,2773,2786
1842,2128,2199
2613,2882,2895
2925,2772,2785
1843,2125,2196
2614,2882,2895
2926,2771,2784
1844,2122,2193
2615,2881,2895
2927,2770,2783
1845,2119,2189
2616,2881,2895
2928,2769,2782
1846,2116,2186
2617,2881,2895
2929,2768,2782
1847,2113,2183
2618,2881,2895
2930,2767,2781
1848,2111,2179
2619,2881,2895
2931,2766,2780
1849,2108,2176
2620,2881,2895
2932,2765,2779
1850,2106,2173
2621,2881,2895
2933,2764,2778
1851,2103,2170
2622,2881,2895
2934,2763,2777
1852,2101,2166
2623,2881,2895
2935,2762,2776
1853,2098,2163
2624,2881,2895
2936,2761,2775
1854,2096,2160
2625,2881,2895
2636,2881,2895
2947,2749,2765
1865,2072,2127
2645,2882,2893
2626,2881,2895
2937,2760,2775
1855,2093,2157
2946,2751,2766
1864,2074,2130
2635,2881,2895
2945,2752,2767
1863,2076,2133
2634,2881,2895
2944,2753,2768
1862,2078,2136
2633,2881,2895
2943,2754,2769
1861,2080,2139
2632,2881,2895
2942,2755,2770
1860,2082,2142
2631,2881,2895
2941,2756,2771
1859,2084,2145
2630,2881,2895
2641,2882,2894
2650,2883,2892
2659,2884,2890
2642,2882,2894
2651,2883,2892
2660,2885,2889
2643,2882,2894
2652,2883,2892
2661,2885,2889
2644,2882,2894
2540,3232,3235
2653,2883,2892
2662,2886,2888
2640,2882,2894
2649,2882,2893
2658,2884,2890
2639,2881,2894
2648,2882,2893
2657,2884,2891
2629,2881,2895
2940,2757,2772
1858,2086,2148
2638,2881,2894
2647,2882,2893
2656,2884,2891
2628,2881,2895
2939,2758,2773
1857,2089,2151
2637,2881,2895
2646,2882,2893
2655,2883,2891
2627,2881,2895
2938,2759,2774
1856,2091,2154
2654,2883,2892
2663,2886,2888
2532,3234,3235
2533,3232,3236
2534,3232,3236
2535,3231,3237
2536,3231,3237
2537,3231,3236
2538,3231,3236
2539,3231,3236
2594,2886,2891
2593,2887,2890
1866,2070,2124
2948,2748,2764
1867,2068,2121
2949,2747,2763
1868,2066,2118
2950,2746,2762
1869,2064,2115
2951,2745,2761
1870,2062,2113
2952,2744,2760
1871,2060,2110
2953,2743,2759
1872,2058,2107
2954,2742,2758
1873,2056,2104
2955,2741,2757
1874,2054,2102
2956,2740,2756
1875,2053,2099
2957,2738,2755
1876,2051,2096
2958,2737,2754
1877,2049,2094
2959,2736,2753
1878,2047,2091
2960,2735,2752
1879,2046,2088
2961,2734,2751
1880,2044,2086
2962,2733,2750
1881,2042,2083
2963,2732,2749
1882,2041,2081
2964,2730,2748
1883,2039,2078
2965,2729,2747
1884,2038,2076
2966,2728,2746
1885,2036,2073
2967,2727,2744
1886,2035,2070
2968,2726,2743
1887,2033,2068
2969,2725,2742
1888,2032,2065
2970,2723,2741
1889,2030,2063
2971,2722,2740
1890,2029,2060
2972,2721,2739
1891,2027,2058
2973,2720,2738
1892,2026,2055
2974,2718,2737
1893,2025,2053
2975,2717,2735
1894,2023,2051
2976,2716,2734
1895,2022,2048
2977,2715,2733
1896,2021,2046
2978,2714,2732
1897,2020,2043
2979,2712,2731
1898,2018,2041
2980,2711,2729
1899,2017,2038
2981,2710,2728
1900,2016,2035
2982,2709,2727
1901,2015,2033
2983,2707,2726
1902,2014,2030
2984,2706,2725
1903,2013,2028
2985,2705,2723
1904,2013,2025
2986,2703,2722
1905,2012,2022
2987,2702,2721
1906,2012,2018
2988,2701,2720
1907,2013,2013
2989,2700,2718
2990,2698,2717
2991,2697,2716
2992,2696,2715
2993,2694,2713
2994,2693,2712
2995,2692,2711
2996,2690,2709
2997,2689,2708
2998,2687,2707
2999,2686,2705
3000,2685,2704
3001,2683,2702
3002,2682,2701
3003,2680,2700
3004,2679,2698
3005,2678,2697
3006,2676,2695
3007,2675,2694
3008,2673,2692
3009,2672,2691
3010,2670,2690
3011,2669,2688
3012,2667,2687
3013,2666,2685
3014,2665,2684
3015,2663,2682
3016,2662,2680
3017,2660,2679
3018,2658,2677
3019,2657,2676
3020,2655,2674
3021,2654,2673
3022,2652,2671
3023,2651,2669
3024,2649,2668
3025,2648,2666
3026,2646,2664
3027,2644,2663
3028,2643,2661
3029,2641,2659
3030,2640,2657
3031,2638,2656
3032,2636,2654
3033,2635,2652
3034,2633,2650
3035,2632,2648
3036,2630,2646
3037,2628,2645
3038,2627,2643
3039,2625,2641
3040,2623,2639
