1791,2189,2195
1792,2177,2203
1793,2169,2205
1794,2163,2206
1795,2158,2206
1796,2153,2206
1797,2149,2205
1798,2145,2204
1799,2141,2203
1800,2137,2201
1801,2134,2199
1802,2131,2197
1803,2127,2195
1804,2124,2193
1805,2121,2191
1806,2118,2188
1807,2116,2186
1808,2113,2183
1809,2110,2180
1810,2108,2177
1811,2105,2175
1812,2103,2172
1813,2100,2169
1814,2098,2166
1834,2062,2104
1833,2063,2107
1832,2064,2111
1831,2066,2114
1830,2067,2117
1829,2069,2120
1828,2071,2123
1827,2072,2126
1826,2074,2129
1825,2076,2133
1824,2078,2136
1823,2079,2139
1822,2081,2142
1821,2083,2145
1820,2085,2148
1819,2087,2151
1818,2089,2154
1817,2091,2157
1816,2094,2160
1815,2096,2163
1835,2060,2101
2863,2795,2795
1836,2059,2098
2864,2794,2795
1837,2058,2095
2865,2793,2794
1838,2057,2091
2866,2792,2794
1839,2056,2088
2867,2791,2793
1840,2055,2085
2868,2790,2793
1841,2054,2081
2869,2789,2792
1842,2053,2077
2870,2788,2792
1843,2053,2074
2871,2787,2791
1844,2053,2070
2872,2786,2790
1845,2053,2065
2873,2785,2790
1846,2055,2059
2874,2784,2789
2875,2783,2788
2876,2782,2788
2877,2781,2787
2878,2780,2786
2879,2779,2786
2880,2778,2785
2881,2777,2784
2882,2776,2784
2883,2775,2783
2884,2774,2782
2885,2773,2781
2886,2772,2781
2887,2771,2780
2888,2770,2779
2889,2769,2778
2890,2768,2778
2891,2767,2777
2892,2766,2776
2893,2765,2775
2894,2764,2775
2895,2763,2774
2896,2762,2773
2897,2761,2772
2898,2760,2771
2899,2759,2771
2900,2758,2770
2901,2757,2769
2902,2755,2768
2903,2754,2767
2904,2753,2766
2905,2752,2766
2906,2751,2765
2907,2750,2764
2908,2749,2763
2909,2748,2762
2910,2747,2761
2911,2746,2760
2912,2745,2760
2913,2743,2759
2914,2742,2758
2915,2741,2757
2916,2740,2756
2917,2739,2755
2918,2738,2754
2919,2737,2753
2920,2735,2752
2921,2734,2751
2922,2733,2751
2923,2732,2750
2924,2731,2749
2925,2730,2748
2926,2728,2747
2927,2727,2746
2928,2726,2745
2929,2725,2744
2930,2724,2743
3049,2536,2545
3048,2536,2550
3047,2537,2554
3046,2538,2558
3045,2539,2561
3044,2540,2565
3043,2542,2568
3042,2543,2571
3041,2545,2574
3040,2547,2576
3039,2549,2579
3038,2550,2582
3037,2552,2584
3036,2554,2587
3035,2556,2589
3034,2558,2592
3033,2560,2594
3032,2562,2596
3031,2564,2599
3030,2565,2601
3029,2567,2603
3028,2569,2605
3027,2571,2607
3026,2573,2610
3025,2575,2612
3024,2577,2614
3023,2579,2616
3007,2609,2645
2999,2623,2658
3008,2607,2643
3000,2621,2656
3009,2605,2642
3001,2619,2655
3010,2603,2640
3022,2581,2618
2550,3224,3226
2931,2722,2742
3014,2596,2633
3021,2583,2620
2549,3223,3227
3013,2598,2635
3003,2616,2652
3020,2585,2622
2548,3223,3228
3012,2600,2636
3002,2618,2653
3011,2601,2638
3004,2614,2650
3005,2612,2648
3006,2611,2647
2543,3226,3227
3015,2594,2631
2544,3224,3228
3016,2592,2629
2545,3224,3228
3017,2590,2627
2546,3223,3228
3018,2588,2625
2547,3223,3228
3019,2587,2624
2998,2625,2660
2997,2626,2661
2996,2628,2663
2995,2630,2664
2994,2632,2666
2993,2633,2667
2992,2635,2669
2991,2637,2670
2990,2638,2672
2989,2640,2673
2988,2642,2674
2987,2643,2676
2986,2645,2677
2985,2646,2679
2984,2648,2680
2983,2650,2681
2982,2651,2683
2981,2653,2684
2980,2654,2686
2979,2656,2687
2978,2657,2688
2977,2659,2690
2976,2661,2691
2975,2662,2692
2974,2664,2693
2973,2665,2695
2972,2667,2696
2971,2668,2697
2970,2670,2699
2969,2671,2700
2968,2673,2701
2967,2674,2702
2966,2676,2704
2965,2677,2705
2964,2678,2706
2963,2680,2707
2962,2681,2708
2961,2683,2710
2960,2684,2711
2959,2686,2712
2958,2687,2713
2957,2688,2714
2956,2690,2715
2955,2691,2716
2954,2693,2718
2953,2694,2719
2952,2695,2720
2951,2697,2721
2950,2698,2722
2949,2699,2723
2948,2701,2724
2947,2702,2725
2946,2703,2726
2945,2705,2728
2944,2706,2729
2943,2707,2730
2942,2709,2731
2941,2710,2732
2940,2711,2733
2939,2712,2734
2938,2714,2735
2937,2715,2736
2936,2716,2737
2935,2717,2738
2934,2719,2739
2933,2720,2740
2932,2721,2741
