2083,2785,2787
2084,2785,2789
2085,2785,2790
2086,2786,2792
2087,2786,2793
2088,2787,2795
2089,2788,2796
2090,2788,2797
2091,2789,2799
2092,2790,2800
2093,2791,2801
2094,2791,2802
2095,2792,2803
2096,2793,2805
2097,2793,2806
2098,2794,2807
2099,2795,2808
2100,2796,2809
2101,2796,2810
2102,2797,2812
2103,2798,2813
2104,2799,2814
2105,2800,2815
2106,2800,2816
2139,2824,2847
2140,2825,2847
2141,2826,2848
2142,2827,2849
2143,2827,2850
2144,2828,2851
2145,2829,2851
2146,2829,2852
2147,2830,2853
2148,2831,2854
2149,2831,2855
2150,2832,2855
2151,2833,2856
2152,2833,2857
2153,2834,2858
2154,2835,2858
2155,2835,2859
2156,2836,2860
2157,2837,2860
2158,2837,2861
2159,2838,2862
2160,2839,2863
2161,2839,2863
2162,2840,2864
2163,2840,2865
2164,2841,2865
2165,2842,2866
2166,2842,2867
2167,2843,2867
2168,2844,2868
2169,2844,2869
2170,2845,2869
2171,2845,2870
2172,2846,2871
2173,2847,2871
2174,2847,2872
2175,2848,2872
2176,2849,2873
2177,2849,2874
2178,2850,2874
2179,2850,2875
2180,2851,2875
2181,2852,2876
2182,2852,2877
2183,2853,2877
2184,2853,2878
2185,2854,2878
2186,2854,2879
2187,2855,2879
2188,2856,2880
2189,2856,2880
2287,2903,2904
2286,2902,2904
2285,2902,2904
2284,2901,2905
2283,2900,2905
2282,2900,2905
2281,2899,2905
2280,2899,2905
2279,2899,2905
2278,2898,2905
2277,2898,2905
2276,2897,2905
2275,2897,2905
2274,2896,2905
2273,2896,2905
2272,2896,2905
2271,2895,2905
2270,2895,2905
2269,2894,2905
2268,2894,2905
2267,2894,2905
2266,2893,2905
2265,2893,2905
2264,2892,2905
2263,2892,2904
2262,2891,2904
2261,2891,2904
2260,2891,2904
2259,2890,2904
2258,2890,2904
2257,2889,2904
2256,2889,2904
2255,2889,2903
2254,2888,2903
2253,2888,2903
1967,2098,2118
2224,2875,2896
1966,2100,2121
2223,2874,2895
1965,2101,2124
2222,2874,2895
1964,2103,2127
2221,2873,2895
1963,2105,2131
2220,2873,2894
1962,2106,2134
2219,2872,2894
1961,2108,2137
2218,2872,2894
1960,2110,2141
2217,2871,2893
1959,2112,2144
2216,2871,2893
1958,2114,2147
2215,2870,2892
1957,2116,2151
2214,2870,2892
1956,2117,2154
2213,2869,2892
1955,2119,2157
2212,2869,2891
1954,2122,2161
2211,2868,2891
2210,2868,2890
2209,2867,2890
2208,2866,2890
2207,2866,2889
2206,2865,2889
2205,2865,2888
2204,2864,2888
2203,2864,2887
2202,2863,2887
2201,2863,2886
2200,2862,2886
2199,2862,2886
1941,2152,2212
2198,2861,2885
1940,2154,2216
2197,2861,2885
1939,2157,2221
2196,2860,2884
1938,2160,2226
2195,2859,2884
1937,2162,2231
2194,2859,2883
1936,2165,2236
2193,2858,2883
1935,2168,2241
2138,2824,2846
3220,2364,2409
2192,2858,2882
1934,2171,2246
2137,2823,2845
3219,2352,2422
2191,2857,2882
1933,2174,2252
2136,2822,2844
3218,2343,2432
2190,2857,2881
1932,2177,2258
2135,2822,2843
3217,2336,2440
1931,2180,2264
2134,2821,2842
3216,2330,2446
2355,2909,2909
2356,2908,2910
2357,2908,2911
2358,2907,2911
2359,2907,2911
2360,2907,2911
2361,2906,2912
2362,2906,2912
2363,2906,2912
2364,2906,2912
2365,2906,2913
2366,2905,2913
2367,2905,2913
2368,2905,2913
2369,2905,2913
2370,2905,2914
2371,2905,2914
2372,2904,2914
2373,2904,2914
2374,2904,2914
2375,2904,2914
2376,2904,2914
2377,2904,2915
2378,2904,2915
2379,2903,2915
1929,2187,2278
2132,2820,2841
3214,2321,2458
2437,2906,2910
1923,2209,2340
2126,2815,2835
3208,2310,2484
1928,2190,2286
2131,2819,2840
3213,2318,2463
2436,2905,2910
1922,2213,2364
1922,2417,2446
2125,2814,2835
3207,2311,2487
1927,2194,2294
2130,2818,2839
3212,2315,2468
2435,2905,2911
1921,2217,2448
2124,2814,2834
3206,2313,2491
1926,2197,2303
2129,2817,2838
3211,2313,2472
2434,2904,2911
1920,2221,2447
2123,2813,2833
3205,2317,2494
1925,2201,2313
2128,2817,2837
3210,2311,2476
2433,2904,2912
1919,2226,2444
2122,2812,2832
3204,2325,2497
2432,2903,2912
1918,2231,2441
2121,2812,2831
3203,2336,2500
2431,2903,2912
1917,2236,2437
2120,2811,2830
3202,2351,2502
2430,2903,2913
1916,2241,2433
2119,2810,2829
3201,2367,2505
2429,2903,2913
1915,2246,2429
2118,2809,2828
3200,2383,2507
2428,2903,2913
1914,2252,2423
2117,2809,2827
3199,2397,2509
2427,2902,2914
1913,2259,2418
2116,2808,2826
3198,2409,2511
2426,2902,2914
1912,2266,2412
2115,2807,2825
3197,2421,2513
2425,2902,2914
1911,2273,2404
2114,2806,2824
3196,2432,2515
2424,2902,2914
1910,2282,2396
2113,2806,2823
3195,2442,2516
2423,2902,2914
1909,2292,2387
2112,2805,2822
3194,2452,2518
2422,2902,2915
1908,2305,2374
2111,2804,2821
3193,2462,2518
2409,2901,2916
2410,2901,2916
2411,2901,2916
2412,2901,2916
2413,2901,2916
2414,2901,2915
2415,2901,2915
2416,2901,2915
2417,2901,2915
2418,2901,2915
2107,2801,2817
3189,2508,2509
2419,2901,2915
2108,2802,2818
3190,2491,2517
2420,2902,2915
2109,2803,2819
3191,2481,2519
2421,2902,2915
1907,2327,2352
2110,2803,2820
3192,2471,2519
1930,2184,2271
2133,2820,2842
3215,2325,2452
2438,2907,2909
1924,2205,2325
2127,2816,2836
3209,2310,2480
2408,2901,2916
2407,2901,2916
2406,2901,2916
2405,2901,2916
2404,2901,2916
2403,2901,2916
2402,2901,2916
2401,2901,2916
2400,2901,2916
2399,2902,2916
2398,2902,2916
2397,2902,2916
2396,2902,2916
2395,2902,2916
2394,2902,2916
2393,2902,2916
2392,2902,2916
2391,2902,2916
2390,2902,2916
2389,2902,2916
2388,2902,2916
2387,2902,2915
2386,2903,2915
2385,2903,2915
2384,2903,2915
2383,2903,2915
2382,2903,2915
2381,2903,2915
2380,2903,2915
1968,2097,2114
2225,2875,2896
1969,2096,2111
1942,2149,2207
2483,3241,3241
2226,2875,2896
1970,2095,2107
1943,2146,2203
2484,3239,3243
2227,2876,2897
1971,2094,2104
1944,2144,2199
2485,3239,3244
2228,2876,2897
1972,2094,2100
1945,2142,2195
2486,3238,3244
2229,2877,2897
1948,2135,2183
2489,3239,3245
2232,2878,2898
1949,2132,2179
2490,3239,3245
2233,2879,2899
1950,2130,2175
2491,3239,3245
2234,2879,2899
1951,2128,2172
2492,3240,3244
2235,2880,2899
1952,2126,2168
2493,3241,3244
2236,2880,2899
1953,2124,2164
2494,3242,3243
2237,2881,2900
1947,2137,2187
2488,3238,3245
2231,2878,2898
1946,2139,2191
2487,3238,3244
2230,2877,2898
2238,2881,2900
2239,2882,2900
2240,2882,2900
2241,2882,2901
2242,2883,2901
2243,2883,2901
2244,2884,2901
2245,2884,2902
2246,2885,2902
2247,2885,2902
2248,2886,2902
2249,2886,2902
2250,2886,2903
2251,2887,2903
2252,2887,2903
