2542,3226,3228
2543,3225,3229
2544,3224,3229
2545,3224,3229
2549,3224,3227
2548,3224,3228
2547,3224,3229
2546,3224,3229
2731,2865,2866
2732,2864,2866
2733,2863,2866
2734,2863,2866
2735,2862,2866
2736,2862,2866
2737,2861,2865
2738,2861,2865
2739,2860,2865
2740,2860,2865
2741,2860,2865
2742,2859,2865
2743,2859,2864
2744,2858,2864
2745,2858,2864
2746,2857,2864
2747,2857,2864
2748,2857,2863
2749,2856,2863
2750,2856,2863
2751,2855,2863
2752,2855,2862
2753,2854,2862
2754,2854,2862
2755,2854,2861
2756,2853,2861
2757,2853,2861
2758,2852,2861
2759,2852,2860
2760,2852,2860
2761,2851,2860
2762,2851,2859
2763,2850,2859
2764,2850,2859
2765,2849,2858
2766,2849,2858
2767,2849,2858
2768,2848,2857
2769,2848,2857
2770,2847,2857
2771,2847,2856
2772,2846,2856
2773,2846,2855
2774,2845,2855
2775,2845,2855
2776,2845,2854
2777,2844,2854
2778,2844,2853
2779,2843,2853
2780,2843,2853
2781,2842,2852
2782,2842,2852
2783,2841,2851
2784,2841,2851
2785,2840,2851
2786,2840,2850
2787,2839,2850
2788,2839,2849
2789,2838,2849
2790,2838,2848
2791,2837,2848
2792,2837,2847
2793,2836,2847
2794,2836,2847
1843,2055,2089
2925,2732,2754
1844,2054,2086
2926,2731,2753
1845,2053,2082
2927,2730,2752
1846,2052,2079
2928,2729,2751
1847,2051,2075
2929,2728,2750
1848,2051,2072
2930,2726,2749
1849,2050,2068
2931,2725,2748
1850,2050,2064
2932,2724,2747
1851,2051,2059
2933,2723,2746
2934,2722,2745
2935,2721,2744
2936,2719,2743
2937,2718,2742
2938,2717,2741
2939,2716,2740
2940,2714,2739
2941,2713,2738
2942,2712,2737
2943,2711,2736
2944,2710,2735
2945,2708,2733
2946,2707,2732
2947,2706,2731
2948,2704,2730
2949,2703,2729
2950,2702,2728
2951,2701,2727
2952,2699,2726
2953,2698,2725
2954,2697,2723
2955,2695,2722
2956,2694,2721
2957,2693,2720
2958,2691,2719
2959,2690,2718
2960,2689,2717
2961,2687,2715
2962,2686,2714
2963,2684,2713
2964,2683,2712
2965,2682,2711
2966,2680,2709
2967,2679,2708
2968,2677,2707
2969,2676,2706
2970,2675,2704
2971,2673,2703
2972,2672,2702
2973,2670,2701
2974,2669,2699
2975,2667,2698
2976,2666,2697
2977,2664,2695
2978,2663,2694
2979,2661,2693
2980,2660,2691
2981,2658,2690
2982,2657,2689
2983,2655,2687
2984,2654,2686
2985,2652,2685
2986,2650,2683
2987,2649,2682
2988,2647,2680
2989,2646,2679
2990,2644,2677
2991,2642,2676
2992,2641,2675
3023,2586,2622
3022,2588,2624
3021,2590,2626
3020,2592,2628
3019,2594,2630
3018,2596,2632
3017,2597,2634
3016,2599,2636
3015,2601,2637
3014,2603,2639
3013,2605,2641
3012,2607,2643
3011,2608,2644
3010,2610,2646
3009,2612,2648
3008,2614,2649
2995,2636,2670
2996,2634,2669
2997,2633,2667
2998,2631,2666
2999,2629,2664
3000,2628,2662
3001,2626,2661
3002,2624,2659
3003,2622,2658
3004,2621,2656
3005,2619,2654
3006,2617,2653
3007,2615,2651
3024,2584,2620
3025,2582,2618
3026,2581,2616
3027,2579,2614
3028,2577,2612
3029,2575,2610
3030,2573,2608
3031,2571,2606
3032,2569,2604
3033,2567,2601
3034,2565,2599
3035,2563,2597
3036,2562,2594
3037,2560,2592
3038,2558,2590
3039,2556,2587
3040,2554,2585
3041,2552,2582
3042,2551,2579
3043,2549,2576
3044,2547,2574
3045,2545,2571
3046,2544,2568
3047,2542,2564
3048,2541,2561
3049,2540,2557
3050,2539,2553
3051,2539,2549
2994,2638,2672
2993,2639,2673
1842,2056,2092
2924,2733,2755
1841,2057,2095
2923,2734,2756
1840,2059,2099
2922,2736,2757
1839,2060,2102
2921,2737,2758
1838,2061,2105
2920,2738,2759
1837,2063,2108
2919,2739,2760
1836,2064,2111
2918,2740,2761
1835,2066,2114
2917,2741,2762
1834,2067,2117
2916,2742,2762
1833,2069,2120
2915,2743,2763
1832,2071,2123
2914,2744,2764
1831,2072,2127
2913,2745,2765
1830,2074,2130
2912,2746,2766
1829,2076,2133
2911,2747,2767
1828,2078,2136
2910,2748,2768
1827,2080,2139
2909,2750,2769
1826,2082,2142
2908,2751,2770
1825,2083,2145
2907,2752,2771
1824,2085,2148
2906,2753,2772
1823,2088,2151
2905,2754,2772
1822,2090,2154
2904,2755,2773
1821,2092,2157
2903,2756,2774
1820,2094,2160
2902,2757,2775
1819,2096,2163
2901,2758,2776
1818,2099,2166
2900,2759,2777
1817,2101,2169
2899,2760,2778
1816,2103,2172
2898,2761,2778
1815,2106,2175
2897,2762,2779
1814,2108,2178
2896,2763,2780
1813,2111,2181
2895,2763,2781
1812,2114,2184
2894,2764,2782
1811,2116,2186
2893,2765,2783
1810,2119,2189
2892,2766,2783
1809,2122,2192
2891,2767,2784
1808,2125,2194
2890,2768,2785
1807,2128,2196
2889,2769,2786
1806,2131,2199
2888,2770,2787
1805,2135,2201
2887,2771,2787
1804,2138,2203
2886,2772,2788
1803,2142,2204
2885,2773,2789
1802,2145,2206
2884,2774,2790
1801,2150,2207
2883,2775,2791
1800,2154,2208
2882,2775,2791
1799,2158,2209
2881,2776,2792
1798,2163,2209
2880,2777,2793
1797,2169,2208
2879,2778,2794
1796,2176,2207
2878,2779,2795
1795,2185,2203
2877,2780,2795
2876,2781,2796
2875,2782,2797
2874,2782,2798
2873,2783,2798
2872,2784,2799
2871,2785,2800
2870,2786,2801
2869,2787,2801
2868,2787,2802
2867,2788,2803
2866,2789,2804
2865,2790,2804
2864,2791,2805
2863,2791,2806
2862,2792,2806
2861,2793,2807
2860,2794,2808
2859,2795,2808
2858,2795,2809
2857,2796,2810
2856,2797,2811
2855,2798,2811
2854,2798,2812
2853,2799,2813
2852,2800,2813
2851,2801,2814
2850,2801,2815
2849,2802,2815
2848,2803,2816
2847,2804,2817
2846,2804,2817
2845,2805,2818
2844,2806,2819
2843,2806,2819
2842,2807,2820
2841,2808,2821
2840,2808,2821
2839,2809,2822
2838,2810,2822
2837,2811,2823
2836,2811,2824
2835,2812,2824
2834,2813,2825
2833,2813,2826
2832,2814,2826
2831,2815,2827
2830,2815,2827
2829,2816,2828
2828,2816,2829
2827,2817,2829
2826,2818,2830
2825,2818,2830
2824,2819,2831
2823,2820,2831
2822,2820,2832
2821,2821,2833
2820,2821,2833
2819,2822,2834
2818,2823,2834
2817,2823,2835
2816,2824,2835
2815,2824,2836
2814,2825,2836
2813,2826,2837
2812,2826,2838
2811,2827,2838
2810,2827,2839
2809,2828,2839
2808,2828,2840
2807,2829,2840
2806,2829,2841
2805,2830,2841
2804,2831,2842
2803,2831,2842
2802,2832,2843
2801,2832,2843
2800,2833,2844
2799,2833,2844
2798,2834,2845
2797,2834,2845
2796,2835,2846
2795,2835,2846
