1856,2286,2344
1857,2272,2355
1858,2262,2363
1859,2253,2368
1860,2245,2372
1861,2238,2373
1862,2232,2373
1863,2226,2370
1864,2220,2362
1865,2215,2350
1866,2210,2337
1867,2205,2325
1868,2200,2314
1869,2195,2304
1870,2191,2295
1871,2187,2286
1872,2183,2279
1873,2179,2272
1874,2175,2265
1875,2171,2259
1876,2167,2253
1877,2164,2247
1878,2160,2241
1879,2157,2236
1880,2153,2231
1881,2150,2226
1882,2147,2222
1883,2144,2217
1884,2141,2213
1885,2138,2208
1886,2135,2204
1887,2132,2200
1888,2129,2196
1889,2126,2192
1890,2123,2188
1891,2120,2185
1892,2118,2181
1893,2115,2178
1894,2112,2174
1895,2110,2171
1896,2107,2167
1897,2104,2164
1898,2102,2161
1899,2099,2158
1900,2097,2155
1901,2095,2152
1902,2092,2149
1903,2090,2146
1904,2087,2143
1905,2085,2140
1906,2083,2137
1907,2081,2134
1908,2078,2131
1909,2076,2129
1910,2074,2126
1911,2072,2123
1912,2070,2121
1913,2067,2118
1914,2065,2116
1915,2063,2113
1916,2061,2111
1917,2059,2108
1918,2057,2106
1919,2055,2103
1920,2053,2101
1921,2051,2099
1922,2049,2096
1923,2047,2094
1924,2045,2092
1925,2043,2089
1926,2041,2087
1927,2039,2085
1928,2038,2083
1929,2036,2080
1930,2034,2078
1931,2032,2076
1932,2030,2074
3157,2300,2356
3156,2284,2370
3155,2273,2380
3154,2264,2387
3153,2255,2393
3152,2248,2397
3151,2241,2399
3150,2235,2393
3149,2229,2339
3148,2223,2319
3147,2218,2305
3146,2213,2294
3145,2208,2285
3144,2203,2276
3143,2198,2269
3142,2194,2262
3141,2190,2255
3140,2186,2249
3139,2182,2243
3138,2178,2237
3137,2174,2232
3136,2170,2227
3135,2167,2222
3134,2163,2217
3133,2160,2212
3132,2156,2208
3131,2153,2204
3130,2150,2200
3129,2147,2196
3128,2143,2192
3127,2140,2188
3126,2137,2184
3125,2134,2180
3124,2131,2177
3123,2129,2173
3122,2126,2170
3121,2123,2166
3120,2120,2163
3119,2117,2160
3118,2115,2157
3117,2112,2153
3116,2110,2150
3115,2107,2147
3114,2104,2144
3113,2102,2141
3112,2099,2139
3111,2097,2136
3110,2095,2133
3109,2092,2130
3108,2090,2127
3107,2087,2125
3106,2085,2122
3105,2083,2119
3104,2081,2117
3103,2078,2114
3102,2076,2112
3101,2074,2109
3100,2072,2107
3099,2070,2104
3098,2067,2102
3097,2065,2100
3096,2063,2097
3095,2061,2095
3094,2059,2093
3093,2057,2090
3092,2055,2088
3091,2053,2086
3090,2051,2084
3089,2049,2081
3088,2047,2079
3087,2045,2077
3086,2043,2075
3085,2041,2073
3084,2039,2071
3083,2038,2069
3082,2036,2067
3081,2034,2065
3080,2032,2063
3079,2030,2061
3078,2028,2059
3077,2027,2057
3076,2025,2055
3075,2023,2053
3074,2021,2051
3073,2020,2049
3072,2018,2047
3071,2016,2045
3070,2015,2043
3069,2013,2041
3068,2011,2040
3067,2009,2038
3066,2008,2036
3065,2006,2034
3064,2005,2032
3063,2003,2031
3062,2001,2029
3061,2000,2027
3060,1998,2025
3059,1997,2024
3058,1995,2022
3057,1993,2020
3056,1992,2019
3055,1990,2017
3054,1989,2015
3053,1987,2014
3052,1986,2012
3051,1984,2010
3050,1983,2009
3049,1981,2007
3048,1980,2006
3047,1978,2004
3046,1977,2003
3045,1975,2001
3044,1974,1999
3043,1973,1998
3042,1971,1996
2433,1699,1711
2432,1699,1711
2431,1699,1711
2430,1699,1712
2429,1699,1712
2428,1699,1712
2427,1699,1712
2426,1699,1712
2425,1699,1712
2424,1700,1712
2423,1700,1712
2422,1700,1713
2421,1700,1713
2420,1700,1713
2419,1700,1713
2418,1700,1713
2417,1700,1713
2416,1701,1713
2415,1701,1714
2414,1701,1714
2413,1701,1714
2412,1701,1714
2411,1701,1714
2410,1701,1714
2409,1702,1715
2408,1702,1715
2407,1702,1715
2406,1702,1715
2405,1702,1715
2404,1702,1715
2403,1703,1716
2402,1703,1716
2401,1703,1716
2400,1703,1716
2399,1703,1716
2398,1703,1716
2397,1704,1717
2396,1704,1717
2395,1704,1717
2394,1704,1717
2393,1704,1717
2392,1704,1717
2391,1705,1718
2390,1705,1718
2389,1705,1718
2388,1705,1718
2387,1705,1718
2386,1705,1719
2385,1706,1719
2384,1706,1719
2383,1706,1719
2382,1706,1719
2381,1706,1720
2380,1707,1720
2379,1707,1720
2378,1707,1720
2377,1707,1720
2376,1707,1721
2375,1708,1721
2374,1708,1721
2373,1708,1721
2372,1708,1722
2371,1708,1722
2370,1709,1722
2369,1709,1722
2368,1709,1722
2367,1709,1723
2366,1709,1723
2365,1710,1723
2364,1710,1723
2363,1710,1724
2362,1710,1724
2361,1711,1724
2360,1711,1724
2359,1711,1725
2358,1711,1725
2357,1711,1725
2356,1712,1725
2355,1712,1726
2354,1712,1726
2353,1712,1726
2352,1713,1726
2351,1713,1727
2350,1713,1727
2349,1713,1727
2348,1714,1727
2347,1714,1728
2346,1714,1728
2345,1714,1728
2344,1715,1728
2343,1715,1729
2342,1715,1729
2341,1715,1729
2340,1716,1730
2339,1716,1730
2338,1716,1730
2337,1716,1730
2336,1717,1731
2335,1717,1731
2334,1717,1731
2333,1717,1731
2332,1718,1732
2331,1718,1732
2330,1718,1732
2329,1719,1733
2328,1719,1733
2327,1719,1733
2326,1719,1734
2325,1720,1734
2324,1720,1734
2323,1720,1734
2322,1721,1735
2321,1721,1735
2320,1721,1735
2319,1721,1736
2318,1722,1736
2317,1722,1736
2316,1722,1737
2315,1723,1737
2314,1723,1737
2313,1723,1738
2312,1724,1738
2311,1724,1738
2310,1724,1739
2309,1724,1739
2308,1725,1739
2307,1725,1740
2306,1725,1740
2305,1726,1740
2304,1726,1741
2303,1726,1741
2302,1727,1741
2301,1727,1742
2300,1727,1742
2299,1728,1742
2298,1728,1743
2297,1728,1743
2296,1729,1743
2295,1729,1744
2294,1729,1744
2293,1730,1744
2292,1730,1745
2291,1730,1745
2290,1731,1746
2289,1731,1746
2288,1731,1746
2287,1732,1747
2286,1732,1747
2285,1732,1747
2284,1733,1748
2283,1733,1748
2282,1734,1749
2281,1734,1749
2280,1734,1749
2279,1735,1750
2278,1735,1750
2277,1735,1751
2276,1736,1751
2275,1736,1751
2274,1736,1752
2273,1737,1752
2272,1737,1753
2271,1738,1753
2270,1738,1753
2269,1738,1754
2268,1739,1754
2267,1739,1755
2266,1740,1755
2265,1740,1755
2264,1740,1756
2263,1741,1756
2262,1741,1757
2261,1742,1757
2260,1742,1757
2259,1742,1758
2258,1743,1758
2257,1743,1759
2256,1744,1759
2255,1744,1760
2254,1744,1760
2253,1745,1761
2252,1745,1761
2251,1746,1761
2250,1746,1762
2249,1746,1762
2248,1747,1763
2247,1747,1763
2246,1748,1764
2245,1748,1764
2244,1749,1765
2243,1749,1765
2242,1749,1765
2241,1750,1766
2240,1750,1766
2239,1751,1767
2238,1751,1767
2237,1752,1768
2236,1752,1768
2235,1753,1769
2234,1753,1769
2233,1753,1770
2232,1754,1770
2231,1754,1771
2230,1755,1771
2229,1755,1772
2228,1756,1772
2227,1756,1773
2226,1757,1773
2225,1757,1774
2224,1758,1774
2223,1758,1775
2222,1759,1775
2221,1759,1776
2220,1759,1776
2219,1760,1777
2218,1760,1777
2217,1761,1778
2216,1761,1778
2215,1762,1779
2214,1762,1779
2213,1763,1780
2212,1763,1780
2211,1764,1781
2210,1764,1781
2209,1765,1782
2208,1765,1783
2207,1766,1783
2206,1766,1784
2205,1767,1784
2204,1767,1785
2203,1768,1785
2202,1768,1786
2201,1769,1786
2200,1770,1787
2199,1770,1787
2198,1771,1788
2197,1771,1789
2196,1772,1789
2195,1772,1790
2194,1773,1790
2193,1773,1791
2192,1774,1791
2191,1774,1792
2190,1775,1793
2189,1775,1793
2188,1776,1794
2187,1776,1794
2186,1777,1795
2185,1778,1796
2184,1778,1796
2183,1779,1797
2182,1779,1797
2181,1780,1798
2180,1780,1799
2179,1781,1799
2178,1782,1800
2177,1782,1800
2176,1783,1801
2175,1783,1802
2174,1784,1802
2173,1784,1803
2172,1785,1803
2171,1786,1804
2170,1786,1805
2169,1787,1805
2168,1787,1806
2167,1788,1807
2166,1789,1807
2165,1789,1808
2164,1790,1809
2163,1790,1809
2162,1791,1810
2161,1792,1811
2160,1792,1811
2159,1793,1812
2158,1793,1813
2157,1794,1813
2156,1795,1814
2155,1795,1815
2154,1796,1815
2153,1797,1816
2152,1797,1817
2151,1798,1817
2150,1798,1818
2515,2891,2899
2515,3239,3243
2515,1695,1707
1974,1964,1999
2514,2892,2899
2514,3240,3242
2514,1694,1707
1973,1966,2000
2513,2892,2898
2513,1694,1707
1972,1967,2002
2512,2893,2898
2512,1694,1707
1971,1968,2003
2511,2894,2897
2511,1694,1707
1970,1970,2005
2510,2895,2895
2510,1694,1707
1969,1971,2007
1968,1973,2008
1967,1974,2010
1966,1976,2011
1965,1977,2013
1964,1978,2015
1963,1980,2016
1962,1981,2018
1961,1983,2020
1960,1984,2021
1959,1986,2023
1958,1987,2025
1957,1989,2027
1956,1990,2028
1955,1992,2030
1954,1993,2032
1953,1995,2034
1952,1997,2035
2013,1916,1945
1986,1948,1981
2527,2889,2902
2527,1695,1707
1980,1956,1990
2521,2890,2901
2521,3239,3244
2521,1695,1707
2014,1915,1944
1987,1947,1980
2528,2889,2902
2528,1695,1707
1981,1955,1988
2522,2890,2901
2522,3239,3243
2522,1695,1707
2015,1913,1942
1988,1946,1978
2529,2889,2902
2529,1695,1707
1982,1953,1987
2523,2890,2901
2523,3240,3242
2523,1695,1707
2009,1920,1950
1933,2028,2072
2016,1912,1941
1989,1944,1977
2530,2889,2902
2530,1695,1707
1983,1952,1985
2524,2890,2901
2524,1695,1707
2010,1919,1949
1934,2027,2070
2017,1911,1940
1990,1943,1975
2531,2889,2902
2531,1695,1707
1984,1951,1984
2525,2890,2901
2525,1695,1707
2011,1918,1947
1935,2025,2068
2018,1910,1939
1991,1942,1974
2532,2889,2902
2532,1695,1707
1985,1950,1982
2526,2889,2901
2526,1695,1707
2012,1917,1946
1936,2023,2066
2019,1909,1938
1992,1941,1972
2533,2890,2901
2533,1695,1707
1937,2021,2064
1938,2020,2062
1939,2018,2060
2008,1921,1951
2549,2896,2896
2549,1696,1708
2035,1892,1919
2007,1923,1952
2548,2894,2897
2548,1696,1708
2034,1893,1920
2033,1894,1921
2032,1895,1922
2031,1896,1923
2030,1897,1925
2029,1898,1926
1940,2016,2058
1941,2015,2056
1942,2013,2054
1943,2011,2052
1993,1939,1971
2534,2890,2901
2534,1695,1707
2020,1908,1936
1944,2010,2050
1994,1938,1970
2535,2890,2901
2535,1695,1707
2021,1907,1935
1945,2008,2048
1995,1937,1968
2536,2890,2901
2536,1695,1707
2022,1906,1934
1946,2006,2046
1996,1936,1967
2537,2890,2901
2537,1695,1707
2023,1905,1933
1947,2005,2044
1997,1934,1966
2538,2890,2901
2538,1695,1707
2024,1904,1932
1948,2003,2043
1998,1933,1964
2539,2890,2901
2539,1695,1707
2025,1902,1930
1949,2001,2041
1999,1932,1963
2540,2890,2901
2540,1695,1708
2026,1901,1929
1950,2000,2039
2000,1931,1962
2541,2891,2900
2541,1695,1708
2027,1900,1928
1951,1998,2037
2001,1930,1960
2542,2891,2900
2542,1695,1708
2028,1899,1927
1979,1957,1991
2520,2890,2901
2520,3238,3244
2520,1695,1707
2547,2893,2898
2547,1696,1708
2006,1924,1954
1978,1959,1993
2519,2890,2901
2519,3238,3244
2519,1695,1707
2546,2893,2899
2546,1696,1708
2005,1925,1955
1977,1960,1994
2518,2891,2900
2518,3238,3244
2518,1695,1707
2545,2892,2899
2545,1696,1708
2004,1926,1956
1976,1962,1996
2517,2891,2900
2517,3238,3244
2517,1695,1707
2544,2892,2899
2544,1696,1708
2003,1927,1958
1975,1963,1997
2516,2891,2900
2516,3239,3244
2516,1695,1707
2543,2891,2900
2543,1695,1708
2002,1928,1959
2036,1891,1918
2037,1890,1917
2038,1889,1916
2039,1888,1915
2040,1887,1913
2041,1886,1912
2042,1885,1911
2043,1884,1910
2044,1883,1909
2045,1882,1908
2046,1881,1907
2047,1880,1906
2048,1879,1905
2049,1878,1904
2050,1877,1903
2051,1876,1902
2052,1875,1901
2053,1874,1900
2054,1873,1899
2055,1872,1898
2056,1871,1897
2057,1871,1896
2058,1870,1895
2059,1869,1894
2060,1868,1893
2061,1867,1892
2062,1866,1891
2063,1865,1890
2064,1864,1889
2065,1863,1888
2066,1862,1887
2067,1861,1886
2068,1861,1885
2069,1860,1884
2070,1859,1883
2071,1858,1882
2072,1857,1881
2073,1856,1880
2074,1855,1879
2075,1854,1878
2076,1854,1877
2077,1853,1876
2078,1852,1875
2079,1851,1874
2080,1850,1873
2081,1849,1873
2082,1848,1872
2083,1848,1871
2084,1847,1870
2085,1846,1869
2086,1845,1868
2087,1844,1867
2088,1843,1866
2089,1843,1865
2090,1842,1865
2091,1841,1864
2092,1840,1863
2093,1839,1862
2094,1839,1861
2095,1838,1860
2096,1837,1859
2097,1836,1858
2098,1835,1858
2099,1835,1857
2100,1834,1856
2101,1833,1855
2102,1832,1854
2103,1832,1853
2104,1831,1853
2105,1830,1852
2106,1829,1851
2107,1828,1850
2108,1828,1849
2109,1827,1849
2110,1826,1848
2111,1825,1847
2112,1825,1846
2113,1824,1845
2114,1823,1844
2115,1823,1844
2116,1822,1843
2117,1821,1842
2118,1820,1841
2119,1820,1841
2120,1819,1840
2121,1818,1839
2122,1817,1838
2123,1817,1837
2124,1816,1837
2125,1815,1836
2126,1815,1835
2127,1814,1834
2128,1813,1834
2129,1812,1833
2130,1812,1832
2131,1811,1831
2132,1810,1831
2133,1810,1830
2134,1809,1829
2135,1808,1829
2136,1808,1828
2137,1807,1827
2138,1806,1826
2139,1806,1826
2140,1805,1825
2141,1804,1824
2142,1804,1823
2143,1803,1823
2144,1802,1822
2145,1802,1821
2146,1801,1821
2147,1800,1820
2148,1800,1819
2149,1799,1819
2434,1698,1711
2435,1698,1711
2436,1698,1711
2437,1698,1711
2438,1698,1711
2439,1698,1711
2440,1698,1710
2441,1698,1710
2442,1698,1710
2443,1697,1710
2444,1697,1710
2445,1697,1710
2446,1697,1710
2447,1697,1710
2448,1697,1710
2449,1697,1709
2450,1697,1709
2451,1697,1709
2452,1697,1709
2453,1697,1709
2454,1697,1709
2455,1696,1709
2456,1696,1709
2457,1696,1709
2458,1696,1709
2459,1696,1709
2460,1696,1709
2461,1696,1708
2462,1696,1708
2463,1696,1708
2464,1696,1708
2465,1696,1708
2466,1696,1708
2467,1696,1708
2468,1696,1708
2469,1695,1708
2470,1695,1708
2471,1695,1708
2472,1695,1708
2473,1695,1708
2474,1695,1708
2475,1695,1708
2476,1695,1708
2477,1695,1707
2478,1695,1707
2479,1695,1707
2480,1695,1707
2481,1695,1707
2482,1695,1707
2483,1695,1707
2484,1695,1707
2485,1695,1707
2486,1695,1707
2487,1695,1707
2488,1695,1707
2489,1695,1707
2490,1695,1707
2491,1695,1707
2492,1695,1707
2493,1695,1707
2494,1695,1707
2495,1695,1707
2496,1695,1707
2497,1695,1707
2498,1694,1707
2499,1694,1707
2500,1694,1707
2501,1694,1707
2502,1694,1707
2503,1694,1707
2504,1694,1707
2505,1694,1707
2506,1694,1707
2507,1694,1707
2508,1694,1707
2509,1694,1707
2550,1696,1708
2551,1696,1708
2552,1696,1708
2553,1696,1708
2554,1696,1708
2555,1696,1708
2556,1696,1709
2557,1696,1709
2558,1696,1709
2559,1697,1709
2560,1697,1709
2561,1697,1709
2562,1697,1709
2563,1697,1709
2564,1697,1709
2565,1697,1709
2566,1697,1709
2567,1697,1709
2568,1697,1710
2569,1697,1710
2570,1698,1710
2571,1698,1710
2572,1698,1710
2573,1698,1710
2574,1698,1710
2575,1698,1710
2576,1698,1710
2577,1698,1710
2578,1698,1711
2579,1698,1711
2580,1699,1711
2581,1699,1711
2582,1699,1711
2583,1699,1711
2584,1699,1711
2585,1699,1711
2586,1699,1712
2587,1699,1712
2588,1700,1712
2589,1700,1712
2590,1700,1712
2591,1700,1712
2592,1700,1712
2593,1700,1712
2594,1700,1713
2595,1700,1713
2596,1701,1713
2597,1701,1713
2598,1701,1713
2599,1701,1713
2600,1701,1713
2601,1701,1714
2602,1701,1714
2603,1702,1714
2604,1702,1714
2605,1702,1714
2606,1702,1714
2607,1702,1714
2608,1702,1715
2609,1702,1715
2610,1703,1715
2611,1703,1715
2612,1703,1715
2613,1703,1715
2614,1703,1716
2615,1703,1716
2616,1704,1716
2617,1704,1716
2618,1704,1716
2619,1704,1716
2620,1704,1717
2621,1704,1717
2622,1705,1717
2623,1705,1717
2624,1705,1717
2625,1705,1718
2626,1705,1718
2627,1706,1718
2628,1706,1718
2629,1706,1718
2630,1706,1719
2631,1706,1719
2632,1706,1719
2633,1707,1719
2634,1707,1719
2635,1707,1720
2636,1707,1720
2637,1707,1720
2638,1708,1720
2639,1708,1720
2640,1708,1721
2641,1708,1721
2642,1709,1721
2643,1709,1721
2644,1709,1721
2645,1709,1722
2646,1709,1722
2647,1710,1722
2648,1710,1722
2649,1710,1723
2650,1710,1723
2651,1710,1723
2652,1711,1723
2653,1711,1723
2654,1711,1724
2655,1711,1724
2656,1712,1724
2657,1712,1724
2658,1712,1725
2659,1712,1725
2660,1713,1725
2661,1713,1725
2662,1713,1726
2663,1713,1726
2664,1714,1726
2665,1714,1726
2666,1714,1727
2667,1714,1727
2668,1715,1727
2669,1715,1727
2670,1715,1728
2671,1715,1728
2672,1716,1728
2673,1716,1729
2674,1716,1729
2675,1716,1729
2676,1717,1729
2677,1717,1730
2678,1717,1730
2679,1717,1730
2680,1718,1730
2681,1718,1731
2682,1718,1731
2683,1718,1731
2684,1719,1732
2685,1719,1732
2686,1719,1732
2687,1720,1732
2688,1720,1733
2689,1720,1733
2690,1720,1733
2691,1721,1734
2692,1721,1734
2693,1721,1734
2694,1722,1735
2695,1722,1735
2696,1722,1735
2697,1723,1736
2698,1723,1736
2699,1723,1736
2700,1723,1736
2701,1724,1737
2702,1724,1737
2703,1724,1737
2704,1725,1738
2705,1725,1738
2706,1725,1738
2707,1726,1739
2708,1726,1739
2709,1726,1739
2710,1727,1740
2711,1727,1740
2712,1727,1740
2713,1728,1741
2714,1728,1741
2715,1728,1741
2716,1729,1742
2717,1729,1742
2718,1729,1742
2719,1730,1743
2720,1730,1743
2721,1730,1744
2722,1731,1744
2723,1731,1744
2724,1731,1745
2725,1732,1745
2726,1732,1745
2727,1732,1746
2728,1733,1746
2729,1733,1746
2730,1733,1747
2731,1734,1747
2732,1734,1748
2733,1735,1748
2734,1735,1748
2735,1735,1749
2736,1736,1749
2737,1736,1749
2738,1736,1750
2739,1737,1750
2740,1737,1751
2741,1738,1751
2742,1738,1751
2743,1738,1752
2744,1739,1752
2745,1739,1753
2746,1739,1753
2747,1740,1753
2748,1740,1754
2749,1741,1754
2750,1741,1755
2751,1741,1755
2752,1742,1755
2753,1742,1756
2754,1743,1756
2755,1743,1757
2756,1743,1757
2757,1744,1758
2758,1744,1758
2759,1745,1758
2760,1745,1759
2761,1746,1759
2762,1746,1760
2763,1746,1760
2764,1747,1761
2765,1747,1761
2766,1748,1762
2767,1748,1762
2768,1749,1762
2769,1749,1763
2770,1749,1763
2771,1750,1764
2772,1750,1764
2773,1751,1765
2774,1751,1765
2775,1752,1766
2776,1752,1766
2777,1752,1767
2778,1753,1767
2779,1753,1767
2780,1754,1768
2781,1754,1768
2782,1755,1769
2783,1755,1769
2784,1756,1770
2785,1756,1770
2786,1757,1771
2787,1757,1771
2788,1758,1772
2789,1758,1772
2790,1759,1773
2791,1759,1773
2792,1759,1774
2793,1760,1774
2794,1760,1775
2795,1761,1775
2796,1761,1776
2797,1762,1776
2798,1762,1777
2799,1763,1777
2800,1763,1778
2801,1764,1778
2802,1764,1779
2803,1765,1779
2804,1765,1780
2805,1766,1780
2806,1766,1781
2807,1767,1782
2808,1767,1782
2809,1768,1783
2810,1768,1783
2811,1769,1784
2812,1770,1784
2813,1770,1785
2814,1771,1785
2815,1771,1786
2816,1772,1786
2817,1772,1787
2818,1773,1788
2819,1773,1788
2820,1774,1789
2821,1774,1789
2822,1775,1790
2823,1775,1790
2824,1776,1791
2825,1777,1791
2826,1777,1792
2827,1778,1793
2828,1778,1793
2829,1779,1794
2830,1779,1794
2831,1780,1795
2832,1780,1796
2833,1781,1796
2834,1782,1797
2835,1782,1797
2836,1783,1798
2837,1783,1799
2838,1784,1799
2839,1785,1800
2840,1785,1800
2841,1786,1801
2842,1786,1802
2843,1787,1802
2844,1787,1803
2845,1788,1803
2846,1789,1804
2847,1789,1805
2848,1790,1805
2849,1790,1806
2850,1791,1807
2851,1792,1807
2852,1792,1808
2853,1793,1809
2854,1794,1809
2855,1794,1810
2856,1795,1811
2857,1795,1811
2858,1796,1812
2859,1797,1812
2860,1797,1813
2861,1798,1814
2862,1799,1814
2863,1799,1815
2864,1800,1816
2865,1801,1816
2866,1801,1817
2867,1802,1818
2868,1803,1819
2869,1803,1819
2870,1804,1820
2871,1805,1821
2872,1805,1821
2873,1806,1822
2874,1807,1823
2875,1807,1823
2876,1808,1824
2877,1809,1825
2878,1809,1826
2879,1810,1826
2880,1811,1827
2881,1811,1828
2882,1812,1828
2883,1813,1829
2884,1813,1830
2885,1814,1831
2886,1815,1831
2887,1816,1832
2888,1816,1833
2889,1817,1834
2890,1818,1834
2891,1818,1835
2892,1819,1836
2893,1820,1837
2894,1821,1837
2895,1821,1838
2896,1822,1839
2897,1823,1840
2898,1824,1840
2899,1824,1841
2900,1825,1842
2901,1826,1843
2902,1827,1844
2903,1827,1844
2904,1828,1845
2905,1829,1846
2906,1830,1847
2907,1830,1848
2908,1831,1848
2909,1832,1849
2910,1833,1850
2911,1833,1851
2912,1834,1852
2913,1835,1852
2914,1836,1853
2915,1837,1854
2916,1837,1855
2917,1838,1856
2918,1839,1857
2919,1840,1857
2920,1841,1858
2921,1841,1859
2922,1842,1860
2923,1843,1861
2924,1844,1862
2925,1845,1863
2926,1846,1863
2927,1846,1864
2928,1847,1865
2929,1848,1866
2930,1849,1867
2931,1850,1868
2932,1851,1869
2933,1851,1870
2934,1852,1870
2935,1853,1871
2936,1854,1872
2937,1855,1873
2938,1856,1874
2939,1857,1875
2940,1857,1876
2941,1858,1877
2942,1859,1878
2943,1860,1879
2944,1861,1880
2945,1862,1881
2946,1863,1882
2947,1864,1883
2948,1865,1883
2949,1866,1884
2950,1866,1885
2951,1867,1886
2952,1868,1887
2953,1869,1888
2954,1870,1889
2955,1871,1890
2956,1872,1891
2957,1873,1892
2958,1874,1893
2959,1875,1894
2960,1876,1895
2961,1877,1896
2962,1878,1897
2963,1879,1898
2964,1880,1899
2965,1881,1900
2966,1882,1901
2967,1883,1902
2968,1884,1903
2969,1885,1904
2970,1886,1905
2971,1887,1907
2972,1888,1908
2973,1889,1909
2974,1890,1910
2975,1891,1911
2976,1892,1912
2977,1893,1913
2978,1894,1914
2979,1895,1915
2980,1896,1916
2981,1897,1917
2982,1898,1918
2983,1899,1920
2984,1900,1921
2985,1901,1922
2986,1902,1923
2987,1903,1924
2988,1904,1925
2989,1905,1926
2990,1906,1928
2991,1908,1929
2992,1909,1930
2993,1910,1931
2994,1911,1932
2995,1912,1933
2996,1913,1935
2997,1914,1936
2998,1915,1937
2999,1917,1938
3000,1918,1939
3001,1919,1941
3002,1920,1942
3003,1921,1943
3004,1922,1944
3005,1923,1945
3006,1925,1947
3007,1926,1948
3008,1927,1949
3009,1928,1950
3010,1929,1952
3011,1931,1953
3012,1932,1954
3013,1933,1956
3014,1934,1957
3015,1935,1958
3016,1937,1960
3017,1938,1961
3018,1939,1962
3019,1940,1964
3020,1942,1965
3021,1943,1966
3022,1944,1968
3023,1945,1969
3024,1947,1970
3025,1948,1972
3026,1949,1973
3027,1951,1974
3028,1952,1976
3029,1953,1977
3030,1955,1979
3031,1956,1980
3032,1957,1982
3033,1959,1983
3034,1960,1984
3035,1961,1986
3036,1963,1987
3037,1964,1989
3038,1966,1990
3039,1967,1992
3040,1968,1993
3041,1970,1995
