1877,2327,2377
1878,2308,2396
1879,2296,2408
1880,2285,2419
1881,2277,2428
1882,2269,2436
1883,2261,2443
1884,2255,2449
1885,2248,2456
1886,2242,2462
1887,2237,2467
1888,2231,2472
1889,2226,2478
1890,2222,2482
1891,2217,2487
1892,2212,2492
1893,2208,2496
1894,2204,2500
2031,1937,1955
2030,1938,1956
2029,1939,1958
2028,1940,1959
2027,1941,1960
2026,1942,1962
2025,1944,1963
2064,1902,1914
3146,2130,2177
2065,1901,1913
3147,2132,2181
2066,1900,1912
3148,2135,2185
2067,1899,1911
3149,2137,2189
2068,1898,1910
3150,2140,2193
2069,1897,1909
3151,2142,2198
2070,1896,1908
3152,2145,2202
2071,1895,1907
3153,2147,2207
2072,1895,1905
3154,2150,2212
2073,1894,1904
3155,2153,2217
2074,1893,1903
3156,2156,2222
2075,1892,1902
3157,2158,2227
2076,1891,1901
3158,2161,2233
2077,1890,1900
3159,2164,2239
2078,1889,1899
3160,2167,2245
2079,1888,1898
3161,2170,2252
2080,1887,1897
3162,2173,2259
2081,1887,1896
3163,2176,2266
3163,2473,2489
2082,1886,1894
3164,2180,2275
3164,2460,2491
2083,1885,1893
3165,2183,2284
3165,2448,2491
2084,1884,1892
3166,2186,2294
3166,2436,2490
2085,1883,1891
3167,2190,2306
3167,2421,2488
2086,1882,1890
3168,2193,2323
3168,2403,2486
2087,1881,1889
3169,2197,2484
2088,1881,1888
3170,2200,2481
2089,1880,1887
3171,2204,2479
2090,1879,1886
3172,2208,2476
2091,1878,1885
3173,2212,2473
2092,1877,1884
3174,2216,2469
2093,1877,1883
3175,2221,2466
2094,1876,1882
3176,2225,2462
2095,1875,1881
3177,2230,2458
3189,2324,2370
1904,2452,2537
1904,2167,2249
2106,1868,1868
3188,2307,2387
1903,2446,2533
1903,2170,2256
2105,1868,1869
3187,2295,2399
1902,2439,2530
1902,2173,2263
2104,1869,1871
3186,2285,2408
1901,2431,2527
1901,2177,2270
2098,1873,1877
3180,2245,2445
1895,2199,2504
2099,1872,1876
3181,2250,2440
1896,2360,2508
1896,2195,2342
2100,1871,1875
3182,2256,2435
1897,2388,2512
1897,2192,2314
2101,1871,1874
3183,2262,2429
1898,2403,2516
1898,2188,2299
2102,1870,1873
3184,2269,2423
1899,2414,2520
1899,2184,2288
2103,1869,1872
3185,2277,2416
1900,2423,2523
1900,2180,2279
2032,1935,1954
3114,2071,2075
2033,1934,1952
3115,2072,2078
2053,1913,1927
3135,2106,2138
1959,2629,2661
1959,2038,2073
2500,2899,2901
2500,3242,3243
1986,2682,2700
1986,1995,2022
2052,1914,1929
3134,2104,2135
1958,2627,2660
1958,2040,2075
2499,2898,2902
1985,2680,2699
1985,1996,2024
2051,1915,1930
3133,2102,2132
1984,2678,2698
1984,1998,2026
2050,1916,1931
3132,2100,2128
1983,2677,2696
1983,1999,2027
2049,1917,1932
3131,2098,2125
1982,2675,2695
1982,2001,2029
2048,1918,1933
3130,2096,2122
1981,2673,2694
1981,2002,2031
2047,1919,1935
3129,2094,2119
1980,2671,2692
1980,2004,2033
2034,1933,1951
3116,2073,2081
2035,1932,1950
3117,2074,2084
2036,1931,1948
3118,2075,2087
2037,1930,1947
3119,2077,2090
1970,2652,2678
1970,2019,2051
2038,1929,1946
3120,2078,2093
1971,2654,2680
1971,2018,2049
2039,1928,1945
3121,2080,2096
1972,2656,2681
1972,2016,2047
2040,1927,1943
3122,2082,2099
1973,2658,2683
1973,2015,2045
2041,1925,1942
3123,2083,2102
1974,2660,2684
1974,2013,2043
2042,1924,1941
3124,2085,2105
1975,2661,2686
1975,2011,2042
2043,1923,1940
3125,2087,2107
1976,2663,2687
1976,2010,2040
2044,1922,1938
3126,2088,2110
1977,2665,2688
1977,2008,2038
2045,1921,1937
3127,2090,2113
1978,2667,2690
1978,2007,2036
2046,1920,1936
3128,2092,2116
1979,2669,2691
1979,2005,2034
2498,2898,2903
1957,2625,2658
1957,2042,2077
2097,1874,1878
3179,2239,2450
2497,2897,2903
1956,2623,2656
1956,2043,2079
2096,1874,1879
3178,2234,2454
2496,2897,2904
1955,2620,2654
1955,2045,2082
2495,2896,2904
1954,2618,2653
1954,2047,2084
2494,2896,2905
1953,2616,2651
1953,2049,2086
2493,2896,2905
1952,2614,2649
1952,2051,2088
2492,2895,2905
1951,2611,2647
1951,2053,2091
2491,2895,2905
1950,2609,2646
1950,2055,2093
2490,2895,2906
1949,2607,2644
1949,2056,2095
2489,2895,2906
1948,2604,2642
1948,2058,2097
2488,2895,2906
1947,2602,2640
1947,2060,2100
2487,2894,2906
1946,2600,2638
1946,2062,2102
2059,1907,1920
3141,2118,2158
1965,2642,2671
1965,2028,2061
2506,3240,3246
1992,2693,2707
1992,1986,2012
2060,1906,1919
3142,2121,2162
1966,2644,2672
1966,2026,2059
2507,3240,3246
1993,2695,2708
1993,1985,2010
2061,1905,1918
3143,2123,2166
1967,2646,2674
1967,2024,2057
2508,3241,3246
1994,2697,2709
1994,1983,2009
2062,1904,1917
3144,2125,2169
1968,2648,2675
1968,2023,2055
2509,3241,3245
1995,2699,2710
1995,1982,2007
2063,1903,1916
3145,2128,2173
1969,2650,2677
1969,2021,2053
2510,3242,3244
1996,2701,2711
1996,1980,2006
2058,1908,1921
3140,2116,2155
1964,2640,2669
1964,2029,2063
2505,3240,3246
1991,2691,2706
1991,1987,2014
2057,1909,1923
3139,2114,2151
1963,2638,2668
1963,2031,2065
2504,3240,3246
1990,2690,2705
1990,1989,2015
2056,1910,1924
3138,2112,2148
1962,2635,2666
1962,2033,2067
2503,3240,3246
1989,2688,2704
1989,1990,2017
2055,1911,1925
3137,2110,2145
1961,2633,2664
1961,2035,2069
2502,3240,3245
1988,2686,2703
1988,1992,2019
2054,1912,1926
3136,2108,2141
1960,2631,2663
1960,2036,2071
2501,3241,3244
1987,2684,2701
1987,1993,2020
1916,2510,2572
1916,2131,2192
1917,2514,2575
1917,2128,2188
1918,2518,2577
1918,2125,2184
2460,2900,2902
1919,2521,2580
1919,2123,2180
2461,2899,2903
1920,2525,2582
1920,2120,2177
2462,2898,2903
1921,2528,2585
1921,2118,2173
2463,2897,2904
1922,2532,2587
1922,2115,2170
2464,2897,2904
1923,2535,2590
1923,2113,2166
2465,2897,2905
1924,2538,2592
1924,2110,2163
2466,2896,2905
1925,2542,2594
1925,2108,2160
2467,2896,2905
1926,2545,2597
1926,2105,2157
2468,2896,2905
1927,2548,2599
1927,2103,2154
2469,2895,2906
1928,2551,2601
1928,2101,2151
2470,2895,2906
1929,2554,2604
1929,2098,2148
2471,2895,2906
1930,2557,2606
1930,2096,2145
2472,2895,2906
1931,2560,2608
1931,2094,2142
2473,2895,2906
1932,2563,2610
1932,2092,2139
2474,2895,2906
1933,2566,2612
1933,2089,2136
2475,2894,2906
1934,2569,2614
1934,2087,2133
2476,2894,2906
1935,2571,2617
1935,2085,2130
2477,2894,2907
1936,2574,2619
1936,2083,2128
2478,2894,2907
1937,2577,2621
1937,2081,2125
2479,2894,2907
1938,2579,2623
1938,2079,2122
2480,2894,2907
1939,2582,2625
1939,2076,2120
2481,2894,2907
1940,2585,2627
1940,2074,2117
2482,2894,2907
1941,2587,2629
1941,2072,2114
2483,2894,2906
1942,2590,2631
1942,2070,2112
2484,2894,2906
1943,2592,2633
1943,2068,2109
2485,2894,2906
1944,2595,2635
1944,2066,2107
2486,2894,2906
1945,2597,2636
1945,2064,2105
1997,2703,2712
1997,1979,2004
1998,2705,2713
1998,1978,2002
1999,2707,2714
1999,1976,2001
2000,2709,2715
2000,1975,1999
2001,2711,2715
2001,1974,1998
2002,2714,2715
2002,1972,1996
1915,2506,2569
1915,2134,2196
1914,2502,2567
1914,2136,2200
1913,2498,2564
1913,2139,2204
1912,2494,2561
1912,2142,2208
1911,2489,2558
1911,2145,2213
1910,2484,2555
1910,2148,2217
1909,2480,2552
1909,2151,2222
1908,2475,2549
1908,2154,2227
1907,2470,2546
1907,2157,2232
1906,2464,2543
1906,2160,2238
1905,2458,2540
1905,2163,2243
2003,1971,1995
2004,1970,1993
2005,1968,1992
2006,1967,1990
2007,1966,1989
2008,1964,1987
2009,1963,1986
2010,1962,1984
2011,1961,1983
2012,1959,1981
2013,1958,1980
2014,1957,1978
2015,1956,1977
2016,1954,1976
2017,1953,1974
2018,1952,1973
2019,1951,1971
2020,1949,1970
2021,1948,1968
2022,1947,1967
2023,1946,1966
2024,1945,1964
