2718,2869,2869
2719,2868,2869
2720,2867,2870
2721,2867,2870
2722,2866,2870
2723,2866,2870
2724,2865,2870
2725,2865,2870
2726,2864,2870
2727,2864,2869
2728,2863,2869
2729,2863,2869
2730,2863,2869
2731,2862,2869
2732,2862,2869
2733,2861,2869
2734,2861,2868
2735,2861,2868
2736,2860,2868
2737,2860,2868
2738,2859,2868
2739,2859,2867
2740,2859,2867
2741,2858,2867
2742,2858,2867
2743,2858,2867
2744,2857,2866
2745,2857,2866
2746,2856,2866
2747,2856,2866
2748,2856,2865
2749,2855,2865
2750,2855,2865
2751,2854,2864
2752,2854,2864
2753,2854,2864
2754,2853,2864
2755,2853,2863
2756,2852,2863
2757,2852,2863
2758,2852,2862
2759,2851,2862
2760,2851,2862
2761,2850,2861
2762,2850,2861
2763,2850,2861
2764,2849,2860
2765,2849,2860
2766,2848,2860
2767,2848,2859
2768,2847,2859
2769,2847,2859
2770,2847,2858
2771,2846,2858
2772,2846,2858
2773,2845,2857
2774,2845,2857
2775,2844,2856
2776,2844,2856
2777,2844,2856
2778,2843,2855
2779,2843,2855
2780,2842,2854
2781,2842,2854
2782,2841,2854
2783,2841,2853
2784,2840,2853
2785,2840,2852
2786,2839,2852
2787,2839,2851
2788,2838,2851
2789,2838,2850
2790,2837,2850
2791,2837,2850
2792,2836,2849
2793,2836,2849
2794,2835,2848
2795,2835,2848
2796,2834,2847
2797,2834,2847
2798,2833,2846
2799,2833,2846
2800,2832,2845
2801,2832,2845
2802,2831,2844
2803,2831,2844
2804,2830,2843
2805,2830,2843
2806,2829,2842
2807,2829,2842
2808,2828,2841
2809,2827,2841
2810,2827,2840
2811,2826,2840
2812,2826,2839
2813,2825,2839
2814,2825,2838
2815,2824,2838
2816,2824,2837
2817,2823,2836
2818,2822,2836
2819,2822,2835
2820,2821,2835
2821,2821,2834
2822,2820,2834
2823,2819,2833
2824,2819,2833
2825,2818,2832
2826,2817,2831
2827,2817,2831
2828,2816,2830
2829,2816,2830
2830,2815,2829
2831,2814,2828
2832,2814,2828
2833,2813,2827
2834,2812,2827
2835,2812,2826
2836,2811,2825
2837,2810,2825
2838,2810,2824
2839,2809,2823
2840,2808,2823
2841,2808,2822
2842,2807,2822
2843,2806,2821
2844,2806,2820
2845,2805,2820
2846,2804,2819
2847,2804,2818
2848,2803,2818
2849,2802,2817
2850,2801,2816
2851,2801,2816
2852,2800,2815
2853,2799,2814
2854,2798,2814
2855,2798,2813
2856,2797,2812
2857,2796,2812
2858,2795,2811
2859,2795,2810
2860,2794,2809
3049,2541,2560
3048,2543,2563
3047,2544,2567
3046,2546,2570
3045,2547,2573
3044,2549,2576
3043,2551,2579
3042,2552,2581
3041,2554,2584
3040,2556,2587
3039,2558,2589
3038,2560,2592
3037,2562,2594
3036,2563,2596
3035,2565,2599
3034,2567,2601
3033,2569,2603
3032,2571,2605
3031,2573,2608
3030,2575,2610
3029,2577,2612
3028,2579,2614
3027,2581,2616
3026,2582,2618
3025,2584,2620
3024,2586,2622
3023,2588,2624
3022,2590,2626
3021,2592,2628
3020,2594,2630
3019,2596,2632
3018,2597,2633
3017,2599,2635
3016,2601,2637
3015,2603,2639
3014,2605,2641
3013,2606,2642
3012,2608,2644
3011,2610,2646
3010,2612,2648
3009,2614,2649
3008,2615,2651
3007,2617,2653
3006,2619,2654
3005,2621,2656
3004,2622,2658
3003,2624,2659
3002,2626,2661
3001,2627,2662
3000,2629,2664
2999,2631,2665
2998,2633,2667
2997,2634,2669
2996,2636,2670
2868,2788,2804
2548,3224,3228
2867,2788,2804
2547,3224,3229
2866,2789,2805
2546,3224,3229
2865,2790,2806
2545,3224,3229
2864,2791,2807
3052,2540,2547
2544,3225,3229
2863,2792,2807
3051,2540,2552
2543,3225,3229
2862,2792,2808
3050,2540,2556
2542,3226,3228
2861,2793,2809
2549,3225,3227
2869,2787,2803
2870,2786,2802
2871,2785,2801
2872,2784,2801
2873,2783,2800
2874,2783,2799
2875,2782,2798
2991,2644,2677
2876,2781,2798
2992,2642,2676
2877,2780,2797
2993,2641,2674
1796,2184,2204
2878,2779,2796
2994,2639,2673
1797,2176,2208
2879,2778,2795
2995,2637,2672
1798,2169,2209
2880,2778,2795
2990,2646,2679
2989,2647,2680
2988,2649,2682
2987,2650,2683
2986,2652,2685
2985,2653,2686
2984,2655,2687
2983,2657,2689
2982,2658,2690
2981,2660,2691
2980,2661,2693
2979,2663,2694
2978,2664,2695
2977,2666,2697
2976,2667,2698
2975,2669,2699
2974,2670,2701
2973,2671,2702
2972,2673,2703
2971,2674,2704
2970,2676,2706
2969,2677,2707
2968,2679,2708
2967,2680,2709
2966,2681,2711
2965,2683,2712
2964,2684,2713
2963,2686,2714
2962,2687,2716
2961,2688,2717
2960,2690,2718
2959,2691,2719
2958,2692,2720
2957,2694,2721
2956,2695,2723
2955,2696,2724
2954,2698,2725
2953,2699,2726
2952,2700,2727
2951,2702,2728
2950,2703,2729
2949,2704,2730
2948,2705,2732
2947,2707,2733
2946,2708,2734
2945,2709,2735
2944,2710,2736
2943,2712,2737
2942,2713,2738
2941,2714,2739
2940,2715,2740
2939,2717,2741
2938,2718,2742
2937,2719,2743
2936,2720,2744
2935,2721,2745
1852,2050,2060
2934,2723,2746
1851,2050,2064
2933,2724,2747
1850,2050,2069
2932,2725,2748
1849,2050,2072
2931,2726,2749
1848,2051,2076
2930,2727,2750
1847,2052,2079
2929,2728,2751
1846,2052,2083
2928,2730,2752
1845,2054,2086
2927,2731,2753
1844,2055,2089
2926,2732,2754
1843,2056,2092
2925,2733,2755
1842,2057,2096
2924,2734,2756
1841,2058,2099
2923,2735,2757
1840,2060,2102
2922,2736,2758
1839,2061,2105
2921,2737,2759
1838,2063,2108
2920,2738,2760
1837,2064,2111
2919,2740,2761
1836,2066,2114
2918,2741,2762
1835,2067,2117
2917,2742,2763
1834,2069,2120
2916,2743,2764
1833,2071,2124
2915,2744,2765
1832,2072,2127
2914,2745,2766
1831,2074,2130
2913,2746,2767
1830,2076,2133
2912,2747,2768
1829,2078,2136
2911,2748,2769
1828,2080,2139
2910,2749,2769
1827,2082,2142
2909,2750,2770
1826,2084,2145
2908,2751,2771
1825,2086,2148
2907,2752,2772
1824,2088,2151
2906,2753,2773
1823,2090,2154
2905,2754,2774
1822,2092,2157
2904,2755,2775
1821,2094,2160
2903,2756,2776
1820,2096,2163
2902,2757,2777
1819,2099,2166
2901,2758,2777
1818,2101,2169
2900,2759,2778
1817,2103,2172
2899,2760,2779
1816,2106,2175
2898,2761,2780
1815,2108,2178
2897,2762,2781
1814,2111,2181
2896,2763,2782
1813,2114,2184
2895,2764,2782
1812,2116,2186
2894,2765,2783
1811,2119,2189
2893,2766,2784
1810,2122,2192
2892,2767,2785
1809,2125,2194
2891,2768,2786
1808,2128,2197
2890,2769,2787
1807,2131,2199
2889,2769,2787
1806,2135,2201
2888,2770,2788
1805,2138,2203
2887,2771,2789
1804,2142,2205
2886,2772,2790
1803,2146,2206
2885,2773,2791
1802,2150,2208
2884,2774,2791
1801,2154,2209
2883,2775,2792
1800,2158,2210
2882,2776,2793
1799,2163,2210
2881,2777,2794
