1850,2274,2311
1851,2260,2320
1852,2250,2324
1853,2241,2325
1854,2234,2325
1855,2227,2322
1856,2220,2319
1857,2215,2314
1858,2209,2308
1859,2204,2302
1860,2199,2296
1861,2194,2289
1862,2190,2283
1863,2185,2277
1864,2181,2271
1865,2177,2265
1866,2173,2259
1867,2169,2254
1868,2166,2248
1869,2162,2243
1870,2158,2238
1871,2155,2233
1872,2151,2229
1873,2148,2224
1874,2145,2219
1875,2142,2215
1876,2139,2211
1877,2136,2207
1878,2133,2203
1879,2130,2199
1880,2127,2195
1881,2124,2191
1882,2121,2187
1883,2118,2184
1884,2115,2180
1885,2113,2177
1886,2110,2173
1887,2108,2170
1888,2105,2167
1889,2102,2163
1890,2100,2160
1891,2097,2157
1892,2095,2154
1893,2093,2151
1894,2090,2148
1895,2088,2145
1896,2085,2142
1897,2083,2139
1898,2081,2136
1899,2079,2133
1900,2076,2131
1901,2074,2128
1902,2072,2125
1903,2070,2122
1904,2068,2120
1905,2066,2117
2128,1816,1816
2127,1816,1817
2126,1816,1818
2125,1817,1819
2124,1817,1820
2123,1818,1821
2122,1818,1822
2121,1819,1823
2120,1820,1824
2119,1820,1825
2118,1821,1826
2117,1821,1826
2116,1822,1827
1976,1951,1981
1975,1952,1982
1974,1953,1984
1973,1955,1985
1972,1956,1987
1971,1957,1988
1970,1959,1990
1969,1960,1992
1968,1961,1993
1967,1963,1995
1966,1964,1996
1965,1965,1998
1964,1967,1999
1963,1968,2001
1962,1969,2003
1961,1971,2004
1960,1972,2006
1959,1974,2007
1958,1975,2009
1957,1976,2011
1956,1978,2012
1955,1979,2014
1954,1981,2016
1953,1982,2018
1952,1984,2019
1951,1985,2021
1950,1987,2023
1949,1988,2024
1948,1990,2026
1947,1991,2028
1946,1993,2030
1945,1994,2032
1944,1996,2033
1943,1997,2035
1942,1999,2037
1941,2000,2039
1940,2002,2041
1939,2004,2043
1938,2005,2045
1937,2007,2046
1936,2008,2048
1935,2010,2050
1934,2012,2052
1933,2013,2054
1932,2015,2056
1931,2017,2058
1930,2018,2060
2024,1896,1918
2025,1895,1917
2026,1894,1916
1929,2020,2062
2023,1897,1919
2564,2893,2896
2050,1872,1889
1928,2022,2064
2022,1898,1920
2563,2892,2897
2049,1873,1890
1927,2024,2066
2048,1874,1891
1926,2025,2069
2047,1874,1892
1925,2027,2071
2046,1875,1893
1924,2029,2073
2045,1876,1894
1923,2031,2075
2044,1877,1895
2030,1890,1911
1909,2057,2107
1910,2055,2105
2031,1889,1910
1911,2053,2102
2032,1889,1909
1912,2051,2100
2033,1888,1908
1913,2049,2097
2034,1887,1906
1914,2047,2095
2035,1886,1905
1915,2045,2093
2036,1885,1904
1918,2040,2086
2039,1882,1901
1919,2038,2084
2040,1881,1900
1920,2036,2081
2041,1880,1899
2027,1893,1914
1906,2063,2115
1921,2034,2079
2042,1879,1898
2028,1892,1913
1907,2061,2112
1922,2032,2077
2043,1878,1897
2029,1891,1912
1908,2059,2110
2562,2892,2897
2021,1899,1921
2561,2891,2898
2020,1900,1923
2560,2891,2898
2019,1901,1924
2559,2890,2898
2018,1903,1925
2558,2890,2899
2017,1904,1926
2557,2890,2899
2016,1905,1927
2556,2889,2899
2015,1906,1929
2555,2889,2899
2014,1907,1930
2554,2889,2900
2013,1908,1931
1985,1940,1968
2526,2892,2896
2526,3238,3242
2553,2889,2900
2012,1909,1932
1984,1941,1969
2525,2893,2895
2525,3238,3242
1982,1943,1972
2523,3237,3243
2550,2888,2900
2009,1912,1936
1983,1942,1971
2524,3237,3243
1981,1944,1974
2522,3237,3243
2549,2888,2900
2008,1913,1937
1980,1946,1975
2521,3237,3243
2548,2888,2900
2007,1914,1938
1979,1947,1977
2520,3238,3243
2547,2888,2900
2006,1915,1940
1978,1948,1978
2519,3238,3242
2546,2888,2900
2005,1916,1941
1977,1949,1979
2518,3239,3241
2545,2888,2900
2004,1917,1942
2010,1911,1935
2551,2888,2900
2037,1884,1903
1916,2044,2090
2011,1910,1933
2552,2889,2900
2038,1883,1902
1917,2042,2088
2527,2891,2897
2527,3239,3241
1986,1938,1966
2528,2891,2897
1987,1937,1965
2529,2890,2898
1988,1936,1964
2530,2890,2898
1989,1935,1962
2531,2890,2899
1990,1934,1961
2532,2889,2899
1991,1932,1960
2533,2889,2899
1992,1931,1958
2534,2889,2899
1993,1930,1957
2535,2889,2900
1994,1929,1955
2536,2889,2900
1995,1928,1954
2537,2888,2900
1996,1927,1953
2538,2888,2900
1997,1925,1951
2539,2888,2900
1998,1924,1950
2540,2888,2900
1999,1923,1949
2541,2888,2900
2000,1922,1947
2542,2888,2900
2001,1921,1946
2543,2888,2900
2002,1920,1945
2544,2888,2900
2003,1919,1944
2051,1871,1888
2052,1870,1887
2053,1869,1886
2054,1868,1885
2055,1867,1884
2056,1867,1883
2057,1866,1882
2058,1865,1881
2059,1864,1880
2060,1863,1879
2061,1862,1878
2062,1861,1877
2063,1861,1876
2064,1860,1875
2065,1859,1874
2066,1858,1873
2067,1857,1872
2068,1856,1871
2069,1856,1870
2070,1855,1869
2071,1854,1868
2072,1853,1867
2073,1852,1866
2074,1852,1865
2075,1851,1864
2076,1850,1863
2077,1849,1862
2078,1848,1861
2079,1848,1860
2080,1847,1859
2081,1846,1858
2082,1845,1858
2083,1845,1857
2084,1844,1856
2085,1843,1855
2086,1842,1854
2087,1842,1853
2088,1841,1852
2089,1840,1851
2090,1839,1850
2091,1839,1849
2092,1838,1848
2093,1837,1848
2094,1837,1847
2095,1836,1846
2096,1835,1845
2097,1834,1844
2098,1834,1843
2099,1833,1842
2100,1832,1841
2101,1832,1840
2102,1831,1840
2103,1830,1839
2104,1830,1838
2105,1829,1837
2106,1828,1836
2107,1828,1835
2108,1827,1834
2109,1826,1833
2110,1826,1833
2111,1825,1832
2112,1824,1831
2113,1824,1830
2114,1823,1829
2115,1822,1828
