1909,2321,2353
1910,2301,2372
1911,2289,2384
1912,2279,2393
1913,2271,2401
1914,2263,2407
1915,2257,2413
1916,2250,2418
1917,2245,2422
1918,2239,2425
1919,2234,2428
1920,2229,2430
1921,2224,2429
1922,2220,2421
1923,2216,2368
1924,2212,2345
1925,2208,2330
1926,2204,2318
1972,2098,2103
1971,2098,2108
1970,2099,2112
1969,2100,2115
1968,2101,2119
1967,2103,2122
1966,2104,2126
1965,2106,2129
1964,2107,2132
1963,2109,2136
1962,2110,2139
1961,2112,2142
1960,2114,2146
1959,2116,2149
1958,2118,2153
1957,2120,2156
1956,2122,2160
1955,2124,2163
1954,2126,2167
1953,2128,2170
2493,3242,3242
1952,2130,2174
2492,3240,3244
1951,2132,2178
2491,3239,3244
1950,2134,2182
2490,3239,3245
1949,2137,2185
2489,3239,3245
1948,2139,2189
2488,3238,3245
1947,2141,2193
2487,3238,3245
1946,2144,2197
2486,3238,3244
1945,2146,2202
2485,3238,3244
1944,2149,2206
2484,3239,3243
1943,2151,2210
2483,3239,3242
1942,2154,2215
2482,3240,3241
1941,2156,2219
1940,2159,2224
1939,2162,2229
1938,2165,2234
1937,2167,2239
1936,2170,2244
1935,2173,2250
1934,2176,2256
1933,2180,2262
1932,2183,2268
1931,2186,2275
1930,2189,2282
1929,2193,2290
1928,2196,2298
1927,2200,2307
2104,2804,2806
2105,2804,2808
2106,2805,2810
2107,2805,2811
2108,2805,2812
3191,2501,2516
2109,2806,2814
3192,2488,2519
2110,2807,2815
3193,2478,2520
2111,2807,2816
3194,2469,2520
2112,2808,2817
3195,2459,2519
2113,2808,2818
3196,2450,2518
2114,2809,2820
3197,2440,2517
2115,2810,2821
3198,2430,2516
2116,2810,2822
3199,2419,2514
2117,2811,2823
3200,2408,2512
2118,2812,2824
3201,2396,2510
2119,2812,2825
3202,2383,2508
2120,2813,2826
3203,2369,2505
2121,2813,2827
3204,2355,2503
2122,2814,2828
3205,2342,2500
2123,2815,2829
3206,2332,2497
2124,2815,2830
3207,2325,2494
2125,2816,2831
3208,2320,2491
2126,2817,2832
3209,2318,2488
2127,2817,2833
3210,2316,2484
2128,2818,2834
3211,2316,2481
2129,2819,2835
3212,2317,2477
2130,2819,2836
3213,2318,2473
2131,2820,2837
3214,2320,2468
2132,2821,2838
3215,2323,2463
2133,2821,2839
3216,2327,2458
2134,2822,2840
3217,2331,2453
2135,2823,2841
3218,2335,2446
2136,2823,2842
3219,2341,2439
2137,2824,2842
3220,2348,2431
2138,2825,2843
3221,2358,2421
2139,2825,2844
3222,2372,2406
2140,2826,2845
2141,2827,2846
2142,2827,2847
2143,2828,2848
2144,2829,2849
2145,2829,2849
2146,2830,2850
2147,2831,2851
2148,2831,2852
2149,2832,2853
2150,2833,2853
2151,2833,2854
2152,2834,2855
2153,2835,2856
2154,2835,2857
2155,2836,2857
2156,2836,2858
2157,2837,2859
2158,2838,2860
2159,2838,2860
2160,2839,2861
2161,2840,2862
2162,2840,2863
2163,2841,2863
2164,2841,2864
2165,2842,2865
2166,2843,2865
2167,2843,2866
2168,2844,2867
2169,2844,2867
2170,2845,2868
2171,2846,2869
2172,2846,2869
2173,2847,2870
2174,2847,2871
2175,2848,2871
2176,2849,2872
2177,2849,2873
2308,2903,2910
2309,2904,2910
2310,2904,2910
2311,2904,2910
2312,2904,2910
2313,2904,2910
2314,2905,2910
2315,2905,2910
2316,2905,2910
2317,2905,2910
2318,2905,2910
2319,2905,2910
2320,2906,2910
2321,2906,2910
2322,2906,2910
2323,2906,2910
2324,2906,2910
2325,2906,2910
2326,2906,2911
2327,2906,2911
2328,2906,2911
2329,2906,2911
2330,2906,2911
2331,2906,2911
2332,2906,2911
2333,2906,2911
2334,2906,2911
2335,2906,2911
2336,2906,2912
2337,2906,2912
2338,2906,2912
2339,2906,2912
2340,2906,2912
2341,2906,2912
2342,2906,2912
2343,2906,2912
2344,2906,2913
2345,2906,2913
2346,2906,2913
2347,2906,2913
2348,2905,2913
2349,2905,2913
2350,2905,2913
2351,2905,2914
2352,2905,2914
2353,2905,2914
2354,2905,2914
2355,2905,2914
2356,2905,2914
2357,2905,2914
2358,2905,2914
2359,2904,2915
2360,2904,2915
2361,2904,2915
2362,2904,2915
2363,2904,2915
2364,2904,2915
2365,2904,2915
2366,2904,2915
2367,2904,2915
2368,2904,2915
2369,2904,2916
2370,2903,2916
2371,2903,2916
2372,2903,2916
2373,2903,2916
2374,2903,2916
2375,2903,2916
2431,2905,2911
2430,2905,2912
2429,2904,2912
2428,2904,2913
2427,2904,2913
2426,2904,2913
2425,2903,2914
2424,2903,2914
2423,2903,2914
2422,2903,2914
2421,2903,2914
2420,2903,2915
2419,2902,2915
2418,2902,2915
2417,2902,2915
2416,2902,2915
2403,2902,2916
2404,2902,2916
2405,2902,2916
2406,2902,2916
2407,2902,2916
2408,2902,2916
2409,2902,2916
2410,2902,2916
2411,2902,2916
2412,2902,2916
2413,2902,2916
2414,2902,2916
2415,2902,2915
2432,2906,2911
2433,2907,2910
2434,2908,2909
2402,2902,2917
2401,2902,2917
2400,2902,2917
2399,2902,2917
2398,2902,2917
2397,2902,2917
2396,2902,2917
2395,2902,2917
2394,2902,2917
2393,2902,2917
2392,2902,2917
2391,2902,2917
2390,2902,2917
2389,2902,2917
2388,2902,2917
2387,2902,2917
2386,2902,2917
2385,2902,2917
2384,2902,2916
2383,2902,2916
2382,2903,2916
2381,2903,2916
2380,2903,2916
2379,2903,2916
2378,2903,2916
2377,2903,2916
2376,2903,2916
2307,2903,2910
2306,2903,2910
2305,2903,2910
2304,2903,2910
2303,2902,2910
2302,2902,2910
2301,2902,2910
2300,2902,2910
2299,2901,2910
2298,2901,2910
2297,2901,2910
2296,2901,2910
2295,2900,2910
2294,2900,2909
2293,2900,2909
2292,2899,2909
2291,2899,2909
2290,2899,2909
2289,2899,2909
2288,2898,2909
2287,2898,2909
2286,2898,2909
2285,2897,2909
2284,2897,2909
2283,2897,2909
2282,2896,2909
2281,2896,2909
2280,2896,2909
2279,2895,2909
2278,2895,2908
2277,2895,2908
2276,2894,2908
2275,2894,2908
2274,2894,2908
2273,2893,2908
2272,2893,2908
2271,2893,2908
2270,2892,2908
2269,2892,2907
2268,2892,2907
2267,2891,2907
2266,2891,2907
2265,2891,2907
2264,2890,2907
2263,2890,2907
2262,2890,2906
2261,2889,2906
2260,2889,2906
2259,2888,2906
2258,2888,2906
2257,2888,2906
2256,2887,2905
2255,2887,2905
2254,2886,2905
2253,2886,2905
2252,2886,2904
2251,2885,2904
2250,2885,2904
2249,2885,2904
2248,2884,2904
2247,2884,2903
2246,2883,2903
2245,2883,2903
2244,2882,2903
2243,2882,2902
2242,2882,2902
2241,2881,2902
2240,2881,2901
2239,2880,2901
2238,2880,2901
2237,2880,2901
2236,2879,2900
2235,2879,2900
2234,2878,2900
2233,2878,2899
2232,2877,2899
2231,2877,2899
2230,2876,2898
2229,2876,2898
2228,2876,2898
2227,2875,2897
2226,2875,2897
2225,2874,2897
2224,2874,2896
2223,2873,2896
2222,2873,2896
2221,2872,2895
2220,2872,2895
2219,2871,2894
2218,2871,2894
2217,2870,2894
2216,2870,2893
2215,2869,2893
2214,2869,2892
2213,2868,2892
2212,2868,2891
2211,2867,2891
2210,2867,2891
2209,2866,2890
2208,2866,2890
2207,2865,2889
2206,2865,2889
2205,2864,2888
2204,2864,2888
2203,2863,2887
2202,2863,2887
2201,2862,2886
2200,2862,2886
2199,2861,2885
2198,2861,2885
2197,2860,2884
2196,2860,2884
2195,2859,2883
2194,2859,2883
2193,2858,2882
2192,2858,2882
2191,2857,2881
2190,2856,2880
2189,2856,2880
2188,2855,2879
2187,2855,2879
2186,2854,2878
2185,2854,2878
2184,2853,2877
2183,2853,2876
2182,2852,2876
2181,2851,2875
2180,2851,2875
2179,2850,2874
2178,2850,2873
