1906,2287,2401
1907,2278,2410
1908,2270,2418
1909,2263,2425
1910,2256,2431
1911,2250,2437
1912,2244,2443
1913,2239,2448
1914,2234,2453
1915,2229,2458
1916,2224,2462
1917,2220,2467
1918,2215,2471
1919,2211,2475
1920,2207,2347
1920,2402,2479
1973,2083,2089
1972,2084,2093
1971,2085,2096
1970,2086,2100
1969,2087,2103
1968,2089,2106
1967,2090,2109
1966,2091,2112
1965,2093,2115
1964,2095,2118
1963,2096,2121
1962,2098,2125
1961,2100,2128
1960,2102,2131
1959,2103,2134
1958,2105,2137
1957,2107,2140
1956,2109,2143
1955,2111,2147
1943,2137,2189
1942,2140,2193
1941,2142,2198
1940,2145,2202
1939,2147,2206
1938,2150,2210
1937,2152,2215
1936,2155,2219
1935,2158,2224
1934,2161,2229
1933,2164,2234
1932,2166,2240
1931,2169,2245
1930,2172,2251
1929,2176,2257
1928,2179,2263
1928,2494,2499
1927,2182,2270
1927,2484,2499
1926,2185,2277
1926,2476,2497
1925,2189,2285
1925,2467,2495
1924,2192,2293
1924,2458,2492
1923,2196,2303
1923,2448,2489
1922,2199,2314
1922,2436,2486
1921,2203,2328
1921,2422,2482
2380,2908,2908
2381,2907,2909
2382,2906,2910
2383,2906,2910
2384,2906,2911
2385,2905,2911
2386,2905,2912
2387,2905,2912
2388,2904,2912
2389,2904,2912
2390,2904,2912
2391,2904,2913
2392,2903,2913
2393,2903,2913
2394,2903,2913
2395,2903,2913
2396,2903,2913
2397,2902,2914
2398,2902,2914
2399,2902,2914
2400,2902,2914
2401,2902,2914
2402,2902,2914
2403,2901,2914
2404,2901,2914
2405,2901,2914
2406,2901,2914
2407,2901,2914
2408,2901,2914
2409,2901,2915
2410,2901,2915
2411,2901,2915
2412,2901,2915
2413,2901,2915
2414,2901,2915
2415,2900,2915
2416,2900,2915
2417,2900,2915
2418,2900,2915
2419,2900,2914
1905,2298,2390
2446,2905,2908
1904,2313,2375
2445,2905,2909
2444,2904,2909
2443,2903,2910
2442,2903,2910
2441,2903,2911
2440,2902,2911
2439,2902,2912
2438,2902,2912
2437,2902,2912
2436,2901,2912
2435,2901,2913
2434,2901,2913
2433,2901,2913
2432,2901,2913
2431,2901,2913
2430,2901,2913
2429,2901,2914
2428,2901,2914
2427,2900,2914
2426,2900,2914
2425,2900,2914
2424,2900,2914
2423,2900,2914
2422,2900,2914
2421,2900,2914
2420,2900,2914
1944,2135,2186
2485,3241,3242
1945,2132,2182
2486,3240,3243
2154,2835,2860
2155,2836,2861
2156,2836,2862
2157,2837,2862
2248,2894,2894
2247,2892,2895
2246,2891,2895
2245,2890,2895
2244,2890,2896
2243,2889,2896
2242,2888,2896
2241,2888,2896
2240,2887,2896
2239,2886,2896
2238,2886,2895
1954,2113,2150
2495,3241,3244
2237,2885,2895
1953,2115,2153
2494,3240,3245
2236,2885,2895
1952,2117,2157
2493,3240,3245
2235,2884,2895
1951,2119,2160
2492,3239,3245
2234,2883,2895
1950,2121,2164
2491,3239,3245
2233,2883,2895
1949,2123,2167
2490,3239,3245
2232,2882,2895
1948,2126,2171
2489,3239,3245
2231,2882,2895
1947,2128,2174
2488,3239,3244
2230,2881,2894
1946,2130,2178
2487,3239,3244
2229,2881,2894
2228,2880,2894
2227,2879,2894
2226,2879,2894
2225,2878,2893
2224,2878,2893
2223,2877,2893
2222,2877,2893
2221,2876,2892
2220,2876,2892
2219,2875,2892
2218,2874,2891
2217,2874,2891
2216,2873,2891
2215,2873,2891
2214,2872,2890
2213,2872,2890
2212,2871,2890
2211,2871,2889
2210,2870,2889
2209,2869,2889
2208,2869,2888
2207,2868,2888
2206,2868,2888
2205,2867,2887
2204,2867,2887
2203,2866,2886
2202,2865,2886
2185,2855,2878
2173,2848,2872
2186,2856,2879
2174,2848,2873
2187,2856,2879
2175,2849,2873
2188,2857,2880
2176,2850,2874
2190,2858,2881
2178,2851,2875
2191,2859,2881
2179,2851,2875
2192,2859,2882
2180,2852,2876
2193,2860,2882
2181,2853,2876
2194,2861,2883
2182,2853,2877
2195,2861,2883
2183,2854,2877
2196,2862,2884
2184,2855,2878
2197,2862,2884
2198,2863,2884
2199,2864,2885
2200,2864,2885
2201,2865,2886
2189,2858,2880
2177,2850,2874
2172,2847,2872
2171,2846,2871
2158,2838,2863
2159,2838,2864
2160,2839,2864
2161,2840,2865
2162,2840,2866
2163,2841,2866
2164,2842,2867
2165,2842,2867
2166,2843,2868
2167,2844,2869
2168,2844,2869
2169,2845,2870
2170,2846,2870
2153,2834,2860
2152,2834,2859
2151,2833,2858
2150,2832,2858
2149,2831,2857
2148,2831,2856
2147,2830,2856
2146,2829,2855
2145,2829,2854
2144,2828,2854
2143,2827,2853
2142,2826,2852
2141,2826,2851
2140,2825,2851
2139,2824,2850
2138,2823,2849
2137,2823,2848
2136,2822,2848
3217,2369,2394
2135,2821,2847
3216,2350,2412
2134,2820,2846
3215,2340,2423
2133,2820,2845
3214,2332,2432
2132,2819,2844
3213,2325,2440
2131,2818,2844
3212,2320,2446
2130,2817,2843
3211,2315,2452
2129,2817,2842
3210,2310,2457
2128,2816,2841
3209,2307,2462
2127,2815,2840
3208,2303,2467
2126,2814,2840
3207,2301,2471
2125,2814,2839
3206,2298,2475
2124,2813,2838
3205,2297,2479
2123,2812,2837
3204,2296,2483
2122,2811,2836
3203,2296,2486
2121,2810,2835
3202,2297,2490
2120,2810,2835
3201,2301,2493
2119,2809,2834
3200,2307,2496
2118,2808,2833
3199,2320,2498
2117,2807,2832
3198,2342,2501
2116,2806,2831
3197,2365,2503
2115,2806,2830
3196,2384,2506
2114,2805,2829
3195,2399,2508
2113,2804,2828
3194,2413,2510
2112,2803,2827
3193,2425,2512
2111,2802,2827
3192,2436,2513
2110,2801,2826
3191,2446,2515
2109,2801,2825
3190,2456,2516
2108,2800,2824
3189,2466,2516
2107,2799,2823
3188,2476,2517
2106,2798,2822
3187,2486,2516
2105,2797,2821
3186,2499,2512
2104,2796,2820
2103,2796,2819
2102,2795,2818
2101,2794,2817
2100,2793,2816
2099,2792,2815
2098,2791,2814
2097,2790,2813
2096,2789,2812
2095,2789,2811
2094,2788,2810
2093,2787,2809
2092,2786,2808
2091,2785,2807
2090,2784,2806
2089,2783,2805
2088,2782,2804
2087,2781,2803
2086,2780,2802
2085,2779,2801
2084,2779,2800
2083,2778,2799
2082,2777,2797
2081,2776,2796
2080,2775,2795
2079,2774,2794
2078,2773,2793
2077,2772,2792
2076,2771,2791
2075,2770,2790
2074,2769,2788
2073,2768,2787
2072,2767,2786
2071,2766,2785
2070,2765,2784
2069,2764,2782
2068,2763,2781
2067,2762,2780
2066,2761,2779
2065,2760,2778
2064,2759,2776
2063,2758,2775
2062,2757,2774
2061,2756,2773
2060,2755,2771
2059,2754,2770
2058,2753,2769
2057,2752,2767
2056,2751,2766
2055,2750,2765
2054,2749,2763
2053,2748,2762
2052,2747,2761
2051,2746,2759
2050,2745,2758
2049,2744,2757
2048,2743,2755
2047,2742,2754
2046,2741,2752
2045,2740,2751
2044,2739,2749
2043,2738,2748
2042,2737,2746
2041,2736,2745
2040,2735,2743
2039,2734,2742
2038,2733,2740
2037,2732,2738
2036,2731,2737
2035,2730,2735
2034,2729,2733
2033,2729,2731
