1919,2299,2345
1920,2285,2356
1921,2275,2363
1922,2267,2368
1923,2259,2371
1924,2253,2372
1925,2247,2372
1926,2241,2369
1927,2236,2365
1928,2231,2359
1929,2226,2351
1930,2222,2342
1931,2217,2333
1932,2213,2324
1933,2209,2316
1934,2205,2308
1935,2202,2300
1936,2198,2293
1973,2117,2122
1972,2117,2128
1971,2117,2132
1970,2118,2136
1969,2119,2140
1968,2121,2144
1967,2122,2148
1966,2124,2152
1965,2125,2155
1964,2127,2159
1963,2129,2163
1962,2131,2167
1961,2132,2170
1960,2134,2174
1959,2136,2178
1958,2138,2182
1957,2140,2186
1956,2143,2190
1955,2145,2194
1954,2147,2198
1953,2149,2202
1952,2152,2207
1951,2154,2211
1950,2157,2216
1949,2159,2220
1948,2162,2225
2192,2866,2869
2193,2866,2870
2194,2866,2871
2195,2866,2872
2343,2902,2920
2344,2902,2920
2345,2902,2920
2346,2902,2920
2347,2902,2920
2348,2902,2920
2349,2902,2920
2350,2902,2920
2409,2910,2911
2408,2909,2913
2407,2909,2913
2406,2908,2914
2405,2908,2914
2404,2907,2915
2403,2907,2915
2402,2907,2915
2401,2907,2916
2400,2906,2916
2399,2906,2916
2398,2906,2917
2397,2906,2917
2396,2906,2917
2395,2905,2917
2394,2905,2917
2393,2905,2918
2392,2905,2918
2391,2905,2918
2390,2905,2918
2389,2905,2918
2388,2905,2918
2387,2905,2918
2386,2904,2919
2385,2904,2919
2384,2904,2919
2383,2904,2919
2382,2904,2919
2381,2904,2919
2380,2904,2919
2379,2904,2919
2378,2904,2919
2377,2904,2919
2376,2904,2919
2375,2904,2919
2374,2904,2920
2373,2904,2920
2372,2904,2920
2371,2903,2920
2370,2903,2920
3203,2469,2525
3204,2460,2525
3205,2452,2524
3206,2443,2522
3207,2434,2521
3208,2425,2519
3209,2416,2518
3210,2406,2516
3211,2397,2513
3212,2387,2511
3213,2379,2509
3214,2370,2506
2326,2900,2919
3215,2363,2503
2327,2901,2919
3216,2357,2500
2328,2901,2919
3217,2352,2497
2342,2902,2920
3231,2398,2405
2203,2868,2879
2329,2901,2920
3218,2348,2494
2330,2901,2920
3219,2346,2491
2331,2901,2920
3220,2344,2487
2332,2901,2920
3221,2344,2483
2333,2901,2920
3222,2344,2479
2334,2901,2920
3223,2345,2475
2335,2901,2920
3224,2346,2470
2196,2866,2873
2336,2901,2920
3225,2349,2465
2197,2867,2874
2337,2902,2920
3226,2352,2460
2198,2867,2875
2338,2902,2920
3227,2356,2453
2199,2867,2876
2339,2902,2920
3228,2361,2446
2200,2867,2877
2340,2902,2920
3229,2368,2438
2201,2867,2878
2341,2902,2920
3230,2377,2427
2202,2868,2879
3202,2478,2526
3201,2487,2525
3200,2498,2523
2365,2903,2920
2366,2903,2920
2367,2903,2920
2368,2903,2920
2369,2903,2920
2364,2903,2920
2363,2903,2920
2353,2903,2920
1939,2188,2273
2480,3237,3242
2223,2875,2892
2362,2903,2920
2352,2903,2920
1938,2191,2279
2479,3237,3242
2222,2874,2892
1947,2164,2230
2488,3240,3242
2231,2878,2897
2361,2903,2920
2351,2902,2920
1937,2194,2286
2478,3238,3241
2221,2874,2891
1946,2167,2234
2487,3239,3243
2230,2877,2896
2360,2903,2920
1940,2185,2267
2481,3237,3243
2224,2875,2893
2354,2903,2920
1941,2182,2261
2482,3237,3243
2225,2876,2893
2355,2903,2920
1942,2178,2255
2483,3237,3243
2226,2876,2894
2356,2903,2920
1943,2176,2250
2484,3237,3244
2227,2876,2894
2357,2903,2920
1944,2173,2245
2485,3238,3243
2228,2877,2895
2358,2903,2920
1945,2170,2239
2486,3238,3243
2229,2877,2895
2359,2903,2920
2325,2900,2919
2324,2900,2919
2323,2900,2919
2322,2900,2919
2321,2900,2919
2320,2900,2919
2319,2900,2919
2318,2900,2919
2317,2899,2919
2316,2899,2919
2315,2899,2919
2314,2899,2919
2313,2899,2918
2312,2899,2918
2311,2899,2918
2310,2898,2918
2309,2898,2918
2308,2898,2918
2307,2898,2918
2306,2898,2918
2305,2898,2918
2304,2897,2917
2303,2897,2917
2302,2897,2917
2301,2897,2917
2300,2897,2917
2299,2896,2917
2298,2896,2917
2297,2896,2917
2296,2896,2916
2295,2896,2916
2294,2895,2916
2293,2895,2916
2292,2895,2916
2291,2895,2916
2290,2895,2915
2289,2894,2915
2288,2894,2915
2287,2894,2915
2286,2894,2915
2285,2894,2915
2284,2893,2914
2283,2893,2914
2282,2893,2914
2281,2893,2914
2280,2892,2914
2279,2892,2913
2278,2892,2913
2277,2892,2913
2276,2891,2913
2275,2891,2912
2274,2891,2912
2273,2891,2912
2272,2890,2912
2271,2890,2911
2270,2890,2911
2269,2890,2911
2268,2889,2911
2267,2889,2910
2266,2889,2910
2265,2888,2910
2264,2888,2909
2263,2888,2909
2262,2888,2909
2261,2887,2909
2260,2887,2908
2259,2887,2908
2258,2886,2908
2257,2886,2907
2256,2886,2907
2255,2885,2907
2254,2885,2906
2253,2885,2906
2252,2885,2905
2251,2884,2905
2250,2884,2905
2249,2884,2904
2248,2883,2904
2247,2883,2904
2246,2883,2903
2245,2882,2903
2244,2882,2902
2243,2882,2902
2242,2881,2902
2241,2881,2901
2240,2881,2901
2239,2880,2900
2238,2880,2900
2237,2880,2899
2236,2879,2899
2235,2879,2898
2234,2879,2898
2233,2878,2897
2232,2878,2897
2220,2874,2891
2219,2873,2890
2218,2873,2889
2217,2873,2889
2216,2872,2888
2215,2872,2888
2214,2872,2887
2213,2871,2886
2212,2871,2886
2211,2871,2885
2210,2870,2884
2209,2870,2884
2208,2870,2883
2207,2869,2882
2206,2869,2882
2205,2869,2881
2204,2868,2880
