2581,2888,2891
2582,2887,2892
2583,2887,2892
2584,2886,2893
2585,2886,2893
2586,2885,2894
2587,2885,2894
2588,2885,2894
2589,2884,2895
2590,2884,2895
2591,2884,2895
2592,2884,2895
2593,2884,2895
2594,2884,2896
2595,2883,2896
2596,2883,2896
2597,2883,2896
2598,2883,2896
1919,2000,2007
1918,2000,2010
1917,2001,2013
1916,2002,2015
1915,2002,2018
1914,2003,2020
1913,2004,2022
1912,2006,2025
1911,2007,2027
1910,2008,2029
1909,2009,2032
1908,2010,2034
1907,2012,2036
1906,2013,2039
1905,2014,2041
1904,2016,2043
1903,2017,2045
2538,3233,3236
1902,2018,2048
2537,3233,3237
1901,2020,2050
2536,3232,3237
1900,2021,2052
2535,3232,3238
1899,2023,2055
2534,3232,3238
1898,2024,2057
2533,3232,3238
1897,2026,2059
2532,3233,3237
1896,2027,2062
2531,3233,3237
1895,2029,2064
2530,3235,3236
1894,2030,2067
1893,2032,2069
1892,2033,2071
1891,2035,2074
1890,2036,2076
1873,2067,2121
1872,2069,2124
1871,2071,2126
1870,2073,2129
1869,2076,2132
2639,2888,2890
1868,2078,2135
2638,2887,2891
1867,2080,2138
2637,2887,2891
1866,2082,2141
2636,2886,2892
1865,2084,2144
2635,2886,2892
1864,2086,2147
2634,2886,2893
1863,2089,2150
2633,2885,2893
1862,2091,2153
2632,2885,2893
1861,2093,2156
1874,2065,2118
1875,2063,2115
1876,2061,2112
1877,2059,2110
1878,2058,2107
1879,2056,2104
1880,2054,2102
1881,2052,2099
1882,2050,2097
1883,2048,2094
1884,2047,2091
1885,2045,2089
1886,2043,2086
1887,2041,2084
1888,2040,2081
1889,2038,2079
1920,2000,2004
2631,2885,2894
1860,2096,2159
2630,2885,2894
1859,2098,2163
2629,2884,2894
1858,2101,2166
2628,2884,2894
1857,2103,2169
2627,2884,2895
1856,2106,2172
2626,2884,2895
1855,2108,2176
2625,2884,2895
1854,2111,2179
2624,2884,2895
1853,2114,2182
2623,2884,2895
1852,2116,2186
2622,2883,2895
1851,2119,2189
2621,2883,2896
1850,2122,2192
2620,2883,2896
1849,2125,2196
2619,2883,2896
1848,2128,2199
2618,2883,2896
1847,2131,2203
2617,2883,2896
1846,2134,2206
2616,2883,2896
1845,2137,2210
2615,2883,2896
1844,2140,2213
2614,2883,2896
1843,2144,2217
2613,2883,2896
1842,2147,2220
2612,2883,2896
1841,2151,2223
2611,2883,2896
1840,2154,2227
2610,2883,2896
1839,2158,2230
2609,2883,2896
1838,2162,2233
2608,2883,2896
1837,2166,2236
2607,2883,2896
1836,2171,2239
2606,2883,2896
1835,2175,2241
2605,2883,2896
1834,2180,2244
2604,2883,2896
1833,2185,2245
2603,2883,2896
1832,2191,2247
2602,2883,2896
1831,2197,2247
2601,2883,2896
1830,2203,2247
2600,2883,2896
1829,2212,2246
2599,2883,2896
1828,2223,2241
