2275,2901,2903
2276,2901,2904
2277,2901,2905
2278,2901,2905
2279,2901,2906
2280,2901,2906
2281,2901,2907
2282,2901,2907
2283,2901,2908
2284,2901,2908
2285,2901,2909
2286,2901,2909
2287,2901,2910
2288,2901,2910
2289,2901,2910
2290,2901,2911
2291,2901,2911
2292,2901,2911
2293,2901,2912
2294,2901,2912
2295,2902,2912
2296,2902,2913
2297,2902,2913
2298,2902,2913
2299,2902,2913
2300,2902,2914
2301,2902,2914
2302,2902,2914
2303,2902,2914
2304,2903,2915
2305,2903,2915
2306,2903,2915
2307,2903,2915
2308,2903,2915
2309,2903,2916
2310,2903,2916
2311,2903,2916
2312,2904,2916
2313,2904,2916
2314,2904,2916
2315,2904,2917
2316,2904,2917
2317,2904,2917
2318,2904,2917
2319,2904,2917
2320,2904,2917
2369,2913,2914
2368,2913,2915
2367,2912,2915
2366,2912,2916
2365,2911,2916
2364,2911,2916
2363,2911,2916
2362,2910,2917
2361,2910,2917
2360,2910,2917
2359,2910,2917
2358,2909,2917
2357,2909,2918
2356,2909,2918
2342,2907,2918
2341,2907,2918
2340,2907,2918
1958,2159,2216
2339,2907,2918
1957,2162,2220
2338,2907,2918
1956,2164,2225
2337,2906,2918
1955,2167,2230
2336,2906,2918
2335,2906,2918
2334,2906,2918
1959,2157,2211
2473,3236,3239
2346,2908,2918
1960,2155,2207
2474,3236,3240
2347,2908,2918
1961,2152,2203
2475,3235,3241
2348,2908,2918
1953,2172,2239
3238,2386,2445
2349,2908,2918
3231,2366,2486
1946,2193,2276
2327,2905,2918
1954,2169,2234
3239,2395,2433
2350,2908,2918
2328,2905,2918
1970,2136,2166
2351,2908,2918
3237,2380,2454
1952,2175,2244
2333,2906,2918
1969,2137,2170
2483,3238,3241
1975,2130,2144
3236,2375,2461
1951,2177,2249
2332,2906,2918
1968,2139,2174
2482,3237,3241
1974,2131,2149
2355,2909,2918
3235,2371,2467
1950,2180,2254
2331,2906,2918
1967,2141,2178
2481,3236,3242
1973,2132,2153
2354,2909,2918
2330,2906,2918
1966,2142,2182
2480,3236,3242
1972,2133,2157
2353,2909,2918
2329,2906,2918
1965,2144,2186
2479,3236,3242
1971,2134,2161
2352,2908,2918
3208,2510,2525
3223,2389,2512
1938,2223,2322
3209,2498,2529
3224,2384,2509
1939,2218,2316
3210,2489,2530
3225,2379,2507
1940,2214,2311
2321,2905,2917
1949,2183,2259
3234,2369,2472
2478,3235,3242
1964,2146,2190
2345,2907,2918
1948,2186,2265
3233,2367,2477
2477,3235,3242
1963,2148,2194
2344,2907,2918
1947,2189,2270
3232,2366,2482
2476,3235,3241
1962,2150,2198
2343,2907,2918
3230,2366,2490
1945,2196,2281
2326,2905,2918
3229,2367,2494
1944,2199,2287
2325,2905,2918
3228,2369,2497
1943,2203,2293
2324,2905,2918
3212,2472,2530
3227,2371,2500
1942,2206,2299
2323,2905,2918
3211,2480,2531
3226,2375,2504
1941,2210,2305
2322,2905,2917
1976,2131,2138
3222,2396,2514
1937,2227,2327
3221,2402,2517
1936,2232,2331
3220,2409,2519
1935,2237,2335
3219,2417,2521
1934,2243,2338
3218,2424,2523
1933,2249,2339
3217,2432,2525
1932,2255,2339
3216,2440,2526
1931,2262,2338
3215,2448,2528
1930,2271,2335
3214,2456,2529
1929,2282,2329
3213,2464,2530
1928,2300,2315
