3201,2340,2379
3200,2323,2397
3199,2311,2408
3198,2302,2417
3197,2294,2425
3196,2287,2432
3195,2280,2438
3194,2274,2444
1888,2321,2386
1889,2306,2402
1890,2294,2414
1891,2284,2423
1892,2276,2432
3193,2269,2449
2111,2822,2822
3192,2264,2454
2110,2820,2823
1979,2032,2051
1979,2645,2685
1978,2033,2053
1978,2643,2684
1977,2035,2055
1977,2641,2682
1976,2036,2058
1976,2639,2680
1975,2038,2060
1975,2637,2679
1974,2039,2062
1974,2635,2677
1973,2041,2064
1973,2634,2675
1972,2043,2066
1972,2632,2674
1898,2238,2471
2439,2900,2907
1897,2243,2465
2438,2900,2907
1896,2249,2460
2437,2900,2906
1895,2255,2453
2436,2901,2906
1894,2261,2447
2435,2902,2905
1893,2268,2440
2434,2903,2904
1943,2097,2139
1943,2564,2616
1916,2166,2245
1916,2462,2544
2457,2897,2909
1944,2094,2136
1944,2567,2619
1917,2163,2239
1917,2468,2547
2458,2897,2909
1945,2092,2133
1945,2570,2621
1918,2160,2234
1918,2473,2551
2459,2897,2909
1912,2179,2272
1912,2436,2531
2453,2897,2909
1939,2105,2151
1939,2553,2607
1946,2090,2130
1946,2572,2623
1919,2157,2228
1919,2478,2554
2460,2897,2909
1913,2176,2264
1913,2444,2534
2454,2897,2909
1940,2103,2148
1940,2556,2610
1947,2088,2127
1947,2575,2625
1920,2154,2223
1920,2483,2557
2461,2897,2909
1914,2172,2257
1914,2450,2538
2455,2897,2909
1941,2101,2145
1941,2559,2612
1948,2086,2124
1948,2578,2627
1921,2151,2219
1921,2488,2560
2462,2897,2909
1915,2169,2251
1915,2457,2541
2456,2897,2909
1942,2099,2142
1942,2561,2614
1949,2084,2122
1949,2580,2630
1922,2148,2214
1922,2492,2563
2463,2897,2909
1971,2044,2068
1971,2630,2672
1938,2108,2154
1938,2550,2605
2479,2902,2903
1965,2054,2082
1965,2617,2661
1970,2046,2071
1970,2628,2670
1937,2110,2157
1937,2547,2602
2478,2901,2904
1964,2056,2084
1964,2615,2659
1969,2047,2073
1969,2626,2668
2504,3242,3244
1963,2058,2087
1963,2613,2657
1968,2049,2075
1968,2623,2666
2503,3241,3245
1962,2059,2089
1962,2611,2655
1967,2051,2077
1967,2621,2665
2502,3241,3246
1961,2061,2091
1961,2609,2654
1966,2052,2080
1966,2619,2663
2501,3240,3246
1960,2063,2094
1960,2606,2652
2500,3240,3246
1959,2065,2096
1959,2604,2650
2499,3240,3246
1958,2067,2099
1958,2602,2648
2498,3240,3246
1957,2069,2101
1957,2600,2646
1950,2082,2119
1950,2583,2632
1923,2145,2209
1923,2497,2566
2464,2897,2909
1951,2080,2116
1951,2585,2634
1924,2143,2205
1924,2501,2569
2465,2897,2909
1952,2078,2114
1952,2588,2636
1925,2140,2201
1925,2505,2571
2466,2897,2909
2494,3242,3243
1953,2076,2111
1953,2590,2638
2495,3241,3245
1954,2074,2109
1954,2593,2640
2496,3240,3245
1955,2072,2106
1955,2595,2642
2497,3240,3246
1956,2070,2103
1956,2597,2644
2477,2900,2905
1936,2112,2160
1936,2544,2600
2476,2900,2906
1935,2115,2164
1935,2541,2598
2475,2899,2906
1934,2117,2167
1934,2537,2595
2474,2899,2907
1933,2119,2170
1933,2534,2593
2473,2898,2907
1932,2122,2174
1932,2531,2590
2472,2898,2907
1931,2124,2178
1931,2527,2588
2471,2898,2908
1930,2127,2181
1930,2524,2585
2470,2898,2908
1929,2129,2185
1929,2520,2582
2469,2897,2908
1928,2132,2189
1928,2517,2580
2452,2897,2909
1911,2183,2280
1911,2428,2527
2468,2897,2908
1927,2134,2193
1927,2513,2577
2451,2897,2909
1910,2186,2289
1910,2419,2524
2467,2897,2909
1926,2137,2197
1926,2509,2574
2450,2897,2909
1909,2190,2300
1909,2408,2520
2449,2897,2909
1908,2193,2314
1908,2395,2516
2448,2897,2909
1907,2197,2335
1907,2373,2512
2447,2898,2909
1906,2201,2508
2446,2898,2909
1905,2205,2504
2445,2898,2909
1904,2209,2500
2444,2898,2909
1903,2214,2495
2440,2899,2908
1899,2232,2476
2441,2899,2908
1900,2227,2481
2442,2899,2908
1901,2223,2486
2443,2898,2908
1902,2218,2491
1980,2030,2049
1980,2647,2687
1981,2029,2047
1981,2649,2689
1982,2027,2045
1982,2651,2690
1983,2026,2043
1983,2652,2692
1984,2024,2041
1984,2654,2693
1985,2023,2039
1985,2656,2695
1986,2022,2037
1986,2658,2697
1987,2020,2035
1987,2659,2698
1988,2019,2033
1988,2661,2700
1989,2018,2031
1989,2663,2701
1990,2016,2029
1990,2665,2703
1991,2015,2027
1991,2666,2704
1992,2014,2025
1992,2668,2706
1993,2012,2023
1993,2670,2707
1994,2011,2021
1994,2671,2709
1995,2010,2018
1995,2673,2710
1996,2009,2016
1996,2675,2712
1997,2008,2014
1997,2676,2713
1998,2007,2012
1998,2678,2715
1999,2006,2009
1999,2680,2716
2000,2681,2718
2001,2683,2719
2002,2684,2720
2003,2686,2722
2004,2687,2723
2005,2689,2724
2006,2691,2726
2007,2692,2727
2008,2694,2729
2009,2695,2730
2010,2697,2731
2011,2698,2733
2012,2700,2734
2013,2701,2735
2014,2703,2736
2015,2704,2738
2016,2705,2739
2017,2707,2740
2018,2708,2742
2019,2710,2743
2020,2711,2744
2021,2713,2745
2022,2714,2747
2023,2715,2748
2024,2717,2749
2025,2718,2750
2026,2720,2751
2027,2721,2753
2028,2722,2754
2029,2724,2755
2030,2725,2756
2031,2726,2757
2032,2728,2758
2033,2729,2760
2034,2730,2761
2035,2732,2762
2036,2733,2763
2037,2734,2764
2038,2735,2765
2039,2737,2766
2040,2738,2767
2041,2739,2769
2042,2741,2770
2043,2742,2771
2044,2743,2772
2045,2744,2773
2046,2746,2774
2047,2747,2775
2048,2748,2776
2049,2749,2777
2050,2750,2778
2051,2752,2779
2052,2753,2780
2053,2754,2781
2054,2755,2782
2055,2756,2783
2056,2758,2784
2057,2759,2785
2058,2760,2786
2059,2761,2787
2060,2762,2788
2061,2764,2789
2062,2765,2790
2063,2766,2791
2064,2767,2791
2065,2768,2792
2066,2769,2793
2067,2770,2794
2068,2772,2795
2069,2773,2796
2070,2774,2797
2071,2775,2798
2072,2776,2799
2073,2777,2799
2074,2778,2800
2075,2779,2801
2076,2781,2802
2077,2782,2803
2078,2783,2804
2079,2784,2804
2080,2785,2805
2081,2786,2806
2082,2787,2807
2083,2788,2808
2084,2789,2808
2085,2791,2809
2086,2792,2810
2087,2793,2811
2088,2794,2811
2089,2795,2812
3172,2205,2224
3172,2487,2501
2090,2796,2813
3173,2205,2235
3173,2474,2503
2091,2797,2813
3174,2206,2244
3174,2463,2504
2092,2798,2814
3175,2208,2255
3175,2452,2503
2093,2799,2815
3176,2209,2265
3176,2441,2502
2094,2800,2815
3177,2212,2277
3177,2429,2501
2095,2802,2816
3178,2214,2291
3178,2414,2499
2096,2803,2817
3179,2216,2308
3179,2396,2497
2097,2804,2817
3180,2219,2343
3180,2361,2495
2098,2805,2818
3181,2222,2492
2099,2806,2819
3182,2225,2490
2100,2807,2819
3183,2228,2487
2101,2808,2820
3184,2231,2484
2102,2809,2820
3185,2235,2481
2103,2811,2821
3186,2238,2478
2104,2812,2821
3187,2242,2474
2105,2813,2822
3188,2246,2470
2106,2814,2822
3189,2250,2467
2107,2815,2822
3190,2254,2463
2108,2817,2823
3191,2259,2458
2109,2818,2823
