1977,2134,2143
1976,2134,2149
1975,2135,2154
3232,2373,2495
1962,2156,2209
2330,2912,2913
3219,2440,2527
1949,2191,2271
3242,2406,2430
1972,2138,2167
2480,3236,3241
2331,2912,2913
3220,2432,2526
1950,2188,2266
1973,2137,2163
2481,3237,3241
2332,2912,2913
3221,2425,2524
1951,2185,2261
1974,2135,2158
2482,3239,3240
2333,2913,2913
3222,2418,2522
1952,2182,2256
3223,2411,2520
1953,2179,2251
3224,2404,2518
1954,2176,2246
3225,2398,2515
1955,2173,2241
3226,2393,2513
1956,2171,2236
3227,2388,2510
1957,2168,2231
3228,2383,2508
1958,2166,2227
3229,2380,2505
1959,2163,2222
3230,2377,2501
1960,2161,2218
3231,2374,2498
1961,2159,2213
2329,2912,2913
3218,2447,2529
1948,2194,2277
3241,2393,2444
1971,2139,2171
2479,3236,3241
2328,2912,2913
3217,2455,2530
1947,2198,2282
3240,2386,2454
1970,2141,2175
2478,3235,3241
2327,2912,2913
3216,2462,2531
1946,2201,2288
3239,2381,2461
1969,2143,2179
2477,3235,3241
2326,2911,2913
3215,2470,2532
1945,2205,2293
3238,2378,2467
1968,2144,2183
2476,3235,3241
2325,2911,2912
3214,2478,2532
1944,2208,2299
3237,2375,2473
1967,2146,2188
2475,3235,3241
2324,2911,2912
3213,2487,2532
1943,2212,2304
3236,2373,2478
1966,2148,2192
2474,3235,3240
2323,2911,2912
3212,2496,2531
1942,2216,2309
3235,2372,2483
1965,2150,2196
2473,3235,3240
2322,2911,2912
3211,2506,2528
1941,2220,2314
3234,2372,2487
1964,2152,2200
2472,3235,3239
2321,2911,2911
1940,2225,2319
3233,2372,2491
1963,2154,2204
2471,3237,3237
1939,2229,2323
1938,2234,2327
1937,2240,2330
1936,2245,2331
1935,2252,2332
1934,2259,2331
1933,2267,2329
1932,2277,2324
1931,2292,2313
