2657,2881,2882
2658,2880,2883
2659,2879,2884
2660,2879,2884
2661,2878,2884
2662,2878,2884
2663,2877,2885
2664,2877,2885
2665,2877,2885
2666,2876,2885
2667,2876,2885
2668,2876,2885
2669,2875,2885
2670,2875,2886
2671,2875,2886
2672,2875,2886
2673,2874,2886
2674,2874,2886
2675,2874,2886
2676,2873,2886
2677,2873,2886
2678,2873,2886
2679,2873,2886
2680,2873,2886
2681,2872,2886
2682,2872,2886
2683,2872,2886
2684,2872,2886
2685,2871,2886
2686,2871,2886
2687,2871,2886
2688,2871,2886
2689,2871,2885
2690,2870,2885
2691,2870,2885
2692,2870,2885
2693,2870,2885
2694,2869,2885
2695,2869,2885
2696,2869,2885
2697,2869,2885
2698,2869,2885
2699,2868,2885
2700,2868,2884
2701,2868,2884
2702,2868,2884
2703,2868,2884
2704,2867,2884
2705,2867,2884
2706,2867,2884
2707,2867,2884
2708,2866,2883
2709,2866,2883
2710,2866,2883
2711,2866,2883
2712,2865,2883
2713,2865,2883
2714,2865,2883
2715,2865,2882
2716,2865,2882
2717,2864,2882
2718,2864,2882
2719,2864,2882
2720,2864,2882
2721,2863,2881
2722,2863,2881
2723,2863,2881
2724,2863,2881
2725,2862,2881
2726,2862,2880
2727,2862,2880
2728,2862,2880
2729,2861,2880
2730,2861,2879
2731,2861,2879
2732,2860,2879
2733,2860,2879
2734,2860,2879
2735,2860,2878
2736,2859,2878
2737,2859,2878
2738,2859,2878
2739,2858,2877
2740,2858,2877
2741,2858,2877
2742,2858,2877
2743,2857,2876
2744,2857,2876
2745,2857,2876
2746,2856,2876
2747,2856,2875
2748,2856,2875
2749,2855,2875
2750,2855,2874
2751,2855,2874
2752,2854,2874
2753,2854,2874
2754,2854,2873
2755,2853,2873
2756,2853,2873
2757,2853,2872
2758,2852,2872
2759,2852,2872
2760,2852,2871
2761,2851,2871
2762,2851,2871
2763,2851,2870
2764,2850,2870
2765,2850,2870
2766,2849,2869
2767,2849,2869
2768,2849,2869
2769,2848,2868
2770,2848,2868
2771,2847,2868
2772,2847,2867
2773,2847,2867
2774,2846,2867
2775,2846,2866
2776,2845,2866
2777,2845,2866
2778,2845,2865
2779,2844,2865
2780,2844,2864
2781,2843,2864
2782,2843,2864
2783,2843,2863
2784,2842,2863
2785,2842,2862
2786,2841,2862
2787,2841,2862
2788,2840,2861
2789,2840,2861
2790,2839,2860
2791,2839,2860
2792,2839,2859
2793,2838,2859
2794,2838,2859
2795,2837,2858
2796,2837,2858
2797,2836,2857
2798,2836,2857
2799,2835,2856
2800,2835,2856
2801,2834,2855
2802,2834,2855
2803,2833,2855
2804,2833,2854
2805,2832,2854
2806,2832,2853
2807,2831,2853
2808,2831,2852
2809,2830,2852
2810,2830,2851
2811,2829,2851
2812,2829,2850
2813,2828,2850
2814,2827,2849
2815,2827,2849
2816,2826,2848
2817,2826,2848
2818,2825,2847
2819,2825,2846
2820,2824,2846
2821,2824,2845
2822,2823,2845
2823,2822,2844
2824,2822,2844
2825,2821,2843
2826,2821,2843
2827,2820,2842
2828,2820,2842
2829,2819,2841
2830,2818,2840
2831,2818,2840
2832,2817,2839
2833,2816,2839
2834,2816,2838
2835,2815,2838
2836,2815,2837
2837,2814,2836
2838,2813,2836
2839,2813,2835
2840,2812,2835
2841,2811,2834
2842,2811,2833
2843,2810,2833
2844,2809,2832
2845,2809,2831
2846,2808,2831
2847,2808,2830
2848,2807,2830
2849,2806,2829
2850,2805,2828
2851,2805,2828
2852,2804,2827
2853,2803,2826
2854,2803,2826
2855,2802,2825
2856,2801,2824
2857,2801,2824
2858,2800,2823
2859,2799,2822
2860,2798,2822
2861,2798,2821
2862,2797,2820
2863,2796,2819
2864,2796,2819
2865,2795,2818
2866,2794,2817
2867,2793,2817
2868,2793,2816
2869,2792,2815
2870,2791,2815
2871,2790,2814
2872,2789,2813
3016,2619,2652
3015,2620,2654
3014,2622,2656
3013,2624,2657
3012,2625,2659
3011,2627,2661
2985,2668,2700
2984,2669,2701
2983,2671,2702
2982,2672,2704
2547,3228,3229
2981,2673,2705
2546,3227,3230
2980,2675,2706
2545,3226,3231
2979,2676,2708
2544,3226,3231
2978,2678,2709
2543,3226,3232
3057,2550,2554
2977,2679,2710
2542,3227,3232
3056,2550,2559
2991,2659,2691
2876,2786,2810
2992,2657,2690
2877,2786,2809
2973,2685,2715
2974,2683,2714
2539,3229,3230
3053,2553,2570
2975,2682,2713
2540,3228,3231
3054,2551,2567
2990,2660,2693
2875,2787,2811
2989,2662,2694
2874,2788,2812
2988,2663,2695
2873,2789,2812
2541,3227,3231
3055,2550,2563
2976,2680,2711
2987,2665,2697
2986,2666,2698
2993,2656,2688
2878,2785,2809
2994,2654,2687
2879,2784,2808
2995,2653,2685
2880,2783,2807
2996,2651,2684
2881,2782,2806
2997,2650,2683
2882,2781,2806
2998,2648,2681
2883,2781,2805
2999,2647,2680
2884,2780,2804
3000,2645,2678
2885,2779,2803
3001,2643,2677
2886,2778,2802
3002,2642,2675
1805,2189,2213
2887,2777,2802
3003,2640,2673
1806,2181,2216
2888,2776,2801
3004,2639,2672
1807,2174,2217
2889,2776,2800
3005,2637,2670
1808,2169,2217
2890,2775,2799
3006,2635,2669
1809,2164,2217
2891,2774,2798
3007,2634,2667
1810,2159,2216
2892,2773,2798
3008,2632,2666
1811,2155,2214
2893,2772,2797
3009,2630,2664
1812,2150,2213
2894,2771,2796
3010,2629,2662
1813,2147,2211
2895,2770,2795
2972,2686,2716
2971,2687,2718
2970,2689,2719
2969,2690,2720
2968,2691,2721
2967,2693,2723
2966,2694,2724
2965,2695,2725
2964,2696,2726
2963,2698,2727
2962,2699,2729
3017,2617,2651
3018,2615,2649
3019,2613,2647
3020,2612,2645
3021,2610,2643
3022,2608,2642
3023,2606,2640
3024,2605,2638
3025,2603,2636
3026,2601,2634
3027,2599,2632
3028,2597,2630
3029,2596,2628
3030,2594,2626
3031,2592,2624
3032,2590,2622
3033,2588,2620
3034,2586,2618
3035,2585,2616
3036,2583,2614
3037,2581,2612
3038,2579,2610
3039,2577,2607
3040,2575,2605
3041,2573,2603
3042,2571,2600
3043,2570,2598
3044,2568,2596
3045,2566,2593
3046,2564,2590
3047,2562,2588
3048,2561,2585
3049,2559,2582
3050,2557,2580
3051,2556,2577
3052,2554,2574
2961,2700,2730
2960,2702,2731
2959,2703,2732
2958,2704,2733
2957,2705,2734
2956,2707,2736
2955,2708,2737
2954,2709,2738
2953,2710,2739
2952,2711,2740
2951,2713,2741
2950,2714,2742
1867,2044,2046
2949,2715,2743
1866,2042,2052
2948,2716,2745
1865,2042,2056
2947,2717,2746
1864,2042,2060
2946,2719,2747
1863,2043,2063
2945,2720,2748
1862,2043,2066
2944,2721,2749
1861,2044,2070
2943,2722,2750
1860,2045,2073
2942,2723,2751
1859,2046,2076
2941,2724,2752
1858,2048,2079
2940,2725,2753
1857,2049,2082
2939,2727,2754
1856,2050,2085
2938,2728,2755
1855,2051,2088
2937,2729,2756
1854,2053,2091
2936,2730,2757
1853,2054,2094
2935,2731,2758
1852,2056,2097
2934,2732,2759
1851,2057,2100
2933,2733,2760
1850,2059,2103
2932,2734,2761
1849,2060,2106
2931,2735,2762
1848,2062,2109
2930,2736,2763
1847,2063,2112
2929,2737,2764
1846,2065,2115
2928,2739,2765
1845,2067,2118
2927,2740,2766
1844,2069,2121
2926,2741,2767
1843,2070,2124
2925,2742,2768
1842,2072,2127
2924,2743,2769
1841,2074,2130
2923,2744,2770
1840,2076,2133
2922,2745,2771
1839,2078,2136
2921,2746,2772
1838,2080,2139
2920,2747,2773
1837,2082,2142
2919,2748,2774
1836,2084,2145
2918,2749,2775
1835,2086,2148
2917,2750,2776
1834,2088,2152
2916,2751,2777
1833,2090,2155
2915,2752,2778
1832,2093,2158
2914,2753,2779
1831,2095,2161
2913,2754,2779
1830,2097,2164
2912,2755,2780
1829,2100,2167
2911,2756,2781
1828,2102,2170
2910,2757,2782
1827,2104,2173
2909,2758,2783
1826,2107,2176
2908,2759,2784
1825,2109,2179
2907,2759,2785
1824,2112,2182
2906,2760,2786
1823,2115,2185
2905,2761,2787
1822,2118,2188
2904,2762,2787
1821,2120,2191
2903,2763,2788
1820,2123,2194
2902,2764,2789
1819,2126,2197
2901,2765,2790
1818,2129,2199
2900,2766,2791
1817,2133,2202
2899,2767,2792
1816,2136,2204
2898,2768,2793
1815,2139,2207
2897,2769,2793
1814,2143,2209
2896,2770,2794
