1857,2318,2327
1858,2290,2353
1859,2277,2365
1860,2266,2374
1861,2257,2381
1862,2249,2386
1863,2242,2391
1864,2236,2394
1865,2229,2395
1866,2224,2395
1867,2218,2389
1868,2213,2372
1869,2208,2348
1870,2203,2330
1871,2199,2317
1872,2194,2305
1873,2190,2295
1874,2186,2287
1875,2182,2279
1876,2178,2271
1877,2174,2264
1878,2170,2258
1879,2167,2252
1880,2163,2246
1881,2160,2241
1882,2156,2235
1883,2153,2230
1884,2150,2225
1885,2146,2221
1886,2143,2216
1887,2140,2212
1888,2137,2207
1889,2134,2203
1890,2131,2199
1891,2128,2195
1892,2126,2191
1893,2123,2188
1894,2120,2184
1895,2117,2180
1896,2115,2177
1897,2112,2173
1898,2109,2170
1899,2107,2167
1900,2104,2163
1901,2102,2160
1902,2099,2157
1903,2097,2154
1904,2094,2151
1905,2092,2148
1906,2090,2145
1907,2087,2142
1908,2085,2139
1909,2083,2136
1910,2080,2133
1911,2078,2131
1912,2076,2128
1913,2074,2125
1914,2072,2123
1915,2069,2120
1916,2067,2117
1917,2065,2115
1918,2063,2112
1919,2061,2110
1920,2059,2108
1921,2057,2105
1922,2055,2103
1923,2053,2100
1924,2051,2098
1925,2049,2096
1926,2047,2093
1927,2045,2091
1928,2043,2089
1929,2041,2087
1930,2039,2084
1931,2038,2082
1932,2036,2080
1933,2034,2078
1934,2032,2076
1935,2030,2074
1936,2028,2072
1937,2027,2070
1938,2025,2067
1939,2023,2065
1940,2021,2063
1941,2020,2061
1942,2018,2059
1943,2016,2058
1944,2015,2056
1945,2013,2054
1946,2011,2052
1947,2009,2050
1948,2008,2048
3161,2304,2356
3160,2288,2372
3159,2276,2383
3158,2266,2391
3157,2258,2399
3156,2250,2405
3155,2243,2410
3154,2237,2415
3153,2231,2419
3152,2225,2422
3151,2219,2423
3150,2214,2335
3149,2209,2316
3148,2205,2303
3147,2200,2293
3146,2196,2283
3145,2191,2275
3144,2187,2267
3143,2183,2260
3142,2179,2254
3141,2175,2248
3140,2172,2242
3139,2168,2237
3138,2164,2231
3137,2161,2226
3136,2158,2221
3135,2154,2217
3134,2151,2212
3133,2148,2208
3132,2145,2204
3131,2141,2199
3130,2138,2195
3129,2135,2191
3128,2132,2188
3127,2130,2184
3126,2127,2180
3125,2124,2177
3124,2121,2173
3123,2118,2170
3122,2116,2166
3121,2113,2163
3120,2110,2160
3119,2108,2157
3118,2105,2154
3117,2103,2151
3116,2100,2148
3115,2098,2145
3114,2095,2142
3113,2093,2139
3112,2091,2136
3111,2088,2133
3110,2086,2130
3109,2084,2128
3108,2081,2125
3107,2079,2122
3106,2077,2120
3105,2075,2117
3104,2072,2115
3103,2070,2112
3102,2068,2110
3101,2066,2107
3100,2064,2105
3099,2062,2102
3098,2060,2100
3097,2058,2098
3096,2056,2095
3095,2054,2093
3094,2052,2091
3093,2050,2089
3092,2048,2086
3091,2046,2084
3090,2044,2082
3089,2042,2080
3088,2040,2078
3087,2038,2076
3086,2036,2073
3085,2034,2071
3084,2033,2069
3083,2031,2067
3082,2029,2065
3081,2027,2063
3080,2025,2061
3079,2024,2059
3078,2022,2057
3077,2020,2055
3076,2018,2053
3075,2017,2052
3074,2015,2050
3073,2013,2048
3072,2012,2046
3071,2010,2044
3070,2008,2042
3069,2007,2040
3068,2005,2039
3067,2003,2037
3066,2002,2035
3065,2000,2033
3064,1999,2032
3063,1997,2030
3062,1995,2028
3061,1994,2026
3060,1992,2025
3059,1991,2023
3058,1989,2021
2489,1693,1710
2488,1693,1710
2487,1694,1710
2486,1694,1710
2485,1694,1710
2484,1694,1710
2483,1694,1710
2482,1694,1710
2481,1694,1710
2480,1694,1710
2479,1694,1710
2478,1694,1710
2477,1694,1710
2476,1694,1710
2475,1694,1710
2474,1694,1710
2473,1694,1711
2472,1694,1711
2471,1694,1711
2470,1694,1711
2469,1694,1711
2468,1694,1711
2467,1694,1711
2466,1695,1711
2465,1695,1711
2464,1695,1711
2463,1695,1711
2462,1695,1711
2461,1695,1711
2460,1695,1711
2459,1695,1711
2458,1695,1712
2457,1695,1712
2456,1695,1712
2455,1695,1712
2454,1695,1712
2453,1696,1712
2452,1696,1712
2451,1696,1712
2450,1696,1712
2449,1696,1712
2448,1696,1712
2447,1696,1713
2446,1696,1713
2445,1696,1713
2444,1696,1713
2443,1696,1713
2442,1697,1713
2441,1697,1713
2440,1697,1713
2439,1697,1713
2438,1697,1714
2437,1697,1714
2436,1697,1714
2435,1697,1714
2434,1697,1714
2433,1698,1714
2432,1698,1714
2431,1698,1714
2430,1698,1714
2429,1698,1715
2428,1698,1715
2427,1698,1715
2426,1698,1715
2425,1699,1715
2424,1699,1715
2423,1699,1715
2422,1699,1716
2421,1699,1716
2420,1699,1716
2419,1699,1716
2418,1700,1716
2417,1700,1716
2416,1700,1716
2415,1700,1717
2414,1700,1717
2413,1700,1717
2412,1700,1717
2411,1701,1717
2410,1701,1717
2409,1701,1717
2408,1701,1718
2407,1701,1718
2406,1701,1718
2405,1701,1718
2404,1702,1718
2403,1702,1718
2402,1702,1719
2401,1702,1719
2400,1702,1719
2399,1702,1719
2398,1703,1719
2397,1703,1720
2396,1703,1720
2395,1703,1720
2394,1703,1720
2393,1704,1720
2392,1704,1720
2391,1704,1721
2390,1704,1721
2389,1704,1721
2388,1704,1721
2387,1705,1721
2386,1705,1722
2385,1705,1722
2384,1705,1722
2383,1705,1722
2382,1706,1722
2381,1706,1723
2380,1706,1723
2379,1706,1723
2378,1706,1723
2377,1707,1723
2376,1707,1724
2375,1707,1724
2374,1707,1724
2373,1707,1724
2372,1708,1725
2371,1708,1725
2370,1708,1725
2369,1708,1725
2368,1709,1725
2367,1709,1726
2366,1709,1726
2365,1709,1726
2364,1709,1726
2363,1710,1727
2362,1710,1727
2361,1710,1727
2360,1710,1727
2359,1711,1728
2358,1711,1728
2357,1711,1728
2356,1711,1728
2355,1712,1729
2354,1712,1729
2353,1712,1729
2352,1712,1729
2351,1712,1730
2350,1713,1730
2349,1713,1730
2348,1713,1730
2347,1713,1731
2346,1714,1731
2345,1714,1731
2344,1714,1731
2343,1715,1732
2342,1715,1732
2341,1715,1732
2340,1715,1733
2339,1716,1733
2338,1716,1733
2337,1716,1733
2336,1716,1734
2335,1717,1734
2334,1717,1734
2333,1717,1735
2332,1718,1735
2331,1718,1735
2330,1718,1735
2329,1718,1736
2328,1719,1736
2327,1719,1736
2326,1719,1737
2325,1720,1737
2324,1720,1737
2323,1720,1738
2322,1720,1738
2321,1721,1738
2320,1721,1738
2319,1721,1739
2318,1722,1739
2317,1722,1739
2316,1722,1740
2315,1723,1740
2314,1723,1740
2313,1723,1741
2312,1723,1741
2311,1724,1741
2310,1724,1742
2309,1724,1742
2308,1725,1742
2307,1725,1743
2306,1725,1743
2305,1726,1743
2304,1726,1744
2303,1726,1744
2302,1727,1744
2301,1727,1745
2300,1727,1745
2299,1728,1745
2298,1728,1746
2297,1728,1746
2296,1729,1747
2295,1729,1747
2294,1729,1747
2293,1730,1748
2292,1730,1748
2291,1730,1748
2290,1731,1749
2289,1731,1749
2288,1731,1749
2287,1732,1750
2286,1732,1750
2285,1733,1751
2284,1733,1751
2283,1733,1751
2282,1734,1752
2281,1734,1752
2280,1734,1753
2279,1735,1753
2278,1735,1753
2277,1736,1754
2276,1736,1754
2275,1736,1754
2274,1737,1755
2273,1737,1755
2272,1737,1756
2271,1738,1756
2270,1738,1756
2269,1739,1757
2268,1739,1757
2267,1739,1758
2266,1740,1758
2265,1740,1759
2264,1741,1759
2263,1741,1759
2262,1741,1760
2261,1742,1760
2260,1742,1761
2259,1743,1761
2258,1743,1762
2257,1743,1762
2256,1744,1762
2255,1744,1763
2254,1745,1763
2253,1745,1764
2252,1746,1764
2251,1746,1765
2250,1746,1765
2249,1747,1766
2248,1747,1766
2247,1748,1766
2246,1748,1767
2245,1749,1767
2244,1749,1768
2243,1749,1768
2242,1750,1769
2241,1750,1769
2240,1751,1770
2239,1751,1770
2238,1752,1771
2237,1752,1771
2236,1753,1772
2235,1753,1772
2234,1753,1773
2233,1754,1773
2232,1754,1773
2231,1755,1774
2230,1755,1774
2229,1756,1775
2228,1756,1775
2227,1757,1776
2226,1757,1776
2225,1758,1777
2224,1758,1777
2223,1759,1778
2222,1759,1778
2221,1760,1779
2220,1760,1779
2219,1761,1780
2218,1761,1781
2217,1762,1781
2216,1762,1782
2215,1763,1782
2214,1763,1783
2213,1764,1783
2212,1764,1784
2211,1765,1784
2210,1765,1785
2209,1766,1785
2208,1766,1786
2207,1767,1786
2206,1767,1787
2075,1857,1882
2074,1858,1883
2073,1858,1884
2072,1859,1885
2071,1860,1886
2070,1861,1887
2069,1862,1888
2068,1863,1888
2067,1864,1889
2066,1865,1890
2065,1866,1891
2064,1867,1892
2063,1867,1893
2062,1868,1894
2061,1869,1895
2060,1870,1896
2059,1871,1897
2058,1872,1898
2057,1873,1899
2056,1874,1900
2055,1875,1901
2054,1876,1902
2053,1877,1904
2052,1878,1905
2051,1879,1906
2050,1880,1907
2049,1881,1908
2048,1882,1909
2047,1883,1910
2046,1884,1911
2045,1885,1912
2044,1886,1913
2043,1887,1914
2042,1888,1915
2041,1889,1916
2040,1890,1917
2039,1891,1918
2038,1892,1920
2037,1893,1921
2036,1894,1922
2035,1895,1923
2034,1896,1924
2033,1897,1925
2032,1898,1926
2031,1899,1927
2030,1900,1929
2029,1901,1930
2028,1902,1931
2027,1903,1932
2026,1904,1933
2025,1905,1934
2024,1907,1936
2023,1908,1937
2022,1909,1938
2021,1910,1939
2020,1911,1940
2019,1912,1942
2018,1913,1943
2017,1914,1944
2016,1915,1945
2015,1917,1947
2014,1918,1948
2013,1919,1949
2012,1920,1950
2011,1921,1952
2010,1922,1953
2009,1924,1954
2008,1925,1955
1977,1964,1999
1976,1966,2000
1975,1967,2002
1974,1968,2004
1973,1970,2005
1972,1971,2007
1971,1973,2008
1970,1974,2010
1969,1975,2011
1968,1977,2013
1967,1978,2015
1966,1980,2016
1965,1981,2018
1964,1983,2020
1963,1984,2021
1962,1986,2023
1949,2006,2046
1950,2005,2044
1951,2003,2042
1952,2001,2041
1953,2000,2039
1954,1998,2037
1955,1997,2035
1956,1995,2033
1957,1993,2032
1958,1992,2030
1959,1990,2028
1960,1989,2026
1961,1987,2025
1978,1963,1997
1979,1961,1996
1980,1960,1994
1981,1959,1993
1982,1957,1991
1983,1956,1990
1984,1955,1988
1985,1953,1987
1986,1952,1985
1987,1951,1984
1988,1949,1983
1989,1948,1981
1990,1947,1980
1991,1946,1978
1992,1944,1977
1993,1943,1975
1994,1942,1974
1995,1940,1973
1996,1939,1971
1997,1938,1970
1998,1937,1969
1999,1936,1967
2000,1934,1966
2001,1933,1965
2002,1932,1963
2003,1931,1962
2004,1929,1961
2005,1928,1959
2006,1927,1958
2007,1926,1957
2076,1856,1881
2077,1855,1880
2078,1854,1879
2079,1853,1878
2080,1852,1877
2081,1851,1876
2082,1851,1875
2083,1850,1874
2084,1849,1874
2085,1848,1873
2086,1847,1872
2087,1846,1871
2088,1846,1870
2089,1845,1869
2090,1844,1868
2091,1843,1867
2092,1842,1866
2093,1841,1866
2094,1841,1865
2095,1840,1864
2096,1839,1863
2097,1838,1862
2098,1837,1861
2099,1837,1860
2100,1836,1860
2101,1835,1859
2102,1834,1858
2103,1833,1857
2104,1833,1856
2105,1832,1855
2106,1831,1855
2107,1830,1854
2108,1830,1853
2109,1829,1852
2110,1828,1851
2111,1827,1850
2112,1826,1850
2113,1826,1849
2114,1825,1848
2115,1824,1847
2116,1823,1846
2117,1823,1846
2118,1822,1845
2119,1821,1844
2120,1821,1843
2121,1820,1843
2122,1819,1842
2123,1818,1841
2124,1818,1840
2125,1817,1839
2126,1816,1839
2127,1815,1838
2128,1815,1837
2129,1814,1836
2130,1813,1836
2131,1813,1835
2132,1812,1834
2133,1811,1833
2134,1811,1833
2135,1810,1832
2136,1809,1831
2137,1808,1831
2138,1808,1830
2139,1807,1829
2140,1806,1828
2141,1806,1828
2142,1805,1827
2143,1804,1826
2144,1804,1826
2145,1803,1825
2146,1802,1824
2147,1802,1823
2148,1801,1823
2149,1800,1822
2150,1800,1821
2151,1799,1821
2152,1799,1820
2153,1798,1819
2154,1797,1819
2155,1797,1818
2156,1796,1817
2157,1795,1817
2158,1795,1816
2159,1794,1815
2160,1793,1815
2161,1793,1814
2162,1792,1813
2163,1792,1813
2164,1791,1812
2165,1790,1811
2166,1790,1811
2167,1789,1810
2168,1788,1809
2169,1788,1809
2170,1787,1808
2171,1787,1807
2172,1786,1807
2173,1786,1806
2174,1785,1806
2175,1784,1805
2176,1784,1804
2177,1783,1804
2178,1783,1803
2179,1782,1803
2180,1781,1802
2181,1781,1801
2182,1780,1801
2183,1780,1800
2184,1779,1799
2185,1779,1799
2186,1778,1798
2187,1777,1798
2188,1777,1797
2189,1776,1797
2190,1776,1796
2191,1775,1795
2192,1775,1795
2193,1774,1794
2194,1774,1794
2195,1773,1793
2196,1772,1792
2197,1772,1792
2198,1771,1791
2199,1771,1791
2200,1770,1790
2201,1770,1790
2202,1769,1789
2203,1769,1789
2204,1768,1788
2205,1768,1787
2490,1693,1710
2491,1693,1710
2492,1693,1710
2493,1693,1710
2494,1693,1710
2495,1693,1710
2496,1693,1710
2497,1693,1710
2498,1693,1710
2499,1693,1710
2500,1693,1710
2501,1693,1709
2502,1693,1709
2503,1693,1709
2504,1693,1709
2505,1693,1709
2506,1693,1709
2506,2894,2897
2507,1693,1709
2507,2894,2898
2508,1693,1709
2508,2893,2899
2509,1693,1709
2509,2892,2899
2510,1693,1709
2510,2892,2900
2511,1693,1709
2511,2892,2900
2512,1693,1709
2512,2891,2900
2513,1693,1709
2513,2891,2901
2513,3240,3243
2514,1693,1709
2514,2891,2901
2514,3239,3244
2515,1693,1709
2515,2891,2901
2515,3239,3244
2516,1693,1709
2516,2890,2901
2516,3239,3244
2517,1693,1709
2517,2890,2901
2517,3238,3244
2518,1693,1709
2518,2890,2902
2518,3238,3244
2519,1693,1709
2519,2890,2902
2519,3239,3244
2520,1693,1710
2520,2890,2902
2520,3239,3244
2521,1693,1710
2521,2890,2902
2521,3239,3243
2522,1693,1710
2522,2890,2902
2522,3240,3242
2523,1693,1710
2523,2890,2902
2524,1693,1710
2524,2890,2902
2525,1693,1710
2525,2890,2902
2526,1693,1710
2526,2890,2902
2527,1693,1710
2527,2890,2902
2528,1693,1710
2528,2890,2902
2529,1693,1710
2529,2890,2902
2530,1693,1710
2530,2890,2902
2531,1693,1710
2531,2890,2902
2532,1693,1710
2532,2890,2902
2533,1694,1710
2533,2891,2901
2534,1694,1710
2534,2891,2901
2535,1694,1710
2535,2891,2901
2536,1694,1710
2536,2891,2901
2537,1694,1710
2537,2891,2901
2538,1694,1710
2538,2892,2900
2539,1694,1710
2539,2892,2900
2540,1694,1710
2540,2893,2899
2541,1694,1710
2541,2893,2899
2542,1694,1710
2542,2894,2898
2543,1694,1710
2543,2894,2898
2544,1694,1710
2545,1694,1710
2546,1694,1710
2547,1694,1711
2548,1694,1711
2549,1694,1711
2550,1694,1711
2551,1694,1711
2552,1694,1711
2553,1695,1711
2554,1695,1711
2555,1695,1711
2556,1695,1711
2557,1695,1711
2558,1695,1711
2559,1695,1711
2560,1695,1711
2561,1695,1711
2562,1695,1712
2563,1695,1712
2564,1695,1712
2565,1695,1712
2566,1696,1712
2567,1696,1712
2568,1696,1712
2569,1696,1712
2570,1696,1712
2571,1696,1712
2572,1696,1712
2573,1696,1713
2574,1696,1713
2575,1696,1713
2576,1696,1713
2577,1697,1713
2578,1697,1713
2579,1697,1713
2580,1697,1713
2581,1697,1713
2582,1697,1714
2583,1697,1714
2584,1697,1714
2585,1697,1714
2586,1698,1714
2587,1698,1714
2588,1698,1714
2589,1698,1714
2590,1698,1715
2591,1698,1715
2592,1698,1715
2593,1698,1715
2594,1699,1715
2595,1699,1715
2596,1699,1715
2597,1699,1715
2598,1699,1716
2599,1699,1716
2600,1699,1716
2601,1699,1716
2602,1700,1716
2603,1700,1716
2604,1700,1716
2605,1700,1717
2606,1700,1717
2607,1700,1717
2608,1701,1717
2609,1701,1717
2610,1701,1717
2611,1701,1718
2612,1701,1718
2613,1701,1718
2614,1701,1718
2615,1702,1718
2616,1702,1718
2617,1702,1719
2618,1702,1719
2619,1702,1719
2620,1702,1719
2621,1703,1719
2622,1703,1719
2623,1703,1720
2624,1703,1720
2625,1703,1720
2626,1703,1720
2627,1704,1720
2628,1704,1721
2629,1704,1721
2630,1704,1721
2631,1704,1721
2632,1705,1721
2633,1705,1721
2634,1705,1722
2635,1705,1722
2636,1705,1722
2637,1706,1722
2638,1706,1722
2639,1706,1723
2640,1706,1723
2641,1706,1723
2642,1707,1723
2643,1707,1724
2644,1707,1724
2645,1707,1724
2646,1707,1724
2647,1708,1724
2648,1708,1725
2649,1708,1725
2650,1708,1725
2651,1708,1725
2652,1709,1726
2653,1709,1726
2654,1709,1726
2655,1709,1726
2656,1710,1726
2657,1710,1727
2658,1710,1727
2659,1710,1727
2660,1711,1727
2661,1711,1728
2662,1711,1728
2663,1711,1728
2664,1711,1728
2665,1712,1729
2666,1712,1729
2667,1712,1729
2668,1712,1729
2669,1713,1730
2670,1713,1730
2671,1713,1730
2672,1713,1730
2673,1714,1731
2674,1714,1731
2675,1714,1731
2676,1714,1732
2677,1715,1732
2678,1715,1732
2679,1715,1732
2680,1716,1733
2681,1716,1733
2682,1716,1733
2683,1716,1733
2684,1717,1734
2685,1717,1734
2686,1717,1734
2687,1717,1735
2688,1718,1735
2689,1718,1735
2690,1718,1735
2691,1719,1736
2692,1719,1736
2693,1719,1736
2694,1719,1737
2695,1720,1737
2696,1720,1737
2697,1720,1738
2698,1721,1738
2699,1721,1738
2700,1721,1739
2701,1722,1739
2702,1722,1739
2703,1722,1739
2704,1722,1740
2705,1723,1740
2706,1723,1740
2707,1723,1741
2708,1724,1741
2709,1724,1741
2710,1724,1742
2711,1725,1742
2712,1725,1742
2713,1725,1743
2714,1726,1743
2715,1726,1743
2716,1726,1744
2717,1727,1744
2718,1727,1744
2719,1727,1745
2720,1728,1745
2721,1728,1746
2722,1728,1746
2723,1729,1746
2724,1729,1747
2725,1729,1747
2726,1730,1747
2727,1730,1748
2728,1730,1748
2729,1731,1748
2730,1731,1749
2731,1731,1749
2732,1732,1749
2733,1732,1750
2734,1733,1750
2735,1733,1751
2736,1733,1751
2737,1734,1751
2738,1734,1752
2739,1734,1752
2740,1735,1753
2741,1735,1753
2742,1736,1753
2743,1736,1754
2744,1736,1754
2745,1737,1754
2746,1737,1755
2747,1737,1755
2748,1738,1756
2749,1738,1756
2750,1739,1757
2751,1739,1757
2752,1739,1757
2753,1740,1758
2754,1740,1758
2755,1741,1759
2756,1741,1759
2757,1741,1759
2758,1742,1760
2759,1742,1760
2760,1743,1761
2761,1743,1761
2762,1743,1762
2763,1744,1762
2764,1744,1762
2765,1745,1763
2766,1745,1763
2767,1746,1764
2768,1746,1764
2769,1746,1765
2770,1747,1765
2771,1747,1766
2772,1748,1766
2773,1748,1766
2774,1749,1767
2775,1749,1767
2776,1749,1768
2777,1750,1768
2778,1750,1769
2779,1751,1769
2780,1751,1770
2781,1752,1770
2782,1752,1771
2783,1753,1771
2784,1753,1772
2785,1754,1772
2786,1754,1772
2787,1754,1773
2788,1755,1773
2789,1755,1774
2790,1756,1774
2791,1756,1775
2792,1757,1775
2793,1757,1776
2794,1758,1776
2795,1758,1777
2796,1759,1777
2797,1759,1778
2798,1760,1778
2799,1760,1779
2800,1761,1779
2801,1761,1780
2802,1762,1780
2803,1762,1781
2804,1763,1781
2805,1763,1782
2806,1764,1783
2807,1764,1783
2808,1765,1784
2809,1765,1784
2810,1766,1785
2811,1766,1785
2812,1767,1786
2813,1767,1786
2814,1768,1787
2815,1768,1787
2816,1769,1788
2817,1769,1788
2818,1770,1789
2819,1770,1790
2820,1771,1790
2821,1772,1791
2822,1772,1791
2823,1773,1792
2824,1773,1792
2825,1774,1793
2826,1774,1794
2827,1775,1794
2828,1775,1795
2829,1776,1795
2830,1776,1796
2831,1777,1796
2832,1778,1797
2833,1778,1798
2834,1779,1798
2835,1779,1799
2836,1780,1799
2837,1780,1800
2838,1781,1801
2839,1782,1801
2840,1782,1802
2841,1783,1802
2842,1783,1803
2843,1784,1804
2844,1785,1804
2845,1785,1805
2846,1786,1805
2847,1786,1806
2848,1787,1807
2849,1787,1807
2850,1788,1808
2851,1789,1809
2852,1789,1809
2853,1790,1810
2854,1791,1810
2855,1791,1811
2856,1792,1812
2857,1792,1812
2858,1793,1813
2859,1794,1814
2860,1794,1814
2861,1795,1815
2862,1796,1816
2863,1796,1816
2864,1797,1817
2865,1797,1818
2866,1798,1818
2867,1799,1819
2868,1799,1820
2869,1800,1820
2870,1801,1821
2871,1801,1822
2872,1802,1822
2873,1803,1823
2874,1803,1824
2875,1804,1825
2876,1805,1825
2877,1805,1826
2878,1806,1827
2879,1807,1827
2880,1807,1828
2881,1808,1829
2882,1809,1830
2883,1809,1830
2884,1810,1831
2885,1811,1832
2886,1812,1832
2887,1812,1833
2888,1813,1834
2889,1814,1835
2890,1814,1835
2891,1815,1836
2892,1816,1837
2893,1817,1838
2894,1817,1838
2895,1818,1839
2896,1819,1840
2897,1819,1841
2898,1820,1841
2899,1821,1842
2900,1822,1843
2901,1822,1844
2902,1823,1845
2903,1824,1845
2904,1825,1846
2905,1825,1847
2906,1826,1848
2907,1827,1848
2908,1828,1849
2909,1828,1850
2910,1829,1851
2911,1830,1852
2912,1831,1852
2913,1832,1853
2914,1832,1854
2915,1833,1855
2916,1834,1856
2917,1835,1857
2918,1835,1857
2919,1836,1858
2920,1837,1859
2921,1838,1860
2922,1839,1861
2923,1839,1862
2924,1840,1862
2925,1841,1863
2926,1842,1864
2927,1843,1865
2928,1844,1866
2929,1844,1867
2930,1845,1868
2931,1846,1869
2932,1847,1869
2933,1848,1870
2934,1849,1871
2935,1849,1872
2936,1850,1873
2937,1851,1874
2938,1852,1875
2939,1853,1876
2940,1854,1877
2941,1855,1878
2942,1855,1878
2943,1856,1879
2944,1857,1880
2945,1858,1881
2946,1859,1882
2947,1860,1883
2948,1861,1884
2949,1862,1885
2950,1863,1886
2951,1864,1887
2952,1864,1888
2953,1865,1889
2954,1866,1890
2955,1867,1891
2956,1868,1892
2957,1869,1893
2958,1870,1894
2959,1871,1895
2960,1872,1896
2961,1873,1897
2962,1874,1898
2963,1875,1899
2964,1876,1900
2965,1877,1901
2966,1878,1902
2967,1879,1903
2968,1880,1904
2969,1881,1905
2970,1882,1906
2971,1883,1907
2972,1884,1908
2973,1885,1909
2974,1886,1910
2975,1887,1911
2976,1888,1912
2977,1889,1913
2978,1890,1914
2979,1891,1915
2980,1892,1917
2981,1893,1918
2982,1894,1919
2983,1895,1920
2984,1896,1921
2985,1897,1922
2986,1898,1923
2987,1899,1924
2988,1900,1925
2989,1901,1927
2990,1902,1928
2991,1903,1929
2992,1904,1930
2993,1905,1931
2994,1906,1932
2995,1908,1933
2996,1909,1935
2997,1910,1936
2998,1911,1937
2999,1912,1938
3000,1913,1939
3001,1914,1941
3002,1915,1942
3003,1917,1943
3004,1918,1944
3005,1919,1945
3006,1920,1947
3007,1921,1948
3008,1922,1949
3009,1924,1950
3010,1925,1952
3011,1926,1953
3012,1927,1954
3013,1928,1956
3014,1929,1957
3015,1931,1958
3016,1932,1959
3017,1933,1961
3018,1934,1962
3019,1936,1963
3020,1937,1965
3021,1938,1966
3022,1939,1967
3023,1941,1969
3024,1942,1970
3025,1943,1971
3026,1944,1973
3027,1946,1974
3028,1947,1976
3029,1948,1977
3030,1950,1978
3031,1951,1980
3032,1952,1981
3033,1954,1983
3034,1955,1984
3035,1956,1986
3036,1958,1987
3037,1959,1988
3038,1960,1990
3039,1962,1991
3040,1963,1993
3041,1964,1994
3042,1966,1996
3043,1967,1997
3044,1969,1999
3045,1970,2000
3046,1971,2002
3047,1973,2004
3048,1974,2005
3049,1976,2007
3050,1977,2008
3051,1979,2010
3052,1980,2011
3053,1982,2013
3054,1983,2015
3055,1985,2016
3056,1986,2018
3057,1988,2020
