1879,2341,2365
1880,2316,2391
1881,2301,2405
1882,2290,2416
1883,2281,2425
1884,2273,2434
1885,2265,2441
1886,2258,2448
1887,2252,2454
1888,2246,2461
1889,2240,2466
1890,2235,2472
1891,2229,2477
1892,2224,2482
1893,2220,2487
1894,2215,2491
1895,2211,2496
1896,2206,2500
1897,2202,2504
2051,1922,1930
2050,1923,1931
2049,1924,1932
2048,1925,1934
2047,1926,1935
2046,1927,1936
2045,1928,1938
2044,1929,1939
2043,1930,1940
1955,2051,2087
1955,2613,2653
1956,2050,2085
1956,2615,2655
1957,2048,2083
1957,2618,2657
1954,2053,2089
1954,2611,2651
2495,2900,2902
1981,2008,2035
1981,2665,2695
1953,2055,2092
1953,2609,2650
2494,2899,2903
1980,2009,2037
1980,2663,2694
1952,2057,2094
1952,2606,2648
2493,2898,2903
1979,2011,2038
1979,2662,2692
1951,2059,2096
1951,2604,2646
2492,2897,2904
1978,2013,2040
1978,2660,2691
1950,2061,2099
1950,2602,2644
2491,2897,2904
1977,2014,2042
1977,2658,2689
1949,2063,2101
1949,2599,2642
2490,2897,2905
1976,2016,2044
1976,2656,2688
1948,2065,2103
1948,2597,2640
2489,2896,2905
1975,2017,2046
1975,2654,2686
1947,2067,2106
1947,2595,2638
2488,2896,2906
1974,2019,2048
1974,2652,2685
1946,2069,2108
1946,2592,2636
2487,2896,2906
1973,2020,2050
1973,2650,2683
1945,2071,2111
1945,2590,2635
2486,2896,2906
1972,2022,2052
1972,2648,2682
1944,2073,2113
1944,2587,2633
2485,2895,2906
1971,2024,2054
1971,2646,2680
1943,2075,2116
1943,2585,2631
2484,2895,2906
1970,2025,2056
1970,2644,2678
1942,2077,2118
1942,2582,2629
2483,2895,2907
1969,2027,2057
1969,2642,2677
1941,2079,2121
1941,2580,2627
2482,2895,2907
1940,2081,2124
1940,2577,2624
2481,2895,2907
3164,2176,2253
3165,2179,2260
3165,2477,2493
3166,2182,2268
3166,2464,2494
3167,2185,2277
3167,2452,2494
1898,2198,2508
3183,2249,2446
3168,2188,2287
3168,2440,2493
1899,2194,2326
1899,2376,2512
3184,2255,2441
3169,2192,2298
3169,2427,2492
1900,2190,2307
1900,2395,2516
3185,2261,2436
3170,2195,2313
3170,2411,2490
1901,2187,2295
1901,2408,2520
3186,2267,2430
3171,2198,2334
3171,2388,2488
1902,2183,2284
1902,2418,2523
3187,2274,2423
3172,2202,2485
1903,2179,2275
1903,2427,2527
3188,2282,2416
3173,2205,2483
1904,2176,2267
1904,2435,2530
3189,2290,2408
3174,2209,2480
1905,2172,2260
1905,2442,2534
3190,2300,2399
3175,2213,2477
1906,2169,2253
1906,2449,2537
3191,2313,2387
3176,2217,2474
1907,2166,2247
1907,2455,2540
3192,2332,2368
3177,2221,2471
1908,2163,2241
1908,2461,2544
3178,2225,2467
1909,2159,2236
1909,2466,2547
3179,2230,2463
1912,2150,2220
1912,2481,2556
3182,2244,2451
1911,2153,2225
1911,2477,2553
3181,2239,2455
1910,2156,2230
1910,2472,2550
3180,2234,2459
3163,2173,2246
3162,2170,2239
3161,2167,2233
3160,2164,2227
3159,2162,2222
3158,2159,2216
3157,2156,2211
3156,2154,2206
3155,2151,2201
3154,2149,2196
3153,2146,2192
3152,2144,2187
3151,2142,2183
3150,2139,2179
3149,2137,2174
3148,2135,2170
3147,2133,2166
3146,2131,2162
2063,1912,1913
3145,2129,2158
1968,2029,2059
1968,2641,2675
2509,3243,3244
1995,1988,2010
1995,2690,2714
2062,1913,1915
3144,2127,2154
1967,2030,2061
1967,2639,2674
2508,3241,3245
1994,1989,2012
1994,2688,2713
2061,1913,1916
3143,2125,2151
1966,2032,2064
1966,2637,2672
2507,3241,3246
1993,1990,2014
1993,2686,2711
2060,1914,1918
3142,2123,2147
1965,2034,2066
1965,2634,2670
2506,3240,3246
1992,1992,2016
1992,2684,2710
2059,1915,1919
3141,2121,2143
1964,2035,2068
1964,2632,2669
2505,3240,3246
1991,1993,2017
1991,2683,2709
2058,1916,1920
3140,2119,2139
1963,2037,2070
1963,2630,2667
2504,3240,3246
1990,1995,2019
1990,2681,2707
2057,1916,1922
3139,2118,2136
1962,2039,2072
1962,2628,2665
2503,3240,3246
1989,1996,2021
1989,2679,2706
2056,1917,1923
3138,2116,2132
1961,2041,2074
1961,2626,2664
2502,3240,3246
1988,1997,2022
1988,2678,2705
2055,1918,1924
3137,2115,2128
1960,2042,2076
1960,2624,2662
2501,3240,3245
1987,1999,2024
1987,2676,2703
2054,1919,1926
3136,2113,2124
1959,2044,2078
1959,2622,2660
2500,3241,3245
1986,2000,2026
1986,2674,2702
2053,1920,1927
3135,2112,2120
1958,2046,2080
1958,2620,2659
2499,3242,3244
1985,2002,2028
1985,2672,2701
2052,1921,1928
3134,2113,2114
2454,2901,2901
1913,2147,2216
1913,2486,2559
2455,2900,2903
1914,2144,2211
1914,2491,2562
2456,2899,2904
1915,2141,2207
1915,2495,2564
2457,2898,2904
1916,2139,2202
1916,2499,2567
2458,2898,2905
1917,2136,2198
1917,2503,2570
2459,2897,2905
1918,2133,2194
1918,2507,2573
2460,2897,2905
1919,2130,2190
1919,2511,2575
2461,2897,2906
1920,2128,2186
1920,2515,2578
2462,2896,2906
1921,2125,2183
1921,2519,2581
2463,2896,2906
1922,2123,2179
1922,2522,2583
2464,2896,2906
1923,2120,2175
1923,2526,2586
2465,2896,2906
1924,2118,2172
1924,2529,2588
2466,2896,2907
1925,2115,2168
1925,2533,2591
2467,2895,2907
1926,2113,2165
1926,2536,2593
2468,2895,2907
1927,2110,2162
1927,2539,2596
2469,2895,2907
1928,2108,2159
1928,2542,2598
2470,2895,2907
1929,2105,2155
1929,2546,2600
2471,2895,2907
1930,2103,2152
1930,2549,2603
2472,2895,2907
1931,2101,2149
1931,2552,2605
2473,2895,2907
1932,2098,2146
1932,2555,2607
2474,2895,2907
1933,2096,2143
1933,2558,2609
2475,2895,2907
1934,2094,2140
1934,2560,2612
2476,2895,2907
1935,2092,2137
1935,2563,2614
2477,2895,2907
1936,2089,2135
1936,2566,2616
2478,2895,2907
1937,2087,2132
1937,2569,2618
2479,2895,2907
1938,2085,2129
1938,2572,2620
2480,2895,2907
1939,2083,2126
1939,2574,2622
1982,2006,2033
1982,2667,2696
1983,2005,2031
1983,2669,2698
1984,2003,2029
1984,2671,2699
1996,1986,2009
1996,2691,2715
1997,1985,2007
1997,2693,2716
1998,1983,2006
1998,2695,2718
1999,1982,2004
1999,2696,2719
2000,1981,2002
2000,2698,2720
2001,1979,2001
2001,2700,2721
2002,1978,1999
2002,2701,2723
2003,1977,1998
2003,2703,2724
2004,1975,1996
2004,2704,2725
2005,1974,1994
2005,2706,2726
2006,1973,1993
2006,2708,2727
2007,1971,1991
2007,2709,2728
2008,1970,1990
2008,2711,2729
2009,1969,1988
2009,2712,2730
2010,1968,1987
2010,2714,2732
2011,1966,1985
2011,2716,2733
2012,1965,1984
2012,2717,2734
2013,1964,1982
2013,2719,2735
2014,1963,1981
2014,2721,2736
2015,1961,1979
2015,2722,2737
2016,1960,1978
2016,2724,2738
2017,1959,1976
2017,2725,2739
2018,1958,1975
2018,2727,2740
2019,1957,1973
2019,2729,2741
2020,1955,1972
2020,2730,2741
2021,1954,1970
2021,2732,2742
2022,1953,1969
2022,2734,2743
2023,1952,1968
2023,2735,2744
2024,1951,1966
2024,2737,2745
2025,1949,1965
2025,2739,2745
2026,1948,1963
2026,2741,2746
2027,1947,1962
2027,2743,2746
2028,1946,1961
2029,1945,1959
2030,1944,1958
2031,1943,1956
2032,1942,1955
2033,1940,1954
2034,1939,1952
2035,1938,1951
2036,1937,1950
2037,1936,1948
2038,1935,1947
2039,1934,1946
2040,1933,1944
2041,1932,1943
2042,1931,1942
