2832,2841,2842
2833,2840,2842
2834,2839,2842
2835,2838,2842
2836,2838,2841
2837,2837,2841
2838,2836,2841
2839,2835,2840
2840,2835,2840
2841,2834,2840
2842,2833,2839
2843,2832,2839
2844,2832,2838
2845,2831,2838
2846,2830,2838
2847,2829,2837
2848,2829,2837
2849,2828,2836
2850,2827,2836
2851,2826,2835
2852,2826,2835
2853,2825,2834
2854,2824,2834
2855,2824,2833
2856,2823,2833
2857,2822,2832
2858,2821,2832
2859,2821,2831
2860,2820,2831
2861,2819,2830
2862,2818,2829
2863,2818,2829
2864,2817,2828
2865,2816,2828
2866,2815,2827
2867,2815,2827
2868,2814,2826
2869,2813,2825
2870,2812,2825
2871,2812,2824
2872,2811,2824
2873,2810,2823
2874,2809,2822
2875,2808,2822
2876,2808,2821
2877,2807,2821
2878,2806,2820
2879,2805,2819
2880,2804,2819
2881,2804,2818
2882,2803,2817
2883,2802,2817
2884,2801,2816
2885,2800,2815
2886,2800,2815
2887,2799,2814
2888,2798,2813
2889,2797,2813
2890,2796,2812
2891,2796,2811
2892,2795,2810
2893,2794,2810
2894,2793,2809
2895,2792,2808
2896,2791,2808
2897,2790,2807
2898,2790,2806
2899,2789,2805
2900,2788,2805
2901,2787,2804
3059,2585,2587
3058,2585,2591
3057,2586,2594
3056,2588,2597
3055,2589,2600
3054,2591,2603
3053,2592,2605
3052,2594,2608
3051,2595,2610
3050,2597,2613
3049,2599,2615
3048,2600,2617
3047,2602,2619
3046,2604,2622
3045,2606,2624
3044,2607,2626
3043,2609,2628
3042,2611,2630
3041,2612,2632
3040,2614,2634
3039,2616,2636
3038,2618,2638
3037,2619,2640
3036,2621,2642
3035,2623,2644
3034,2624,2646
3033,2626,2648
3032,2628,2650
3031,2629,2651
3030,2631,2653
3029,2633,2655
3028,2634,2657
3027,2636,2658
3026,2638,2660
3025,2639,2662
3024,2641,2664
3023,2642,2665
3022,2644,2667
3021,2646,2669
3020,2647,2670
3019,2649,2672
3018,2650,2673
3017,2652,2675
3016,2653,2677
3015,2655,2678
3014,2656,2680
3013,2658,2681
3012,2659,2683
3011,2661,2684
3010,2662,2686
3009,2664,2687
3008,2665,2689
3007,2667,2690
3006,2668,2692
3005,2670,2693
3004,2671,2695
3003,2673,2696
3002,2674,2698
2671,2881,2890
2670,2881,2890
2902,2786,2803
1820,2216,2225
2903,2785,2802
1821,2203,2232
2904,2784,2802
1822,2195,2235
2905,2783,2801
1823,2188,2235
2906,2783,2800
1824,2182,2235
2907,2782,2799
1825,2177,2234
2908,2781,2798
1826,2172,2232
2909,2780,2798
1827,2167,2230
2910,2779,2797
1828,2163,2228
2911,2778,2796
1829,2159,2226
2912,2777,2795
1830,2155,2223
2913,2776,2794
1831,2151,2221
2602,2886,2889
2914,2775,2794
1832,2147,2218
2603,2886,2890
2915,2774,2793
1833,2144,2215
2604,2885,2891
2916,2773,2792
1834,2140,2212
2605,2884,2891
2917,2773,2791
1835,2137,2209
2606,2884,2891
2607,2884,2892
2608,2883,2892
2609,2883,2892
2610,2883,2893
2611,2882,2893
2612,2882,2893
2613,2882,2893
2614,2882,2893
2615,2882,2894
2927,2763,2782
1845,2108,2176
2616,2881,2894
2928,2762,2782
1846,2105,2173
2617,2881,2894
2618,2881,2894
2619,2881,2894
2637,2880,2895
2636,2880,2895
2635,2880,2895
2634,2880,2895
2633,2880,2895
2632,2880,2895
2631,2880,2895
2630,2880,2895
2629,2880,2895
2628,2880,2895
2627,2880,2895
2626,2880,2895
2625,2880,2895
2665,2880,2891
1840,2122,2193
2922,2768,2787
2538,3230,3236
2651,2880,2893
2660,2880,2892
2666,2880,2891
1841,2119,2189
2923,2767,2786
2539,3230,3235
2652,2880,2893
2661,2880,2892
1836,2134,2206
2918,2772,2790
2621,2881,2894
2667,2880,2891
1842,2116,2186
2924,2766,2785
2540,3230,3235
2653,2880,2893
2662,2880,2892
1837,2131,2202
2919,2771,2789
2622,2881,2894
2668,2880,2891
1843,2113,2183
2925,2765,2784
2541,3231,3234
2654,2880,2893
2663,2880,2892
1838,2128,2199
2920,2770,2789
2623,2881,2894
2669,2881,2891
1844,2111,2180
2926,2764,2783
2542,3232,3233
2655,2880,2893
2664,2880,2892
1839,2125,2196
2921,2769,2788
2624,2880,2894
2537,3230,3236
2650,2880,2894
2659,2880,2892
2640,2880,2894
2536,3231,3236
2649,2880,2894
2658,2880,2893
2639,2880,2894
2535,3231,3235
2648,2880,2894
2657,2880,2893
2638,2880,2894
2534,3232,3235
2647,2880,2894
2656,2880,2893
2641,2880,2894
2642,2880,2894
2643,2880,2894
2644,2880,2894
2645,2880,2894
2646,2880,2894
2620,2881,2894
2672,2881,2890
1847,2103,2170
2929,2761,2781
2673,2881,2890
1848,2100,2167
2930,2760,2780
2674,2881,2889
1849,2098,2163
2931,2759,2779
2675,2881,2889
1850,2096,2160
2932,2758,2778
2676,2881,2889
1851,2093,2157
2933,2757,2777
2677,2881,2889
1852,2091,2154
2934,2756,2776
2678,2881,2888
1853,2089,2151
2935,2755,2775
2679,2882,2888
1854,2086,2148
2936,2754,2774
2680,2882,2888
1855,2084,2145
2937,2753,2773
2681,2882,2887
1856,2082,2142
2938,2752,2772
2682,2882,2887
1857,2080,2139
2939,2751,2771
2683,2882,2887
1858,2078,2136
2940,2750,2770
2684,2883,2886
1859,2076,2133
2941,2749,2769
2685,2883,2886
1860,2074,2130
2942,2748,2768
2686,2883,2885
1861,2072,2127
2943,2747,2767
1862,2070,2124
2944,2746,2766
1863,2068,2121
2945,2745,2765
1864,2066,2118
2946,2744,2764
1865,2064,2115
2947,2742,2763
1866,2062,2113
2948,2741,2762
1867,2060,2110
2949,2740,2761
1868,2058,2107
2950,2739,2760
1869,2057,2104
2951,2738,2759
1870,2055,2102
2952,2737,2758
1871,2053,2099
2953,2736,2757
1872,2051,2096
2954,2735,2756
1873,2050,2093
2955,2734,2755
1874,2048,2091
2956,2733,2754
1875,2046,2088
2957,2731,2753
1876,2045,2085
2958,2730,2752
1877,2043,2083
2959,2729,2751
1878,2042,2080
2960,2728,2750
1879,2040,2077
2961,2727,2749
1880,2039,2075
2962,2726,2748
1881,2037,2072
2963,2725,2747
1882,2036,2070
2964,2723,2745
1883,2034,2067
2965,2722,2744
1884,2033,2064
2966,2721,2743
1885,2031,2062
2967,2720,2742
1886,2030,2059
2968,2719,2741
1887,2029,2057
2969,2717,2740
1888,2028,2054
2970,2716,2739
1889,2026,2051
2971,2715,2737
1890,2025,2049
2972,2714,2736
1891,2024,2046
2973,2713,2735
1892,2023,2044
2974,2711,2734
1893,2022,2041
2975,2710,2733
1894,2021,2038
2976,2709,2732
1895,2020,2035
2977,2708,2730
1896,2019,2032
2978,2706,2729
1897,2019,2029
2979,2705,2728
1898,2019,2026
2980,2704,2727
2981,2703,2725
2982,2701,2724
2983,2700,2723
2984,2699,2722
2985,2697,2720
2986,2696,2719
2987,2695,2718
2988,2693,2717
2989,2692,2715
2990,2691,2714
2991,2689,2713
2992,2688,2711
2993,2687,2710
2994,2685,2709
2995,2684,2707
2996,2683,2706
2997,2681,2705
2998,2680,2703
2999,2678,2702
3000,2677,2700
3001,2676,2699
