2560,2890,2892
2561,2889,2893
2562,2889,2894
2563,2888,2894
2564,2888,2895
2565,2887,2895
2566,2887,2896
2567,2887,2896
2568,2886,2896
2569,2886,2896
2570,2886,2897
2571,2886,2897
2572,2885,2897
2573,2885,2897
2574,2885,2897
2575,2885,2897
2576,2885,2898
2577,2885,2898
2578,2885,2898
2579,2885,2898
2580,2885,2898
2581,2885,2898
2582,2885,2898
2606,2889,2894
2605,2889,2894
2604,2888,2895
2603,2888,2895
2602,2887,2895
2601,2887,2896
2600,2887,2896
2599,2887,2896
2598,2886,2897
2597,2886,2897
2596,2886,2897
2595,2886,2897
2594,2886,2897
2593,2885,2897
2592,2885,2897
2591,2885,2898
2590,2885,2898
2589,2885,2898
2588,2885,2898
2587,2885,2898
2586,2885,2898
2585,2885,2898
2584,2885,2898
2583,2885,2898
2526,3236,3238
1932,1988,2012
1931,1989,2014
1930,1991,2016
1929,1992,2018
1928,1993,2020
1927,1995,2022
1926,1996,2024
1925,1997,2026
1924,1999,2028
1923,2000,2030
1922,2002,2032
1921,2003,2034
1920,2005,2036
1919,2006,2038
1918,2007,2040
1917,2009,2042
1916,2010,2044
1915,2012,2046
1914,2013,2048
1913,2015,2050
1912,2017,2053
1911,2018,2055
1910,2020,2057
1909,2021,2059
1908,2023,2061
1907,2025,2064
1906,2026,2066
1905,2028,2068
1904,2030,2070
1903,2031,2073
1886,2063,2115
1885,2065,2117
1884,2067,2120
1883,2069,2123
1882,2071,2125
1881,2073,2128
1880,2075,2131
1879,2077,2134
1878,2079,2137
1877,2082,2140
1876,2084,2143
1875,2086,2146
1874,2089,2149
1887,2061,2112
1888,2059,2109
1889,2057,2107
1890,2055,2104
1891,2053,2102
1892,2051,2099
2527,3235,3239
1893,2049,2097
2528,3235,3239
1894,2047,2094
2529,3234,3240
1895,2045,2092
2530,3234,3240
1896,2043,2089
2531,3234,3240
1897,2042,2087
2532,3234,3239
1898,2040,2084
2533,3234,3239
1899,2038,2082
2534,3235,3238
1900,2036,2080
2535,3236,3237
1901,2035,2077
1902,2033,2075
1933,1987,2010
1934,1986,2008
1935,1984,2006
1936,1983,2004
1937,1982,2002
1938,1981,2000
1939,1980,1998
1940,1978,1996
1941,1977,1995
1942,1976,1993
1943,1975,1991
1944,1974,1989
1945,1973,1987
1946,1972,1985
1947,1971,1983
1948,1970,1981
1949,1969,1979
1950,1969,1977
1951,1968,1974
1952,1967,1972
1953,1968,1969
1873,2091,2152
1872,2093,2155
1871,2096,2158
1870,2098,2161
1869,2101,2164
1868,2103,2168
1867,2106,2171
1866,2108,2174
1865,2111,2178
1864,2114,2181
1863,2116,2184
1862,2119,2188
1861,2122,2192
1860,2125,2195
1859,2128,2199
1858,2131,2202
1857,2134,2206
1856,2137,2210
1855,2140,2214
1854,2143,2218
1853,2147,2221
1852,2150,2225
1851,2154,2229
1850,2157,2233
1849,2161,2237
1848,2165,2241
1847,2169,2244
1846,2173,2248
1845,2178,2251
1844,2182,2255
1843,2187,2258
1842,2192,2260
1841,2198,2263
1840,2203,2264
1839,2210,2265
1838,2217,2265
2608,2891,2892
1837,2226,2263
2607,2890,2893
1836,2239,2257
