2543,3225,3228
2544,3224,3229
2545,3224,3229
2546,3224,3229
2550,3225,3226
2549,3224,3227
2548,3224,3228
2547,3224,3228
2748,2859,2860
2749,2859,2860
2750,2858,2860
2751,2857,2859
2752,2857,2859
2753,2856,2859
2754,2856,2859
2755,2855,2859
2756,2855,2859
2757,2854,2858
2758,2854,2858
2759,2853,2858
2760,2853,2857
2761,2852,2857
2762,2852,2857
2763,2852,2857
2764,2851,2856
2765,2851,2856
2766,2850,2856
2767,2850,2855
2768,2849,2855
2769,2849,2855
2770,2848,2854
2771,2848,2854
2772,2847,2854
2773,2847,2853
2774,2846,2853
2775,2846,2853
2776,2845,2852
2777,2845,2852
2778,2845,2851
2779,2844,2851
2780,2844,2851
2781,2843,2850
2782,2843,2850
2783,2842,2849
2784,2842,2849
2785,2841,2849
2786,2841,2848
2787,2840,2848
2788,2840,2847
2789,2839,2847
2790,2839,2846
2791,2838,2846
2792,2838,2845
2793,2837,2845
2794,2837,2845
2795,2836,2844
2796,2836,2844
2797,2835,2843
2798,2834,2843
2799,2834,2842
2800,2833,2842
2801,2833,2841
2802,2832,2841
2803,2832,2840
2804,2831,2840
2805,2831,2839
2806,2830,2839
2807,2830,2838
2808,2829,2838
2809,2828,2837
2810,2828,2837
2811,2827,2836
2812,2827,2836
2813,2826,2835
2814,2825,2834
2815,2825,2834
2816,2824,2833
2817,2824,2833
2818,2823,2832
2819,2822,2832
2820,2822,2831
2821,2821,2831
2822,2821,2830
2823,2820,2829
2824,2819,2829
2825,2819,2828
2826,2818,2828
2827,2817,2827
2828,2817,2827
2829,2816,2826
2830,2816,2825
2831,2815,2825
2832,2814,2824
2833,2814,2824
2834,2813,2823
2835,2812,2822
2836,2812,2822
2837,2811,2821
2838,2810,2821
2839,2809,2820
2840,2809,2819
2841,2808,2819
2842,2807,2818
2843,2807,2817
2844,2806,2817
2845,2805,2816
2846,2805,2815
2847,2804,2815
2848,2803,2814
2849,2802,2813
2850,2802,2813
2851,2801,2812
2994,2636,2670
2995,2634,2669
3051,2539,2545
3050,2538,2550
3049,2539,2555
3048,2540,2558
3047,2541,2562
3046,2542,2565
3045,2544,2568
3044,2545,2571
3043,2547,2574
3042,2549,2577
3041,2550,2580
3040,2552,2583
3039,2554,2585
3038,2556,2588
3037,2558,2590
3036,2560,2593
3035,2562,2595
3034,2563,2597
3033,2565,2600
3032,2567,2602
3031,2569,2604
3030,2571,2606
3029,2573,2608
3028,2575,2611
3027,2577,2613
3026,2579,2615
3025,2581,2617
3024,2583,2619
3023,2584,2621
3022,2586,2623
3021,2588,2625
3020,2590,2627
3019,2592,2628
3018,2594,2630
3017,2596,2632
3016,2598,2634
3015,2599,2636
3014,2601,2638
3013,2603,2639
3012,2605,2641
3011,2607,2643
3010,2608,2645
3009,2610,2646
3008,2612,2648
3007,2614,2650
3006,2616,2651
3005,2617,2653
3004,2619,2655
3003,2621,2656
3002,2623,2658
3001,2624,2659
3000,2626,2661
2999,2628,2663
2998,2629,2664
2989,2644,2677
2874,2782,2796
2988,2646,2679
2873,2783,2797
2987,2647,2680
2872,2784,2797
2986,2649,2682
2871,2785,2798
2985,2651,2683
2870,2786,2799
2984,2652,2684
2869,2787,2800
2983,2654,2686
2868,2787,2800
2982,2655,2687
2867,2788,2801
2866,2789,2802
2865,2790,2802
2864,2791,2803
2863,2792,2804
2862,2792,2805
2861,2793,2805
2860,2794,2806
2859,2795,2807
2852,2800,2811
2853,2799,2811
2854,2799,2810
2855,2798,2809
2856,2797,2809
2857,2796,2808
2858,2795,2807
2990,2643,2676
2875,2781,2795
2991,2641,2675
2992,2639,2673
2993,2638,2672
2997,2631,2666
2996,2633,2667
2878,2779,2793
1796,2169,2208
2877,2780,2794
1795,2176,2206
2876,2781,2794
1794,2185,2201
2981,2657,2689
2980,2658,2690
2979,2660,2691
2978,2661,2693
2977,2663,2694
2976,2664,2695
2975,2666,2697
2974,2667,2698
2973,2669,2699
2972,2670,2700
2971,2672,2702
2970,2673,2703
2969,2675,2704
2968,2676,2705
2967,2678,2707
2966,2679,2708
2965,2680,2709
2964,2682,2710
2963,2683,2712
2962,2685,2713
2961,2686,2714
2960,2687,2715
2959,2689,2716
2958,2690,2717
2957,2692,2719
2956,2693,2720
2955,2694,2721
2954,2696,2722
2953,2697,2723
2952,2698,2724
2951,2700,2725
2950,2701,2727
2949,2702,2728
2948,2703,2729
2947,2705,2730
2946,2706,2731
2945,2707,2732
2944,2709,2733
2943,2710,2734
2942,2711,2735
2941,2712,2736
2940,2714,2737
2939,2715,2738
2938,2716,2739
2937,2717,2740
2936,2719,2741
2935,2720,2743
2934,2721,2744
2933,2722,2745
1850,2053,2057
2932,2723,2746
1849,2051,2063
2931,2724,2747
1848,2051,2067
2930,2726,2748
1847,2051,2071
2929,2727,2749
1846,2052,2075
2928,2728,2750
1845,2052,2079
2927,2729,2751
1844,2053,2082
2926,2730,2751
1843,2054,2085
2925,2731,2752
1842,2055,2089
2924,2733,2753
1841,2056,2092
2923,2734,2754
1840,2057,2095
2922,2735,2755
1839,2059,2098
2921,2736,2756
1838,2060,2102
2920,2737,2757
1837,2061,2105
2919,2738,2758
1836,2063,2108
2918,2739,2759
1835,2064,2111
2917,2740,2760
1834,2066,2114
2916,2742,2761
1833,2067,2117
2915,2743,2762
1832,2069,2120
2914,2744,2763
1831,2071,2123
2913,2745,2764
1830,2072,2127
2912,2746,2765
1829,2074,2130
2911,2747,2766
1828,2076,2133
2910,2748,2766
1827,2078,2136
2909,2749,2767
1826,2080,2139
2908,2750,2768
1825,2081,2142
2907,2751,2769
1824,2083,2145
2906,2752,2770
1823,2085,2148
2905,2753,2771
1822,2087,2151
2904,2754,2772
1821,2090,2154
2903,2755,2773
1820,2092,2157
2902,2756,2773
1819,2094,2160
2901,2757,2774
1818,2096,2163
2900,2758,2775
1817,2098,2166
2899,2759,2776
1816,2101,2169
2898,2760,2777
1815,2103,2172
2897,2761,2778
1814,2106,2175
2896,2762,2778
1813,2108,2178
2895,2763,2779
1812,2111,2181
2894,2764,2780
1811,2113,2183
2893,2765,2781
1810,2116,2186
2892,2766,2782
1809,2119,2189
2891,2767,2783
1808,2122,2191
2890,2768,2783
1807,2125,2194
2889,2769,2784
1806,2128,2196
2888,2770,2785
1805,2131,2198
2887,2771,2786
1804,2134,2200
2886,2772,2787
1803,2138,2202
2885,2773,2787
1802,2142,2204
2884,2773,2788
1801,2145,2206
2883,2774,2789
1800,2149,2207
2882,2775,2790
1799,2154,2208
2881,2776,2791
1798,2158,2208
2880,2777,2791
1797,2163,2208
2879,2778,2792
