1869,2312,2379
1870,2297,2394
1871,2285,2405
1872,2276,2414
1873,2267,2423
1874,2260,2430
1875,2253,2437
1876,2246,2443
1877,2240,2449
1878,2234,2455
1879,2229,2460
1880,2224,2465
1881,2219,2470
1882,2214,2474
1883,2209,2479
1884,2205,2483
1885,2200,2487
1886,2196,2341
1886,2367,2491
1887,2192,2315
1887,2393,2495
1888,2188,2301
1888,2407,2499
1889,2184,2290
1889,2419,2502
1890,2181,2280
1890,2428,2506
1891,2177,2272
1891,2437,2509
1892,2173,2264
1892,2445,2513
1893,2170,2257
1893,2452,2516
1894,2166,2251
1894,2458,2519
1895,2163,2245
1895,2465,2522
1896,2160,2239
1896,2471,2525
1897,2156,2233
1897,2476,2528
1898,2153,2228
1898,2482,2531
1899,2150,2223
1899,2487,2534
1900,2147,2218
1900,2492,2537
1901,2144,2214
1901,2497,2540
1902,2141,2209
1902,2502,2542
1903,2138,2205
1903,2506,2545
1904,2135,2201
1904,2511,2547
1905,2132,2197
1905,2515,2550
1906,2129,2193
1906,2519,2552
1907,2127,2189
1907,2523,2555
1908,2124,2185
1908,2528,2557
1909,2121,2182
1909,2532,2559
1910,2119,2178
1910,2536,2561
1911,2116,2174
1911,2540,2564
1912,2113,2171
1912,2544,2566
1913,2111,2168
1913,2547,2568
1914,2108,2164
1914,2551,2569
1915,2106,2161
1915,2555,2571
1916,2103,2158
1916,2559,2573
1917,2101,2155
1917,2563,2574
1918,2099,2152
1918,2568,2575
1919,2096,2149
1919,2573,2575
1920,2094,2146
1921,2092,2143
1922,2089,2140
1923,2087,2137
1924,2085,2134
1925,2082,2132
1926,2080,2129
1927,2078,2126
1928,2076,2124
1929,2074,2121
1930,2072,2118
1931,2070,2116
1932,2067,2113
1933,2065,2111
1934,2063,2108
1935,2061,2106
1936,2059,2104
1937,2057,2101
1938,2055,2099
1939,2053,2097
1940,2051,2094
1941,2050,2092
1942,2048,2090
1943,2046,2087
1944,2044,2085
1945,2042,2083
1946,2040,2081
1947,2038,2079
1948,2036,2077
1949,2035,2075
1950,2033,2073
1951,2031,2070
1952,2029,2068
1953,2027,2066
1954,2026,2064
1955,2024,2062
1956,2022,2060
1957,2021,2059
1958,2019,2057
1959,2017,2055
1960,2016,2053
1961,2014,2051
1962,2012,2049
1963,2011,2047
1964,2009,2045
1965,2007,2043
1966,2006,2042
1967,2004,2040
1968,2003,2038
1969,2001,2036
1970,1999,2035
1971,1998,2033
1972,1996,2031
1973,1995,2029
1974,1993,2028
1975,1992,2026
1976,1990,2024
1977,1989,2023
1978,1987,2021
1979,1986,2019
1980,1984,2018
1981,1983,2016
1982,1981,2014
1983,1980,2013
1984,1978,2011
1985,1977,2010
1986,1976,2008
1987,1974,2006
1988,1973,2005
1989,1971,2003
1990,1970,2002
1991,1969,2000
1992,1967,1999
1993,1966,1997
1994,1964,1996
1995,1963,1994
1996,1962,1993
1997,1960,1991
1998,1959,1990
1999,1958,1988
2000,1956,1987
2001,1955,1985
2002,1954,1984
2003,1952,1983
2004,1951,1981
2005,1950,1980
2006,1949,1978
2007,1947,1977
2008,1946,1976
2009,1945,1974
2010,1944,1973
2011,1942,1971
2012,1941,1970
2013,1940,1969
2014,1939,1967
2015,1937,1966
2016,1936,1965
2017,1935,1963
2018,1934,1962
2019,1933,1961
2020,1931,1960
2021,1930,1958
2022,1929,1957
2023,1928,1956
2024,1927,1954
2025,1926,1953
2026,1924,1952
2027,1923,1951
2028,1922,1949
2029,1921,1948
2030,1920,1947
2031,1919,1946
2032,1918,1945
2033,1916,1943
2034,1915,1942
2035,1914,1941
2036,1913,1940
2037,1912,1939
2038,1911,1937
2039,1910,1936
2040,1909,1935
2041,1908,1934
2042,1907,1933
2043,1905,1932
2044,1904,1930
2045,1903,1929
2046,1902,1928
2047,1901,1927
2048,1900,1926
2049,1899,1925
2050,1898,1924
2051,1897,1922
2052,1896,1921
2053,1895,1920
2054,1894,1919
2055,1893,1918
2056,1892,1917
2057,1891,1916
2058,1890,1915
2059,1889,1914
2060,1888,1913
2061,1887,1912
2062,1886,1911
2063,1885,1910
2064,1884,1909
2065,1883,1907
2066,1882,1906
2067,1881,1905
2068,1880,1904
2069,1879,1903
2638,1711,1719
2639,1711,1720
2640,1712,1720
2641,1712,1720
2642,1712,1720
2643,1712,1720
2644,1712,1721
2645,1712,1721
2646,1713,1721
2647,1713,1721
2648,1713,1721
2649,1713,1721
2650,1713,1722
2651,1714,1722
2652,1714,1722
2653,1714,1722
2654,1714,1722
2655,1715,1723
2656,1715,1723
2657,1715,1723
2658,1715,1723
2659,1715,1724
2660,1716,1724
2661,1716,1724
2662,1716,1724
2663,1716,1724
2664,1716,1725
2665,1717,1725
2666,1717,1725
2667,1717,1725
2668,1717,1725
2669,1718,1726
2670,1718,1726
2671,1718,1726
2672,1718,1726
2673,1719,1727
2674,1719,1727
2675,1719,1727
2676,1719,1727
2677,1720,1728
2678,1720,1728
2679,1720,1728
2680,1720,1728
2681,1721,1729
2682,1721,1729
2683,1721,1729
2684,1721,1729
2685,1722,1730
2686,1722,1730
2687,1722,1730
2688,1722,1730
2689,1723,1731
2690,1723,1731
2691,1723,1731
2692,1723,1731
2693,1724,1732
2694,1724,1732
2695,1724,1732
2696,1725,1733
2697,1725,1733
2698,1725,1733
2699,1725,1733
2700,1726,1734
2701,1726,1734
2702,1726,1734
2703,1727,1735
2704,1727,1735
2705,1727,1735
2706,1727,1735
2707,1728,1736
2708,1728,1736
2709,1728,1736
2710,1729,1737
2711,1729,1737
2712,1729,1737
2713,1729,1738
2714,1730,1738
2715,1730,1738
2716,1730,1738
2717,1731,1739
2718,1731,1739
2719,1731,1739
2720,1732,1740
2721,1732,1740
2722,1732,1740
2723,1733,1741
2724,1733,1741
2725,1733,1741
2726,1734,1742
2727,1734,1742
2728,1734,1742
2729,1735,1743
2730,1735,1743
2731,1735,1743
2732,1736,1744
2733,1736,1744
2734,1736,1744
2735,1737,1745
2736,1737,1745
2737,1737,1745
2738,1738,1746
2739,1738,1746
2740,1738,1747
2741,1739,1747
2742,1739,1747
2743,1739,1748
2744,1740,1748
2745,1740,1748
2746,1741,1749
2747,1741,1749
2748,1741,1749
2749,1742,1750
2750,1742,1750
2751,1742,1751
2752,1743,1751
2753,1743,1751
2754,1743,1752
2755,1744,1752
2756,1744,1753
2757,1745,1753
2758,1745,1753
2759,1745,1754
2760,1746,1754
2761,1746,1755
2762,1747,1755
2763,1747,1755
2764,1747,1756
2765,1748,1756
2766,1748,1757
2767,1749,1757
2768,1749,1757
2769,1749,1758
2770,1750,1758
2771,1750,1759
2772,1751,1759
2773,1751,1759
2774,1751,1760
2775,1752,1760
2776,1752,1761
2777,1753,1761
2778,1753,1762
2779,1753,1762
2780,1754,1763
2781,1754,1763
2782,1755,1763
2783,1755,1764
2784,1756,1764
2785,1756,1765
2786,1756,1765
2787,1757,1766
2788,1757,1766
2789,1758,1767
2790,1758,1767
2791,1759,1768
2792,1759,1768
2793,1760,1768
2794,1760,1769
2795,1761,1769
2796,1761,1770
2797,1761,1770
2798,1762,1771
2799,1762,1771
2800,1763,1772
2801,1763,1772
2802,1764,1773
2803,1764,1773
2804,1765,1774
2805,1765,1774
2806,1766,1775
2807,1766,1775
2808,1767,1776
2809,1767,1776
2810,1768,1777
2811,1768,1777
2812,1769,1778
2813,1769,1778
2814,1769,1779
2815,1770,1779
2816,1770,1780
2817,1771,1780
2818,1771,1781
2819,1772,1781
2820,1772,1782
2821,1773,1782
2822,1773,1783
2823,1774,1784
2824,1774,1784
2825,1775,1785
2826,1776,1785
2827,1776,1786
2828,1777,1786
2829,1777,1787
2830,1778,1787
2831,1778,1788
2832,1779,1788
2833,1779,1789
2834,1780,1790
2835,1780,1790
2836,1781,1791
2837,1781,1791
2838,1782,1792
2839,1782,1792
2840,1783,1793
2841,1784,1794
2842,1784,1794
2843,1785,1795
2844,1785,1795
2845,1786,1796
2846,1786,1797
2847,1787,1797
2848,1787,1798
2849,1788,1798
2850,1789,1799
2851,1789,1800
2852,1790,1800
2853,1790,1801
2854,1791,1801
2855,1791,1802
2856,1792,1803
2857,1793,1803
2858,1793,1804
2859,1794,1804
2860,1794,1805
2861,1795,1806
2862,1796,1806
2863,1796,1807
2864,1797,1808
2865,1797,1808
2866,1798,1809
2867,1799,1810
2868,1799,1810
2869,1800,1811
2870,1800,1811
2871,1801,1812
2872,1802,1813
2873,1802,1813
2874,1803,1814
2875,1803,1815
2876,1804,1815
2877,1805,1816
2878,1805,1817
2879,1806,1818
2880,1807,1818
2881,1807,1819
2882,1808,1820
2883,1809,1820
2884,1809,1821
2885,1810,1822
2886,1811,1822
2887,1811,1823
2888,1812,1824
2889,1813,1824
2890,1813,1825
2891,1814,1826
2892,1815,1827
2893,1815,1827
2894,1816,1828
2895,1817,1829
2896,1817,1830
2897,1818,1830
2898,1819,1831
2899,1819,1832
2900,1820,1832
2901,1821,1833
2902,1821,1834
2903,1822,1835
2904,1823,1835
2905,1823,1836
2906,1824,1837
2907,1825,1838
2908,1826,1839
2909,1826,1839
2910,1827,1840
2911,1828,1841
2912,1828,1842
2913,1829,1842
2914,1830,1843
2915,1831,1844
2916,1831,1845
2917,1832,1846
2918,1833,1846
2919,1834,1847
2920,1834,1848
2921,1835,1849
3052,1966,1994
3053,1967,1995
3054,1969,1997
3055,1970,1998
3056,1971,2000
3057,1973,2001
3058,1974,2003
3059,1976,2005
3060,1977,2006
3061,1978,2008
3062,1980,2009
3063,1981,2011
3064,1983,2013
3065,1984,2014
3066,1985,2016
3067,1987,2018
3068,1988,2019
3069,1990,2021
3070,1991,2023
3071,1993,2024
3072,1994,2026
3073,1996,2028
3074,1997,2030
3075,1999,2031
3076,2000,2033
3077,2002,2035
3078,2003,2037
3079,2005,2039
3080,2007,2040
3081,2008,2042
3082,2010,2044
3083,2011,2046
3084,2013,2048
3085,2014,2050
3086,2016,2052
3087,2018,2054
3088,2019,2056
3089,2021,2058
3090,2023,2060
3091,2024,2062
3092,2026,2064
3093,2028,2066
3094,2030,2068
3095,2031,2070
3096,2033,2072
3097,2035,2074
3098,2037,2076
3099,2038,2078
3100,2040,2080
3101,2042,2083
3102,2044,2085
3103,2046,2087
3104,2047,2089
3105,2049,2092
3106,2051,2094
3107,2053,2096
3108,2055,2099
3109,2057,2101
3110,2059,2103
3111,2061,2106
3112,2063,2108
3113,2065,2111
3114,2067,2113
3115,2069,2116
3116,2071,2119
3117,2073,2121
3118,2075,2124
3119,2077,2126
3150,2156,2242
3151,2159,2247
3152,2162,2254
3153,2166,2260
3154,2169,2267
3178,2307,2370
3177,2292,2385
3176,2281,2395
3175,2272,2404
3174,2264,2411
3173,2257,2418
3172,2250,2424
3171,2243,2430
3170,2238,2435
3169,2232,2440
3168,2227,2445
3155,2172,2275
3156,2176,2283
3156,2464,2472
3157,2180,2292
3157,2448,2475
3158,2183,2303
3158,2434,2475
3159,2187,2317
3159,2418,2473
3160,2191,2336
3160,2397,2471
3161,2195,2469
3162,2199,2466
3163,2203,2463
3164,2208,2460
3165,2212,2457
3166,2217,2453
3167,2222,2449
3149,2153,2236
3148,2150,2231
3147,2147,2226
3146,2144,2221
3145,2141,2216
3144,2138,2211
3143,2135,2207
3142,2132,2203
3141,2130,2199
3140,2127,2195
3139,2124,2191
3138,2122,2187
3137,2119,2183
3136,2116,2179
3135,2114,2176
3134,2111,2172
3133,2109,2169
3132,2107,2165
3131,2104,2162
3130,2102,2159
3129,2099,2156
3128,2097,2153
3127,2095,2150
3126,2092,2146
3125,2090,2143
3124,2088,2141
3123,2086,2138
3122,2084,2135
3121,2081,2132
3120,2079,2129
3051,1965,1992
3050,1963,1991
3049,1962,1989
3048,1961,1988
3047,1959,1986
3046,1958,1985
3045,1957,1983
3044,1956,1982
3043,1954,1980
3042,1953,1979
3041,1952,1977
3040,1951,1976
3039,1949,1975
3038,1948,1973
3037,1947,1972
3036,1946,1970
3035,1944,1969
3034,1943,1968
3033,1942,1966
3032,1941,1965
3031,1940,1964
3030,1938,1962
3029,1937,1961
3028,1936,1960
3027,1935,1958
3026,1934,1957
3025,1932,1956
3024,1931,1954
3023,1930,1953
3022,1929,1952
3021,1928,1951
3020,1927,1949
3019,1926,1948
3018,1924,1947
3017,1923,1946
3016,1922,1944
3015,1921,1943
3014,1920,1942
3013,1919,1941
3012,1918,1939
3011,1917,1938
3010,1916,1937
3009,1914,1936
3008,1913,1935
3007,1912,1933
3006,1911,1932
3005,1910,1931
3004,1909,1930
3003,1908,1929
3002,1907,1927
3001,1906,1926
3000,1905,1925
2999,1904,1924
2998,1903,1923
2997,1902,1922
2996,1901,1921
2995,1900,1919
2994,1899,1918
2993,1898,1917
2992,1897,1916
2991,1896,1915
2990,1895,1914
2989,1894,1913
2988,1893,1912
2987,1892,1911
2986,1891,1910
2985,1890,1908
2984,1889,1907
2983,1888,1906
2982,1887,1905
2981,1886,1904
2980,1885,1903
2979,1884,1902
2978,1883,1901
2977,1882,1900
2976,1881,1899
2975,1880,1898
2974,1879,1897
2973,1878,1896
2972,1878,1895
2971,1877,1894
2970,1876,1893
2969,1875,1892
2968,1874,1891
2967,1873,1890
2966,1872,1889
2965,1871,1888
2964,1870,1887
2963,1869,1886
2962,1869,1885
2961,1868,1884
2960,1867,1883
2959,1866,1882
2958,1865,1881
2957,1864,1880
2956,1863,1879
2955,1862,1878
2954,1862,1878
2953,1861,1877
2952,1860,1876
2951,1859,1875
2950,1858,1874
2949,1857,1873
2948,1856,1872
2947,1856,1871
2946,1855,1870
2945,1854,1869
2944,1853,1868
2943,1852,1867
2942,1852,1867
2941,1851,1866
2940,1850,1865
2939,1849,1864
2938,1848,1863
2937,1848,1862
2936,1847,1861
2935,1846,1860
2934,1845,1860
2933,1844,1859
2932,1844,1858
2931,1843,1857
2930,1842,1856
2929,1841,1855
2928,1840,1855
2927,1840,1854
2926,1839,1853
2925,1838,1852
2924,1837,1851
2923,1837,1850
2922,1836,1850
2637,1711,1719
2636,1711,1719
2635,1711,1719
2634,1710,1719
2633,1710,1719
2632,1710,1718
2631,1710,1718
2630,1710,1718
2629,1710,1718
2628,1709,1718
2627,1709,1718
2626,1709,1717
2625,1709,1717
2624,1709,1717
2623,1709,1717
2622,1708,1717
2621,1708,1717
2620,1708,1717
2619,1708,1716
2618,1708,1716
2617,1708,1716
2616,1707,1716
2615,1707,1716
2614,1707,1716
2613,1707,1716
2612,1707,1715
2611,1707,1715
2610,1707,1715
2609,1706,1715
2608,1706,1715
2607,1706,1715
2606,1706,1715
2605,1706,1715
2604,1706,1714
2603,1706,1714
2602,1705,1714
2601,1705,1714
2600,1705,1714
2599,1705,1714
2598,1705,1714
2597,1705,1714
2596,1705,1713
2595,1705,1713
2594,1705,1713
2593,1704,1713
2592,1704,1713
2591,1704,1713
2590,1704,1713
2589,1704,1713
2588,1704,1713
2587,1704,1713
2586,1704,1713
2585,1704,1712
2584,1703,1712
2583,1703,1712
2582,1703,1712
2581,1703,1712
2580,1703,1712
2579,1703,1712
2578,1703,1712
2577,1703,1712
2576,1703,1712
2575,1703,1712
2574,1702,1712
2573,1702,1711
2572,1702,1711
2571,1702,1711
2570,1702,1711
2569,1702,1711
2568,1702,1711
2567,1702,1711
2566,1702,1711
2565,1702,1711
2564,1702,1711
2563,1702,1711
2562,1702,1711
2561,1701,1711
2560,1701,1711
2559,1701,1711
2558,1701,1711
2557,1701,1711
2556,1701,1710
2555,1701,1710
2554,1701,1710
2553,1701,1710
2552,1701,1710
2551,1701,1710
2550,1701,1710
2549,1701,1710
2548,1701,1710
2547,1701,1710
2546,1701,1710
2545,1701,1710
2544,1701,1710
2543,1701,1710
2542,1701,1710
2541,1700,1710
2540,1700,1710
2539,1700,1710
2538,1700,1710
2537,1700,1710
2536,1700,1710
2535,1700,1710
2534,1700,1710
2533,1700,1710
2532,1700,1710
2531,1700,1710
2530,1700,1710
2529,1700,1710
2528,1700,1710
2527,1700,1710
2526,1700,1710
2525,1700,1710
2524,1700,1710
2523,1700,1710
2522,1700,1710
2521,1700,1710
2520,1700,1710
2519,1700,1710
2518,1700,1710
2517,1700,1710
2517,2897,2900
2516,1700,1710
2516,2896,2901
2515,1700,1710
2515,2895,2901
2515,3242,3244
2514,1700,1710
2514,2895,2902
2514,3241,3245
2513,1700,1710
2513,2894,2902
2513,3240,3245
2512,1700,1710
2512,2894,2903
2512,3240,3245
2511,1700,1710
2511,2894,2903
2511,3240,3246
2510,1700,1710
2510,2894,2903
2510,3240,3246
2509,1700,1710
2509,2893,2903
2509,3240,3245
2508,1700,1710
2508,2893,2904
2508,3240,3245
2507,1700,1710
2507,2893,2904
2507,3240,3245
2506,1700,1710
2506,2893,2904
2506,3241,3244
2505,1700,1710
2505,2893,2904
2505,3242,3243
2504,1700,1710
2504,2893,2904
2503,1700,1710
2503,2892,2904
2502,1700,1710
2502,2892,2904
2501,1700,1710
2501,2892,2904
2500,1700,1711
2500,2892,2904
2499,1700,1711
2499,2892,2905
2498,1700,1711
2498,2892,2905
2497,1700,1711
2497,2892,2905
2496,1700,1711
2496,2892,2904
2495,1700,1711
2495,2892,2904
2494,1700,1711
2494,2893,2904
2493,1701,1711
2493,2893,2904
2492,1701,1711
2492,2893,2904
2491,1701,1711
2491,2893,2904
2490,1701,1711
2490,2893,2904
2489,1701,1711
2489,2893,2904
2488,1701,1711
2488,2893,2904
2487,1701,1711
2487,2894,2903
2486,1701,1711
2486,2894,2903
2485,1701,1711
2485,2894,2903
2484,1701,1711
2484,2895,2902
2483,1701,1712
2483,2895,2902
2482,1701,1712
2482,2895,2902
2481,1701,1712
2481,2896,2901
2480,1701,1712
2480,2897,2900
2479,1701,1712
2479,2898,2899
2478,1701,1712
2477,1701,1712
2476,1701,1712
2475,1701,1712
2474,1701,1712
2473,1702,1712
2472,1702,1712
2471,1702,1712
2470,1702,1713
2469,1702,1713
2468,1702,1713
2467,1702,1713
2466,1702,1713
2465,1702,1713
2464,1702,1713
2463,1702,1713
2462,1702,1713
2461,1702,1713
2460,1703,1714
2459,1703,1714
2458,1703,1714
2457,1703,1714
2456,1703,1714
2455,1703,1714
2454,1703,1714
2453,1703,1714
2452,1703,1714
2451,1703,1715
2450,1704,1715
2449,1704,1715
2448,1704,1715
2447,1704,1715
2446,1704,1715
2445,1704,1715
2444,1704,1716
2443,1704,1716
2442,1704,1716
2441,1705,1716
2440,1705,1716
2439,1705,1716
2438,1705,1716
2437,1705,1716
2436,1705,1717
2435,1705,1717
2434,1705,1717
2433,1706,1717
2432,1706,1717
2431,1706,1717
2430,1706,1718
2429,1706,1718
2428,1706,1718
2427,1706,1718
2426,1706,1718
2425,1707,1718
2424,1707,1719
2423,1707,1719
2422,1707,1719
2421,1707,1719
2420,1707,1719
2419,1707,1719
2418,1708,1720
2417,1708,1720
2416,1708,1720
2415,1708,1720
2414,1708,1720
2413,1708,1720
2412,1709,1721
2411,1709,1721
2410,1709,1721
2409,1709,1721
2408,1709,1721
2407,1709,1722
2406,1710,1722
2405,1710,1722
2404,1710,1722
2403,1710,1722
2402,1710,1723
2401,1710,1723
2400,1711,1723
2399,1711,1723
2398,1711,1723
2397,1711,1724
2396,1711,1724
2395,1712,1724
2394,1712,1724
2393,1712,1724
2392,1712,1725
2391,1712,1725
2390,1713,1725
2389,1713,1725
2388,1713,1726
2387,1713,1726
2386,1713,1726
2385,1714,1726
2384,1714,1726
2383,1714,1727
2382,1714,1727
2381,1714,1727
2380,1715,1727
2379,1715,1728
2378,1715,1728
2377,1715,1728
2376,1716,1728
2375,1716,1729
2374,1716,1729
2373,1716,1729
2372,1716,1729
2371,1717,1730
2370,1717,1730
2369,1717,1730
2368,1717,1730
2367,1718,1731
2366,1718,1731
2365,1718,1731
2364,1718,1731
2363,1719,1732
2362,1719,1732
2361,1719,1732
2360,1719,1732
2359,1720,1733
2358,1720,1733
2357,1720,1733
2356,1720,1734
2355,1721,1734
2354,1721,1734
2353,1721,1734
2352,1721,1735
2351,1722,1735
2350,1722,1735
2349,1722,1736
2348,1722,1736
2347,1723,1736
2346,1723,1736
2345,1723,1737
2344,1723,1737
2343,1724,1737
2342,1724,1738
2341,1724,1738
2340,1725,1738
2339,1725,1739
2338,1725,1739
2337,1725,1739
2336,1726,1740
2335,1726,1740
2334,1726,1740
2333,1727,1740
2332,1727,1741
2331,1727,1741
2330,1728,1741
2329,1728,1742
2328,1728,1742
2327,1728,1742
2326,1729,1743
2325,1729,1743
2324,1729,1743
2323,1730,1744
2322,1730,1744
2321,1730,1744
2320,1731,1745
2319,1731,1745
2318,1731,1745
2317,1732,1746
2316,1732,1746
2315,1732,1747
2314,1733,1747
2313,1733,1747
2312,1733,1748
2311,1734,1748
2310,1734,1748
2309,1734,1749
2308,1735,1749
2307,1735,1749
2306,1735,1750
2305,1736,1750
2304,1736,1751
2303,1736,1751
2302,1737,1751
2301,1737,1752
2300,1737,1752
2299,1738,1752
2298,1738,1753
2297,1738,1753
2296,1739,1754
2295,1739,1754
2294,1739,1754
2293,1740,1755
2292,1740,1755
2291,1741,1756
2290,1741,1756
2289,1741,1756
2288,1742,1757
2287,1742,1757
2286,1742,1758
2285,1743,1758
2284,1743,1758
2283,1744,1759
2282,1744,1759
2281,1744,1760
2280,1745,1760
2279,1745,1760
2278,1746,1761
2277,1746,1761
2276,1746,1762
2275,1747,1762
2274,1747,1763
2273,1748,1763
2272,1748,1763
2271,1748,1764
2270,1749,1764
2269,1749,1765
2268,1750,1765
2267,1750,1766
2266,1750,1766
2265,1751,1767
2264,1751,1767
2263,1752,1767
2262,1752,1768
2261,1753,1768
2260,1753,1769
2259,1753,1769
2258,1754,1770
2257,1754,1770
2256,1755,1771
2255,1755,1771
2254,1756,1772
2253,1756,1772
2252,1757,1773
2251,1757,1773
2250,1757,1774
2249,1758,1774
2248,1758,1775
2247,1759,1775
2246,1759,1775
2245,1760,1776
2244,1760,1776
2243,1761,1777
2242,1761,1777
2241,1762,1778
2240,1762,1778
2239,1762,1779
2238,1763,1779
2237,1763,1780
2236,1764,1780
2235,1764,1781
2234,1765,1782
2233,1765,1782
2232,1766,1783
2231,1766,1783
2230,1767,1784
2229,1767,1784
2228,1768,1785
2227,1768,1785
2226,1769,1786
2225,1769,1786
2224,1770,1787
2223,1770,1787
2222,1771,1788
2221,1771,1788
2220,1772,1789
2219,1772,1790
2218,1773,1790
2217,1773,1791
2216,1774,1791
2215,1774,1792
2214,1775,1792
2213,1776,1793
2212,1776,1793
2211,1777,1794
2210,1777,1795
2209,1778,1795
2208,1778,1796
2207,1779,1796
2206,1779,1797
2205,1780,1797
2204,1780,1798
2203,1781,1799
2202,1781,1799
2201,1782,1800
2200,1783,1800
2199,1783,1801
2198,1784,1802
2197,1784,1802
2196,1785,1803
2195,1785,1803
2194,1786,1804
2193,1787,1805
2192,1787,1805
2191,1788,1806
2190,1788,1806
2189,1789,1807
2188,1789,1808
2187,1790,1808
2186,1791,1809
2185,1791,1810
2184,1792,1810
2183,1792,1811
2182,1793,1811
2181,1794,1812
2180,1794,1813
2179,1795,1813
2178,1795,1814
2177,1796,1815
2176,1797,1815
2175,1797,1816
2174,1798,1817
2173,1799,1817
2172,1799,1818
2171,1800,1819
2170,1800,1819
2169,1801,1820
2168,1802,1821
2167,1802,1821
2166,1803,1822
2165,1804,1823
2164,1804,1823
2163,1805,1824
2162,1806,1825
2161,1806,1826
2160,1807,1826
2159,1808,1827
2158,1808,1828
2157,1809,1828
2156,1810,1829
2155,1810,1830
2154,1811,1830
2153,1812,1831
2152,1812,1832
2151,1813,1833
2150,1814,1833
2149,1814,1834
2148,1815,1835
2147,1816,1836
2146,1816,1836
2145,1817,1837
2144,1818,1838
2143,1818,1839
2142,1819,1839
2141,1820,1840
2140,1821,1841
2139,1821,1842
2138,1822,1842
2137,1823,1843
2136,1823,1844
2135,1824,1845
2134,1825,1845
2133,1826,1846
2132,1826,1847
2131,1827,1848
2130,1828,1849
2129,1829,1849
2128,1829,1850
2127,1830,1851
2126,1831,1852
2125,1832,1853
2124,1832,1853
2123,1833,1854
2122,1834,1855
2121,1835,1856
2120,1835,1857
2119,1836,1857
2118,1837,1858
2117,1838,1859
2116,1839,1860
2115,1839,1861
2114,1840,1862
2113,1841,1862
2112,1842,1863
2111,1843,1864
2110,1843,1865
2109,1844,1866
2108,1845,1867
2107,1846,1868
2106,1847,1868
2105,1847,1869
2104,1848,1870
2103,1849,1871
2102,1850,1872
2101,1851,1873
2100,1852,1874
2099,1852,1875
2098,1853,1876
2097,1854,1876
2096,1855,1877
2095,1856,1878
2094,1857,1879
2093,1857,1880
2092,1858,1881
2091,1859,1882
2090,1860,1883
2089,1861,1884
2088,1862,1885
2087,1863,1886
2086,1864,1887
2085,1864,1888
2084,1865,1889
2083,1866,1889
2082,1867,1890
2081,1868,1891
2080,1869,1892
2079,1870,1893
2078,1871,1894
2077,1872,1895
2076,1873,1896
2075,1874,1897
2074,1875,1898
2073,1875,1899
2072,1876,1900
2071,1877,1901
2070,1878,1902
