1865,2315,2365
1866,2297,2383
1867,2285,2395
1868,2275,2405
1869,2266,2413
1870,2258,2420
1871,2251,2427
1872,2244,2433
1873,2238,2439
1874,2232,2445
1875,2227,2450
1876,2222,2455
1877,2217,2459
1878,2212,2464
1879,2207,2468
1880,2203,2472
1881,2198,2348
1881,2368,2476
1882,2194,2319
1882,2397,2480
1883,2190,2305
1883,2413,2483
1884,2186,2293
1884,2425,2486
1885,2182,2283
1885,2435,2490
1886,2178,2275
1886,2444,2493
1887,2175,2267
1887,2452,2496
1888,2171,2260
1888,2460,2499
1889,2168,2254
1889,2468,2501
1890,2164,2247
1890,2475,2504
1891,2161,2242
1891,2482,2506
1892,2157,2236
1892,2489,2508
1893,2154,2231
1893,2496,2509
1894,2151,2226
1894,2506,2507
1895,2148,2221
1896,2145,2216
1897,2142,2212
1898,2139,2207
1899,2136,2203
1900,2133,2199
1901,2130,2195
1902,2127,2191
1903,2125,2187
1904,2122,2184
1905,2119,2180
1906,2116,2176
1907,2114,2173
1908,2111,2170
1909,2109,2166
1910,2106,2163
1911,2104,2160
1912,2101,2157
1913,2099,2153
1914,2096,2150
1915,2094,2147
1916,2092,2144
1917,2089,2142
1918,2087,2139
1919,2085,2136
1920,2083,2133
1921,2080,2130
1922,2078,2128
1923,2076,2125
1924,2074,2122
1925,2072,2120
1926,2069,2117
1927,2067,2115
1928,2065,2112
1929,2063,2110
1930,2061,2107
1931,2059,2105
1932,2057,2103
1933,2055,2100
1934,2053,2098
1935,2051,2096
1936,2049,2093
1937,2047,2091
1938,2045,2089
1939,2043,2087
1940,2042,2084
1941,2040,2082
1942,2038,2080
1943,2036,2078
1944,2034,2076
1945,2032,2074
1946,2031,2072
1947,2029,2070
1948,2027,2068
1949,2025,2066
1950,2024,2064
1951,2022,2062
1952,2020,2060
1953,2018,2058
1954,2017,2056
1955,2015,2054
1956,2013,2052
1957,2012,2050
1958,2010,2048
1959,2008,2046
1960,2007,2045
1961,2005,2043
1962,2003,2041
1963,2002,2039
1964,2000,2037
1965,1999,2036
1966,1997,2034
1967,1996,2032
1968,1994,2030
1969,1992,2029
1970,1991,2027
1971,1989,2025
1972,1988,2024
1973,1986,2022
1974,1985,2020
1975,1983,2019
1976,1982,2017
1977,1980,2015
1978,1979,2014
1979,1978,2012
1980,1976,2011
1981,1975,2009
1982,1973,2007
1983,1972,2006
1984,1970,2004
1985,1969,2003
1986,1968,2001
1987,1966,2000
1988,1965,1998
1989,1964,1997
1990,1962,1995
1991,1961,1994
1992,1959,1992
1993,1958,1991
1994,1957,1989
1995,1955,1988
1996,1954,1986
1997,1953,1985
1998,1951,1984
1999,1950,1982
2000,1949,1981
2001,1948,1979
2002,1946,1978
2003,1945,1976
2004,1944,1975
2005,1943,1974
2006,1941,1972
2007,1940,1971
2008,1939,1970
2009,1938,1968
2010,1936,1967
2011,1935,1966
2012,1934,1964
2013,1933,1963
2014,1931,1962
2015,1930,1960
2016,1929,1959
2017,1928,1958
2018,1927,1957
2019,1926,1955
2020,1924,1954
2021,1923,1953
2022,1922,1952
2023,1921,1950
2024,1920,1949
2025,1919,1948
2026,1917,1947
2027,1916,1945
2028,1915,1944
2029,1914,1943
2030,1913,1942
2031,1912,1941
2032,1911,1939
2033,1910,1938
2034,1908,1937
2035,1907,1936
2036,1906,1935
2037,1905,1934
2038,1904,1932
2039,1903,1931
2040,1902,1930
2041,1901,1929
2042,1900,1928
2043,1899,1927
2044,1898,1926
2045,1897,1924
2046,1896,1923
2047,1895,1922
2048,1894,1921
2049,1893,1920
2050,1892,1919
2051,1891,1918
2052,1890,1917
2053,1889,1916
2054,1888,1915
2055,1887,1914
2056,1886,1912
2057,1885,1911
2058,1884,1910
2059,1883,1909
2060,1882,1908
2061,1881,1907
2062,1880,1906
2063,1879,1905
2064,1878,1904
2633,1705,1722
2634,1706,1723
2635,1706,1723
2636,1706,1723
2637,1706,1723
2638,1706,1723
2639,1707,1724
2640,1707,1724
2641,1707,1724
2642,1707,1724
2643,1707,1724
2644,1708,1725
2645,1708,1725
2646,1708,1725
2647,1708,1725
2648,1708,1725
2649,1709,1726
2650,1709,1726
2651,1709,1726
2652,1709,1726
2653,1709,1726
2654,1710,1727
2655,1710,1727
2656,1710,1727
2657,1710,1727
2658,1710,1728
2659,1711,1728
2660,1711,1728
2661,1711,1728
2662,1711,1728
2663,1712,1729
2664,1712,1729
2665,1712,1729
2666,1712,1729
2667,1712,1730
2668,1713,1730
2669,1713,1730
2670,1713,1730
2671,1713,1731
2672,1714,1731
2673,1714,1731
2674,1714,1731
2675,1714,1732
2676,1715,1732
2677,1715,1732
2678,1715,1732
2679,1715,1733
2680,1716,1733
2681,1716,1733
2682,1716,1733
2683,1716,1734
2684,1717,1734
2685,1717,1734
2686,1717,1734
2687,1717,1735
2688,1718,1735
2689,1718,1735
2690,1718,1736
2691,1718,1736
2692,1719,1736
2693,1719,1736
2694,1719,1737
2695,1720,1737
2696,1720,1737
2697,1720,1738
2698,1720,1738
2699,1721,1738
2700,1721,1738
2701,1721,1739
2702,1722,1739
2703,1722,1739
2704,1722,1740
2705,1722,1740
2706,1723,1740
2707,1723,1741
2708,1723,1741
2709,1724,1741
2710,1724,1741
2711,1724,1742
2712,1725,1742
2713,1725,1742
2714,1725,1743
2715,1726,1743
2716,1726,1743
2717,1726,1744
2718,1726,1744
2719,1727,1744
2720,1727,1745
2721,1727,1745
2722,1728,1745
2723,1728,1746
2724,1728,1746
2725,1729,1746
2726,1729,1747
2727,1729,1747
2728,1730,1747
2729,1730,1748
2730,1730,1748
2731,1731,1748
2732,1731,1749
2733,1731,1749
2734,1732,1749
2735,1732,1750
2736,1732,1750
2737,1733,1751
2738,1733,1751
2739,1734,1751
2740,1734,1752
2741,1734,1752
2742,1735,1752
2743,1735,1753
2744,1735,1753
2745,1736,1754
2746,1736,1754
2747,1736,1754
2748,1737,1755
2749,1737,1755
2750,1738,1755
2751,1738,1756
2752,1738,1756
2753,1739,1757
2754,1739,1757
2755,1739,1757
2756,1740,1758
2757,1740,1758
2758,1741,1759
2759,1741,1759
2760,1741,1759
2761,1742,1760
2762,1742,1760
2763,1743,1761
2764,1743,1761
2765,1743,1762
2766,1744,1762
2767,1744,1762
2768,1745,1763
2769,1745,1763
2770,1745,1764
2771,1746,1764
2772,1746,1765
2773,1747,1765
2774,1747,1765
2775,1748,1766
2776,1748,1766
2777,1748,1767
2778,1749,1767
2779,1749,1768
2780,1750,1768
2781,1750,1768
2782,1751,1769
2783,1751,1769
2784,1751,1770
2785,1752,1770
2786,1752,1771
2787,1753,1771
2788,1753,1772
2789,1754,1772
2790,1754,1773
2791,1755,1773
2792,1755,1774
2793,1756,1774
2794,1756,1775
2795,1756,1775
2796,1757,1775
2797,1757,1776
2798,1758,1776
2799,1758,1777
2800,1759,1777
2801,1759,1778
2802,1760,1778
2803,1760,1779
2804,1761,1779
2805,1761,1780
2806,1762,1780
2807,1762,1781
2808,1763,1781
2809,1763,1782
2810,1764,1782
2811,1764,1783
2812,1765,1784
2813,1765,1784
2814,1766,1785
2815,1766,1785
2816,1767,1786
2817,1767,1786
2818,1768,1787
2819,1768,1787
2820,1769,1788
2821,1769,1788
2822,1770,1789
2823,1770,1789
2824,1771,1790
2825,1771,1790
2826,1772,1791
2827,1772,1792
2828,1773,1792
2829,1773,1793
2830,1774,1793
2831,1774,1794
2832,1775,1794
2833,1776,1795
2834,1776,1795
2835,1777,1796
2836,1777,1797
2837,1778,1797
2838,1778,1798
2839,1779,1798
2840,1779,1799
2841,1780,1800
2842,1781,1800
2843,1781,1801
2844,1782,1801
2845,1782,1802
2846,1783,1802
2847,1783,1803
2848,1784,1804
2849,1785,1804
2850,1785,1805
2851,1786,1806
2852,1786,1806
2853,1787,1807
2854,1787,1807
2855,1788,1808
2856,1789,1809
2857,1789,1809
2858,1790,1810
2859,1790,1810
2860,1791,1811
2861,1792,1812
2862,1792,1812
2863,1793,1813
2864,1794,1814
2865,1794,1814
2866,1795,1815
2867,1795,1816
2868,1796,1816
2869,1797,1817
2870,1797,1818
2871,1798,1818
2872,1799,1819
2873,1799,1820
2874,1800,1820
2875,1800,1821
2876,1801,1822
2877,1802,1822
2878,1802,1823
2879,1803,1824
2880,1804,1824
2881,1804,1825
2882,1805,1826
2883,1806,1826
2884,1806,1827
2885,1807,1828
2886,1808,1829
2887,1808,1829
2888,1809,1830
2889,1810,1831
2890,1810,1831
2891,1811,1832
2892,1812,1833
2893,1812,1834
2894,1813,1834
2895,1814,1835
2896,1815,1836
2897,1815,1837
2898,1816,1837
2899,1817,1838
2900,1817,1839
2901,1818,1840
2902,1819,1840
2903,1820,1841
2904,1820,1842
2905,1821,1843
2906,1822,1843
2907,1822,1844
2908,1823,1845
2909,1824,1846
2910,1825,1846
2911,1825,1847
2912,1826,1848
2913,1827,1849
2914,1828,1850
2915,1828,1850
2916,1829,1851
3047,1961,1994
3048,1962,1995
3049,1964,1997
3050,1965,1998
3051,1966,2000
3052,1968,2002
3053,1969,2003
3054,1971,2005
3055,1972,2006
3056,1973,2008
3057,1975,2009
3058,1976,2011
3059,1978,2013
3060,1979,2014
3061,1981,2016
3062,1982,2017
3063,1984,2019
3064,1985,2021
3065,1986,2022
3066,1988,2024
3067,1989,2026
3068,1991,2028
3069,1992,2029
3070,1994,2031
3071,1996,2033
3072,1997,2034
3073,1999,2036
3074,2000,2038
3075,2002,2040
3076,2003,2042
3077,2005,2043
3078,2007,2045
3079,2008,2047
3080,2010,2049
3081,2011,2051
3082,2013,2053
3083,2015,2055
3084,2016,2057
3085,2018,2059
3086,2020,2061
3087,2022,2063
3088,2023,2065
3089,2025,2067
3090,2027,2069
3091,2028,2071
3092,2030,2073
3093,2032,2075
3094,2034,2077
3095,2036,2079
3096,2037,2081
3097,2039,2083
3098,2041,2086
3099,2043,2088
3100,2045,2090
3101,2047,2092
3102,2049,2095
3103,2051,2097
3104,2053,2099
3105,2055,2102
3106,2056,2104
3107,2058,2106
3108,2060,2109
3109,2063,2111
3110,2065,2114
3111,2067,2116
3112,2069,2119
3113,2071,2121
3114,2073,2124
3153,2180,2288
3152,2176,2280
3151,2172,2272
3150,2169,2264
3149,2165,2258
3148,2162,2251
3147,2159,2245
3146,2155,2240
3145,2152,2234
3144,2149,2229
3143,2146,2224
3142,2143,2219
3141,2140,2215
3140,2137,2210
3139,2134,2206
3138,2131,2202
3125,2098,2156
3126,2100,2159
3127,2103,2162
3128,2105,2165
3129,2107,2169
3130,2110,2172
3131,2113,2175
3132,2115,2179
3133,2118,2183
3134,2120,2186
3135,2123,2190
3136,2126,2194
3137,2129,2198
3154,2184,2298
3154,2444,2464
3155,2187,2310
3155,2428,2465
3156,2191,2325
3156,2410,2463
3157,2196,2354
3157,2379,2461
3158,2200,2459
3159,2204,2456
3160,2209,2453
3161,2213,2449
3162,2218,2445
3163,2223,2441
3164,2229,2437
3165,2234,2432
3166,2240,2427
3167,2247,2421
3168,2254,2415
3169,2261,2408
3170,2269,2400
3171,2279,2391
3172,2290,2381
3173,2305,2366
3124,2095,2153
3123,2093,2149
3122,2091,2146
3121,2088,2144
3120,2086,2141
3119,2084,2138
3118,2082,2135
3117,2079,2132
3116,2077,2129
3115,2075,2127
3046,1960,1992
3045,1958,1991
3044,1957,1989
3043,1956,1988
3042,1954,1987
3041,1953,1985
3040,1952,1984
3039,1951,1982
3038,1949,1981
3037,1948,1979
3036,1947,1978
3035,1945,1977
3034,1944,1975
3033,1943,1974
3032,1942,1972
3031,1940,1971
3030,1939,1970
3029,1938,1968
3028,1937,1967
3027,1936,1966
3026,1934,1964
3025,1933,1963
3024,1932,1962
3023,1931,1960
3022,1930,1959
3021,1928,1958
3020,1927,1957
3019,1926,1955
3018,1925,1954
3017,1924,1953
3016,1923,1951
3015,1921,1950
3014,1920,1949
3013,1919,1948
3012,1918,1947
3011,1917,1945
3010,1916,1944
3009,1915,1943
3008,1913,1942
3007,1912,1940
3006,1911,1939
3005,1910,1938
3004,1909,1937
3003,1908,1936
3002,1907,1934
3001,1906,1933
3000,1905,1932
2999,1904,1931
2998,1903,1930
2997,1902,1929
2996,1901,1928
2995,1899,1926
2994,1898,1925
2993,1897,1924
2992,1896,1923
2991,1895,1922
2990,1894,1921
2989,1893,1920
2988,1892,1919
2987,1891,1918
2986,1890,1916
2985,1889,1915
2984,1888,1914
2983,1887,1913
2982,1886,1912
2981,1885,1911
2980,1884,1910
2979,1883,1909
2978,1882,1908
2977,1881,1907
2976,1880,1906
2975,1879,1905
2974,1878,1904
2973,1878,1903
2972,1877,1902
2971,1876,1901
2970,1875,1900
2969,1874,1899
2968,1873,1898
2967,1872,1897
2966,1871,1896
2965,1870,1895
2964,1869,1894
2963,1868,1893
2962,1867,1892
2961,1866,1891
2960,1865,1890
2959,1865,1889
2958,1864,1888
2957,1863,1887
2956,1862,1886
2955,1861,1885
2954,1860,1884
2953,1859,1883
2952,1858,1882
2951,1857,1881
2950,1857,1880
2949,1856,1879
2948,1855,1879
2947,1854,1878
2946,1853,1877
2945,1852,1876
2944,1851,1875
2943,1851,1874
2942,1850,1873
2941,1849,1872
2940,1848,1871
2939,1847,1870
2938,1846,1870
2937,1846,1869
2936,1845,1868
2935,1844,1867
2934,1843,1866
2933,1842,1865
2932,1842,1864
2931,1841,1864
2930,1840,1863
2929,1839,1862
2928,1838,1861
2927,1838,1860
2926,1837,1859
2925,1836,1858
2924,1835,1858
2923,1834,1857
2922,1834,1856
2921,1833,1855
2920,1832,1854
2919,1831,1854
2918,1831,1853
2917,1830,1852
2632,1705,1722
2631,1705,1722
2630,1705,1722
2629,1705,1722
2628,1705,1722
2627,1704,1721
2626,1704,1721
2625,1704,1721
2624,1704,1721
2623,1704,1721
2622,1704,1721
2621,1703,1720
2620,1703,1720
2619,1703,1720
2618,1703,1720
2617,1703,1720
2616,1703,1720
2615,1703,1720
2614,1702,1719
2613,1702,1719
2612,1702,1719
2611,1702,1719
2610,1702,1719
2609,1702,1719
2608,1702,1718
2607,1701,1718
2606,1701,1718
2605,1701,1718
2604,1701,1718
2603,1701,1718
2602,1701,1718
2601,1701,1718
2600,1700,1717
2599,1700,1717
2598,1700,1717
2597,1700,1717
2596,1700,1717
2595,1700,1717
2594,1700,1717
2593,1700,1717
2592,1699,1716
2591,1699,1716
2590,1699,1716
2589,1699,1716
2588,1699,1716
2587,1699,1716
2586,1699,1716
2585,1699,1716
2584,1699,1716
2583,1699,1716
2582,1698,1715
2581,1698,1715
2580,1698,1715
2579,1698,1715
2578,1698,1715
2577,1698,1715
2576,1698,1715
2575,1698,1715
2574,1698,1715
2573,1698,1715
2572,1698,1715
2571,1697,1714
2570,1697,1714
2569,1697,1714
2568,1697,1714
2567,1697,1714
2566,1697,1714
2565,1697,1714
2564,1697,1714
2563,1697,1714
2562,1697,1714
2561,1697,1714
2560,1697,1714
2559,1697,1714
2558,1697,1714
2557,1696,1713
2556,1696,1713
2555,1696,1713
2554,1696,1713
2553,1696,1713
2552,1696,1713
2551,1696,1713
2550,1696,1713
2549,1696,1713
2548,1696,1713
2547,1696,1713
2546,1696,1713
2545,1696,1713
2544,1696,1713
2543,1696,1713
2542,1696,1713
2541,1696,1713
2540,1696,1713
2539,1696,1713
2538,1696,1713
2537,1696,1713
2536,1696,1713
2535,1696,1713
2534,1695,1713
2533,1695,1713
2532,1695,1712
2531,1695,1712
2530,1695,1712
2529,1695,1712
2528,1695,1712
2527,1695,1712
2526,1695,1712
2525,1695,1712
2525,2896,2899
2524,1695,1712
2524,2895,2900
2523,1695,1712
2523,2895,2901
2522,1695,1712
2522,2894,2901
2521,1695,1712
2521,2894,2901
2520,1695,1712
2520,2893,2902
2519,1695,1712
2519,2893,2902
2518,1695,1712
2518,2893,2902
2517,1695,1712
2517,2893,2903
2517,3241,3244
2516,1695,1712
2516,2892,2903
2516,3240,3244
2515,1695,1712
2515,2892,2903
2515,3240,3245
2514,1695,1712
2514,2892,2903
2514,3239,3245
2513,1695,1712
2513,2892,2903
2513,3239,3245
2512,1695,1712
2512,2892,2903
2512,3239,3245
2511,1695,1712
2511,2892,2903
2511,3239,3245
2510,1695,1712
2510,2892,2904
2510,3240,3245
2509,1695,1712
2509,2892,2904
2509,3240,3244
2508,1695,1712
2508,2892,2904
2508,3241,3244
2507,1695,1713
2507,2892,2904
2506,1695,1713
2506,2892,2904
2505,1695,1713
2505,2892,2904
2504,1695,1713
2504,2892,2904
2503,1695,1713
2503,2892,2904
2502,1695,1713
2502,2892,2903
2501,1696,1713
2501,2892,2903
2500,1696,1713
2500,2892,2903
2499,1696,1713
2499,2892,2903
2498,1696,1713
2498,2892,2903
2497,1696,1713
2497,2892,2903
2496,1696,1713
2496,2893,2903
2495,1696,1713
2495,2893,2902
2494,1696,1713
2494,2893,2902
2493,1696,1713
2493,2893,2902
2492,1696,1713
2492,2894,2901
2491,1696,1713
2491,2894,2901
2490,1696,1713
2490,2895,2901
2489,1696,1713
2489,2895,2900
2488,1696,1713
2488,2896,2899
2487,1696,1713
2486,1696,1713
2485,1696,1713
2484,1696,1713
2483,1696,1713
2482,1696,1714
2481,1696,1714
2480,1696,1714
2479,1696,1714
2478,1696,1714
2477,1697,1714
2476,1697,1714
2475,1697,1714
2474,1697,1714
2473,1697,1714
2472,1697,1714
2471,1697,1714
2470,1697,1714
2469,1697,1714
2468,1697,1715
2467,1697,1715
2466,1697,1715
2465,1697,1715
2464,1697,1715
2463,1698,1715
2462,1698,1715
2461,1698,1715
2460,1698,1715
2459,1698,1715
2458,1698,1715
2457,1698,1716
2456,1698,1716
2455,1698,1716
2454,1698,1716
2453,1698,1716
2452,1699,1716
2451,1699,1716
2450,1699,1716
2449,1699,1716
2448,1699,1716
2447,1699,1717
2446,1699,1717
2445,1699,1717
2444,1699,1717
2443,1700,1717
2442,1700,1717
2441,1700,1717
2440,1700,1717
2439,1700,1718
2438,1700,1718
2437,1700,1718
2436,1700,1718
2435,1701,1718
2434,1701,1718
2433,1701,1718
2432,1701,1718
2431,1701,1719
2430,1701,1719
2429,1701,1719
2428,1701,1719
2427,1702,1719
2426,1702,1719
2425,1702,1720
2424,1702,1720
2423,1702,1720
2422,1702,1720
2421,1702,1720
2420,1703,1720
2419,1703,1720
2418,1703,1721
2417,1703,1721
2416,1703,1721
2415,1703,1721
2414,1704,1721
2413,1704,1721
2412,1704,1722
2411,1704,1722
2410,1704,1722
2409,1704,1722
2408,1705,1722
2407,1705,1722
2406,1705,1723
2405,1705,1723
2404,1705,1723
2403,1705,1723
2402,1706,1723
2401,1706,1724
2400,1706,1724
2399,1706,1724
2398,1706,1724
2397,1706,1724
2396,1707,1725
2395,1707,1725
2394,1707,1725
2393,1707,1725
2392,1707,1725
2391,1708,1726
2390,1708,1726
2389,1708,1726
2388,1708,1726
2387,1708,1726
2386,1709,1727
2385,1709,1727
2384,1709,1727
2383,1709,1727
2382,1709,1728
2381,1710,1728
2380,1710,1728
2379,1710,1728
2378,1710,1728
2377,1711,1729
2376,1711,1729
2375,1711,1729
2374,1711,1729
2373,1711,1730
2372,1712,1730
2371,1712,1730
2370,1712,1730
2369,1712,1731
2368,1713,1731
2367,1713,1731
2366,1713,1731
2365,1713,1732
2364,1714,1732
2363,1714,1732
2362,1714,1732
2361,1714,1733
2360,1715,1733
2359,1715,1733
2358,1715,1733
2357,1715,1734
2356,1716,1734
2355,1716,1734
2354,1716,1734
2353,1716,1735
2352,1717,1735
2351,1717,1735
2350,1717,1735
2349,1717,1736
2348,1718,1736
2347,1718,1736
2346,1718,1737
2345,1718,1737
2344,1719,1737
2343,1719,1737
2342,1719,1738
2341,1720,1738
2340,1720,1738
2339,1720,1739
2338,1720,1739
2337,1721,1739
2336,1721,1740
2335,1721,1740
2334,1722,1740
2333,1722,1740
2332,1722,1741
2331,1722,1741
2330,1723,1741
2329,1723,1742
2328,1723,1742
2327,1724,1742
2326,1724,1743
2325,1724,1743
2324,1725,1743
2323,1725,1744
2322,1725,1744
2321,1725,1744
2320,1726,1745
2319,1726,1745
2318,1726,1745
2317,1727,1746
2316,1727,1746
2315,1727,1746
2314,1728,1747
2313,1728,1747
2312,1728,1747
2311,1729,1748
2310,1729,1748
2309,1729,1748
2308,1730,1749
2307,1730,1749
2306,1730,1749
2305,1731,1750
2304,1731,1750
2303,1731,1750
2302,1732,1751
2301,1732,1751
2300,1732,1752
2299,1733,1752
2298,1733,1752
2297,1734,1753
2296,1734,1753
2295,1734,1753
2294,1735,1754
2293,1735,1754
2292,1735,1755
2291,1736,1755
2290,1736,1755
2289,1736,1756
2288,1737,1756
2287,1737,1756
2286,1738,1757
2285,1738,1757
2284,1738,1758
2283,1739,1758
2282,1739,1758
2281,1739,1759
2280,1740,1759
2279,1740,1760
2278,1741,1760
2277,1741,1761
2276,1741,1761
2275,1742,1761
2274,1742,1762
2273,1743,1762
2272,1743,1763
2271,1743,1763
2270,1744,1763
2269,1744,1764
2268,1745,1764
2267,1745,1765
2266,1746,1765
2265,1746,1766
2264,1746,1766
2263,1747,1766
2262,1747,1767
2261,1748,1767
2260,1748,1768
2259,1748,1768
2258,1749,1769
2257,1749,1769
2256,1750,1770
2255,1750,1770
2254,1751,1771
2253,1751,1771
2252,1752,1771
2251,1752,1772
2250,1752,1772
2249,1753,1773
2248,1753,1773
2247,1754,1774
2246,1754,1774
2245,1755,1775
2244,1755,1775
2243,1756,1776
2242,1756,1776
2241,1757,1777
2240,1757,1777
2239,1757,1778
2238,1758,1778
2237,1758,1779
2236,1759,1779
2235,1759,1780
2234,1760,1780
2233,1760,1781
2232,1761,1781
2231,1761,1782
2230,1762,1782
2229,1762,1783
2228,1763,1783
2227,1763,1784
2226,1764,1784
2225,1764,1785
2224,1765,1785
2223,1765,1786
2222,1766,1786
2221,1766,1787
2220,1767,1787
2219,1767,1788
2218,1768,1788
2217,1768,1789
2216,1769,1790
2215,1769,1790
2214,1770,1791
2213,1770,1791
2212,1771,1792
2211,1771,1792
2210,1772,1793
2209,1773,1793
2208,1773,1794
2207,1774,1794
2206,1774,1795
2205,1775,1796
2204,1775,1796
2203,1776,1797
2202,1776,1797
2201,1777,1798
2200,1777,1798
2199,1778,1799
2198,1779,1800
2197,1779,1800
2196,1780,1801
2195,1780,1801
2194,1781,1802
2193,1781,1803
2192,1782,1803
2191,1782,1804
2190,1783,1804
2189,1784,1805
2188,1784,1806
2187,1785,1806
2186,1785,1807
2185,1786,1807
2184,1787,1808
2183,1787,1809
2182,1788,1809
2181,1788,1810
2180,1789,1811
2179,1790,1811
2178,1790,1812
2177,1791,1812
2176,1791,1813
2175,1792,1814
2174,1793,1814
2173,1793,1815
2172,1794,1816
2171,1794,1816
2170,1795,1817
2169,1796,1818
2168,1796,1818
2167,1797,1819
2166,1798,1820
2165,1798,1820
2164,1799,1821
2163,1800,1822
2162,1800,1822
2161,1801,1823
2160,1801,1824
2159,1802,1824
2158,1803,1825
2157,1803,1826
2156,1804,1826
2155,1805,1827
2154,1805,1828
2153,1806,1829
2152,1807,1829
2151,1807,1830
2150,1808,1831
2149,1809,1831
2148,1809,1832
2147,1810,1833
2146,1811,1834
2145,1812,1834
2144,1812,1835
2143,1813,1836
2142,1814,1836
2141,1814,1837
2140,1815,1838
2139,1816,1839
2138,1816,1839
2137,1817,1840
2136,1818,1841
2135,1819,1842
2134,1819,1842
2133,1820,1843
2132,1821,1844
2131,1822,1845
2130,1822,1845
2129,1823,1846
2128,1824,1847
2127,1824,1848
2126,1825,1849
2125,1826,1849
2124,1827,1850
2123,1827,1851
2122,1828,1852
2121,1829,1853
2120,1830,1853
2119,1830,1854
2118,1831,1855
2117,1832,1856
2116,1833,1857
2115,1834,1857
2114,1834,1858
2113,1835,1859
2112,1836,1860
2111,1837,1861
2110,1838,1862
2109,1838,1862
2108,1839,1863
2107,1840,1864
2106,1841,1865
2105,1842,1866
2104,1842,1867
2103,1843,1868
2102,1844,1868
2101,1845,1869
2100,1846,1870
2099,1846,1871
2098,1847,1872
2097,1848,1873
2096,1849,1874
2095,1850,1875
2094,1851,1875
2093,1852,1876
2092,1852,1877
2091,1853,1878
2090,1854,1879
2089,1855,1880
2088,1856,1881
2087,1857,1882
2086,1858,1883
2085,1858,1884
2084,1859,1885
2083,1860,1886
2082,1861,1886
2081,1862,1887
2080,1863,1888
2079,1864,1889
2078,1865,1890
2077,1866,1891
2076,1866,1892
2075,1867,1893
2074,1868,1894
2073,1869,1895
2072,1870,1896
2071,1871,1897
2070,1872,1898
2069,1873,1899
2068,1874,1900
2067,1875,1901
2066,1876,1902
2065,1877,1903
