1908,2264,2426
1909,2257,2433
1910,2251,2439
1911,2245,2445
1912,2240,2450
1913,2235,2455
1914,2230,2460
1915,2225,2465
1916,2220,2469
1917,2216,2473
1918,2212,2478
1919,2208,2360
1919,2385,2482
1974,2081,2084
1973,2081,2088
1972,2081,2091
1971,2082,2095
1970,2084,2098
1969,2085,2101
1968,2086,2104
1967,2088,2107
1966,2089,2110
1965,2091,2113
1964,2093,2116
1963,2094,2119
1962,2096,2122
1961,2098,2125
1960,2099,2128
1959,2101,2131
1958,2103,2135
1957,2105,2138
1956,2107,2141
1944,2133,2182
1943,2135,2186
1942,2137,2190
1941,2140,2194
1940,2142,2198
1939,2145,2202
1938,2147,2207
1937,2150,2211
1936,2153,2216
1935,2155,2220
1934,2158,2225
1933,2161,2230
1932,2164,2235
1932,2515,2519
1931,2167,2240
1931,2508,2519
1930,2170,2246
1930,2501,2517
1929,2173,2252
1929,2495,2514
1928,2176,2258
1928,2489,2512
1927,2179,2264
1927,2482,2509
1926,2182,2271
1926,2475,2506
1925,2186,2279
1925,2467,2503
1924,2189,2287
1924,2459,2499
1923,2193,2295
1923,2450,2496
1922,2196,2305
1922,2440,2493
1921,2200,2317
1921,2428,2489
1920,2204,2332
1920,2413,2485
2385,2907,2909
2386,2906,2910
2387,2906,2910
2388,2905,2911
2389,2905,2911
2390,2905,2911
2391,2904,2911
2392,2904,2912
2393,2904,2912
2394,2903,2912
2395,2903,2912
2396,2903,2913
2397,2903,2913
2398,2903,2913
2399,2902,2913
2400,2902,2913
2401,2902,2913
2402,2902,2913
2403,2902,2914
2404,2902,2914
2405,2901,2914
2406,2901,2914
2407,2901,2914
2408,2901,2914
2409,2901,2914
2410,2901,2914
2411,2901,2914
2412,2901,2914
2413,2901,2914
2414,2900,2914
2415,2900,2914
2416,2900,2914
2417,2900,2914
2418,2900,2914
2419,2900,2914
2420,2900,2914
2421,2900,2914
2422,2900,2914
1907,2271,2419
2448,2905,2908
1906,2279,2410
2447,2904,2909
1905,2289,2401
2446,2904,2909
1904,2300,2390
2445,2903,2910
1903,2315,2375
2444,2903,2910
2443,2902,2911
2442,2902,2911
2441,2902,2911
2440,2902,2912
2439,2901,2912
2438,2901,2912
2437,2901,2912
2436,2901,2913
2435,2901,2913
2434,2901,2913
2433,2901,2913
2432,2900,2913
2431,2900,2913
2430,2900,2913
2429,2900,2914
2428,2900,2914
2427,2900,2914
2426,2900,2914
2425,2900,2914
2424,2900,2914
2423,2900,2914
1945,2130,2179
2486,3240,3243
1946,2128,2175
2487,3239,3244
1947,2126,2171
2488,3239,3244
1948,2123,2168
2489,3239,3245
1949,2121,2164
2490,3239,3245
1955,2109,2144
2496,3242,3244
1954,2111,2147
2495,3241,3245
1953,2113,2151
2494,3240,3245
1952,2115,2154
2493,3239,3245
1951,2117,2157
2492,3239,3245
2146,2830,2855
2147,2830,2856
2148,2831,2857
2149,2832,2857
2240,2891,2891
2239,2890,2892
2238,2889,2893
2237,2888,2893
2236,2887,2893
2235,2886,2893
2234,2886,2893
1950,2119,2161
2491,3239,3245
2233,2885,2893
2232,2884,2893
2231,2883,2893
2230,2883,2893
2229,2882,2893
2228,2882,2892
2227,2881,2892
2226,2880,2892
2225,2880,2892
2224,2879,2892
2223,2879,2892
2222,2878,2891
2221,2877,2891
2220,2877,2891
2219,2876,2891
2218,2876,2891
2217,2875,2890
2216,2874,2890
2215,2874,2890
2214,2873,2889
2213,2873,2889
2212,2872,2889
2211,2871,2889
2210,2871,2888
2209,2870,2888
2208,2870,2888
2207,2869,2887
2206,2869,2887
2205,2868,2887
2204,2867,2886
2203,2867,2886
2202,2866,2886
2201,2866,2885
2177,2851,2874
2165,2843,2868
2178,2851,2875
2166,2844,2868
2179,2852,2875
2167,2844,2869
2180,2853,2876
2168,2845,2869
2181,2853,2876
2169,2846,2870
2182,2854,2877
2170,2846,2870
2183,2855,2877
2171,2847,2871
2184,2855,2878
2172,2848,2872
2185,2856,2878
2173,2848,2872
2186,2856,2879
2174,2849,2873
2187,2857,2879
2175,2849,2873
2189,2858,2880
2190,2859,2881
2191,2860,2881
2192,2860,2881
2193,2861,2882
2194,2861,2882
2195,2862,2883
2196,2863,2883
2150,2832,2858
2197,2863,2884
2151,2833,2859
2198,2864,2884
2152,2834,2859
2199,2864,2884
2153,2835,2860
2200,2865,2885
2188,2858,2880
2154,2835,2861
2176,2850,2874
2155,2836,2861
2156,2837,2862
2157,2837,2863
2158,2838,2863
2159,2839,2864
2160,2839,2865
2161,2840,2865
2162,2841,2866
2163,2842,2866
2164,2842,2867
2145,2829,2855
2144,2828,2854
2143,2827,2853
2142,2827,2853
2141,2826,2852
2140,2825,2851
2139,2824,2850
2138,2824,2850
2137,2823,2849
2136,2822,2848
2135,2821,2847
3216,2364,2396
2134,2821,2847
3215,2347,2413
2133,2820,2846
3214,2337,2424
2132,2819,2845
3213,2329,2432
2131,2818,2844
3212,2323,2440
2130,2818,2843
3211,2317,2446
2129,2817,2843
3210,2312,2452
2128,2816,2842
3209,2308,2457
2127,2815,2841
3208,2304,2462
2126,2814,2840
3207,2300,2467
2125,2814,2839
3206,2298,2471
2124,2813,2839
3205,2295,2475
2123,2812,2838
3204,2294,2479
2122,2811,2837
3203,2292,2483
2121,2810,2836
3202,2292,2486
2120,2810,2835
3201,2293,2489
2119,2809,2835
3200,2296,2492
2118,2808,2834
3199,2302,2495
2117,2807,2833
3198,2315,2498
2116,2806,2832
3197,2340,2501
2115,2806,2831
3196,2365,2503
2114,2805,2830
3195,2384,2505
2113,2804,2829
3194,2400,2508
2112,2803,2828
3193,2414,2510
2111,2802,2828
3192,2426,2511
2110,2801,2827
3191,2437,2513
2109,2801,2826
3190,2447,2514
2108,2800,2825
3189,2457,2515
2107,2799,2824
3188,2467,2516
2106,2798,2823
3187,2477,2516
2105,2797,2822
3186,2488,2515
2104,2796,2821
3185,2503,2509
2103,2795,2820
2102,2795,2819
2101,2794,2818
2100,2793,2817
2099,2792,2816
2098,2791,2815
2097,2790,2814
2096,2789,2813
2095,2788,2812
2094,2787,2811
2093,2786,2810
2092,2786,2809
2091,2785,2808
2090,2784,2807
2089,2783,2806
2088,2782,2805
2087,2781,2804
2086,2780,2803
2085,2779,2802
2084,2778,2801
2083,2777,2800
2082,2776,2799
2081,2775,2798
2080,2774,2797
2079,2773,2796
2078,2772,2795
2077,2771,2794
2076,2770,2792
2075,2769,2791
2074,2769,2790
2073,2768,2789
2072,2767,2788
2071,2766,2787
2070,2765,2786
2069,2764,2784
2068,2763,2783
2067,2761,2782
2066,2760,2781
2065,2759,2780
2064,2758,2779
2063,2757,2777
2062,2756,2776
2061,2755,2775
2060,2754,2774
2059,2753,2772
2058,2752,2771
2057,2751,2770
2056,2750,2769
2055,2749,2767
2054,2748,2766
2053,2747,2765
2052,2746,2763
2051,2745,2762
2050,2744,2761
2049,2742,2759
2048,2741,2758
2047,2740,2757
2046,2739,2755
2045,2738,2754
2044,2737,2753
2043,2736,2751
2042,2735,2750
2041,2734,2748
2040,2732,2747
2039,2731,2746
2038,2730,2744
2037,2729,2743
2036,2728,2741
2035,2727,2740
2034,2726,2738
2033,2724,2737
2032,2723,2735
2031,2722,2734
2030,2721,2732
2029,2720,2730
2028,2719,2729
2027,2718,2727
2026,2716,2726
2025,2715,2724
2024,2714,2722
2023,2713,2720
2022,2712,2719
2021,2711,2717
2020,2710,2715
2019,2709,2713
2018,2708,2711
2017,2707,2709
