2142,2843,2844
2141,2841,2845
2140,2840,2845
2139,2839,2845
2138,2837,2845
2137,2836,2844
2136,2835,2844
2135,2834,2844
2134,2833,2843
2133,2832,2843
2132,2831,2842
2131,2830,2842
2130,2829,2842
2129,2828,2841
2128,2827,2841
2127,2826,2840
2126,2825,2840
2125,2824,2839
2124,2823,2838
2123,2822,2838
3204,2334,2394
2122,2821,2837
3203,2321,2407
2121,2820,2837
3202,2311,2417
2120,2819,2836
3201,2303,2425
2119,2818,2836
3200,2296,2432
2118,2817,2835
3199,2289,2438
2117,2816,2834
3198,2284,2444
2116,2816,2834
3197,2278,2450
2115,2815,2833
3196,2273,2455
2114,2814,2832
3195,2269,2459
2113,2813,2832
1982,2037,2049
1982,2646,2685
1981,2038,2051
1981,2644,2683
1980,2039,2054
1980,2643,2682
1979,2041,2056
1979,2641,2680
1978,2042,2058
1978,2639,2678
1977,2044,2060
1977,2637,2676
1976,2045,2063
1976,2635,2675
1975,2047,2065
1975,2633,2673
1974,2048,2067
1974,2631,2671
1973,2050,2070
1973,2629,2669
1972,2051,2072
1972,2627,2668
1971,2053,2074
1971,2625,2666
1970,2054,2077
1970,2623,2664
1969,2056,2079
1969,2621,2662
1968,2058,2081
1968,2619,2660
1967,2059,2084
1967,2617,2658
1966,2061,2086
1966,2615,2656
1965,2063,2089
1965,2612,2655
2430,2901,2908
2429,2901,2908
1936,2122,2172
1936,2536,2591
1903,2229,2478
2444,2898,2910
2427,2902,2907
1937,2119,2168
1937,2540,2593
2428,2901,2907
1938,2117,2165
1938,2543,2596
1932,2131,2186
1932,2523,2580
1939,2114,2162
1939,2546,2598
1933,2129,2183
1933,2526,2583
1940,2112,2158
1940,2549,2601
1913,2188,2292
1913,2421,2521
2454,2897,2910
1934,2126,2179
1934,2530,2586
1941,2110,2155
1941,2552,2603
1914,2184,2283
1914,2430,2524
2455,2897,2910
1935,2124,2175
1935,2533,2588
1942,2108,2152
1942,2555,2606
1915,2181,2274
1915,2438,2528
2456,2898,2910
1964,2064,2091
1964,2610,2653
1931,2134,2190
1931,2519,2578
2472,2903,2904
2499,3240,3246
1958,2075,2106
1958,2597,2641
1963,2066,2094
1963,2608,2651
1930,2137,2194
1930,2515,2575
2471,2902,2905
2498,3240,3246
1957,2077,2109
1957,2594,2639
1962,2068,2096
1962,2606,2649
2497,3240,3246
1956,2079,2112
1956,2592,2637
2502,3242,3245
1961,2070,2099
1961,2604,2647
2496,3240,3246
1955,2081,2114
1955,2590,2635
2501,3241,3245
1960,2072,2101
1960,2601,2645
2495,3240,3245
1954,2083,2117
1954,2587,2632
2500,3240,3246
1959,2073,2104
1959,2599,2643
2494,3240,3245
1953,2085,2120
1953,2585,2630
2493,3241,3244
1952,2087,2122
1952,2582,2628
2492,3242,3243
1951,2089,2125
1951,2580,2626
1950,2091,2128
1950,2577,2624
1943,2105,2149
1943,2558,2608
1916,2178,2267
1916,2446,2532
2457,2898,2910
1944,2103,2146
1944,2561,2610
1945,2101,2143
1945,2564,2613
1946,2099,2140
1946,2566,2615
1947,2097,2137
1947,2569,2617
1948,2095,2134
1948,2572,2619
1949,2093,2131
1949,2574,2622
1902,2234,2473
2443,2898,2910
2470,2901,2906
1929,2139,2198
1929,2511,2572
2453,2897,2910
1912,2192,2303
1912,2410,2517
2426,2903,2906
1901,2240,2467
2442,2898,2910
2469,2900,2907
1928,2142,2203
1928,2507,2569
2452,2897,2910
1911,2195,2317
1911,2396,2513
2425,2904,2906
1900,2245,2462
2441,2898,2910
2468,2900,2907
1927,2145,2207
1927,2503,2566
2451,2897,2910
1910,2199,2341
1910,2372,2509
1899,2251,2456
2440,2898,2910
2467,2899,2908
1926,2147,2211
1926,2499,2563
2450,2897,2910
1909,2203,2505
1898,2257,2449
2439,2898,2910
2466,2899,2908
1925,2150,2216
1925,2495,2560
2449,2897,2910
1908,2207,2501
1897,2264,2443
2438,2898,2910
2465,2899,2908
1924,2153,2221
1924,2490,2557
2448,2897,2910
1907,2211,2497
1896,2271,2435
2437,2899,2910
2464,2899,2909
1923,2156,2225
1923,2486,2554
2447,2897,2910
1906,2216,2492
1895,2279,2427
2436,2899,2910
2463,2898,2909
1922,2159,2230
1922,2481,2551
2446,2898,2910
1905,2220,2488
1894,2288,2418
2435,2899,2909
2462,2898,2909
1921,2162,2236
1921,2476,2548
2445,2898,2910
1904,2225,2483
1893,2298,2408
2434,2899,2909
2461,2898,2909
1920,2165,2241
1920,2470,2545
1892,2311,2395
2433,2900,2909
2460,2898,2909
1919,2168,2247
1919,2465,2542
1891,2330,2375
2432,2900,2909
2459,2898,2910
1918,2171,2253
1918,2459,2538
2431,2900,2909
2458,2898,2910
1917,2174,2260
1917,2452,2535
1983,2035,2047
1983,2648,2687
1984,2034,2044
1984,2650,2688
1985,2033,2042
1985,2652,2690
1986,2032,2040
1986,2654,2692
1987,2031,2037
1987,2655,2693
1988,2030,2034
1988,2657,2695
1989,2030,2031
1989,2659,2696
1990,2661,2698
1991,2662,2700
1992,2664,2701
1993,2666,2703
1994,2667,2704
1995,2669,2706
1996,2671,2707
1997,2672,2709
1998,2674,2710
1999,2676,2712
2000,2677,2713
2001,2679,2715
2002,2680,2716
2003,2682,2718
2004,2684,2719
2005,2685,2721
2006,2687,2722
2007,2688,2724
2008,2690,2725
2009,2691,2726
2010,2693,2728
2011,2694,2729
2012,2696,2730
2013,2697,2732
2014,2699,2733
2015,2700,2735
2016,2702,2736
2017,2703,2737
2018,2704,2739
2019,2706,2740
2020,2707,2741
2021,2709,2742
2022,2710,2744
2023,2711,2745
2024,2713,2746
2025,2714,2748
2026,2716,2749
2027,2717,2750
2028,2718,2751
2029,2720,2753
2030,2721,2754
2031,2722,2755
2032,2724,2756
2033,2725,2757
2034,2726,2759
2035,2727,2760
2036,2729,2761
2037,2730,2762
2038,2731,2763
2039,2733,2764
2040,2734,2766
2041,2735,2767
2042,2736,2768
2043,2738,2769
2044,2739,2770
2045,2740,2771
2046,2741,2772
2047,2743,2774
2048,2744,2775
2049,2745,2776
2050,2746,2777
2051,2747,2778
2052,2749,2779
2053,2750,2780
2054,2751,2781
2055,2752,2782
2056,2753,2783
2057,2754,2784
2058,2756,2785
2059,2757,2786
2060,2758,2787
2061,2759,2788
2062,2760,2789
2063,2761,2790
2064,2762,2791
2065,2764,2792
2066,2765,2793
2067,2766,2794
2068,2767,2795
2069,2768,2796
2070,2769,2797
2071,2770,2798
2072,2771,2799
2073,2772,2800
2074,2773,2801
2075,2774,2802
2076,2776,2803
2077,2777,2804
2078,2778,2804
2079,2779,2805
2080,2780,2806
2081,2781,2807
2082,2782,2808
2083,2783,2809
2084,2784,2810
2085,2785,2811
2086,2786,2811
2087,2787,2812
2088,2788,2813
2089,2789,2814
2090,2790,2815
2091,2791,2816
2092,2792,2816
3175,2490,2503
2093,2793,2817
3176,2477,2507
2094,2794,2818
3177,2467,2507
2095,2795,2819
3178,2456,2507
2096,2796,2820
3179,2445,2506
2097,2797,2820
3180,2234,2250
3180,2433,2504
2098,2798,2821
3181,2231,2268
3181,2420,2502
2099,2799,2822
3182,2231,2285
3182,2405,2501
2100,2800,2823
3183,2232,2307
3183,2384,2498
2101,2801,2823
3184,2233,2496
2102,2802,2824
3185,2235,2494
2103,2803,2825
3186,2238,2491
2104,2804,2826
3187,2240,2488
2105,2805,2826
3188,2243,2485
2106,2806,2827
3189,2246,2482
2107,2807,2828
3190,2249,2479
2108,2808,2828
3191,2252,2475
2109,2809,2829
3192,2256,2472
2110,2810,2830
3193,2260,2468
2111,2811,2830
3194,2264,2464
2112,2812,2831
