3197,2502,2520
3198,2490,2523
3199,2481,2524
3200,2472,2524
3201,2463,2523
3202,2454,2522
3203,2445,2521
3204,2435,2520
3205,2426,2518
3206,2416,2516
3207,2406,2515
3208,2396,2512
3209,2386,2510
3210,2375,2508
3211,2366,2505
3212,2357,2502
3213,2350,2500
3214,2345,2497
3215,2341,2493
3228,2381,2414
3227,2368,2429
3226,2360,2439
3225,2354,2447
3224,2349,2453
3223,2345,2459
3222,2342,2465
3221,2339,2470
3220,2337,2474
3219,2336,2479
3218,2336,2483
3217,2337,2486
3216,2338,2490
1916,2305,2349
1917,2290,2362
1918,2279,2371
1919,2270,2377
1920,2263,2381
1921,2256,2384
1922,2250,2386
1923,2244,2385
1924,2238,2383
1925,2233,2377
1926,2228,2368
1927,2224,2358
1928,2219,2346
1929,2215,2336
1930,2211,2325
1931,2207,2316
1932,2203,2307
1933,2200,2299
1972,2112,2119
1971,2112,2124
1970,2113,2128
1969,2114,2132
1968,2115,2136
1967,2116,2140
1966,2118,2143
1965,2119,2147
1964,2121,2151
1963,2123,2154
1962,2125,2158
1961,2126,2161
1960,2128,2165
1959,2130,2169
1958,2132,2173
1957,2134,2177
1956,2136,2180
1955,2138,2184
1954,2141,2188
1953,2143,2192
1952,2145,2196
1951,2147,2201
1950,2150,2205
1949,2152,2209
2489,3240,3243
1948,2155,2214
2488,3239,3243
1947,2157,2218
2487,3238,3244
1946,2160,2223
2486,3238,3244
1945,2163,2227
2485,3238,3244
1944,2165,2232
2484,3237,3244
1943,2168,2237
2483,3237,3244
1942,2171,2242
2482,3237,3243
1941,2174,2248
2481,3237,3243
1940,2177,2253
2291,2895,2915
2292,2895,2915
2293,2895,2915
2294,2896,2915
2295,2896,2915
2296,2896,2916
2297,2896,2916
2298,2896,2916
2299,2897,2916
2300,2897,2916
2301,2897,2916
2302,2897,2916
2303,2897,2916
2304,2898,2917
2305,2898,2917
2306,2898,2917
2307,2898,2917
2308,2898,2917
2309,2898,2917
2310,2899,2917
2311,2899,2917
2312,2899,2917
2313,2899,2917
2314,2899,2917
2315,2899,2917
2316,2899,2918
2317,2900,2918
2318,2900,2918
2319,2900,2918
2320,2900,2918
2321,2900,2918
2322,2900,2918
2323,2900,2918
2324,2900,2918
2325,2901,2918
2326,2901,2918
2327,2901,2918
2328,2901,2918
2329,2901,2918
2330,2901,2918
2331,2901,2918
2332,2901,2919
2333,2901,2919
2334,2901,2919
2335,2901,2919
2336,2902,2919
2337,2902,2919
2338,2902,2919
2339,2902,2919
2340,2902,2919
2341,2902,2919
2342,2902,2919
2343,2902,2919
2344,2902,2919
2345,2902,2919
2346,2902,2919
2347,2902,2919
2348,2902,2919
2349,2902,2919
2350,2902,2919
2351,2902,2919
2352,2902,2919
2353,2902,2919
2354,2902,2919
2355,2902,2919
2356,2902,2919
2357,2902,2919
2358,2902,2919
2403,2904,2916
2402,2904,2917
2401,2904,2917
2400,2904,2917
2399,2904,2917
2398,2904,2917
2397,2904,2917
2396,2904,2918
2395,2904,2918
2394,2904,2918
2393,2903,2918
2392,2903,2918
2391,2903,2918
2390,2903,2918
2389,2903,2918
2388,2903,2918
2375,2903,2919
2376,2903,2919
2377,2903,2919
2378,2903,2919
2379,2903,2919
2380,2903,2919
2381,2903,2919
2382,2903,2919
2383,2903,2919
2384,2903,2919
2385,2903,2919
2386,2903,2919
2387,2903,2918
2404,2905,2916
2405,2905,2916
2406,2905,2916
2407,2905,2916
2408,2905,2915
2409,2906,2915
2410,2906,2915
2411,2906,2914
2412,2906,2914
2413,2907,2914
2414,2907,2913
2415,2908,2913
2416,2908,2912
2417,2909,2911
2374,2903,2919
2373,2903,2919
2372,2903,2919
2371,2903,2919
2370,2903,2919
2369,2903,2919
2368,2903,2919
2367,2903,2919
2366,2903,2919
2365,2903,2919
2364,2903,2919
2363,2903,2919
2362,2903,2919
2361,2903,2919
2360,2903,2919
2359,2903,2919
2290,2895,2915
2289,2895,2915
2288,2894,2915
2287,2894,2914
2286,2894,2914
2285,2894,2914
2284,2893,2914
2283,2893,2914
2282,2893,2914
2281,2893,2913
2280,2892,2913
2279,2892,2913
2278,2892,2913
2277,2892,2913
2276,2891,2912
2275,2891,2912
2274,2891,2912
2273,2890,2912
2272,2890,2912
2271,2890,2911
2270,2890,2911
2269,2889,2911
2268,2889,2911
2267,2889,2910
2266,2888,2910
2265,2888,2910
2264,2888,2910
2263,2887,2909
2262,2887,2909
2261,2887,2909
2260,2887,2909
2259,2886,2908
2258,2886,2908
2257,2886,2908
2256,2885,2907
2255,2885,2907
2254,2885,2907
2253,2884,2907
2252,2884,2906
2251,2884,2906
2250,2883,2906
2249,2883,2905
2248,2883,2905
2247,2882,2905
2246,2882,2904
2245,2882,2904
2244,2881,2903
2243,2881,2903
2242,2880,2903
2241,2880,2902
2240,2880,2902
2239,2879,2902
2238,2879,2901
2237,2879,2901
2236,2878,2900
2235,2878,2900
2234,2877,2900
2233,2877,2899
2232,2877,2899
2231,2876,2898
2230,2876,2898
2229,2876,2897
2228,2875,2897
2227,2875,2896
2226,2874,2896
2225,2874,2896
2224,2874,2895
2223,2873,2895
2222,2873,2894
2221,2872,2894
2220,2872,2893
2219,2872,2893
2218,2871,2892
2217,2871,2892
2216,2870,2891
2215,2870,2890
2214,2870,2890
2213,2869,2889
2212,2869,2889
2211,2868,2888
2210,2868,2888
2209,2867,2887
2208,2867,2887
2207,2867,2886
2206,2866,2885
2205,2866,2885
2204,2865,2884
2203,2865,2884
2202,2864,2883
2201,2864,2882
2200,2864,2882
2199,2863,2881
2198,2863,2880
2197,2862,2880
2196,2862,2879
2480,3238,3242
1939,2180,2259
2195,2861,2878
2479,3239,3241
1938,2183,2265
2194,2861,2878
1937,2186,2271
2193,2861,2877
1936,2189,2278
2192,2860,2876
1935,2193,2284
2191,2860,2876
1934,2196,2292
2190,2859,2875
2189,2859,2874
2188,2858,2873
2187,2858,2873
2186,2858,2872
2185,2857,2871
2184,2857,2870
2183,2856,2870
2182,2856,2869
2181,2855,2868
2180,2855,2867
2179,2855,2866
2178,2854,2865
2177,2854,2864
2176,2854,2864
2175,2853,2863
2174,2853,2862
2173,2853,2861
2172,2852,2860
2171,2852,2859
2170,2852,2857
2169,2852,2856
2168,2852,2855
2167,2852,2853
