2422,2905,2905
2423,2903,2906
2424,2903,2907
2425,2902,2907
2426,2901,2908
2427,2901,2908
2428,2901,2909
2429,2900,2909
2430,2900,2909
2431,2900,2909
2432,2899,2910
2433,2899,2910
1892,2327,2378
2434,2899,2910
1893,2309,2396
2435,2899,2910
1894,2297,2409
2436,2899,2910
1895,2286,2419
2437,2899,2910
1896,2278,2428
2438,2898,2910
1897,2270,2436
2439,2898,2910
1898,2263,2443
2440,2898,2911
1899,2256,2450
2441,2898,2911
1900,2250,2456
2442,2898,2911
1901,2244,2462
2443,2898,2911
1902,2239,2468
2444,2898,2911
1903,2234,2473
2445,2898,2911
1904,2229,2478
2149,2847,2850
2148,2845,2850
2147,2844,2850
2146,2843,2850
2145,2842,2849
2144,2841,2849
2143,2840,2849
2142,2839,2848
2141,2838,2848
2140,2837,2848
2139,2836,2847
2138,2835,2847
2137,2834,2846
2136,2833,2846
2135,2832,2845
2134,2831,2845
2133,2830,2844
2132,2829,2844
2001,2678,2714
2000,2676,2712
1999,2675,2711
1998,2673,2709
1997,2672,2708
1996,2670,2706
1995,2668,2705
1994,2667,2703
1993,2665,2701
1992,2663,2700
1991,2662,2698
1990,2660,2697
1989,2658,2695
1988,2656,2693
1987,2036,2036
1987,2655,2692
1986,2035,2040
1986,2653,2690
1985,2036,2042
1985,2651,2688
1984,2037,2045
1984,2649,2687
1983,2038,2047
1983,2647,2685
1982,2039,2050
1982,2646,2683
1981,2041,2052
1981,2644,2682
1980,2042,2055
1980,2642,2680
1979,2043,2057
1979,2640,2678
1978,2045,2059
1978,2638,2677
1977,2046,2062
1977,2636,2675
1976,2047,2064
1976,2634,2673
1975,2049,2066
1975,2632,2671
1974,2050,2069
1974,2630,2669
1973,2052,2071
1973,2628,2668
1972,2053,2073
1972,2626,2666
1971,2055,2076
1971,2624,2664
1970,2057,2078
1970,2622,2662
1969,2058,2081
1969,2620,2660
1968,2060,2083
1968,2618,2658
1967,2062,2085
1967,2616,2656
1966,2063,2088
1966,2614,2655
1965,2065,2090
1965,2612,2653
1964,2067,2093
1964,2609,2651
1963,2068,2095
1963,2607,2649
1962,2070,2098
1962,2605,2647
2502,3243,3244
1961,2072,2100
1961,2603,2645
2501,3241,3245
1960,2074,2103
1960,2600,2643
2500,3241,3245
1959,2076,2106
1959,2598,2641
2499,3240,3246
1958,2077,2108
1958,2596,2639
2498,3240,3246
1957,2079,2111
1957,2593,2637
2497,3240,3246
1956,2081,2114
1956,2591,2635
2496,3240,3246
1955,2083,2116
1955,2588,2632
2495,3240,3246
1954,2085,2119
1954,2586,2630
2494,3240,3245
1953,2087,2122
1953,2584,2628
2493,3240,3245
1952,2089,2125
1952,2581,2626
2492,3241,3244
1951,2091,2127
1951,2578,2624
1950,2093,2130
1950,2576,2622
1949,2095,2133
1949,2573,2619
1948,2097,2136
1948,2571,2617
1947,2099,2139
1947,2568,2615
1946,2101,2142
1946,2565,2613
1945,2103,2145
1945,2562,2610
1944,2106,2148
1944,2559,2608
1943,2108,2151
1943,2556,2605
1942,2110,2155
1942,2554,2603
1941,2112,2158
1941,2551,2601
1940,2114,2161
1940,2547,2598
1939,2117,2164
1939,2544,2596
1938,2119,2168
1938,2541,2593
1937,2121,2171
1937,2538,2591
1936,2124,2175
1936,2535,2588
2446,2898,2911
1905,2224,2483
1934,2129,2182
1934,2528,2583
2460,2898,2909
1919,2171,2252
1919,2461,2538
1935,2126,2178
1935,2531,2585
2461,2899,2909
1920,2168,2246
1920,2467,2542
2448,2898,2911
1907,2215,2492
2447,2898,2911
1906,2219,2488
2449,2898,2911
1908,2211,2497
2450,2898,2911
1909,2207,2501
2451,2898,2911
1910,2203,2505
2452,2898,2910
1911,2199,2334
1911,2381,2509
2453,2898,2910
1912,2195,2314
1912,2401,2513
2454,2898,2910
1913,2191,2301
1913,2414,2517
2455,2898,2910
1914,2188,2290
1914,2424,2521
2456,2898,2910
1915,2184,2281
1915,2433,2524
2457,2898,2910
1916,2181,2273
1916,2441,2528
2458,2898,2910
1917,2177,2266
1917,2448,2532
2459,2898,2910
1918,2174,2259
1918,2455,2535
2462,2899,2909
1921,2164,2240
1921,2472,2545
2463,2899,2909
1922,2161,2235
1922,2478,2548
2464,2899,2908
1923,2158,2230
1923,2483,2551
2465,2900,2908
1924,2156,2225
1924,2488,2554
2466,2900,2907
1925,2153,2220
1925,2492,2557
2467,2900,2907
1926,2150,2215
1926,2497,2560
2468,2901,2906
1927,2147,2211
1927,2501,2563
2469,2902,2906
1928,2144,2206
1928,2505,2566
2470,2903,2905
1929,2142,2202
1929,2509,2569
1930,2139,2198
1930,2513,2572
1931,2136,2194
1931,2517,2575
1932,2134,2190
1932,2521,2577
1933,2131,2186
1933,2524,2580
2002,2680,2715
2003,2681,2717
2004,2683,2718
2005,2684,2719
2006,2686,2721
2007,2687,2722
2008,2689,2724
2009,2690,2725
2010,2692,2727
2011,2693,2728
2012,2695,2729
2013,2696,2731
2014,2698,2732
2015,2699,2734
2016,2701,2735
2017,2702,2736
2018,2704,2738
2019,2705,2739
2020,2706,2740
2021,2708,2742
2022,2709,2743
2023,2711,2744
2024,2712,2745
2025,2713,2747
2026,2715,2748
2027,2716,2749
2028,2717,2750
2029,2719,2752
2030,2720,2753
2031,2721,2754
2032,2723,2755
2033,2724,2757
2034,2725,2758
2035,2727,2759
2036,2728,2760
2037,2729,2761
2038,2731,2763
2039,2732,2764
2040,2733,2765
2041,2734,2766
2042,2736,2767
2043,2737,2768
2044,2738,2770
2045,2739,2771
2046,2740,2772
2047,2742,2773
2048,2743,2774
2049,2744,2775
2050,2745,2776
2051,2747,2777
2052,2748,2778
2053,2749,2779
2054,2750,2781
2055,2751,2782
2056,2752,2783
2057,2754,2784
2058,2755,2785
2059,2756,2786
2060,2757,2787
2061,2758,2788
2062,2759,2789
2063,2760,2790
2064,2761,2791
2065,2763,2792
2066,2764,2793
2067,2765,2794
2068,2766,2795
2069,2767,2796
2070,2768,2797
2071,2769,2798
2072,2770,2799
2073,2771,2800
2074,2772,2801
2075,2773,2802
2076,2775,2802
2077,2776,2803
2078,2777,2804
2079,2778,2805
2080,2779,2806
2081,2780,2807
2082,2781,2808
2083,2782,2809
2084,2783,2810
2085,2784,2811
2086,2785,2811
2087,2786,2812
2088,2787,2813
2089,2788,2814
2090,2789,2815
2091,2790,2816
2092,2791,2816
2093,2792,2817
3176,2488,2505
2094,2793,2818
3177,2475,2508
2095,2794,2819
3178,2465,2508
2096,2795,2820
3179,2454,2507
2097,2796,2820
3180,2443,2506
2098,2797,2821
3181,2431,2505
2099,2798,2822
3182,2240,2262
3182,2418,2503
2100,2799,2823
3183,2237,2282
3183,2403,2501
2101,2800,2824
3184,2237,2306
3184,2381,2499
2102,2801,2824
3185,2238,2497
2103,2802,2825
3186,2239,2494
2104,2803,2826
3187,2241,2491
2105,2804,2827
3188,2243,2489
2106,2805,2827
3189,2246,2486
2107,2806,2828
3190,2249,2482
2108,2807,2829
3191,2252,2479
2109,2807,2830
3192,2255,2476
2110,2808,2830
3193,2259,2472
2111,2809,2831
3194,2263,2468
2112,2810,2832
3195,2267,2464
2113,2811,2832
3196,2271,2459
2114,2812,2833
3197,2276,2455
2115,2813,2834
3198,2281,2450
2116,2814,2834
3199,2286,2444
2117,2815,2835
3200,2292,2439
2118,2816,2836
3201,2298,2432
2119,2817,2836
3202,2305,2425
2120,2818,2837
3203,2314,2417
2121,2819,2838
3204,2324,2407
2122,2820,2838
3205,2337,2393
2123,2821,2839
2124,2821,2839
2125,2822,2840
2126,2823,2841
2127,2824,2841
2128,2825,2842
2129,2826,2842
2130,2827,2843
2131,2828,2843
