3223,2468,2535
1953,2200,2280
3224,2461,2534
1954,2196,2275
3225,2454,2533
1955,2193,2270
1981,2143,2150
1980,2142,2157
3249,2415,2439
1979,2142,2162
3248,2404,2453
1978,2143,2167
3247,2398,2461
1977,2144,2171
3246,2394,2468
1976,2145,2176
3245,2390,2474
1975,2147,2180
3244,2388,2480
1974,2148,2184
3243,2387,2485
1973,2150,2189
3242,2386,2489
1972,2152,2193
3241,2386,2493
1971,2153,2197
3226,2447,2532
1956,2190,2265
3227,2440,2530
1957,2187,2261
3228,2434,2529
1958,2184,2256
3229,2427,2527
1959,2181,2251
3222,2475,2536
1952,2203,2285
3221,2483,2536
1951,2207,2289
3220,2491,2535
1950,2210,2294
3219,2500,2534
1949,2214,2298
3218,2510,2531
1948,2218,2302
1947,2223,2306
1946,2227,2309
1945,2232,2312
1944,2237,2314
1943,2243,2316
1942,2249,2316
3235,2397,2513
1965,2166,2223
2473,3233,3240
1970,2155,2202
2478,3236,3239
3240,2386,2497
1941,2256,2315
3234,2401,2516
1964,2168,2228
2472,3233,3240
1969,2157,2206
2477,3235,3239
3239,2387,2501
1940,2264,2313
3233,2406,2518
1963,2171,2232
2471,3233,3239
1968,2159,2210
2476,3234,3240
3238,2389,2504
1939,2276,2307
3232,2411,2521
1962,2173,2237
2470,3233,3239
1967,2162,2215
2475,3234,3240
3237,2391,2507
3231,2416,2523
1961,2176,2242
2469,3233,3238
1966,2164,2219
2474,3233,3240
3236,2394,2510
3230,2421,2525
1960,2178,2246
2468,3234,3237
