1916,2206,2493
1917,2397,2497
1917,2202,2335
1918,2414,2501
1918,2198,2317
1919,2426,2505
1919,2195,2305
1920,2436,2509
1920,2191,2294
1921,2445,2512
1921,2188,2285
1922,2453,2516
1922,2184,2277
1923,2460,2519
1923,2181,2270
1924,2467,2523
1924,2177,2263
1925,2473,2526
1925,2174,2256
1926,2479,2530
1926,2171,2250
1927,2485,2533
1927,2168,2244
1928,2490,2536
1928,2165,2239
1929,2495,2539
1929,2162,2233
1930,2500,2542
1930,2159,2228
1931,2504,2545
1931,2156,2223
1932,2509,2548
1932,2154,2219
1933,2513,2551
1933,2151,2214
1934,2517,2554
1934,2148,2210
1935,2522,2557
1935,2146,2205
1936,2525,2560
1936,2143,2201
1937,2529,2563
1937,2140,2197
1938,2533,2566
1938,2138,2193
1939,2537,2569
1939,2135,2189
1940,2540,2571
1940,2133,2185
1941,2544,2574
1941,2131,2181
1942,2547,2577
1942,2128,2177
1943,2550,2579
1943,2126,2174
1944,2553,2582
1944,2123,2170
1945,2557,2584
1945,2121,2167
1946,2560,2587
1946,2119,2163
2488,3240,3243
1947,2563,2589
1947,2117,2160
2489,3240,3244
1948,2566,2592
1948,2115,2156
2490,3239,3245
1949,2569,2594
1949,2112,2153
2491,3239,3245
1950,2571,2597
1950,2110,2150
2492,3239,3245
1951,2574,2599
1951,2108,2147
2493,3239,3246
1952,2577,2602
1952,2106,2144
2494,3239,3246
1953,2580,2604
1953,2104,2140
2495,3240,3245
1954,2582,2606
1954,2102,2137
2496,3240,3245
1955,2585,2609
1955,2100,2134
2497,3241,3245
1956,2588,2611
1956,2098,2131
2498,3242,3244
1957,2590,2613
1957,2096,2128
1958,2593,2616
1958,2095,2125
1959,2595,2618
1959,2093,2122
1960,2598,2620
1960,2091,2119
1961,2600,2622
1961,2089,2117
1962,2602,2625
1962,2087,2114
1963,2605,2627
1963,2086,2111
1964,2607,2629
1964,2084,2108
1965,2609,2631
1965,2082,2105
1966,2611,2633
1966,2081,2102
1967,2614,2635
1967,2079,2099
1968,2616,2637
1968,2078,2097
1969,2618,2640
1969,2076,2094
1970,2620,2642
1970,2075,2091
1971,2622,2644
1971,2073,2088
1972,2624,2646
1972,2072,2085
1973,2626,2648
1973,2071,2082
1974,2628,2650
1974,2070,2079
1975,2630,2652
1975,2069,2076
1976,2632,2654
1976,2068,2073
1977,2634,2656
1978,2636,2658
1979,2638,2660
1980,2640,2661
1981,2642,2663
1982,2644,2665
1983,2646,2667
1984,2647,2669
1985,2649,2671
1986,2651,2673
1987,2653,2675
1988,2655,2676
1989,2656,2678
1990,2658,2680
1991,2660,2682
1992,2661,2683
1993,2663,2685
1994,2665,2687
1995,2666,2689
1996,2668,2690
1997,2670,2692
1998,2671,2694
1999,2673,2695
2000,2675,2697
2001,2676,2699
2002,2678,2700
2003,2679,2702
2004,2681,2704
2005,2682,2705
2006,2684,2707
2007,2685,2709
2008,2687,2710
2009,2688,2712
2145,2831,2855
2402,2904,2909
2144,2830,2855
2401,2905,2909
2143,2829,2854
2400,2906,2908
2142,2828,2853
2141,2828,2853
2140,2827,2852
2139,2826,2851
2138,2825,2851
2137,2825,2850
2136,2824,2849
2135,2823,2849
2134,2822,2848
2133,2821,2847
2132,2821,2847
2131,2820,2846
3212,2348,2402
2130,2819,2845
3211,2335,2415
2129,2818,2844
3210,2326,2424
2128,2817,2844
3209,2318,2432
2127,2817,2843
3208,2312,2439
2126,2816,2842
3207,2306,2446
2125,2815,2841
3206,2301,2451
2124,2814,2841
3205,2297,2456
2123,2813,2840
3204,2292,2461
2122,2812,2839
3203,2289,2466
2121,2812,2838
3202,2285,2470
2120,2811,2838
3201,2283,2474
2119,2810,2837
2174,2852,2871
2431,2899,2913
2428,2899,2913
2171,2850,2870
2175,2853,2872
2432,2899,2913
2429,2899,2913
2172,2850,2871
2176,2853,2872
2433,2899,2913
2430,2899,2913
2173,2851,2871
2177,2854,2873
2434,2899,2913
1915,2210,2489
2456,2905,2906
2199,2870,2880
1914,2214,2484
2455,2904,2907
2198,2869,2880
1913,2219,2480
2454,2903,2908
2197,2868,2880
1912,2223,2475
2453,2902,2909
2196,2867,2880
1911,2228,2470
2452,2902,2909
2195,2867,2879
1910,2233,2465
2451,2902,2910
2194,2866,2879
1909,2238,2460
2450,2901,2910
2193,2865,2879
1908,2243,2455
2449,2901,2910
2192,2864,2879
1907,2249,2449
2448,2901,2911
2191,2864,2878
1906,2255,2443
2447,2900,2911
2190,2863,2878
1905,2261,2436
2446,2900,2911
2189,2862,2878
1904,2268,2429
2445,2900,2911
2188,2862,2877
2178,2855,2873
2435,2899,2913
2179,2855,2874
2436,2899,2913
2180,2856,2874
2437,2899,2913
2181,2857,2875
2438,2899,2912
2182,2857,2875
2439,2899,2912
2183,2858,2875
1899,2326,2371
2440,2900,2912
2184,2859,2876
1900,2307,2389
2441,2900,2912
2185,2860,2876
1901,2295,2402
2442,2900,2912
2186,2860,2876
1902,2285,2412
2443,2900,2912
1903,2276,2421
2444,2900,2911
2187,2861,2877
2427,2899,2913
2170,2849,2870
2426,2899,2913
2169,2848,2869
2425,2900,2913
2168,2848,2869
2424,2900,2913
2167,2847,2868
2423,2900,2913
2166,2846,2868
2422,2900,2913
2165,2845,2867
2421,2900,2913
2164,2845,2867
2420,2900,2913
2163,2844,2866
2419,2900,2913
2162,2843,2865
2418,2900,2913
2161,2843,2865
2417,2900,2913
2160,2842,2864
2416,2901,2912
2159,2841,2864
2415,2901,2912
2158,2840,2863
2414,2901,2912
2157,2840,2863
2413,2901,2912
2156,2839,2862
3200,2280,2478
2118,2809,2836
2412,2901,2912
2155,2838,2862
3199,2278,2481
2117,2808,2835
2411,2902,2912
2154,2837,2861
2410,2902,2912
2153,2837,2860
2409,2902,2911
2152,2836,2860
2408,2902,2911
2151,2835,2859
2407,2903,2911
2150,2834,2859
2406,2903,2911
2149,2834,2858
2405,2903,2910
2148,2833,2857
2404,2904,2910
2147,2832,2857
2403,2904,2910
2146,2831,2856
2200,2870,2881
2201,2871,2881
2202,2872,2881
2203,2873,2881
2204,2874,2881
2205,2874,2881
2206,2875,2881
2207,2876,2881
2208,2877,2881
2209,2879,2880
3198,2277,2485
2116,2807,2834
3197,2276,2488
2115,2807,2834
3196,2277,2491
2114,2806,2833
3195,2279,2494
2113,2805,2832
3194,2285,2497
2112,2804,2831
3193,2318,2499
2111,2803,2830
3192,2366,2502
2110,2802,2829
3191,2388,2504
2109,2801,2829
3190,2405,2506
2108,2800,2828
3189,2419,2508
2107,2800,2827
3188,2431,2510
2106,2799,2826
3187,2442,2511
2105,2798,2825
3186,2453,2512
2104,2797,2824
3185,2463,2513
2103,2796,2823
3184,2473,2513
2102,2795,2823
3183,2483,2513
2101,2794,2822
3182,2496,2509
2100,2793,2821
2099,2792,2820
2098,2791,2819
2097,2791,2818
2096,2790,2817
2095,2789,2816
2094,2788,2815
2093,2787,2814
2092,2786,2813
2091,2785,2812
2090,2784,2812
2089,2783,2811
2088,2782,2810
2087,2781,2809
2086,2780,2808
2085,2779,2807
2084,2778,2806
2083,2777,2805
2082,2776,2804
2081,2775,2803
2080,2774,2802
2079,2773,2801
2078,2772,2800
2077,2771,2799
2076,2770,2798
2075,2769,2797
2074,2768,2795
2073,2767,2794
2072,2766,2793
2071,2765,2792
2070,2764,2791
2069,2763,2790
2068,2762,2789
2067,2761,2788
2066,2760,2787
2065,2759,2786
2064,2758,2785
2063,2756,2784
2062,2755,2782
2061,2754,2781
2060,2753,2780
2059,2752,2779
2058,2751,2778
2057,2750,2777
2056,2749,2775
2055,2748,2774
2054,2746,2773
2053,2745,2772
2052,2744,2771
2051,2743,2770
2050,2742,2768
2049,2741,2767
2048,2740,2766
2047,2738,2765
2046,2737,2763
2045,2736,2762
2044,2735,2761
2043,2734,2760
2042,2732,2758
2041,2731,2757
2040,2730,2756
2039,2729,2754
2038,2728,2753
2037,2726,2752
2036,2725,2751
2035,2724,2749
2034,2723,2748
2033,2721,2747
2032,2720,2745
2031,2719,2744
2030,2717,2742
2029,2716,2741
2028,2715,2740
2027,2713,2738
2026,2712,2737
2025,2711,2736
2024,2709,2734
2023,2708,2733
2022,2707,2731
2021,2705,2730
2020,2704,2728
2019,2703,2727
2018,2701,2725
2017,2700,2724
2016,2698,2722
2015,2697,2721
2014,2696,2719
2013,2694,2718
2012,2693,2716
2011,2691,2715
2010,2690,2713
