2232,2886,2888
2233,2885,2890
2234,2885,2890
2235,2885,2891
2236,2885,2892
2237,2885,2893
2238,2885,2894
2239,2886,2894
2240,2886,2895
2241,2886,2896
2242,2886,2896
2243,2886,2897
2244,2886,2898
2245,2887,2898
2246,2887,2899
2247,2887,2899
2248,2887,2900
2249,2887,2900
2250,2888,2901
2251,2888,2901
2252,2888,2902
2253,2888,2902
2254,2888,2903
2255,2889,2903
2256,2889,2904
2257,2889,2904
2258,2889,2905
2259,2890,2905
2260,2890,2905
2261,2890,2906
2262,2890,2906
2263,2890,2907
2264,2891,2907
2265,2891,2907
2266,2891,2908
2267,2891,2908
2268,2892,2908
2269,2892,2909
2270,2892,2909
2271,2892,2910
2272,2892,2910
2273,2893,2910
2274,2893,2911
2275,2893,2911
2276,2893,2911
2277,2894,2911
2278,2894,2912
2279,2894,2912
2280,2894,2912
2281,2894,2913
2282,2895,2913
2283,2895,2913
2284,2895,2913
2285,2895,2914
2286,2895,2914
2287,2896,2914
2288,2896,2914
2289,2896,2915
2290,2896,2915
2291,2896,2915
2292,2897,2915
2293,2897,2915
2294,2897,2916
2295,2897,2916
2296,2897,2916
2297,2897,2916
2298,2898,2916
2299,2898,2917
2300,2898,2917
2301,2898,2917
2302,2898,2917
2303,2898,2917
2304,2899,2917
2305,2899,2918
2306,2899,2918
2307,2899,2918
2308,2899,2918
2309,2899,2918
2310,2900,2918
2311,2900,2918
2312,2900,2919
2313,2900,2919
2314,2900,2919
2315,2900,2919
2316,2900,2919
2317,2901,2919
2318,2901,2919
2319,2901,2919
2320,2901,2919
2321,2901,2919
2322,2901,2920
2323,2901,2920
2324,2901,2920
2325,2902,2920
2326,2902,2920
2327,2902,2920
2328,2902,2920
2329,2902,2920
2330,2902,2920
2331,2902,2920
2332,2902,2920
2333,2902,2920
2392,2911,2914
2391,2911,2914
2390,2910,2915
2389,2910,2915
2388,2909,2916
2387,2909,2916
2386,2909,2916
2385,2908,2917
2384,2908,2917
2383,2908,2917
2382,2908,2917
2381,2908,2918
2380,2907,2918
2379,2907,2918
2378,2907,2918
2377,2907,2918
2376,2907,2918
2375,2907,2919
2374,2906,2919
2373,2906,2919
2372,2906,2919
2371,2906,2919
2370,2906,2919
2369,2906,2919
2368,2906,2919
2367,2906,2920
2345,2904,2920
2344,2904,2920
2343,2903,2920
2342,2903,2920
1960,2144,2190
2341,2903,2920
1959,2147,2194
2340,2903,2920
1958,2149,2198
2339,2903,2920
1957,2151,2203
2338,2903,2920
1956,2153,2207
2337,2903,2920
1955,2156,2211
2336,2903,2920
1954,2158,2216
2335,2903,2920
1953,2160,2220
2334,2903,2920
1952,2163,2225
1951,2166,2230
3234,2381,2436
1949,2171,2239
3233,2374,2446
1948,2174,2244
3232,2368,2454
1947,2176,2250
3231,2364,2460
1946,2179,2255
3230,2361,2466
1945,2182,2260
3229,2358,2471
1944,2185,2266
3228,2356,2476
1943,2189,2272
3227,2355,2481
1942,2192,2278
1950,2168,2234
3235,2394,2422
2346,2904,2920
3204,2503,2525
3219,2377,2508
1934,2222,2331
2347,2904,2920
3205,2492,2527
3220,2371,2505
1935,2218,2324
1961,2142,2186
2475,3238,3239
2348,2904,2920
3206,2483,2528
3221,2366,2502
1936,2214,2317
3226,2355,2485
1941,2195,2284
3225,2356,2489
1940,2199,2290
3224,2357,2492
1939,2202,2296
3208,2466,2528
3223,2359,2496
1938,2206,2303
1962,2140,2182
2476,3237,3241
2349,2904,2920
3207,2474,2528
3222,2362,2499
1937,2210,2310
1963,2138,2178
2477,3236,3241
2350,2904,2920
1964,2137,2174
2478,3236,3242
2351,2904,2920
1965,2135,2170
2479,3236,3242
2352,2904,2920
1972,2125,2142
1966,2133,2166
2480,3236,3243
2353,2904,2920
1973,2124,2138
1967,2131,2162
2481,3236,3243
2354,2904,2920
2231,2887,2887
1974,2124,2133
1968,2130,2158
2482,3237,3243
2355,2905,2920
3218,2384,2510
1933,2227,2337
3217,2391,2513
1932,2232,2343
3216,2399,2515
1931,2237,2348
3215,2407,2517
1930,2242,2351
3214,2416,2519
1929,2248,2353
3213,2424,2521
1928,2254,2354
3212,2433,2523
1927,2261,2353
3211,2441,2524
1926,2269,2350
3210,2449,2526
1925,2278,2346
3209,2458,2527
1924,2290,2337
1969,2128,2154
2483,3237,3243
2356,2905,2920
1970,2127,2150
2484,3238,3242
2357,2905,2920
1971,2126,2146
2485,3239,3242
2358,2905,2920
2359,2905,2920
2360,2905,2920
2361,2905,2920
2362,2905,2920
2363,2905,2920
2364,2905,2920
2365,2905,2920
2366,2906,2920
