2536,3231,3233
2537,3230,3234
2538,3229,3234
2539,3229,3234
2544,3231,3231
2543,3229,3233
2542,3229,3233
2541,3229,3234
2540,3229,3234
2619,2885,2887
2620,2884,2888
2621,2883,2889
2622,2883,2889
2623,2882,2890
2624,2882,2890
2625,2882,2890
2626,2881,2891
2627,2881,2891
2628,2881,2891
2629,2881,2891
2630,2880,2891
2631,2880,2891
2632,2880,2892
2633,2880,2892
2634,2880,2892
2635,2879,2892
2636,2879,2892
2637,2879,2892
2638,2879,2892
2639,2879,2892
2640,2879,2892
2641,2878,2892
2642,2878,2893
2643,2878,2893
2644,2878,2893
2645,2878,2893
2646,2878,2893
2647,2878,2893
2648,2878,2893
2649,2877,2893
2650,2877,2893
2651,2877,2893
2652,2877,2893
2653,2877,2893
2654,2877,2893
2655,2877,2893
2656,2877,2893
2657,2877,2892
3060,2568,2572
3059,2568,2576
3058,2569,2580
3057,2570,2583
3056,2572,2586
3055,2573,2589
3054,2575,2592
3053,2576,2594
3052,2578,2597
3051,2580,2599
3050,2581,2602
3049,2583,2604
3048,2585,2607
3047,2587,2609
3046,2589,2611
3045,2590,2614
3044,2592,2616
3043,2594,2618
3042,2596,2620
3041,2598,2622
3040,2599,2625
3039,2601,2627
3038,2603,2629
3037,2605,2631
3036,2606,2633
3035,2608,2635
3034,2610,2637
3033,2612,2639
3032,2613,2640
3031,2615,2642
3030,2617,2644
3029,2619,2646
3028,2620,2648
3027,2622,2650
3026,2624,2652
3025,2625,2653
3024,2627,2655
3023,2629,2657
3022,2630,2659
3021,2632,2660
3020,2634,2662
3019,2635,2664
3018,2637,2665
3017,2639,2667
3016,2640,2669
3015,2642,2670
3014,2643,2672
3013,2645,2673
3012,2646,2675
3011,2648,2677
3010,2650,2678
3009,2651,2680
3008,2653,2681
3007,2654,2683
3006,2656,2684
3005,2657,2686
3004,2659,2687
3003,2660,2689
3002,2662,2690
3001,2663,2692
3000,2665,2693
2999,2666,2695
2998,2668,2696
2997,2669,2697
2996,2670,2699
2995,2672,2700
2994,2673,2702
2993,2675,2703
2992,2676,2704
2991,2678,2706
2990,2679,2707
2989,2680,2708
2988,2682,2710
2987,2683,2711
2986,2684,2712
2985,2686,2714
2984,2687,2715
2983,2688,2716
2982,2690,2718
2981,2691,2719
2980,2692,2720
2979,2694,2721
2978,2695,2723
2977,2696,2724
2976,2698,2725
2975,2699,2726
2974,2700,2728
2973,2701,2729
2972,2703,2730
2971,2704,2731
2970,2705,2733
2969,2706,2734
1886,2030,2033
2968,2708,2735
1885,2029,2038
2967,2709,2736
1884,2029,2041
2966,2710,2737
1883,2029,2045
2965,2711,2738
1882,2030,2048
2964,2713,2740
1881,2031,2051
2963,2714,2741
1880,2032,2054
2962,2715,2742
1879,2033,2057
2961,2716,2743
1878,2034,2059
2960,2717,2744
1877,2035,2062
2959,2719,2745
1876,2036,2065
2958,2720,2746
1875,2038,2068
2957,2721,2747
1874,2039,2071
2956,2722,2749
1873,2040,2073
2955,2723,2750
1872,2042,2076
2954,2724,2751
1871,2043,2079
2953,2725,2752
1870,2045,2082
2952,2727,2753
1869,2046,2084
2951,2728,2754
1868,2048,2087
2950,2729,2755
1867,2049,2090
2949,2730,2756
1866,2051,2093
2948,2731,2757
1865,2052,2096
2947,2732,2758
1864,2054,2098
2946,2733,2759
1863,2056,2101
2945,2734,2760
1862,2057,2104
2944,2735,2761
1861,2059,2107
2943,2737,2762
1860,2061,2110
2942,2738,2763
1859,2063,2113
2941,2739,2764
1858,2064,2115
2940,2740,2765
1857,2066,2118
2939,2741,2766
1856,2068,2121
2938,2742,2767
1855,2070,2124
2937,2743,2768
1854,2072,2127
2936,2744,2769
1853,2074,2130
2935,2745,2770
1852,2076,2133
2934,2746,2771
1851,2078,2136
2933,2747,2772
1850,2080,2139
2932,2748,2773
1849,2082,2142
2931,2749,2774
1848,2084,2145
2930,2750,2775
1847,2086,2148
2929,2751,2776
1846,2089,2151
2928,2752,2777
1845,2091,2154
2927,2753,2778
1844,2093,2158
2926,2754,2779
1843,2095,2161
2925,2755,2780
1842,2098,2164
2924,2756,2781
1841,2100,2167
2923,2757,2782
1840,2103,2170
2922,2758,2783
1839,2105,2173
2921,2759,2783
1838,2108,2176
2920,2760,2784
1837,2110,2180
2919,2761,2785
1836,2113,2183
2918,2762,2786
1835,2116,2186
2917,2763,2787
1834,2118,2189
2916,2764,2788
1833,2121,2192
2915,2765,2789
2784,2852,2866
2783,2853,2867
2782,2853,2867
2781,2853,2868
2780,2854,2868
2779,2854,2868
2778,2855,2868
2777,2855,2869
2776,2855,2869
2775,2856,2869
2774,2856,2870
2773,2857,2870
2772,2857,2870
2771,2857,2871
2770,2858,2871
2769,2858,2871
2768,2858,2872
2767,2859,2872
2766,2859,2872
2765,2859,2873
2764,2860,2873
2763,2860,2873
2762,2860,2873
2761,2861,2874
2760,2861,2874
2759,2861,2874
2758,2862,2874
2757,2862,2875
2756,2862,2875
2755,2863,2875
2754,2863,2876
2753,2863,2876
2752,2864,2876
2751,2864,2876
2750,2864,2877
2749,2864,2877
2748,2865,2877
2747,2865,2877
2746,2865,2878
2745,2865,2878
2744,2866,2878
2743,2866,2878
2742,2866,2879
2741,2866,2879
2740,2867,2879
2739,2867,2879
2738,2867,2880
2737,2867,2880
2736,2868,2880
2735,2868,2880
2734,2868,2881
2733,2868,2881
2732,2869,2881
2731,2869,2881
2730,2869,2881
2729,2869,2882
2728,2869,2882
2727,2869,2882
2726,2870,2882
2725,2870,2883
2724,2870,2883
2723,2870,2883
2722,2870,2883
2721,2871,2883
2720,2871,2884
2719,2871,2884
2718,2871,2884
2717,2871,2884
2686,2875,2890
2685,2875,2890
2684,2875,2890
2683,2875,2890
2682,2875,2890
2681,2875,2890
2680,2875,2891
2679,2875,2891
2678,2875,2891
2677,2875,2891
2676,2875,2891
2675,2875,2891
2674,2875,2891
2673,2875,2891
2672,2876,2891
2671,2876,2892
2658,2877,2892
2659,2877,2892
2660,2876,2892
2661,2876,2892
2662,2876,2892
2663,2876,2892
2664,2876,2892
2665,2876,2892
2666,2876,2892
2667,2876,2892
2668,2876,2892
2669,2876,2892
2670,2876,2892
2687,2874,2890
2688,2874,2889
2689,2874,2889
2690,2874,2889
2691,2874,2889
2692,2874,2889
2693,2874,2889
2694,2874,2889
2695,2874,2888
2696,2874,2888
2697,2874,2888
2698,2873,2888
2699,2873,2888
2700,2873,2888
2701,2873,2887
2702,2873,2887
2703,2873,2887
2704,2873,2887
2705,2873,2887
2706,2873,2886
2707,2873,2886
2708,2872,2886
2709,2872,2886
2710,2872,2886
2711,2872,2886
2712,2872,2885
2713,2872,2885
2714,2872,2885
2715,2871,2885
2716,2871,2885
2785,2852,2866
2786,2851,2866
2787,2851,2865
2788,2850,2865
2789,2850,2865
2790,2850,2864
2791,2849,2864
2792,2849,2864
2793,2848,2863
2794,2848,2863
2795,2847,2863
2796,2847,2862
2797,2846,2862
2798,2846,2861
2799,2845,2861
2800,2845,2861
2801,2844,2860
2802,2844,2860
2803,2843,2859
2804,2843,2859
2805,2842,2859
2806,2842,2858
2807,2841,2858
2808,2841,2857
2809,2840,2857
2810,2840,2856
2811,2839,2856
2812,2839,2856
2813,2838,2855
2814,2838,2855
2815,2837,2854
2816,2837,2854
2817,2836,2853
2818,2836,2853
2819,2835,2852
2820,2834,2852
2821,2834,2851
2822,2833,2851
2823,2833,2851
2824,2832,2850
2825,2832,2850
2826,2831,2849
2827,2831,2849
2828,2830,2848
2829,2829,2848
2830,2829,2847
2831,2828,2847
2832,2828,2846
2833,2827,2846
2834,2826,2845
2835,2826,2844
2836,2825,2844
2837,2825,2843
2838,2824,2843
2839,2823,2842
2840,2823,2842
2841,2822,2841
2842,2821,2841
2843,2821,2840
2844,2820,2840
2845,2820,2839
2846,2819,2838
2847,2818,2838
2848,2818,2837
2849,2817,2837
2850,2816,2836
2851,2816,2836
2852,2815,2835
2853,2814,2834
2854,2814,2834
2855,2813,2833
2856,2812,2832
2857,2811,2832
2858,2811,2831
2859,2810,2831
2860,2809,2830
2861,2809,2829
2862,2808,2829
2863,2807,2828
2864,2807,2827
2865,2806,2827
2866,2805,2826
2867,2804,2826
2868,2804,2825
2869,2803,2824
2870,2802,2824
2871,2801,2823
2872,2801,2822
2873,2800,2821
2874,2799,2821
2875,2798,2820
2876,2798,2819
2877,2797,2819
2878,2796,2818
2879,2795,2817
2880,2795,2817
2881,2794,2816
2882,2793,2815
2883,2792,2814
2884,2791,2814
2885,2791,2813
2886,2790,2812
2887,2789,2811
2888,2788,2811
2889,2787,2810
2890,2787,2809
2891,2786,2808
2892,2785,2808
2893,2784,2807
2894,2783,2806
2895,2782,2805
2896,2782,2805
1815,2199,2224
2897,2781,2804
1816,2191,2227
2898,2780,2803
1817,2184,2228
2899,2779,2802
1818,2178,2228
2900,2778,2801
1819,2173,2227
2901,2777,2801
1820,2168,2226
2902,2776,2800
1821,2163,2224
2903,2776,2799
1822,2159,2222
2904,2775,2798
1823,2155,2220
2905,2774,2797
1824,2151,2218
2906,2773,2796
1825,2147,2216
2907,2772,2796
1826,2144,2213
2908,2771,2795
1827,2140,2210
2909,2770,2794
1828,2137,2207
2910,2769,2793
1829,2133,2204
2911,2768,2792
1830,2130,2201
2912,2767,2791
1831,2127,2198
2913,2767,2791
1832,2124,2195
2914,2766,2790
