1848,2150,2225
1849,2147,2221
1850,2144,2217
1851,2140,2214
1852,2137,2210
1853,2134,2206
1854,2131,2203
1855,2128,2199
1856,2125,2196
1857,2122,2192
1858,2119,2188
1859,2116,2185
1860,2114,2182
1861,2111,2178
1862,2108,2175
1863,2106,2171
1864,2103,2168
1865,2101,2165
1866,2098,2162
1867,2096,2159
1868,2093,2155
1939,1981,1985
1938,1981,1988
1937,1982,1990
1936,1982,1992
1935,1983,1995
2567,2890,2891
1932,1986,2001
2568,2889,2892
1933,1985,1999
2569,2888,2893
1934,1984,1997
2570,2888,2894
2571,2887,2894
2572,2887,2895
2573,2886,2895
2574,2886,2895
2575,2886,2896
2576,2886,2896
2577,2885,2896
2578,2885,2896
2579,2885,2896
2580,2885,2897
2581,2885,2897
2582,2885,2897
2583,2884,2897
2584,2884,2897
2585,2884,2897
2586,2884,2897
2587,2884,2897
2588,2884,2897
2530,3234,3239
1895,2039,2082
2589,2884,2897
2603,2885,2897
2602,2885,2897
2601,2885,2897
2600,2884,2897
2599,2884,2897
2598,2884,2897
2597,2884,2897
2596,2884,2897
2536,3235,3237
1901,2029,2068
2595,2884,2897
2535,3234,3238
1900,2030,2070
2594,2884,2897
2534,3234,3238
1899,2032,2072
2593,2884,2897
2533,3233,3239
1898,2034,2075
2592,2884,2897
2532,3233,3239
1897,2035,2077
2591,2884,2897
1833,2236,2249
2604,2885,2897
1834,2222,2256
2605,2885,2896
1835,2213,2258
2606,2885,2896
1836,2206,2258
2607,2885,2896
1837,2199,2258
2608,2886,2896
1838,2194,2256
2609,2886,2896
1839,2188,2254
2610,2886,2895
1840,2183,2252
2611,2886,2895
1841,2178,2249
2612,2887,2895
1842,2174,2246
2613,2887,2894
1843,2170,2242
2614,2887,2894
1844,2166,2239
2615,2888,2894
1845,2162,2236
2616,2888,2893
1846,2158,2232
2617,2889,2892
1847,2154,2228
2618,2890,2892
2531,3234,3239
1896,2037,2079
2590,2884,2897
2529,3234,3239
1894,2040,2084
2528,3235,3238
1893,2042,2087
1869,2091,2152
1870,2089,2149
1871,2086,2146
1872,2084,2143
1873,2082,2140
1874,2080,2137
1875,2077,2134
1876,2075,2132
1877,2073,2129
1878,2071,2126
1879,2069,2123
1880,2067,2120
1881,2065,2118
1882,2063,2115
1883,2061,2112
1884,2059,2110
1885,2057,2107
1886,2055,2104
1887,2053,2102
1888,2051,2099
1889,2049,2097
1890,2048,2094
1891,2046,2092
1892,2044,2089
1902,2027,2065
1903,2025,2063
1904,2024,2061
1905,2022,2059
1906,2021,2056
1907,2019,2054
1908,2018,2052
1909,2016,2050
1910,2015,2047
1911,2013,2045
1912,2012,2043
1913,2010,2041
1914,2009,2039
1915,2007,2037
1916,2006,2035
1917,2005,2032
1918,2003,2030
1919,2002,2028
1920,2000,2026
1921,1999,2024
1922,1998,2022
1923,1997,2020
1924,1995,2018
1925,1994,2016
1926,1993,2014
1927,1992,2012
1928,1991,2010
1929,1989,2007
1930,1988,2005
1931,1987,2003
