1949,2267,2292
1950,2257,2297
1951,2249,2299
1952,2242,2300
1953,2236,2300
1954,2231,2298
1956,2222,2294
2464,3231,3235
1957,2218,2291
2465,3230,3236
1961,2203,2277
3231,2488,2541
2469,3231,3237
1962,2199,2273
3232,2481,2541
2470,3231,3238
1963,2196,2269
3233,2474,2540
2471,3232,3237
1964,2193,2265
3234,2467,2539
2472,3233,3237
3259,2433,2445
3258,2420,2461
1981,2155,2191
3251,2403,2501
1982,2154,2186
3252,2403,2497
1983,2153,2182
3253,2403,2492
1984,2152,2177
3254,2405,2488
1985,2152,2172
3255,2407,2482
1986,2152,2166
3256,2409,2477
1987,2154,2158
3257,2414,2470
1960,2206,2281
2468,3231,3237
3230,2495,2540
1955,2226,2296
2463,3231,3234
1959,2210,2285
2467,3230,3237
3229,2504,2539
1958,2214,2288
2466,3230,3237
3228,2514,2536
3235,2461,2538
2473,3234,3236
1965,2190,2261
3236,2455,2537
1966,2187,2256
3237,2449,2536
1967,2185,2252
3238,2443,2534
1968,2182,2248
3239,2438,2533
1969,2179,2243
3240,2433,2531
1970,2177,2239
3241,2428,2529
1971,2175,2235
3242,2424,2527
1972,2172,2230
3243,2420,2525
1973,2170,2226
3244,2416,2522
1974,2168,2222
3245,2413,2520
1975,2166,2217
3246,2410,2517
1976,2164,2213
3247,2407,2514
1977,2162,2208
3248,2406,2511
1978,2160,2204
3249,2404,2508
1979,2158,2200
3250,2403,2504
1980,2157,2195
