2700,2873,2874
2701,2872,2874
2702,2871,2875
2703,2871,2875
2704,2870,2875
2705,2870,2875
2706,2870,2875
2707,2869,2875
2708,2869,2875
2709,2868,2875
2710,2868,2875
2711,2868,2875
2712,2867,2875
2713,2867,2875
2714,2866,2875
2715,2866,2875
2716,2866,2875
2717,2865,2874
2718,2865,2874
2719,2865,2874
2720,2864,2874
2721,2864,2874
2722,2864,2874
2723,2863,2874
2724,2863,2874
2725,2863,2873
2726,2862,2873
2727,2862,2873
2728,2862,2873
2729,2861,2873
2730,2861,2872
2731,2861,2872
2732,2860,2872
2733,2860,2872
2734,2860,2872
2735,2859,2871
2736,2859,2871
2737,2859,2871
2738,2858,2871
2739,2858,2871
2740,2858,2870
2741,2857,2870
2742,2857,2870
2743,2856,2870
2744,2856,2869
2745,2856,2869
2746,2855,2869
2747,2855,2868
2748,2855,2868
2749,2854,2868
2750,2854,2868
2751,2854,2867
2752,2853,2867
2753,2853,2867
2754,2852,2866
2755,2852,2866
2756,2852,2866
2757,2851,2865
2758,2851,2865
2759,2851,2865
2760,2850,2865
2761,2850,2864
2762,2849,2864
2763,2849,2864
2764,2849,2863
2765,2848,2863
2766,2848,2862
2767,2847,2862
2768,2847,2862
2769,2847,2861
2770,2846,2861
2771,2846,2861
2772,2845,2860
2773,2845,2860
2774,2844,2859
2775,2844,2859
2776,2844,2859
2777,2843,2858
2778,2843,2858
2779,2842,2858
2780,2842,2857
2781,2841,2857
2782,2841,2856
2783,2840,2856
2784,2840,2855
2785,2839,2855
2786,2839,2855
2787,2839,2854
2788,2838,2854
2789,2838,2853
2790,2837,2853
2791,2837,2852
2792,2836,2852
2793,2836,2851
2794,2835,2851
2795,2835,2851
2796,2834,2850
2797,2834,2850
2798,2833,2849
2799,2833,2849
2800,2832,2848
2801,2832,2848
2802,2831,2847
2803,2831,2847
2804,2830,2846
2805,2830,2846
2806,2829,2845
2807,2828,2845
2808,2828,2844
2809,2827,2844
2810,2827,2843
2811,2826,2843
2812,2826,2842
2813,2825,2842
2814,2825,2841
2815,2824,2840
2816,2823,2840
2817,2823,2839
2818,2822,2839
2819,2822,2838
2820,2821,2838
2821,2821,2837
2822,2820,2837
2823,2819,2836
2824,2819,2835
2825,2818,2835
2826,2818,2834
2827,2817,2834
2828,2816,2833
2829,2816,2832
2830,2815,2832
2831,2814,2831
2832,2814,2831
2833,2813,2830
2834,2813,2829
2835,2812,2829
2836,2811,2828
2837,2811,2828
2838,2810,2827
2839,2809,2826
2840,2809,2826
2841,2808,2825
2842,2807,2824
2843,2807,2824
2844,2806,2823
2845,2805,2823
2846,2804,2822
2847,2804,2821
2848,2803,2821
2849,2802,2820
2850,2802,2819
2851,2801,2819
2852,2800,2818
2853,2800,2817
2854,2799,2817
2855,2798,2816
2856,2797,2815
2857,2797,2814
2858,2796,2814
2859,2795,2813
2860,2794,2812
2861,2794,2812
2862,2793,2811
2863,2792,2810
3048,2546,2568
3047,2548,2571
3046,2549,2574
3045,2551,2577
3044,2553,2580
3043,2554,2583
3042,2556,2585
3041,2558,2588
3040,2560,2590
3039,2562,2593
3038,2563,2595
3037,2565,2598
3036,2567,2600
3035,2569,2602
3034,2571,2605
3033,2573,2607
3032,2575,2609
3031,2577,2611
3030,2579,2613
3029,2580,2615
3028,2582,2617
3027,2584,2619
3026,2586,2621
3025,2588,2623
3024,2590,2625
3023,2592,2627
3022,2594,2629
3021,2595,2631
3020,2597,2633
3019,2599,2635
3018,2601,2637
3017,2603,2638
3016,2605,2640
3015,2606,2642
3014,2608,2644
3013,2610,2646
3012,2612,2647
3011,2613,2649
3010,2615,2651
3009,2617,2652
3008,2619,2654
3007,2620,2656
3006,2622,2657
3005,2624,2659
3004,2626,2661
3003,2627,2662
3002,2629,2664
3001,2631,2665
3000,2632,2667
2999,2634,2668
2869,2787,2806
2549,3226,3227
2868,2788,2807
2548,3225,3228
2867,2789,2807
2547,3225,3229
2866,2790,2808
2546,3224,3229
2865,2790,2809
2545,3225,3230
2864,2791,2810
2544,3225,3230
2543,3225,3230
2542,3226,3229
3049,2545,2565
2541,3228,3228
2870,2787,2805
2871,2786,2804
2872,2785,2804
2873,2784,2803
2874,2783,2802
2990,2649,2682
2875,2782,2801
2991,2647,2680
2876,2782,2801
2992,2645,2679
2877,2781,2800
2993,2644,2677
2878,2780,2799
2994,2642,2676
2879,2779,2798
2995,2641,2674
1798,2183,2207
2880,2778,2798
2996,2639,2673
1799,2175,2210
2881,2777,2797
2997,2637,2671
1800,2169,2211
2882,2777,2796
2998,2636,2670
1801,2163,2211
2883,2776,2795
3050,2543,2562
3051,2542,2558
3052,2542,2554
3053,2542,2549
2989,2650,2683
2988,2652,2685
2987,2653,2686
2986,2655,2687
2985,2656,2689
2984,2658,2690
2983,2659,2692
2982,2661,2693
2981,2662,2694
2980,2664,2696
2979,2665,2697
2978,2667,2698
2977,2668,2700
2976,2670,2701
2975,2671,2702
2974,2673,2703
2973,2674,2705
2972,2675,2706
2971,2677,2707
2970,2678,2709
2969,2680,2710
2968,2681,2711
2967,2682,2712
2966,2684,2713
2965,2685,2715
2964,2687,2716
2963,2688,2717
2962,2689,2718
2961,2691,2719
2960,2692,2721
2959,2693,2722
2958,2695,2723
2957,2696,2724
2956,2697,2725
2955,2699,2726
2954,2700,2728
2953,2701,2729
2952,2702,2730
2951,2704,2731
2950,2705,2732
2949,2706,2733
2948,2707,2734
2947,2709,2735
2946,2710,2737
2945,2711,2738
2944,2712,2739
2943,2714,2740
2942,2715,2741
2941,2716,2742
2940,2717,2743
2939,2718,2744
2938,2720,2745
1855,2049,2057
2937,2721,2746
1854,2048,2062
2936,2722,2747
1853,2048,2066
2935,2723,2748
1852,2049,2070
2934,2724,2749
1851,2049,2073
2933,2725,2750
1850,2050,2077
2932,2727,2751
1849,2051,2080
2931,2728,2752
1848,2052,2083
2930,2729,2753
1847,2053,2086
2929,2730,2754
1846,2054,2090
2928,2731,2755
1845,2055,2093
2927,2732,2756
1844,2057,2096
2926,2733,2757
1843,2058,2099
2925,2734,2758
1842,2060,2102
2924,2736,2759
1841,2061,2105
2923,2737,2760
1840,2062,2108
2922,2738,2761
1839,2064,2111
2921,2739,2762
1838,2066,2114
2920,2740,2763
1837,2067,2118
2919,2741,2764
1836,2069,2121
2918,2742,2765
1835,2071,2124
2917,2743,2766
1834,2072,2127
2916,2744,2767
1833,2074,2130
2915,2745,2768
1832,2076,2133
2914,2746,2769
1831,2078,2136
2913,2747,2770
1830,2080,2139
2912,2748,2770
1829,2082,2142
2911,2749,2771
1828,2084,2145
2910,2750,2772
1827,2086,2148
2909,2751,2773
1826,2088,2151
2908,2752,2774
1825,2090,2154
2907,2753,2775
1824,2092,2157
2906,2754,2776
1823,2094,2160
2905,2755,2777
1822,2097,2164
2904,2756,2778
1821,2099,2167
2903,2757,2779
1820,2101,2170
2902,2758,2779
1819,2104,2173
2901,2759,2780
1818,2106,2175
2900,2760,2781
1817,2109,2178
2899,2761,2782
1816,2111,2181
2898,2762,2783
1815,2114,2184
2897,2763,2784
1814,2117,2187
2896,2764,2785
1813,2119,2190
2895,2765,2785
1812,2122,2192
2894,2766,2786
1811,2125,2195
2893,2767,2787
1810,2128,2197
2892,2768,2788
1809,2132,2200
2891,2769,2789
1808,2135,2202
2890,2769,2790
1807,2138,2204
2889,2770,2790
1806,2142,2206
2888,2771,2791
1805,2146,2207
2887,2772,2792
1804,2150,2209
2886,2773,2793
1803,2154,2210
2885,2774,2794
1802,2159,2211
2884,2775,2794
