3200,2511,2518
3201,2496,2524
3202,2486,2526
3203,2477,2526
3204,2468,2526
3205,2460,2525
3206,2451,2524
3207,2442,2523
3208,2434,2521
3209,2425,2520
3210,2416,2518
3211,2406,2516
3212,2397,2514
3213,2388,2511
3214,2380,2509
3215,2372,2506
3216,2365,2504
3217,2359,2501
3218,2354,2498
3231,2380,2427
3230,2370,2438
3229,2364,2446
3228,2359,2454
3227,2354,2460
3226,2351,2465
3225,2349,2470
3224,2347,2475
3223,2346,2480
3222,2346,2484
3221,2347,2487
3220,2348,2491
3219,2351,2494
1920,2297,2344
1921,2284,2354
1922,2274,2361
1923,2266,2365
2280,2893,2913
2281,2893,2914
2282,2893,2914
2283,2893,2914
2284,2893,2914
2285,2894,2915
2286,2894,2915
2287,2894,2915
2288,2894,2915
2289,2895,2915
2290,2895,2915
2291,2895,2916
2292,2895,2916
2293,2895,2916
2294,2896,2916
2295,2896,2916
2296,2896,2917
2297,2896,2917
2298,2896,2917
2299,2897,2917
2300,2897,2917
2301,2897,2917
2302,2897,2917
2303,2897,2917
2304,2897,2918
2305,2898,2918
2306,2898,2918
2307,2898,2918
2308,2898,2918
2309,2898,2918
2310,2898,2918
2311,2899,2918
2312,2899,2919
2313,2899,2919
2314,2899,2919
2315,2899,2919
2316,2899,2919
2317,2899,2919
2318,2900,2919
2319,2900,2919
2320,2900,2919
2321,2900,2919
2322,2900,2919
2323,2900,2919
2324,2900,2919
2325,2900,2920
2326,2901,2920
2327,2901,2920
2328,2901,2920
2329,2901,2920
2330,2901,2920
2331,2901,2920
2332,2901,2920
2333,2901,2920
2334,2901,2920
2335,2901,2920
2336,2902,2920
2337,2902,2920
2338,2902,2920
2339,2902,2920
2406,2911,2912
2405,2910,2913
2404,2909,2914
2403,2909,2914
2402,2908,2915
2401,2908,2915
2400,2907,2915
2399,2907,2916
2368,2904,2920
2367,2904,2920
2366,2904,2920
2365,2903,2920
2364,2903,2920
2363,2903,2920
2362,2903,2920
2361,2903,2920
2360,2903,2920
2359,2903,2920
2358,2903,2920
2357,2903,2920
2356,2903,2920
2355,2903,2920
2354,2903,2920
2353,2903,2920
2340,2902,2920
2341,2902,2920
2342,2902,2920
2343,2902,2920
2344,2902,2920
2345,2902,2920
2346,2902,2920
2347,2902,2920
2348,2902,2920
2349,2903,2920
2350,2903,2920
2351,2903,2920
2352,2903,2920
2369,2904,2920
2370,2904,2920
2371,2904,2920
2372,2904,2920
2373,2904,2920
2374,2904,2920
2375,2904,2919
2376,2904,2919
2377,2904,2919
2378,2904,2919
2379,2904,2919
2380,2904,2919
2381,2905,2919
2382,2905,2919
2383,2905,2919
2384,2905,2919
2385,2905,2918
2386,2905,2918
2387,2905,2918
2388,2905,2918
2389,2905,2918
2390,2905,2918
2391,2906,2918
2392,2906,2917
2393,2906,2917
2394,2906,2917
2395,2906,2917
2396,2906,2917
2397,2907,2916
2398,2907,2916
2279,2892,2913
2278,2892,2913
2277,2892,2913
2276,2892,2913
2275,2891,2912
2274,2891,2912
2273,2891,2912
2272,2891,2912
2271,2890,2911
2270,2890,2911
2269,2890,2911
2268,2889,2910
2267,2889,2910
2266,2889,2910
2265,2889,2910
2264,2888,2909
2263,2888,2909
2262,2888,2909
2261,2888,2908
2260,2887,2908
2259,2887,2908
2258,2887,2907
2257,2886,2907
2256,2886,2907
2255,2886,2906
2254,2886,2906
2253,2885,2905
2252,2885,2905
2251,2885,2905
2250,2884,2904
2249,2884,2904
2248,2884,2903
2247,2883,2903
2246,2883,2903
2245,2883,2902
2244,2882,2902
2243,2882,2901
2242,2882,2901
2241,2882,2900
2240,2881,2900
2239,2881,2900
2238,2881,2899
2237,2880,2899
2236,2880,2898
2235,2880,2898
2234,2879,2897
2233,2879,2897
2232,2879,2896
2231,2878,2896
2230,2878,2895
1973,2118,2125
2229,2878,2895
1972,2118,2130
2228,2877,2894
1971,2119,2135
2227,2877,2893
1970,2120,2139
2226,2877,2893
1969,2121,2143
2225,2876,2892
1968,2122,2147
2224,2876,2892
1967,2124,2151
2223,2876,2891
1966,2125,2154
2222,2875,2891
1965,2127,2158
2221,2875,2890
1964,2129,2162
2220,2875,2889
1963,2131,2166
2219,2874,2889
1962,2132,2170
2218,2874,2888
1961,2134,2173
2217,2874,2887
1960,2136,2177
2216,2874,2887
1959,2138,2181
2215,2873,2886
1958,2140,2185
2214,2873,2885
1957,2143,2189
2213,2873,2885
1956,2145,2193
2212,2872,2884
1955,2147,2197
2211,2872,2883
1954,2149,2202
2210,2872,2883
1953,2152,2206
2209,2872,2882
1952,2154,2210
2208,2871,2881
1951,2156,2215
2207,2871,2880
1950,2159,2219
2206,2871,2879
1949,2161,2224
2205,2871,2878
1948,2164,2229
2204,2871,2878
1947,2167,2233
2203,2870,2877
2487,3239,3242
1946,2169,2238
2202,2870,2876
2486,3238,3243
1945,2172,2244
2201,2870,2874
2485,3238,3243
1944,2175,2249
2200,2871,2873
2484,3237,3243
1943,2178,2254
2479,3237,3242
1938,2194,2284
2480,3237,3243
1939,2191,2278
2481,3237,3243
1940,2187,2271
2482,3237,3243
1941,2184,2266
2483,3237,3243
1942,2181,2260
2478,3237,3241
1937,2197,2291
2477,3238,3240
1936,2201,2298
1935,2205,2305
1934,2208,2313
1933,2212,2321
1932,2217,2329
1931,2221,2338
1930,2225,2346
1929,2230,2353
1928,2235,2360
1927,2240,2365
1926,2246,2367
1925,2252,2368
1924,2258,2367
