1859,2299,2353
1860,2283,2368
1861,2272,2378
1862,2263,2386
1863,2254,2392
1864,2247,2398
1865,2240,2403
1866,2234,2407
1867,2228,2410
1868,2222,2412
1869,2217,2411
1870,2212,2405
1871,2207,2359
1872,2202,2334
1873,2198,2318
1874,2193,2306
1875,2189,2296
1876,2185,2287
1877,2181,2278
1878,2177,2271
1879,2174,2264
1880,2170,2257
1881,2166,2251
1882,2163,2245
1883,2159,2240
1884,2156,2235
1885,2153,2229
1886,2149,2225
1887,2146,2220
1888,2143,2215
1889,2140,2211
1890,2137,2207
1891,2134,2202
1892,2131,2198
1893,2128,2194
1894,2125,2191
1895,2123,2187
1896,2120,2183
1897,2117,2180
1898,2115,2176
1899,2112,2173
1900,2109,2169
1901,2107,2166
1902,2104,2163
1903,2102,2159
1904,2099,2156
1905,2097,2153
1906,2094,2150
1907,2092,2147
1908,2090,2144
1909,2087,2141
1910,2085,2139
1911,2083,2136
1912,2080,2133
1913,2078,2130
1914,2076,2127
1915,2074,2125
1916,2072,2122
1917,2069,2120
1918,2067,2117
1919,2065,2115
1920,2063,2112
1921,2061,2110
1922,2059,2107
1923,2057,2105
1924,2055,2102
1925,2053,2100
1926,2051,2098
1927,2049,2095
1928,2047,2093
1929,2045,2091
1930,2043,2088
1931,2041,2086
1932,2039,2084
1933,2038,2082
1934,2036,2080
1935,2034,2078
1936,2032,2075
1937,2030,2073
1938,2028,2071
1939,2027,2069
1940,2025,2067
1941,2023,2065
1942,2021,2063
1943,2020,2061
1944,2018,2059
1945,2016,2057
1946,2015,2055
1947,2013,2053
1948,2011,2052
1949,2009,2050
1950,2008,2048
1951,2006,2046
1952,2005,2044
1953,2003,2042
1954,2001,2040
1955,2000,2039
1956,1998,2037
1957,1997,2035
1958,1995,2033
1959,1993,2032
1960,1992,2030
1961,1990,2028
1962,1989,2026
1963,1987,2025
1964,1986,2023
1965,1984,2021
3164,2329,2334
3163,2298,2364
3162,2284,2378
3161,2273,2388
3160,2263,2396
3159,2255,2403
3158,2248,2410
3157,2241,2415
3156,2235,2420
3155,2229,2425
3154,2223,2429
3153,2218,2432
3152,2213,2434
3151,2208,2335
3151,2405,2433
3150,2203,2317
3149,2199,2303
3148,2195,2293
3147,2190,2284
3146,2186,2275
3145,2182,2268
3144,2178,2261
3143,2175,2254
3142,2171,2248
3141,2167,2242
3140,2164,2237
3139,2160,2232
3138,2157,2227
3137,2154,2222
3136,2150,2217
3135,2147,2213
3134,2144,2208
3133,2141,2204
3132,2138,2200
3131,2135,2196
3130,2132,2192
3129,2129,2188
3128,2126,2184
3127,2123,2181
3126,2121,2177
3125,2118,2174
3124,2115,2170
3123,2113,2167
3122,2110,2164
3121,2107,2160
3120,2105,2157
3119,2102,2154
3118,2100,2151
3117,2097,2148
3116,2095,2145
3115,2093,2142
3114,2090,2139
3113,2088,2136
3112,2086,2134
3111,2083,2131
3110,2081,2128
3109,2079,2126
3108,2077,2123
3107,2074,2120
3106,2072,2118
3105,2070,2115
3104,2068,2113
3103,2066,2110
3102,2064,2108
3101,2062,2105
3100,2059,2103
3099,2057,2101
3098,2055,2098
3097,2053,2096
3096,2051,2094
3095,2049,2091
3094,2047,2089
3093,2046,2087
3092,2044,2085
3091,2042,2082
3090,2040,2080
3089,2038,2078
3088,2036,2076
3087,2034,2074
3086,2032,2072
3085,2031,2070
3084,2029,2068
3083,2027,2066
3082,2025,2064
3081,2023,2062
3080,2022,2060
3079,2020,2058
3078,2018,2056
3077,2016,2054
3076,2015,2052
3075,2013,2050
2467,1694,1712
2466,1694,1712
2465,1694,1712
2464,1695,1712
2463,1695,1712
2462,1695,1713
2461,1695,1713
2460,1695,1713
2459,1695,1713
2458,1695,1713
2457,1695,1713
2456,1695,1713
2455,1695,1713
2454,1695,1713
2453,1695,1713
2452,1696,1713
2451,1696,1714
2450,1696,1714
2449,1696,1714
2448,1696,1714
2447,1696,1714
2446,1696,1714
2445,1696,1714
2444,1696,1714
2443,1696,1714
2442,1697,1714
2441,1697,1715
2440,1697,1715
2439,1697,1715
2438,1697,1715
2437,1697,1715
2436,1697,1715
2435,1697,1715
2434,1697,1715
2433,1698,1715
2432,1698,1716
2431,1698,1716
2430,1698,1716
2429,1698,1716
2428,1698,1716
2427,1698,1716
2426,1698,1716
2425,1699,1717
2424,1699,1717
2423,1699,1717
2422,1699,1717
2421,1699,1717
2420,1699,1717
2419,1699,1717
2418,1700,1718
2417,1700,1718
2416,1700,1718
2415,1700,1718
2414,1700,1718
2413,1700,1718
2412,1700,1718
2411,1701,1719
2410,1701,1719
2409,1701,1719
2408,1701,1719
2407,1701,1719
2406,1701,1719
2405,1702,1720
2404,1702,1720
2403,1702,1720
2402,1702,1720
2401,1702,1720
2400,1702,1720
2399,1703,1721
2398,1703,1721
2397,1703,1721
2396,1703,1721
2395,1703,1721
2394,1703,1722
2393,1704,1722
2392,1704,1722
2391,1704,1722
2390,1704,1722
2389,1704,1723
2388,1705,1723
2387,1705,1723
2386,1705,1723
2385,1705,1723
2384,1705,1724
2383,1705,1724
2382,1706,1724
2381,1706,1724
2380,1706,1724
2379,1706,1725
2378,1707,1725
2377,1707,1725
2376,1707,1725
2375,1707,1725
2374,1707,1726
2373,1708,1726
2372,1708,1726
2371,1708,1726
2370,1708,1727
2369,1708,1727
2368,1709,1727
2367,1709,1727
2366,1709,1727
2365,1709,1728
2364,1710,1728
2363,1710,1728
2362,1710,1728
2361,1710,1729
2360,1711,1729
2359,1711,1729
2358,1711,1729
2357,1711,1730
2356,1711,1730
2355,1712,1730
2354,1712,1730
2353,1712,1731
2352,1712,1731
2351,1713,1731
2350,1713,1731
2349,1713,1732
2348,1713,1732
2347,1714,1732
2346,1714,1733
2345,1714,1733
2344,1715,1733
2343,1715,1733
2342,1715,1734
2341,1715,1734
2340,1716,1734
2339,1716,1734
2338,1716,1735
2337,1716,1735
2336,1717,1735
2335,1717,1736
2334,1717,1736
2333,1717,1736
2332,1718,1736
2331,1718,1737
2330,1718,1737
2329,1719,1737
2328,1719,1738
2327,1719,1738
2326,1720,1738
2325,1720,1739
2324,1720,1739
2323,1720,1739
2322,1721,1739
2321,1721,1740
2320,1721,1740
2319,1722,1740
2318,1722,1741
2317,1722,1741
2316,1723,1741
2315,1723,1742
2314,1723,1742
2313,1723,1742
2312,1724,1743
2311,1724,1743
2310,1724,1743
2309,1725,1744
2308,1725,1744
2307,1725,1744
2306,1726,1745
2305,1726,1745
2304,1726,1745
2303,1727,1746
2302,1727,1746
2301,1727,1746
2300,1728,1747
2299,1728,1747
2298,1728,1748
2297,1729,1748
2296,1729,1748
2295,1729,1749
2294,1730,1749
2293,1730,1749
2292,1731,1750
2291,1731,1750
2290,1731,1750
2289,1732,1751
2288,1732,1751
2287,1732,1752
2286,1733,1752
2285,1733,1752
2284,1733,1753
2283,1734,1753
2282,1734,1753
2281,1735,1754
2280,1735,1754
2279,1735,1755
2278,1736,1755
2277,1736,1755
2276,1736,1756
2275,1737,1756
2274,1737,1757
2273,1738,1757
2272,1738,1757
2271,1738,1758
2270,1739,1758
2269,1739,1759
2268,1740,1759
2267,1740,1759
2266,1740,1760
2265,1741,1760
2264,1741,1761
2263,1742,1761
2262,1742,1762
2261,1742,1762
2260,1743,1762
2259,1743,1763
2258,1744,1763
2257,1744,1764
2256,1744,1764
2255,1745,1765
2254,1745,1765
2253,1746,1766
2252,1746,1766
2251,1747,1766
2250,1747,1767
2249,1747,1767
2248,1748,1768
2247,1748,1768
2246,1749,1769
2245,1749,1769
2244,1750,1770
2243,1750,1770
2242,1751,1771
2241,1751,1771
2240,1751,1771
2239,1752,1772
2238,1752,1772
2237,1753,1773
2236,1753,1773
2235,1754,1774
2234,1754,1774
2233,1755,1775
2232,1755,1775
2231,1756,1776
2230,1756,1776
2229,1757,1777
2228,1757,1777
2227,1757,1778
2226,1758,1778
2225,1758,1779
2224,1759,1779
2223,1759,1780
2222,1760,1780
2221,1760,1781
2220,1761,1781
2219,1761,1782
2218,1762,1782
2217,1762,1783
2216,1763,1783
2215,1763,1784
2214,1764,1784
2213,1764,1785
2212,1765,1786
2211,1765,1786
2210,1766,1787
2209,1766,1787
2208,1767,1788
2207,1767,1788
2206,1768,1789
2205,1769,1789
2204,1769,1790
2203,1770,1790
2202,1770,1791
2201,1771,1792
2200,1771,1792
2199,1772,1793
2198,1772,1793
2197,1773,1794
2196,1773,1794
2195,1774,1795
2194,1774,1796
2193,1775,1796
2192,1776,1797
2191,1776,1797
2190,1777,1798
2189,1777,1798
2188,1778,1799
2187,1778,1800
2186,1779,1800
2185,1779,1801
2184,1780,1801
2053,1879,1906
2052,1880,1907
2051,1881,1908
2050,1882,1909
2049,1883,1910
2048,1884,1911
2047,1885,1912
2046,1886,1913
2045,1887,1914
2044,1888,1916
2043,1889,1917
2042,1890,1918
2041,1891,1919
2040,1892,1920
2039,1893,1921
2038,1894,1922
2037,1895,1923
2036,1896,1924
2035,1897,1925
2034,1898,1927
2033,1899,1928
2506,2893,2900
2506,1693,1711
2505,2893,2899
2505,1693,1711
2504,2894,2899
2504,1693,1711
2503,2895,2898
2503,1693,1711
2502,2896,2896
2502,1693,1711
2004,1932,1963
2005,1931,1962
2006,1929,1961
2000,1937,1969
2007,1928,1959
2001,1936,1967
2008,1927,1958
1981,1961,1996
2522,2890,2902
2522,1693,1711
2002,1934,1966
2009,1926,1957
1982,1960,1994
2523,2890,2902
2523,1693,1711
2003,1933,1965
2010,1925,1956
1983,1959,1993
2524,2890,2902
2524,1693,1711
2011,1924,1954
1984,1957,1991
2525,2890,2902
2525,1693,1711
2012,1922,1953
1985,1956,1990
2526,2890,2902
2526,1693,1711
2013,1921,1952
1986,1955,1988
2527,2890,2902
2527,1693,1711
2032,1900,1929
1999,1938,1970
2540,2895,2897
2540,1693,1711
2026,1907,1936
2031,1901,1930
1998,1939,1971
2539,2894,2898
2539,1693,1711
2025,1908,1937
2030,1902,1931
2024,1909,1938
2029,1903,1932
2023,1910,1939
2028,1904,1934
2022,1911,1941
2027,1905,1935
2021,1912,1942
2014,1920,1950
1987,1953,1987
2528,2891,2902
2528,1693,1711
2015,1919,1949
1988,1952,1986
2529,2891,2902
2529,1693,1711
2016,1918,1948
1989,1951,1984
2530,2891,2902
2530,1693,1711
2017,1917,1947
1990,1949,1983
2531,2891,2901
2531,1693,1711
2018,1915,1946
1991,1948,1981
2532,2891,2901
2532,1693,1711
2019,1914,1944
1992,1947,1980
2533,2892,2901
2533,1693,1711
2020,1913,1943
1993,1946,1978
2534,2892,2901
2534,1693,1711
2538,2893,2899
2538,1693,1711
1997,1940,1973
2521,2890,2902
2521,3240,3243
2521,1693,1711
1980,1963,1997
2537,2893,2900
2537,1693,1711
1996,1942,1974
2520,2890,2902
2520,3240,3244
2520,1693,1711
1979,1964,1999
2536,2893,2900
2536,1693,1711
1995,1943,1976
2519,2890,2902
2519,3239,3244
2519,1693,1711
1978,1966,2000
2535,2892,2900
2535,1693,1711
1994,1944,1977
2518,2890,2902
2518,3239,3244
2518,1693,1711
1977,1967,2002
2517,2890,2902
2517,3239,3244
2517,1693,1711
1976,1968,2004
2516,2890,2902
2516,3239,3245
2516,1693,1711
1975,1970,2005
2515,2890,2902
2515,3239,3244
2515,1693,1711
1974,1971,2007
2514,2891,2902
2514,3239,3244
2514,1693,1711
1973,1973,2008
2513,2891,2902
2513,3240,3244
2513,1693,1711
1972,1974,2010
2512,2891,2901
2512,3240,3243
2512,1693,1711
1971,1975,2011
2507,2892,2900
2507,1693,1711
1966,1983,2020
2508,2892,2901
2508,1693,1711
1967,1981,2018
2509,2892,2901
2509,1693,1711
1968,1980,2016
2510,2891,2901
2510,1693,1711
1969,1978,2015
2511,2891,2901
2511,1693,1711
1970,1977,2013
2054,1878,1905
2055,1877,1904
2056,1876,1903
2057,1875,1902
2058,1874,1901
2059,1873,1900
2060,1872,1899
2061,1871,1898
2062,1870,1897
2063,1869,1896
2064,1868,1895
2065,1867,1894
2066,1866,1893
2067,1866,1892
2068,1865,1891
2069,1864,1890
2070,1863,1889
2071,1862,1888
2072,1861,1887
2073,1860,1886
2074,1859,1885
2075,1858,1884
2076,1857,1883
2077,1857,1882
2078,1856,1881
2079,1855,1880
2080,1854,1879
2081,1853,1879
2082,1852,1878
2083,1851,1877
2084,1850,1876
2085,1850,1875
2086,1849,1874
2087,1848,1873
2088,1847,1872
2089,1846,1871
2090,1845,1870
2091,1845,1870
2092,1844,1869
2093,1843,1868
2094,1842,1867
2095,1841,1866
2096,1840,1865
2097,1840,1864
2098,1839,1863
2099,1838,1863
2100,1837,1862
2101,1836,1861
2102,1836,1860
2103,1835,1859
2104,1834,1858
2105,1833,1858
2106,1832,1857
2107,1832,1856
2108,1831,1855
2109,1830,1854
2110,1829,1853
2111,1829,1853
2112,1828,1852
2113,1827,1851
2114,1826,1850
2115,1826,1849
2116,1825,1849
2117,1824,1848
2118,1823,1847
2119,1823,1846
2120,1822,1845
2121,1821,1845
2122,1820,1844
2123,1820,1843
2124,1819,1842
2125,1818,1842
2126,1817,1841
2127,1817,1840
2128,1816,1839
2129,1815,1839
2130,1815,1838
2131,1814,1837
2132,1813,1836
2133,1812,1836
2134,1812,1835
2135,1811,1834
2136,1810,1833
2137,1810,1833
2138,1809,1832
2139,1808,1831
2140,1808,1830
2141,1807,1830
2142,1806,1829
2143,1806,1828
2144,1805,1828
2145,1804,1827
2146,1804,1826
2147,1803,1825
2148,1802,1825
2149,1802,1824
2150,1801,1823
2151,1800,1823
2152,1800,1822
2153,1799,1821
2154,1798,1821
2155,1798,1820
2156,1797,1819
2157,1796,1819
2158,1796,1818
2159,1795,1817
2160,1794,1817
2161,1794,1816
2162,1793,1815
2163,1793,1815
2164,1792,1814
2165,1791,1813
2166,1791,1813
2167,1790,1812
2168,1790,1811
2169,1789,1811
2170,1788,1810
2171,1788,1809
2172,1787,1809
2173,1787,1808
2174,1786,1808
2175,1785,1807
2176,1785,1806
2177,1784,1806
2178,1784,1805
2179,1783,1804
2180,1782,1804
2181,1782,1803
2182,1781,1803
2183,1781,1802
2468,1694,1712
2469,1694,1712
2470,1694,1712
2471,1694,1712
2472,1694,1712
2473,1694,1712
2474,1694,1712
2475,1694,1712
2476,1694,1712
2477,1694,1712
2478,1694,1712
2479,1694,1711
2480,1694,1711
2481,1694,1711
2482,1693,1711
2483,1693,1711
2484,1693,1711
2485,1693,1711
2486,1693,1711
2487,1693,1711
2488,1693,1711
2489,1693,1711
2490,1693,1711
2491,1693,1711
2492,1693,1711
2493,1693,1711
2494,1693,1711
2495,1693,1711
2496,1693,1711
2497,1693,1711
2498,1693,1711
2499,1693,1711
2500,1693,1711
2501,1693,1711
2541,1693,1711
2542,1694,1711
2543,1694,1711
2544,1694,1712
2545,1694,1712
2546,1694,1712
2547,1694,1712
2548,1694,1712
2549,1694,1712
2550,1694,1712
2551,1694,1712
2552,1694,1712
2553,1694,1712
2554,1694,1712
2555,1694,1712
2556,1694,1712
2557,1694,1712
2558,1694,1712
2559,1695,1712
2560,1695,1713
2561,1695,1713
2562,1695,1713
2563,1695,1713
2564,1695,1713
2565,1695,1713
2566,1695,1713
2567,1695,1713
2568,1695,1713
2569,1695,1713
2570,1695,1713
2571,1696,1713
2572,1696,1714
2573,1696,1714
2574,1696,1714
2575,1696,1714
2576,1696,1714
2577,1696,1714
2578,1696,1714
2579,1696,1714
2580,1696,1714
2581,1697,1714
2582,1697,1715
2583,1697,1715
2584,1697,1715
2585,1697,1715
2586,1697,1715
2587,1697,1715
2588,1697,1715
2589,1697,1715
2590,1698,1716
2591,1698,1716
2592,1698,1716
2593,1698,1716
2594,1698,1716
2595,1698,1716
2596,1698,1716
2597,1698,1716
2598,1699,1717
2599,1699,1717
2600,1699,1717
2601,1699,1717
2602,1699,1717
2603,1699,1717
2604,1699,1717
2605,1700,1718
2606,1700,1718
2607,1700,1718
2608,1700,1718
2609,1700,1718
2610,1700,1718
2611,1700,1719
2612,1701,1719
2613,1701,1719
2614,1701,1719
2615,1701,1719
2616,1701,1719
2617,1701,1719
2618,1702,1720
2619,1702,1720
2620,1702,1720
2621,1702,1720
2622,1702,1720
2623,1702,1721
2624,1703,1721
2625,1703,1721
2626,1703,1721
2627,1703,1721
2628,1703,1721
2629,1703,1722
2630,1704,1722
2631,1704,1722
2632,1704,1722
2633,1704,1722
2634,1704,1723
2635,1705,1723
2636,1705,1723
2637,1705,1723
2638,1705,1723
2639,1705,1724
2640,1705,1724
2641,1706,1724
2642,1706,1724
2643,1706,1724
2644,1706,1725
2645,1707,1725
2646,1707,1725
2647,1707,1725
2648,1707,1726
2649,1707,1726
2650,1708,1726
2651,1708,1726
2652,1708,1726
2653,1708,1727
2654,1708,1727
2655,1709,1727
2656,1709,1727
2657,1709,1728
2658,1709,1728
2659,1710,1728
2660,1710,1728
2661,1710,1729
2662,1710,1729
2663,1711,1729
2664,1711,1729
2665,1711,1729
2666,1711,1730
2667,1711,1730
2668,1712,1730
2669,1712,1731
2670,1712,1731
2671,1712,1731
2672,1713,1731
2673,1713,1732
2674,1713,1732
2675,1713,1732
2676,1714,1732
2677,1714,1733
2678,1714,1733
2679,1715,1733
2680,1715,1733
2681,1715,1734
2682,1715,1734
2683,1716,1734
2684,1716,1735
2685,1716,1735
2686,1716,1735
2687,1717,1735
2688,1717,1736
2689,1717,1736
2690,1718,1736
2691,1718,1737
2692,1718,1737
2693,1718,1737
2694,1719,1737
2695,1719,1738
2696,1719,1738
2697,1720,1738
2698,1720,1739
2699,1720,1739
2700,1720,1739
2701,1721,1740
2702,1721,1740
2703,1721,1740
2704,1722,1741
2705,1722,1741
2706,1722,1741
2707,1723,1741
2708,1723,1742
2709,1723,1742
2710,1724,1742
2711,1724,1743
2712,1724,1743
2713,1724,1743
2714,1725,1744
2715,1725,1744
2716,1725,1744
2717,1726,1745
2718,1726,1745
2719,1726,1745
2720,1727,1746
2721,1727,1746
2722,1727,1747
2723,1728,1747
2724,1728,1747
2725,1728,1748
2726,1729,1748
2727,1729,1748
2728,1729,1749
2729,1730,1749
2730,1730,1749
2731,1731,1750
2732,1731,1750
2733,1731,1751
2734,1732,1751
2735,1732,1751
2736,1732,1752
2737,1733,1752
2738,1733,1752
2739,1733,1753
2740,1734,1753
2741,1734,1754
2742,1735,1754
2743,1735,1754
2744,1735,1755
2745,1736,1755
2746,1736,1755
2747,1736,1756
2748,1737,1756
2749,1737,1757
2750,1738,1757
2751,1738,1757
2752,1738,1758
2753,1739,1758
2754,1739,1759
2755,1740,1759
2756,1740,1760
2757,1740,1760
2758,1741,1760
2759,1741,1761
2760,1742,1761
2761,1742,1762
2762,1742,1762
2763,1743,1763
2764,1743,1763
2765,1744,1763
2766,1744,1764
2767,1745,1764
2768,1745,1765
2769,1745,1765
2770,1746,1766
2771,1746,1766
2772,1747,1766
2773,1747,1767
2774,1748,1767
2775,1748,1768
2776,1748,1768
2777,1749,1769
2778,1749,1769
2779,1750,1770
2780,1750,1770
2781,1751,1771
2782,1751,1771
2783,1752,1772
2784,1752,1772
2785,1752,1772
2786,1753,1773
2787,1753,1773
2788,1754,1774
2789,1754,1774
2790,1755,1775
2791,1755,1775
2792,1756,1776
2793,1756,1776
2794,1757,1777
2795,1757,1777
2796,1758,1778
2797,1758,1778
2798,1759,1779
2799,1759,1779
2800,1760,1780
2801,1760,1780
2802,1761,1781
2803,1761,1781
2804,1762,1782
2805,1762,1782
2806,1763,1783
2807,1763,1783
2808,1764,1784
2809,1764,1785
2810,1765,1785
2811,1765,1786
2812,1766,1786
2813,1766,1787
2814,1767,1787
2815,1767,1788
2816,1768,1788
2817,1768,1789
2818,1769,1789
2819,1769,1790
2820,1770,1790
2821,1770,1791
2822,1771,1792
2823,1771,1792
2824,1772,1793
2825,1772,1793
2826,1773,1794
2827,1774,1794
2828,1774,1795
2829,1775,1796
2830,1775,1796
2831,1776,1797
2832,1776,1797
2833,1777,1798
2834,1777,1798
2835,1778,1799
2836,1779,1800
2837,1779,1800
2838,1780,1801
2839,1780,1801
2840,1781,1802
2841,1781,1803
2842,1782,1803
2843,1783,1804
2844,1783,1804
2845,1784,1805
2846,1784,1806
2847,1785,1806
2848,1786,1807
2849,1786,1808
2850,1787,1808
2851,1787,1809
2852,1788,1809
2853,1789,1810
2854,1789,1811
2855,1790,1811
2856,1790,1812
2857,1791,1813
2858,1792,1813
2859,1792,1814
2860,1793,1815
2861,1794,1815
2862,1794,1816
2863,1795,1817
2864,1795,1817
2865,1796,1818
2866,1797,1819
2867,1797,1819
2868,1798,1820
2869,1799,1821
2870,1799,1821
2871,1800,1822
2872,1801,1823
2873,1801,1823
2874,1802,1824
2875,1803,1825
2876,1803,1825
2877,1804,1826
2878,1805,1827
2879,1805,1827
2880,1806,1828
2881,1807,1829
2882,1807,1830
2883,1808,1830
2884,1809,1831
2885,1809,1832
2886,1810,1832
2887,1811,1833
2888,1811,1834
2889,1812,1835
2890,1813,1835
2891,1814,1836
2892,1814,1837
2893,1815,1838
2894,1816,1838
2895,1816,1839
2896,1817,1840
2897,1818,1841
2898,1819,1841
2899,1819,1842
2900,1820,1843
2901,1821,1844
2902,1822,1845
2903,1822,1845
2904,1823,1846
2905,1824,1847
2906,1825,1848
2907,1825,1848
2908,1826,1849
2909,1827,1850
2910,1828,1851
2911,1828,1852
2912,1829,1852
2913,1830,1853
2914,1831,1854
2915,1831,1855
2916,1832,1856
2917,1833,1857
2918,1834,1857
2919,1835,1858
2920,1835,1859
2921,1836,1860
2922,1837,1861
2923,1838,1862
2924,1839,1862
2925,1839,1863
2926,1840,1864
2927,1841,1865
2928,1842,1866
2929,1843,1867
2930,1843,1868
2931,1844,1868
2932,1845,1869
2933,1846,1870
2934,1847,1871
2935,1848,1872
2936,1848,1873
2937,1849,1874
2938,1850,1875
2939,1851,1876
2940,1852,1876
2941,1853,1877
2942,1854,1878
2943,1855,1879
2944,1855,1880
2945,1856,1881
2946,1857,1882
2947,1858,1883
2948,1859,1884
2949,1860,1885
2950,1861,1886
2951,1862,1887
2952,1863,1888
2953,1863,1889
2954,1864,1890
2955,1865,1891
2956,1866,1891
2957,1867,1892
2958,1868,1893
2959,1869,1894
2960,1870,1895
2961,1871,1896
2962,1872,1897
2963,1873,1898
2964,1874,1899
2965,1875,1900
2966,1876,1901
2967,1877,1902
2968,1878,1903
2969,1878,1904
2970,1879,1906
2971,1880,1907
2972,1881,1908
2973,1882,1909
2974,1883,1910
2975,1884,1911
2976,1885,1912
2977,1886,1913
2978,1887,1914
2979,1888,1915
2980,1889,1916
2981,1890,1917
2982,1892,1918
2983,1893,1919
2984,1894,1921
2985,1895,1922
2986,1896,1923
2987,1897,1924
2988,1898,1925
2989,1899,1926
2990,1900,1927
2991,1901,1928
2992,1902,1930
2993,1903,1931
2994,1904,1932
2995,1905,1933
2996,1906,1934
2997,1907,1935
2998,1909,1936
2999,1910,1938
3000,1911,1939
3001,1912,1940
3002,1913,1941
3003,1914,1942
3004,1915,1944
3005,1916,1945
3006,1918,1946
3007,1919,1947
3008,1920,1949
3009,1921,1950
3010,1922,1951
3011,1923,1952
3012,1925,1954
3013,1926,1955
3014,1927,1956
3015,1928,1957
3016,1929,1959
3017,1931,1960
3018,1932,1961
3019,1933,1963
3020,1934,1964
3021,1935,1965
3022,1937,1967
3023,1938,1968
3024,1939,1969
3025,1940,1971
3026,1942,1972
3027,1943,1973
3028,1944,1975
3029,1946,1976
3030,1947,1978
3031,1948,1979
3032,1949,1980
3033,1951,1982
3034,1952,1983
3035,1953,1985
3036,1955,1986
3037,1956,1988
3038,1957,1989
3039,1959,1990
3040,1960,1992
3041,1961,1993
3042,1963,1995
3043,1964,1996
3044,1966,1998
3045,1967,1999
3046,1968,2001
3047,1970,2003
3048,1971,2004
3049,1973,2006
3050,1974,2007
3051,1976,2009
3052,1977,2010
3053,1979,2012
3054,1980,2014
3055,1981,2015
3056,1983,2017
3057,1984,2018
3058,1986,2020
3059,1987,2022
3060,1989,2023
3061,1991,2025
3062,1992,2027
3063,1994,2029
3064,1995,2030
3065,1997,2032
3066,1998,2034
3067,2000,2036
3068,2002,2037
3069,2003,2039
3070,2005,2041
3071,2006,2043
3072,2008,2045
3073,2010,2046
3074,2011,2048
