3224,2475,2536
1954,2202,2281
3225,2468,2536
1955,2198,2277
3226,2461,2535
1956,2195,2272
3227,2454,2534
1957,2192,2268
1982,2145,2152
3251,2423,2435
1981,2144,2159
3250,2409,2452
1980,2144,2164
3249,2402,2461
1979,2145,2169
3248,2397,2469
1978,2146,2173
3247,2394,2475
1977,2147,2178
3246,2392,2480
1976,2149,2182
3245,2390,2485
1975,2150,2187
3244,2389,2490
1974,2152,2191
3228,2447,2533
1958,2189,2263
3223,2482,2537
1953,2205,2286
3222,2490,2536
1952,2209,2290
3221,2499,2535
1951,2213,2295
3220,2509,2533
1950,2217,2299
1949,2221,2302
1948,2225,2306
1947,2230,2308
1946,2235,2311
1945,2241,2312
1973,2153,2195
3243,2389,2494
1944,2247,2313
3237,2400,2514
1967,2166,2222
2475,3234,3239
1972,2155,2200
3242,2389,2498
1943,2253,2312
3236,2403,2516
1966,2168,2226
2474,3233,3240
1971,2157,2204
3241,2390,2501
1942,2261,2310
3235,2408,2519
1965,2170,2230
2473,3233,3240
1970,2159,2208
3240,2392,2505
1941,2272,2305
3234,2412,2521
1964,2173,2235
2472,3233,3239
1969,2161,2213
2477,3236,3238
3239,2394,2508
3233,2417,2524
1963,2175,2240
2471,3232,3239
1968,2163,2217
2476,3235,3239
3238,2397,2511
3232,2423,2526
1962,2178,2244
2470,3232,3239
3231,2428,2528
1961,2180,2249
2469,3233,3238
3230,2434,2529
1960,2183,2253
2468,3233,3237
3229,2441,2531
1959,2186,2258
2467,3234,3236
