3199,2499,2522
3200,2488,2524
3201,2479,2525
3202,2470,2525
3203,2461,2524
3204,2452,2523
3205,2443,2522
3206,2434,2521
3207,2425,2519
3208,2416,2517
3209,2406,2515
3210,2396,2513
3211,2387,2511
3212,2377,2508
3213,2369,2506
3214,2361,2503
3215,2355,2500
3216,2350,2497
3217,2346,2494
3230,2390,2410
3229,2374,2428
3228,2365,2438
3227,2359,2447
3226,2354,2453
3225,2350,2460
3224,2346,2465
3223,2344,2470
3222,2342,2475
3221,2341,2479
3220,2341,2483
3219,2342,2487
3218,2343,2491
1918,2301,2347
1919,2287,2358
1920,2277,2366
1921,2268,2371
1922,2261,2374
1923,2254,2376
1924,2248,2376
1925,2242,2375
1926,2237,2370
1927,2232,2364
1928,2227,2356
1929,2222,2347
1930,2218,2337
1931,2214,2328
1932,2210,2319
1933,2206,2310
1934,2202,2302
1935,2199,2295
1973,2116,2119
1972,2115,2125
1971,2115,2129
1970,2116,2133
1969,2117,2137
1968,2119,2141
1967,2120,2145
1966,2122,2149
1965,2123,2152
1964,2125,2156
2286,2894,2915
2287,2894,2915
2288,2894,2915
2289,2894,2915
2290,2895,2915
2291,2895,2915
2292,2895,2916
2293,2895,2916
2294,2895,2916
2295,2896,2916
2296,2896,2916
2297,2896,2916
2298,2896,2917
2299,2896,2917
2300,2897,2917
2301,2897,2917
2302,2897,2917
2303,2897,2917
2304,2897,2917
2305,2898,2917
2306,2898,2917
2307,2898,2918
2308,2898,2918
2309,2898,2918
2310,2898,2918
2311,2899,2918
2312,2899,2918
2313,2899,2918
2314,2899,2918
2315,2899,2918
2316,2899,2918
2317,2899,2918
2318,2900,2919
2319,2900,2919
2320,2900,2919
2321,2900,2919
2322,2900,2919
2323,2900,2919
2324,2900,2919
2325,2900,2919
2326,2900,2919
2327,2901,2919
2328,2901,2919
2329,2901,2919
2330,2901,2919
2331,2901,2919
2332,2901,2919
2333,2901,2919
2334,2901,2919
2335,2901,2919
2336,2901,2920
2337,2901,2920
2338,2902,2920
2339,2902,2920
2340,2902,2920
2341,2902,2920
2342,2902,2920
2343,2902,2920
2344,2902,2920
2345,2902,2920
2346,2902,2920
2347,2902,2920
2348,2902,2920
2349,2902,2920
2350,2902,2920
2351,2902,2920
2352,2902,2920
2353,2902,2920
2391,2904,2918
2390,2904,2918
2389,2904,2918
2388,2904,2918
2387,2904,2919
2386,2904,2919
2385,2904,2919
2384,2904,2919
2383,2904,2919
2382,2904,2919
2381,2904,2919
2380,2904,2919
2379,2904,2919
2378,2903,2919
2377,2903,2919
2376,2903,2919
2363,2903,2920
2364,2903,2920
2365,2903,2920
2366,2903,2920
2367,2903,2920
2368,2903,2920
2369,2903,2920
2370,2903,2920
2371,2903,2920
2372,2903,2920
2373,2903,2920
2374,2903,2919
2375,2903,2919
2392,2904,2918
2393,2905,2918
2394,2905,2918
2395,2905,2917
2396,2905,2917
2397,2905,2917
2398,2905,2917
2399,2905,2917
2400,2905,2916
2401,2906,2916
2402,2906,2916
2403,2906,2916
2404,2906,2915
2405,2907,2915
2406,2907,2915
2407,2907,2914
2408,2908,2914
2409,2908,2914
2410,2908,2913
2411,2909,2912
2412,2910,2911
2362,2903,2920
2361,2903,2920
2360,2903,2920
2359,2903,2920
2358,2903,2920
2357,2903,2920
2356,2903,2920
2355,2903,2920
2354,2902,2920
2285,2893,2914
2284,2893,2914
2283,2893,2914
2282,2893,2914
2281,2893,2914
2280,2892,2913
2279,2892,2913
2278,2892,2913
2277,2892,2913
2276,2891,2913
2275,2891,2912
2274,2891,2912
2273,2890,2912
2272,2890,2912
2271,2890,2911
2270,2890,2911
2269,2889,2911
2268,2889,2911
2267,2889,2910
2266,2889,2910
2265,2888,2910
2264,2888,2910
2263,2888,2909
2262,2887,2909
2261,2887,2909
2260,2887,2908
2259,2886,2908
2258,2886,2908
2257,2886,2907
2256,2886,2907
2255,2885,2907
2254,2885,2907
2253,2885,2906
2252,2884,2906
2251,2884,2905
2250,2884,2905
2249,2883,2905
2248,2883,2904
2247,2883,2904
2246,2882,2904
2245,2882,2903
2244,2882,2903
2243,2881,2902
2242,2881,2902
2241,2881,2902
2240,2880,2901
2239,2880,2901
2238,2880,2900
2237,2879,2900
2236,2879,2900
2235,2879,2899
2234,2878,2899
2233,2878,2898
2232,2877,2898
2231,2877,2897
2230,2877,2897
2229,2876,2896
2228,2876,2896
2227,2876,2895
2226,2875,2895
2225,2875,2894
2224,2875,2894
2223,2874,2893
2222,2874,2893
2221,2873,2892
2220,2873,2892
1963,2127,2160
2219,2873,2891
1962,2129,2164
2218,2872,2890
1961,2130,2167
2217,2872,2890
1960,2132,2171
2216,2872,2889
1959,2134,2175
2215,2871,2889
1958,2136,2179
2214,2871,2888
1957,2138,2183
2213,2870,2888
1956,2141,2187
2212,2870,2887
1955,2143,2191
2211,2870,2886
1954,2145,2195
2210,2869,2886
1953,2147,2199
2209,2869,2885
1952,2150,2203
2208,2868,2884
1951,2152,2208
2207,2868,2884
1950,2154,2212
2206,2868,2883
1949,2157,2216
2205,2867,2882
1948,2159,2221
2204,2867,2882
2488,3240,3243
1947,2162,2226
2203,2867,2881
2487,3239,3243
1946,2165,2230
2202,2866,2880
2486,3238,3243
1945,2167,2235
2201,2866,2880
2485,3238,3244
1944,2170,2240
2200,2866,2879
2484,3237,3244
1943,2173,2246
2199,2865,2878
2483,3237,3244
1942,2176,2251
2198,2865,2877
2482,3237,3243
1941,2179,2257
2197,2864,2877
2481,3237,3243
1940,2182,2262
2196,2864,2876
2480,3237,3242
1939,2185,2268
2195,2864,2875
2479,3238,3242
1938,2188,2274
2194,2864,2874
2478,3238,3240
1937,2192,2281
2193,2863,2873
1936,2195,2288
2192,2863,2873
2191,2863,2872
2190,2862,2871
2189,2862,2870
2188,2862,2869
2187,2862,2868
2186,2862,2867
2185,2862,2866
2184,2862,2864
