1844,2249,2286
1845,2238,2290
1846,2229,2291
1847,2222,2290
1848,2215,2289
1849,2209,2286
1850,2204,2283
1851,2198,2279
1852,2193,2275
1853,2188,2271
1854,2184,2266
1855,2180,2261
1856,2175,2257
1857,2171,2252
1858,2167,2248
1859,2164,2243
1860,2160,2238
1861,2156,2234
1862,2153,2230
1863,2149,2225
1864,2146,2221
1865,2143,2217
1866,2139,2213
1867,2136,2209
1868,2133,2205
1869,2130,2201
1870,2127,2197
1871,2124,2193
1872,2122,2190
1873,2119,2186
1874,2116,2183
1875,2113,2179
1876,2111,2176
1877,2108,2172
1878,2105,2169
1879,2103,2166
1880,2100,2162
1881,2098,2159
1882,2095,2156
1883,2093,2153
1884,2091,2150
1885,2088,2147
1886,2086,2144
1887,2084,2141
1888,2081,2138
2007,1913,1915
2006,1914,1917
2005,1914,1919
2004,1915,1921
2003,1916,1922
2002,1916,1924
2001,1917,1925
2000,1918,1927
1999,1919,1928
1998,1920,1930
1997,1921,1931
1996,1922,1933
1995,1923,1934
1994,1923,1935
1993,1924,1937
1992,1925,1938
1991,1926,1940
1990,1927,1941
1989,1928,1943
1988,1929,1944
1987,1930,1946
1986,1931,1947
1985,1933,1949
1984,1934,1950
1983,1935,1951
1982,1936,1953
1981,1937,1954
1980,1938,1956
1979,1939,1957
1978,1940,1959
1977,1941,1960
1976,1942,1962
1975,1943,1963
1974,1945,1965
1973,1946,1966
1972,1947,1968
1971,1948,1970
1970,1949,1971
1969,1950,1973
1968,1952,1974
1967,1953,1976
1966,1954,1977
1965,1955,1979
1964,1956,1980
1963,1958,1982
1891,2075,2130
2526,3236,3242
1890,2077,2132
2525,3236,3241
1889,2079,2135
2524,3236,3241
2531,3238,3239
1896,2064,2116
2530,3237,3240
1895,2066,2119
2529,3236,3241
1894,2068,2121
2528,3236,3241
1893,2070,2124
2527,3236,3241
1892,2072,2127
2541,2892,2893
1906,2044,2091
2542,2891,2895
1907,2042,2089
2543,2890,2895
1908,2041,2087
2544,2890,2896
1909,2039,2084
2545,2889,2896
1910,2037,2082
2546,2889,2897
1911,2035,2080
2547,2888,2897
1912,2033,2077
2548,2888,2897
1913,2031,2075
2549,2888,2898
1914,2030,2073
2550,2888,2898
1915,2028,2071
2551,2887,2898
1916,2026,2069
2552,2887,2898
1917,2025,2066
2553,2887,2898
1918,2023,2064
2554,2887,2899
1919,2021,2062
2574,2888,2898
1939,1990,2023
2573,2888,2898
1938,1991,2025
2572,2887,2898
1937,1993,2027
2571,2887,2899
1936,1994,2029
2570,2887,2899
1935,1996,2030
2569,2887,2899
1934,1997,2032
2568,2887,2899
1933,1999,2034
2567,2887,2899
1932,2000,2036
2566,2887,2899
1931,2002,2038
2565,2887,2899
1930,2003,2040
2564,2887,2899
1929,2005,2042
2563,2887,2899
1928,2006,2044
2562,2887,2899
1927,2008,2046
2575,2888,2898
1940,1988,2021
2576,2888,2898
1941,1987,2019
2577,2889,2897
1942,1986,2018
2578,2889,2897
1943,1984,2016
2579,2889,2897
1944,1983,2014
2580,2890,2896
1945,1981,2012
2522,3238,3240
2581,2890,2896
1946,1980,2010
2523,3237,3241
2582,2891,2895
1947,1979,2009
2583,2892,2895
1948,1977,2007
2561,2887,2899
1926,2010,2048
2560,2887,2899
1925,2011,2050
2559,2887,2899
1924,2013,2052
2558,2887,2899
1923,2014,2054
2557,2887,2899
1922,2016,2056
2556,2887,2899
1921,2018,2058
2555,2887,2899
1920,2019,2060
1897,2062,2113
1898,2060,2111
1899,2058,2108
1900,2056,2106
1901,2054,2103
1902,2052,2101
1903,2050,2098
1904,2048,2096
1905,2046,2094
1949,1976,2005
1950,1974,2004
1951,1973,2002
1952,1972,2000
1953,1970,1998
1954,1969,1997
1955,1968,1995
1956,1967,1993
1957,1965,1992
1958,1964,1990
1959,1963,1989
1960,1961,1987
1961,1960,1985
1962,1959,1984
