2900,2761,2761
2901,2759,2761
2902,2757,2760
2903,2756,2760
2904,2755,2759
2905,2753,2758
2906,2752,2758
2907,2751,2757
2908,2749,2756
2909,2748,2756
2910,2747,2755
2911,2746,2754
2912,2744,2753
2913,2743,2753
2914,2742,2752
2915,2741,2751
2916,2739,2750
2917,2738,2749
2918,2737,2748
2919,2736,2748
2920,2735,2747
2921,2733,2746
2922,2732,2745
2923,2731,2744
2924,2730,2743
2925,2728,2742
2926,2727,2741
2927,2726,2741
2928,2724,2740
2929,2723,2739
2930,2722,2738
2931,2721,2737
2932,2719,2736
2933,2718,2735
2934,2717,2734
2935,2715,2733
2936,2714,2732
2937,2713,2731
2938,2712,2730
2939,2710,2729
2940,2709,2728
2941,2708,2727
2942,2706,2726
2943,2705,2725
2944,2703,2724
2945,2702,2723
2946,2701,2722
2947,2699,2721
2948,2698,2720
2949,2697,2719
2950,2695,2717
2951,2694,2716
2952,2692,2715
2953,2691,2714
2954,2690,2713
2955,2688,2712
2956,2687,2711
2957,2685,2710
2958,2684,2708
2959,2682,2707
2960,2681,2706
2961,2680,2705
2962,2678,2704
2963,2677,2703
2964,2675,2701
2965,2674,2700
2966,2672,2699
2967,2671,2698
2968,2669,2697
2969,2668,2695
2970,2666,2694
2971,2664,2693
2972,2663,2692
2973,2661,2690
2974,2660,2689
2975,2658,2688
2976,2657,2686
2977,2655,2685
2978,2654,2684
2979,2652,2682
2980,2650,2681
2981,2649,2680
2982,2647,2678
2983,2645,2677
2551,3223,3225
1789,2177,2199
1790,2169,2203
1791,2163,2204
1792,2158,2204
1793,2153,2204
1794,2149,2204
1795,2145,2203
1796,2141,2201
1797,2137,2200
1798,2134,2198
1799,2130,2196
1800,2127,2194
1801,2124,2192
1802,2121,2190
1803,2118,2187
1804,2115,2185
1805,2113,2182
1806,2110,2180
1807,2107,2177
1808,2105,2174
1809,2102,2171
1810,2100,2169
1811,2098,2166
2550,3222,3226
1842,2057,2061
2985,2642,2674
2549,3222,3227
1841,2055,2067
2984,2644,2676
1824,2072,2126
1823,2074,2129
1822,2076,2132
1821,2077,2135
1820,2079,2138
1819,2081,2142
1818,2083,2145
1817,2085,2148
1816,2087,2151
1815,2089,2154
1814,2091,2157
1813,2093,2160
1812,2095,2163
1825,2071,2123
1826,2069,2120
1827,2068,2117
1828,2066,2113
1829,2065,2110
1830,2063,2107
1831,2062,2104
1832,2061,2101
1833,2059,2097
1834,2058,2094
1835,2057,2091
1836,2056,2087
1837,2056,2084
1838,2055,2080
2547,3222,3227
1839,2054,2076
2548,3222,3227
1840,2054,2072
2546,3223,3227
2545,3223,3227
2544,3224,3226
3001,2615,2650
3002,2613,2649
3003,2611,2647
3004,2609,2645
3005,2607,2644
3006,2606,2642
3007,2604,2640
3008,2602,2639
3009,2600,2637
3010,2598,2635
3011,2596,2633
3012,2594,2632
3013,2593,2630
3014,2591,2628
3015,2589,2626
3016,2587,2624
3017,2585,2622
3018,2583,2621
3019,2581,2619
3020,2579,2617
3021,2577,2615
3022,2575,2613
3023,2573,2611
3024,2571,2609
3025,2570,2606
3026,2568,2604
3027,2566,2602
3028,2564,2600
3029,2562,2598
3030,2560,2595
3031,2558,2593
3032,2556,2591
3033,2554,2588
3034,2552,2586
3035,2550,2583
3036,2549,2581
3037,2547,2578
3038,2545,2576
3039,2543,2573
3040,2542,2570
3041,2540,2567
3042,2538,2564
3043,2537,2561
3044,2536,2557
3045,2535,2554
3046,2534,2550
3047,2534,2545
3048,2535,2539
3000,2616,2652
2999,2618,2653
2998,2620,2655
2997,2622,2657
2996,2623,2658
2995,2625,2660
2994,2627,2661
2993,2629,2663
2992,2630,2664
2991,2632,2666
2990,2634,2667
2989,2635,2669
2988,2637,2670
2987,2639,2671
2986,2640,2673
