1851,2270,2318
1852,2258,2325
1853,2248,2329
1854,2240,2330
1855,2233,2329
1856,2226,2326
1857,2220,2321
1858,2214,2316
1859,2209,2310
1860,2204,2303
1861,2199,2297
1862,2194,2290
1863,2189,2283
1864,2185,2277
1865,2181,2271
1866,2177,2265
1867,2173,2259
1868,2169,2254
1869,2165,2248
1870,2162,2243
1871,2158,2238
1872,2155,2233
1873,2151,2228
1874,2148,2224
1875,2145,2219
1876,2142,2215
1877,2138,2211
1878,2135,2206
1879,2132,2202
1880,2129,2198
1881,2127,2195
1882,2124,2191
1883,2121,2187
1884,2118,2183
1885,2115,2180
1886,2113,2176
1887,2110,2173
1888,2107,2170
1889,2105,2166
1890,2102,2163
1891,2100,2160
1892,2097,2157
1893,2095,2154
1894,2092,2151
1895,2090,2148
1896,2088,2145
1897,2085,2142
1898,2083,2139
1899,2081,2136
1900,2079,2133
1901,2076,2130
1902,2074,2128
1903,2072,2125
1904,2070,2122
1905,2068,2120
1906,2066,2117
1907,2063,2115
1908,2061,2112
2152,1800,1801
2151,1801,1802
2150,1801,1803
2149,1802,1804
2148,1802,1805
2147,1802,1805
2146,1803,1806
2145,1803,1807
2144,1804,1808
2143,1804,1809
2142,1805,1809
2141,1806,1810
2140,1806,1811
2139,1807,1812
2138,1807,1813
2137,1808,1813
2136,1808,1814
2135,1809,1815
2134,1810,1816
2133,1810,1816
2132,1811,1817
2131,1811,1818
2130,1812,1819
2129,1813,1820
2128,1813,1820
2127,1814,1821
2126,1814,1822
2125,1815,1823
2124,1816,1824
2123,1816,1824
2122,1817,1825
2121,1818,1826
2120,1818,1827
1975,1953,1984
1974,1954,1986
1973,1956,1987
1972,1957,1989
1971,1958,1990
1970,1960,1992
1969,1961,1993
1968,1962,1995
1967,1964,1996
1966,1965,1998
1965,1966,2000
1964,1968,2001
1963,1969,2003
1962,1971,2004
1961,1972,2006
1960,1973,2008
1959,1975,2009
1958,1976,2011
1957,1978,2013
1956,1979,2014
1955,1981,2016
1954,1982,2018
1953,1983,2019
1952,1985,2021
1951,1986,2023
1950,1988,2025
1949,1989,2026
1948,1991,2028
1947,1992,2030
1946,1994,2032
1945,1996,2033
1944,1997,2035
1943,1999,2037
1942,2000,2039
1941,2002,2041
1940,2003,2043
1939,2005,2045
1938,2007,2046
1937,2008,2048
1936,2010,2050
1935,2012,2052
1934,2013,2054
1933,2015,2056
1932,2017,2058
1931,2018,2060
1930,2020,2062
1929,2022,2064
1928,2023,2066
2022,1899,1922
2023,1898,1921
2024,1897,1920
2025,1896,1918
2026,1895,1917
2027,1894,1916
2028,1893,1915
1927,2025,2068
2021,1900,1923
2562,2893,2896
2048,1874,1893
1926,2027,2071
2020,1901,1924
2561,2892,2897
2047,1875,1894
1925,2029,2073
2046,1876,1895
1924,2031,2075
2045,1877,1896
1923,2032,2077
2044,1878,1897
1922,2034,2079
2043,1879,1898
2029,1892,1914
1909,2059,2109
2030,1891,1913
1910,2057,2107
2031,1890,1911
1911,2055,2105
2032,1889,1910
1912,2053,2102
2033,1888,1909
1913,2051,2100
2034,1887,1908
2560,2892,2897
2019,1902,1925
2559,2891,2898
2018,1903,1927
2558,2891,2898
2017,1904,1928
1989,1936,1964
2530,2890,2899
2557,2890,2899
2016,1905,1929
1988,1937,1965
2529,2890,2899
1987,1938,1967
2528,2890,2898
1986,1939,1968
2527,2891,2898
2527,3240,3240
1985,1941,1970
2526,2891,2897
2526,3238,3242
1984,1942,1971
2525,2892,2897
2525,3238,3242
1983,1943,1972
2524,2892,2896
2524,3238,3243
1982,1944,1974
2523,2894,2895
2523,3237,3243
1981,1945,1975
2522,3237,3243
1980,1947,1977
2521,3237,3243
2548,2888,2900
2007,1915,1940
1979,1948,1978
2520,3238,3243
2547,2888,2900
2006,1916,1941
1978,1949,1980
2519,3238,3243
2546,2888,2900
2005,1917,1943
1977,1951,1981
2518,3239,3242
2545,2888,2900
2004,1918,1944
1976,1952,1983
2517,3240,3241
2544,2888,2901
2003,1919,1945
2008,1914,1939
2549,2889,2900
2035,1886,1907
1914,2049,2097
2009,1913,1938
2550,2889,2900
2036,1885,1906
1915,2047,2095
2010,1912,1936
2551,2889,2900
2037,1884,1905
1916,2045,2093
2011,1911,1935
2552,2889,2900
2038,1883,1904
1917,2044,2090
2012,1910,1934
2553,2889,2900
2039,1882,1903
1918,2042,2088
2013,1908,1933
2554,2889,2899
2040,1881,1901
1919,2040,2086
2014,1907,1931
2555,2890,2899
2041,1880,1900
1920,2038,2084
2015,1906,1930
2556,2890,2899
2042,1879,1899
1921,2036,2081
2531,2889,2899
1990,1934,1963
2532,2889,2899
1991,1933,1961
2533,2889,2900
1992,1932,1960
2534,2889,2900
1993,1931,1958
2535,2889,2900
1994,1930,1957
2536,2889,2900
1995,1929,1956
2537,2888,2900
1996,1927,1954
2538,2888,2900
1997,1926,1953
2539,2888,2900
1998,1925,1952
2540,2888,2900
1999,1924,1950
2541,2888,2900
2000,1923,1949
2542,2888,2901
2001,1922,1948
2543,2888,2901
2002,1921,1947
2049,1873,1892
2050,1872,1891
2051,1871,1890
2052,1870,1889
2053,1869,1888
2054,1869,1887
2055,1868,1886
2056,1867,1885
2057,1866,1884
2058,1865,1883
2059,1864,1882
2060,1863,1881
2061,1862,1880
2062,1862,1879
2063,1861,1878
2064,1860,1877
2065,1859,1876
2066,1858,1875
2067,1857,1874
2068,1857,1873
2069,1856,1872
2070,1855,1871
2071,1854,1870
2072,1853,1869
2073,1852,1868
2074,1852,1867
2075,1851,1866
2076,1850,1865
2077,1849,1864
2078,1848,1863
2079,1848,1862
2080,1847,1861
2081,1846,1860
2082,1845,1860
2083,1845,1859
2084,1844,1858
2085,1843,1857
2086,1842,1856
2087,1841,1855
2088,1841,1854
2089,1840,1853
2090,1839,1852
2091,1838,1851
2092,1838,1851
2093,1837,1850
2094,1836,1849
2095,1835,1848
2096,1835,1847
2097,1834,1846
2098,1833,1845
2099,1833,1844
2100,1832,1844
2101,1831,1843
2102,1830,1842
2103,1830,1841
2104,1829,1840
2105,1828,1839
2106,1828,1838
2107,1827,1838
2108,1826,1837
2109,1826,1836
2110,1825,1835
2111,1824,1834
2112,1823,1833
2113,1823,1833
2114,1822,1832
2115,1821,1831
2116,1821,1830
2117,1820,1829
2118,1819,1828
2119,1819,1828
