1910,2318,2354
1911,2300,2371
1912,2288,2383
1913,2278,2391
1914,2270,2398
1915,2262,2405
1916,2256,2410
1917,2249,2414
1918,2244,2418
1919,2238,2421
1920,2233,2422
1921,2228,2421
1922,2224,2415
1923,2219,2385
1924,2215,2357
1925,2211,2339
1926,2207,2326
1927,2203,2315
1972,2100,2105
1971,2100,2110
1970,2101,2114
1969,2102,2117
1968,2103,2121
1967,2105,2124
1966,2106,2128
1965,2108,2131
1964,2109,2135
1963,2111,2138
1962,2113,2141
1961,2114,2145
1960,2116,2148
1959,2118,2152
1958,2120,2155
1957,2122,2159
1956,2124,2162
1955,2126,2166
1954,2128,2170
1953,2130,2173
1952,2132,2177
1940,2162,2228
1939,2164,2233
1938,2167,2238
1937,2170,2243
1936,2173,2249
1935,2176,2255
1934,2179,2261
1933,2182,2267
1932,2186,2273
1931,2189,2280
1930,2192,2288
1929,2196,2296
1928,2199,2305
2142,2828,2845
2143,2829,2846
2144,2829,2847
2145,2830,2848
2146,2831,2849
2147,2831,2850
2148,2832,2851
2149,2833,2851
2150,2833,2852
2151,2834,2853
2152,2834,2854
2153,2835,2855
2154,2836,2855
2155,2836,2856
2156,2837,2857
2157,2837,2858
2158,2838,2859
2159,2839,2859
2160,2839,2860
2161,2840,2861
2162,2841,2862
2163,2841,2862
2164,2842,2863
2165,2842,2864
2166,2843,2865
2167,2843,2865
2168,2844,2866
2169,2845,2867
2170,2845,2867
2171,2846,2868
2172,2846,2869
2173,2847,2869
2174,2848,2870
2175,2848,2871
2176,2849,2871
2177,2849,2872
2178,2850,2873
2179,2850,2873
2180,2851,2874
2181,2852,2875
2182,2852,2875
2183,2853,2876
2184,2853,2876
2185,2854,2877
2186,2854,2878
2187,2855,2878
2188,2855,2879
2189,2856,2879
2190,2856,2880
2191,2857,2881
2192,2858,2881
2193,2858,2882
2194,2859,2882
2195,2859,2883
2196,2860,2883
2197,2860,2884
2198,2861,2884
2199,2861,2885
2200,2862,2886
2201,2862,2886
2202,2863,2887
2203,2863,2887
2204,2864,2888
2205,2864,2888
2206,2865,2889
2207,2865,2889
2208,2866,2889
2209,2866,2890
2210,2867,2890
2211,2867,2891
2212,2868,2891
2213,2868,2892
2214,2869,2892
2215,2869,2893
2216,2870,2893
2217,2870,2894
2348,2904,2915
2349,2904,2915
2350,2904,2915
2351,2904,2915
2352,2904,2915
2353,2904,2915
2354,2904,2915
2366,2903,2916
2367,2903,2916
2368,2903,2916
2369,2903,2916
2370,2903,2916
2371,2903,2916
2372,2903,2917
2373,2903,2917
2374,2903,2917
2375,2903,2917
2376,2903,2917
2377,2903,2917
2378,2903,2917
2379,2903,2917
2380,2902,2917
2381,2902,2917
2382,2902,2917
2383,2902,2917
2384,2902,2917
2385,2902,2917
2386,2902,2917
2387,2902,2917
2388,2902,2917
2389,2902,2917
2390,2902,2917
2391,2902,2917
2392,2902,2917
2393,2902,2917
2394,2902,2917
2395,2902,2917
2396,2902,2917
2397,2902,2917
2398,2902,2917
2399,2902,2917
2429,2906,2911
2118,2814,2821
3200,2419,2514
2428,2905,2912
2117,2813,2820
3199,2429,2516
2427,2905,2912
2116,2813,2818
3198,2439,2518
2426,2904,2913
2115,2813,2817
3197,2449,2519
2425,2904,2913
2114,2813,2815
3196,2459,2520
2424,2904,2913
3195,2468,2521
2423,2904,2914
3194,2477,2521
2422,2903,2914
3193,2487,2520
2421,2903,2914
3192,2499,2517
2420,2903,2914
2419,2903,2915
2418,2903,2915
2417,2903,2915
2416,2903,2915
2360,2904,2916
1946,2146,2201
2487,3238,3244
2230,2876,2899
2361,2904,2916
1947,2144,2197
2488,3238,3245
2231,2877,2899
2362,2904,2916
1948,2141,2193
2489,3239,3245
2232,2877,2899
2363,2904,2916
1949,2139,2189
2490,3239,3244
2233,2877,2900
2364,2904,2916
1950,2137,2185
2491,3240,3244
2234,2878,2900
2365,2903,2916
1951,2134,2181
2492,3241,3243
2235,2878,2900
2119,2814,2822
3201,2408,2512
2430,2906,2911
2120,2815,2823
3202,2396,2510
2431,2907,2910
2121,2815,2824
3203,2383,2508
2122,2816,2826
3204,2370,2506
2123,2816,2827
3205,2356,2503
2124,2817,2828
3206,2344,2501
2125,2818,2829
3207,2335,2498
2126,2818,2830
3208,2328,2495
2127,2819,2831
3209,2324,2492
2128,2819,2832
3210,2321,2488
2129,2820,2833
3211,2319,2485
2130,2821,2834
3212,2319,2481
2131,2821,2835
3213,2320,2477
2132,2822,2836
3214,2321,2473
2133,2823,2837
3215,2323,2468
2134,2823,2838
3216,2326,2464
2135,2824,2839
3217,2329,2458
2136,2824,2840
3218,2333,2453
2137,2825,2841
3219,2338,2446
2138,2826,2842
3220,2344,2439
2139,2826,2843
3221,2351,2431
2140,2827,2844
3222,2361,2420
2141,2828,2844
3223,2377,2403
2359,2904,2916
1945,2148,2205
2486,3238,3244
2229,2876,2898
2358,2904,2915
1944,2151,2209
2485,3238,3244
2228,2875,2898
2357,2904,2915
1943,2154,2214
2484,3238,3243
2227,2875,2898
2356,2904,2915
1942,2156,2218
2483,3239,3243
2226,2874,2897
2355,2904,2915
1941,2159,2223
2482,3239,3242
2225,2874,2897
2400,2902,2917
2401,2902,2917
2402,2902,2917
2403,2902,2917
2404,2902,2917
2405,2902,2917
2406,2902,2916
2407,2902,2916
2408,2902,2916
2409,2902,2916
2410,2902,2916
2411,2902,2916
2412,2902,2916
2413,2902,2916
2414,2902,2916
2415,2902,2915
2347,2904,2914
2346,2904,2914
2345,2905,2914
2344,2905,2914
2343,2905,2914
2342,2905,2914
2341,2905,2914
2340,2905,2914
2339,2905,2914
2338,2905,2914
2337,2905,2914
2336,2905,2913
2335,2905,2913
2334,2905,2913
2333,2905,2913
2332,2905,2913
2331,2904,2913
2330,2904,2913
2329,2904,2913
2328,2904,2913
2327,2904,2913
2326,2904,2913
2325,2904,2913
2324,2904,2913
2323,2904,2913
2322,2904,2912
2321,2904,2912
2320,2904,2912
2319,2904,2912
2318,2903,2912
2317,2903,2912
2316,2903,2912
2315,2903,2912
2314,2903,2912
2313,2903,2912
2312,2903,2912
2311,2902,2912
2310,2902,2912
2309,2902,2912
2308,2902,2912
2307,2902,2912
2306,2901,2912
2305,2901,2912
2304,2901,2912
2303,2901,2911
2302,2901,2911
2301,2900,2911
2300,2900,2911
2299,2900,2911
2298,2900,2911
2297,2899,2911
2296,2899,2911
2295,2899,2911
2294,2899,2911
2293,2898,2911
2292,2898,2911
2291,2898,2911
2290,2898,2911
2289,2897,2911
2288,2897,2911
2287,2897,2910
2286,2897,2910
2285,2896,2910
2284,2896,2910
2283,2896,2910
2282,2895,2910
2281,2895,2910
2280,2895,2910
2279,2895,2910
2278,2894,2910
2277,2894,2909
2276,2894,2909
2275,2893,2909
2274,2893,2909
2273,2893,2909
2272,2892,2909
2271,2892,2909
2270,2892,2908
2269,2891,2908
2268,2891,2908
2267,2891,2908
2266,2890,2908
2265,2890,2908
2264,2890,2908
2263,2889,2907
2262,2889,2907
2261,2889,2907
2260,2888,2907
2259,2888,2907
2258,2887,2906
2257,2887,2906
2256,2887,2906
2255,2886,2906
2254,2886,2906
2253,2886,2905
2252,2885,2905
2251,2885,2905
2250,2884,2905
2249,2884,2904
2248,2884,2904
2247,2883,2904
2246,2883,2904
2245,2882,2903
2244,2882,2903
2243,2882,2903
2242,2881,2902
2241,2881,2902
2240,2880,2902
2239,2880,2902
2238,2880,2901
2237,2879,2901
2236,2879,2901
2224,2873,2896
2223,2873,2896
2222,2872,2896
2221,2872,2895
2220,2872,2895
2219,2871,2894
2218,2871,2894
