2549,2888,2900
2008,1911,1932
2548,2888,2900
2007,1912,1933
2547,2888,2900
2006,1913,1934
2546,2888,2900
2005,1914,1936
2545,2888,2900
2004,1915,1937
2544,2888,2900
2003,1916,1938
2543,2888,2900
2002,1918,1940
2542,2888,2899
2001,1919,1941
2541,2888,2899
2000,1920,1942
2540,2888,2899
1999,1921,1944
2539,2888,2899
1998,1922,1945
2538,2889,2899
1997,1923,1946
2537,2889,2899
1996,1924,1948
2536,2889,2898
1995,1925,1949
2535,2890,2898
1994,1926,1950
2534,2890,2898
1993,1928,1952
2533,2890,2897
1992,1929,1953
2532,2891,2897
1991,1930,1954
2531,2891,2896
1990,1931,1956
2530,2892,2895
1989,1932,1957
1988,1933,1958
2528,3238,3241
1987,1934,1960
2527,3238,3241
1986,1936,1961
2526,3237,3242
1985,1937,1963
2525,3237,3242
1984,1938,1964
2524,3237,3242
1983,1939,1965
2523,3237,3243
1982,1940,1967
2522,3237,3242
1981,1942,1968
2521,3237,3242
1980,1943,1970
2520,3238,3242
1979,1944,1971
2519,3239,3241
1978,1945,1973
1977,1946,1974
1976,1948,1976
1975,1949,1977
1974,1950,1979
1973,1951,1980
1972,1953,1982
1971,1954,1983
1970,1955,1985
1969,1957,1986
1968,1958,1988
1967,1959,1989
1966,1961,1991
1965,1962,1992
1964,1963,1994
1963,1964,1996
1962,1966,1997
1961,1967,1999
1960,1969,2000
1959,1970,2002
1928,2017,2058
1927,2019,2060
1926,2020,2062
1925,2022,2064
1924,2024,2067
1923,2026,2069
1922,2027,2071
1921,2029,2073
1920,2031,2075
1919,2033,2077
1918,2034,2079
1917,2036,2082
1916,2038,2084
1915,2040,2086
1914,2042,2088
1913,2044,2091
1900,2070,2123
1901,2068,2120
1902,2066,2118
1903,2064,2115
1904,2062,2113
1905,2060,2110
1906,2057,2108
1907,2055,2105
1908,2053,2103
1909,2051,2100
1910,2050,2098
1911,2048,2095
1912,2046,2093
1929,2015,2056
1930,2014,2054
1931,2012,2052
1932,2010,2050
1933,2009,2048
1934,2007,2046
1935,2005,2044
1936,2004,2043
1937,2002,2041
1938,2001,2039
1939,1999,2037
1940,1998,2035
1941,1996,2033
1942,1995,2031
1943,1993,2030
1944,1991,2028
1945,1990,2026
1946,1988,2024
1947,1987,2022
1948,1986,2021
1949,1984,2019
1950,1983,2017
1951,1981,2015
1952,1980,2014
1953,1978,2012
1954,1977,2010
1955,1975,2009
1956,1974,2007
1957,1973,2005
1958,1971,2004
2568,2891,2897
2027,1892,1909
2569,2892,2896
2028,1891,1908
2570,2893,2895
2029,1890,1906
2030,1889,1905
2031,1888,1904
2032,1887,1903
2033,1887,1902
2034,1886,1901
2035,1885,1900
2036,1884,1898
2009,1910,1931
2550,2888,2900
2037,1883,1897
2010,1909,1929
2551,2888,2900
2038,1882,1896
2011,1908,1928
2552,2888,2900
2039,1881,1895
2012,1907,1927
2553,2888,2900
2040,1880,1894
2013,1906,1926
2554,2888,2900
2041,1879,1893
2014,1905,1924
2555,2888,2900
2042,1879,1892
2015,1904,1923
2556,2888,2900
2043,1878,1891
2016,1903,1922
2557,2888,2900
2044,1877,1890
2017,1902,1921
2558,2888,2899
2045,1876,1888
2018,1901,1920
2559,2888,2899
2046,1875,1887
2019,1900,1918
2560,2889,2899
2047,1874,1886
2020,1899,1917
2561,2889,2899
2048,1873,1885
2021,1898,1916
2562,2889,2899
2049,1873,1884
2022,1897,1915
2563,2889,2899
2050,1872,1883
2023,1896,1914
2564,2890,2898
2051,1871,1882
2024,1895,1912
2565,2890,2898
2052,1870,1881
2025,1894,1911
2566,2890,2898
2053,1869,1880
2026,1893,1910
2567,2891,2897
2054,1868,1879
2055,1868,1878
2056,1867,1876
2057,1866,1875
2058,1865,1874
2059,1864,1873
2060,1864,1872
2061,1863,1871
2062,1862,1870
2063,1861,1869
2064,1861,1868
2065,1860,1867
2066,1859,1866
2067,1859,1865
2068,1858,1864
2069,1857,1862
2070,1857,1861
2071,1856,1860
2072,1855,1859
2073,1855,1858
2074,1854,1857
2075,1854,1856
2076,1853,1854
1899,2072,2126
1898,2074,2128
1897,2077,2131
1896,2079,2134
1895,2081,2137
1894,2083,2140
1893,2086,2143
1892,2088,2145
1891,2090,2148
1890,2093,2151
1889,2095,2155
1888,2098,2158
1887,2100,2161
1886,2103,2164
1885,2105,2167
1884,2108,2171
1883,2110,2174
1882,2113,2177
1881,2116,2181
1880,2118,2185
1879,2121,2188
1878,2124,2192
1877,2127,2196
1876,2130,2199
1875,2133,2203
1874,2136,2207
1873,2139,2212
1872,2142,2216
1871,2145,2220
1870,2149,2224
1869,2152,2229
1868,2155,2234
1867,2159,2238
1866,2162,2243
1865,2166,2248
1864,2170,2253
1863,2174,2259
1862,2178,2264
1861,2182,2270
1860,2186,2275
1859,2191,2281
1858,2195,2286
1857,2200,2292
1856,2205,2297
1855,2211,2302
1854,2217,2307
1853,2223,2310
1852,2229,2312
1851,2237,2313
1850,2245,2312
1849,2256,2309
1848,2270,2300
