1915,2307,2350
1916,2291,2364
1917,2281,2373
1918,2272,2380
1919,2264,2385
1920,2257,2388
1921,2251,2390
1922,2245,2391
1923,2239,2389
1924,2234,2385
1925,2229,2376
1926,2225,2365
1927,2220,2352
1928,2216,2340
1929,2212,2329
1930,2208,2319
1931,2204,2310
1932,2200,2301
1972,2110,2117
1971,2110,2122
1970,2111,2126
1969,2112,2129
1968,2113,2133
1967,2114,2137
1966,2116,2141
1965,2117,2144
1964,2119,2148
1963,2121,2151
1962,2123,2155
1961,2124,2159
1960,2126,2162
1959,2128,2166
1958,2130,2170
1957,2132,2173
1956,2134,2177
1955,2136,2181
1954,2139,2185
1953,2141,2189
1952,2143,2193
1951,2145,2197
1950,2148,2201
1938,2180,2260
1937,2183,2266
1936,2186,2273
1935,2190,2279
1934,2193,2286
1933,2197,2294
2159,2846,2848
2160,2846,2850
2161,2846,2851
2162,2847,2853
2163,2847,2854
2164,2847,2855
2165,2847,2856
2166,2848,2857
2167,2848,2858
2168,2849,2859
2169,2849,2860
2170,2849,2861
2171,2850,2861
2172,2850,2862
2173,2851,2863
2174,2851,2864
2175,2851,2865
2176,2852,2866
2177,2852,2867
2178,2853,2867
2179,2853,2868
2180,2854,2869
2181,2854,2870
2182,2855,2870
2183,2855,2871
2184,2856,2872
2185,2856,2873
2186,2856,2873
2187,2857,2874
2188,2857,2875
2189,2858,2875
2190,2858,2876
2191,2859,2877
2192,2859,2878
2193,2860,2878
2194,2860,2879
2195,2861,2879
2196,2861,2880
2197,2862,2881
2198,2862,2881
2199,2862,2882
2200,2863,2883
2201,2863,2883
2202,2864,2884
2203,2864,2884
2204,2865,2885
2205,2865,2886
2206,2866,2886
2339,2902,2918
2340,2902,2918
2341,2902,2918
2342,2902,2918
2343,2902,2918
2344,2902,2918
2345,2902,2919
2346,2902,2919
2347,2902,2919
2348,2902,2919
2349,2902,2919
2350,2902,2919
2351,2902,2919
2352,2902,2919
2364,2903,2919
2365,2903,2919
2366,2903,2919
2367,2903,2919
2368,2903,2919
2369,2903,2919
2370,2903,2919
2371,2903,2919
2372,2903,2919
2373,2903,2919
2374,2903,2919
2375,2903,2919
2376,2903,2919
2377,2903,2919
2378,2903,2919
2379,2903,2919
2420,2910,2910
2419,2908,2911
2418,2908,2912
2417,2907,2913
2416,2907,2913
2415,2906,2914
2414,2906,2914
2413,2906,2914
2412,2905,2915
2411,2905,2915
2410,2905,2915
2409,2905,2916
2408,2905,2916
2407,2904,2916
2406,2904,2916
2405,2904,2916
2404,2904,2917
2403,2904,2917
2402,2904,2917
2401,2904,2917
2400,2904,2917
2399,2903,2917
2398,2903,2917
2397,2903,2918
2396,2903,2918
3199,2472,2523
3200,2463,2523
3201,2454,2522
3202,2445,2521
3203,2436,2520
3204,2426,2518
3205,2416,2516
3206,2406,2514
2380,2903,2919
3207,2396,2512
2381,2903,2919
3208,2385,2510
2382,2903,2919
3209,2374,2507
2383,2903,2919
3210,2364,2505
2384,2903,2919
3211,2355,2502
2385,2903,2919
3212,2348,2499
2386,2903,2918
3213,2342,2496
2387,2903,2918
3214,2338,2493
2388,2903,2918
3215,2336,2490
2389,2903,2918
3216,2334,2486
2390,2903,2918
3217,2333,2482
2391,2903,2918
3218,2334,2478
2392,2903,2918
3219,2335,2474
2393,2903,2918
3220,2337,2469
2394,2903,2918
3221,2339,2465
2395,2903,2918
3222,2342,2459
3223,2346,2453
3224,2351,2447
3225,2357,2439
2337,2902,2918
3226,2365,2429
2338,2902,2918
3227,2377,2416
3198,2482,2523
2363,2903,2919
1949,2150,2206
2490,3241,3242
2233,2877,2899
3197,2492,2522
2362,2903,2919
1948,2152,2210
2489,3240,3243
2232,2877,2899
3196,2504,2519
2361,2903,2919
1947,2155,2214
2488,3239,3244
2231,2876,2899
2358,2903,2919
1944,2163,2228
2485,3238,3244
2228,2875,2897
2359,2903,2919
1945,2160,2224
2486,3238,3244
2229,2875,2898
2360,2903,2919
1946,2158,2219
2487,3238,3244
2230,2876,2898
2357,2902,2919
1943,2166,2233
2484,3237,3244
2227,2875,2897
2356,2902,2919
1942,2168,2238
2483,3237,3244
2226,2874,2896
2355,2902,2919
1941,2171,2244
2482,3237,3243
2225,2874,2896
2354,2902,2919
1940,2174,2249
2481,3238,3242
2224,2873,2896
2353,2902,2919
1939,2177,2254
2480,3238,3242
2223,2873,2895
2336,2902,2918
2335,2902,2918
2334,2902,2918
2333,2902,2918
2332,2901,2918
2331,2901,2918
2330,2901,2918
2329,2901,2918
2328,2901,2918
2327,2901,2918
2326,2901,2918
2325,2901,2918
2324,2901,2918
2323,2901,2917
2322,2900,2917
2321,2900,2917
2320,2900,2917
2319,2900,2917
2318,2900,2917
2317,2900,2917
2316,2900,2917
2315,2900,2917
2314,2899,2917
2313,2899,2917
2312,2899,2917
2311,2899,2917
2310,2899,2917
2309,2899,2916
2308,2899,2916
2307,2898,2916
2306,2898,2916
2305,2898,2916
2304,2898,2916
2303,2898,2916
2302,2897,2916
2301,2897,2916
2300,2897,2916
2299,2897,2916
2298,2897,2915
2297,2896,2915
2296,2896,2915
2295,2896,2915
2294,2896,2915
2293,2896,2915
2292,2895,2915
2291,2895,2915
2290,2895,2914
2289,2895,2914
2288,2894,2914
2287,2894,2914
2286,2894,2914
2285,2894,2914
2284,2893,2914
2283,2893,2913
2282,2893,2913
2281,2893,2913
2280,2892,2913
2279,2892,2913
2278,2892,2913
2277,2892,2912
2276,2891,2912
2275,2891,2912
2274,2891,2912
2273,2891,2912
2272,2890,2911
2271,2890,2911
2270,2890,2911
2269,2889,2911
2268,2889,2910
2267,2889,2910
2266,2888,2910
2265,2888,2910
2264,2888,2910
2263,2888,2909
2262,2887,2909
2261,2887,2909
2260,2887,2909
2259,2886,2908
2258,2886,2908
2257,2886,2908
2256,2885,2907
2255,2885,2907
2254,2885,2907
2253,2884,2907
2252,2884,2906
2251,2884,2906
2250,2883,2906
2249,2883,2905
2248,2883,2905
2247,2882,2905
2246,2882,2904
2245,2881,2904
2244,2881,2904
2243,2881,2903
2242,2880,2903
2241,2880,2903
2240,2880,2902
2239,2879,2902
2238,2879,2901
2237,2878,2901
2236,2878,2901
2235,2878,2900
2234,2877,2900
2222,2872,2895
2221,2872,2894
2220,2872,2894
2219,2871,2893
2218,2871,2893
2217,2870,2892
2216,2870,2892
2215,2870,2891
2214,2869,2891
2213,2869,2890
2212,2868,2890
2211,2868,2889
2210,2867,2888
2209,2867,2888
2208,2866,2887
2207,2866,2887
