7022,8732,8732
7023,8732,8732
7024,8731,8733
7025,8731,8733
7026,8731,8733
7027,8731,8734
7028,8730,8734
7029,8730,8734
7030,8730,8734
7031,8730,8735
7032,8730,8735
7033,8730,8735
7034,8730,8735
7035,8730,8735
7036,8730,8735
7037,8729,8736
7038,8729,8736
7039,8729,8736
7040,8729,8736
7041,8729,8736
7042,8729,8736
7043,8729,8737
7044,8729,8737
7045,8729,8737
7046,8729,8737
7047,8729,8737
7048,8729,8737
7049,8729,8737
7050,8728,8738
7051,8728,8738
7052,8728,8738
7053,8728,8738
7054,8728,8738
7055,8728,8738
7056,8728,8738
7057,8728,8738
7058,8728,8738
7059,8728,8739
7060,8728,8739
7061,8728,8739
7062,8728,8739
7063,8728,8739
7064,8728,8739
7065,8728,8739
7066,8728,8739
7067,8727,8739
7068,8727,8739
7069,8727,8740
7070,8727,8740
7071,8727,8740
7072,8727,8740
7073,8727,8740
7074,8727,8740
7075,8727,8740
7076,8727,8740
7077,8727,8740
7078,8727,8740
7079,8727,8740
7080,8727,8740
7081,8727,8741
7082,8727,8741
7083,8727,8741
7084,8727,8741
7085,8727,8741
7086,8727,8741
7087,8727,8741
7088,8726,8741
7089,8726,8741
7090,8726,8741
7091,8726,8741
7092,8726,8741
7093,8726,8741
7094,8726,8741
7095,8726,8741
7096,8726,8741
7097,8726,8742
7098,8726,8742
7099,8726,8742
7100,8726,8742
7101,8726,8742
7102,8726,8742
7103,8726,8742
7104,8726,8742
7105,8726,8742
7106,8726,8742
7107,8726,8742
7108,8726,8742
7109,8726,8742
7110,8726,8742
7111,8726,8742
7112,8726,8742
7113,8726,8742
7114,8726,8742
7115,8726,8742
7116,8726,8742
7117,8726,8742
7118,8726,8742
7119,8726,8742
7120,8726,8742
7121,8726,8742
7122,8726,8742
7123,8726,8742
7124,8726,8742
7125,8726,8742
7178,8732,8734
7177,8731,8735
7176,8731,8736
7175,8730,8736
7174,8730,8737
7173,8730,8737
7172,8729,8737
7171,8729,8738
7170,8729,8738
7169,8729,8738
7168,8729,8738
7167,8728,8739
7166,8728,8739
7165,8728,8739
7164,8728,8739
7163,8728,8739
7162,8728,8739
7161,8727,8740
7160,8727,8740
7159,8727,8740
7158,8727,8740
7157,8727,8740
7156,8727,8740
7155,8727,8740
7154,8727,8740
7153,8727,8741
7152,8727,8741
7151,8727,8741
7150,8726,8741
7149,8726,8741
7148,8726,8741
7147,8726,8741
7146,8726,8741
7145,8726,8741
7144,8726,8741
7143,8726,8741
7142,8726,8741
7141,8726,8742
7140,8726,8742
7139,8726,8742
7138,8726,8742
7137,8726,8742
7136,8726,8742
7135,8726,8742
7134,8726,8742
7133,8726,8742
7132,8726,8742
7131,8726,8742
7130,8726,8742
7129,8726,8742
7128,8726,8742
7127,8726,8742
7126,8726,8742
6688,8659,8661
6689,8659,8663
6690,8659,8664
6691,8659,8664
6692,8659,8665
6693,8659,8666
6694,8659,8667
6695,8659,8668
6696,8659,8668
6697,8659,8669
6698,8659,8670
6699,8659,8670
6700,8660,8671
6701,8660,8671
6702,8660,8672
6703,8660,8673
6704,8660,8673
6705,8661,8674
6706,8661,8674
6707,8661,8675
6708,8661,8675
6709,8662,8676
6710,8662,8677
6711,8662,8677
6712,8662,8678
6713,8663,8678
6714,8663,8679
6715,8663,8679
6716,8663,8680
6717,8664,8680
6718,8664,8681
6719,8664,8681
6720,8664,8682
6721,8665,8682
6722,8665,8683
6723,8665,8683
6724,8665,8683
6725,8666,8684
6726,8666,8684
6727,8666,8685
6728,8667,8685
6729,8667,8686
6730,8667,8686
6731,8667,8687
6732,8668,8687
6733,8668,8687
6734,8668,8688
6735,8669,8688
6736,8669,8689
6737,8669,8689
6738,8670,8690
6739,8670,8690
6740,8670,8690
6741,8670,8691
6742,8671,8691
6743,8671,8692
6744,8671,8692
6745,8672,8692
6746,8672,8693
6747,8672,8693
6748,8673,8693
6749,8673,8694
6750,8673,8694
6751,8673,8695
6752,8674,8695
6794,8686,8708
6793,8686,8708
6792,8686,8708
6791,8686,8707
6790,8685,8707
6789,8685,8707
6788,8685,8706
6787,8684,8706
6786,8684,8706
6785,8684,8706
6784,8683,8705
6795,8687,8708
6807,8690,8711
9634,7322,7395
6796,8687,8709
6808,8691,8712
9635,7312,7395
6797,8687,8709
6809,8691,8712
9636,7302,7395
6798,8688,8709
6810,8691,8712
9637,7293,7394
6799,8688,8709
6811,8691,8712
9638,7284,7393
6800,8688,8710
6812,8692,8712
9639,7276,7391
6801,8688,8710
6813,8692,8713
9640,7268,7389
6802,8689,8710
6814,8692,8713
9641,7261,7387
6803,8689,8710
6815,8693,8713
9642,7254,7385
6804,8689,8711
6816,8693,8713
9643,7247,7382
6805,8690,8711
9632,7348,7389
6817,8693,8714
9644,7241,7379
6806,8690,8711
9633,7334,7393
6818,8693,8714
9645,7236,7376
6819,8694,8714
9646,7231,7372
6820,8694,8714
9647,7226,7369
6821,8694,8714
9648,7222,7365
6822,8695,8715
9649,7218,7360
6823,8695,8715
9650,7215,7356
6824,8695,8715
9651,7212,7351
9652,7210,7346
6825,8695,8715
9653,7208,7341
6826,8696,8715
9654,7207,7335
6827,8696,8716
9655,7207,7328
6828,8696,8716
9656,7208,7321
6829,8697,8716
9657,7210,7314
6830,8697,8716
9658,7212,7305
6831,8697,8716
9659,7217,7295
6832,8697,8717
9660,7224,7283
6833,8698,8717
9661,7239,7262
6834,8698,8717
6860,8705,8721
6835,8698,8717
5779,6813,6842
6861,8706,8721
6836,8699,8717
5780,6800,6845
6862,8706,8721
6837,8699,8717
6838,8699,8718
6839,8699,8718
6840,8700,8718
6854,8704,8720
6841,8700,8718
6842,8700,8718
6843,8701,8718
6844,8701,8719
6845,8701,8719
6846,8701,8719
6847,8702,8719
6848,8702,8719
6849,8702,8719
6851,8703,8720
6852,8703,8720
6853,8703,8720
6850,8702,8719
6855,8704,8720
6856,8704,8720
6857,8704,8720
6858,8705,8721
6859,8705,8721
5781,6789,6846
6863,8706,8721
5782,6780,6845
6864,8706,8721
5783,6772,6843
6865,8707,8721
5784,6764,6840
6866,8707,8722
5785,6757,6837
6867,8707,8722
5786,6750,6834
6868,8707,8722
5787,6744,6830
6869,8708,8722
5788,6738,6826
6870,8708,8722
5789,6732,6822
6871,8708,8722
5790,6726,6817
6872,8708,8722
5791,6720,6813
6873,8709,8722
5792,6715,6808
6874,8709,8722
5793,6710,6804
6875,8709,8723
5794,6705,6799
6876,8710,8723
5795,6700,6794
6877,8710,8723
5796,6695,6789
6878,8710,8723
5797,6690,6784
6879,8710,8723
5798,6686,6779
6880,8711,8723
5799,6681,6774
6881,8711,8723
5800,6677,6769
6882,8711,8723
5801,6672,6764
6883,8711,8723
5802,6668,6759
6884,8712,8723
5803,6664,6754
6885,8712,8723
5804,6660,6749
6886,8712,8723
5805,6656,6744
6887,8712,8724
5806,6652,6739
6888,8713,8724
5807,6649,6734
6889,8713,8724
5808,6645,6729
6890,8713,8724
5809,6641,6724
6891,8713,8724
5810,6638,6719
6892,8714,8724
5811,6634,6714
6893,8714,8724
5812,6631,6709
6894,8714,8724
5813,6627,6704
6895,8715,8724
5814,6624,6699
6896,8715,8724
5815,6621,6694
6897,8715,8724
5816,6617,6689
6898,8715,8724
5817,6614,6683
6899,8716,8724
5818,6611,6678
6900,8716,8724
5819,6608,6673
6901,8716,8724
5820,6605,6668
6902,8716,8724
5821,6602,6663
6903,8717,8724
5822,6600,6658
6904,8717,8724
5823,6597,6653
6905,8717,8724
5824,6594,6648
6906,8717,8724
7448,9722,9722
5825,6592,6643
6907,8718,8725
7449,9720,9724
5826,6589,6638
6908,8718,8725
7450,9720,9725
5827,6587,6632
6909,8718,8725
7451,9720,9725
5828,6585,6627
6910,8719,8725
7452,9719,9726
5829,6583,6622
6911,8719,8725
7453,9719,9726
5830,6581,6616
6912,8719,8725
7454,9720,9726
5831,6579,6610
6913,8719,8725
7455,9720,9726
5832,6578,6604
6914,8720,8725
7456,9720,9726
5833,6577,6598
6915,8720,8724
7457,9721,9726
5834,6578,6590
6916,8720,8724
7458,9722,9725
6917,8721,8724
7459,9723,9724
6918,8721,8724
6919,8721,8724
6920,8722,8724
6921,8722,8724
6922,8723,8724
6923,8723,8724
6783,8683,8705
6782,8683,8705
6781,8683,8705
6780,8682,8704
6779,8682,8704
6778,8682,8704
6777,8681,8703
6776,8681,8703
6775,8681,8703
6774,8680,8702
6773,8680,8702
6772,8680,8702
6771,8679,8701
6770,8679,8701
6769,8679,8701
6768,8679,8700
6767,8678,8700
6766,8678,8700
6765,8678,8700
6764,8677,8699
6763,8677,8699
6762,8677,8699
6761,8676,8698
6760,8676,8698
6759,8676,8697
6758,8676,8697
6757,8675,8697
6756,8675,8696
6755,8675,8696
6754,8674,8696
6753,8674,8695
