0,0,0
1.0346857884427028,0.26551810773751194,0.12751306170421106
1.036185843290891,0.26251799804113585,0.11251251322233058
1.0376858981390793,0.2610179431929476,0.0975119647404501
1.0391859529872667,0.25651777864838365,0.08251141625856961
1.040686007835455,0.25351766895200756,0.06751086777668913
1.0421860626836432,0.25051755925563146,0.05101026444662038
1.0436861175318315,0.2460173947110671,0.03750977081292817
1.0451861723800189,0.24151723016650317,0.02400927717923551
1.0466862272282071,0.23851712047012708,0.013508893241919395
1.0481862820763954,0.2340169559255627,0.006008619000978932
1.0496863369245837,0.22801673653281052,8.39960822673902e-06
1.0691870499510276,0.10951240352595448,0.06001059353574867
1.0676869951028403,0.13201322624877543,0.040509880509304264
1.066186940254652,0.1470137747306559,0.028509441723799878
1.0646868854064637,0.1590142135161603,0.019509112634671588
1.0631868305582755,0.16801454260528859,0.012008838393731125
1.061686775710088,0.17701487169441688,0.006008619000978932
1.0601867208618998,0.18601520078354516,0.0015084544564150093
1.0586866660137115,0.19351547502448518,-0.0029917100881493575
1.0571866111655233,0.19951569441723738,-0.005991819784525454
1.0556865563173359,0.20701596865817784,-0.00749187463271328
1.0541865014691476,0.21301618805093003,-0.00749187463271328
1.0526864466209593,0.2175163525954944,-0.005991819784525454
1.051186391772771,0.2235165719882466,-0.004491764936337184
