0,0,0
1.025685459353575,0.27301838197845196,0.19651558472086128
1.0271855142017623,0.27301838197845196,0.18301509108716907
1.0286855690499506,0.27151832713026414,0.1695145974534764
1.0301856238981388,0.27001827228207587,0.1560141038197842
1.031685678746327,0.26851821743388804,0.14251361018609154
1.0331857335945145,0.26551810773751194,0.12751306170421106
1.0241854045053866,0.27301838197845196,0.2115161332027422
1.0226853496571984,0.27151832713026414,0.2265166816846227
1.02118529480901,0.26701816258569977,0.24451733986287927
