0,0,0
-0.8833843441070846,-0.09049490956578543,-0.10499543976493664
-0.8828843258243553,-0.08899485471759716,-0.1114956774404181
-0.882384307541626,-0.08849483643486789,-0.11699587855044102
-0.8818842892588967,-0.08899485471759716,-0.12149604309500495
-0.881384270976167,-0.08999489128305616,-0.12549618935684004
-0.8808842526934377,-0.09149494613124398,-0.12949633561867469
-0.8803842344107085,-0.09299500097943225,-0.13299646359778006
-0.8798842161279792,-0.09449505582762008,-0.13649659157688543
-0.8793841978452499,-0.09649512895853762,-0.13949670127326153
-0.8788841795625206,-0.09849520208945473,-0.14249681096963762
-0.8783841612797909,-0.10049527522037227,-0.14549692066601372
-0.8778841429970616,-0.10299536663401909,-0.14849703036238981
-0.8773841247143324,-0.10499543976493664,-0.1514971400587659
-0.8768841064316031,-0.10749553117858301,-0.15399723147241273
-0.8763840881488738,-0.10949560430950056,-0.15649732288605955
-0.8758840698661445,-0.11199569572314738,-0.15899741429970637
-0.8753840515834148,-0.1144957871367942,-0.1614975057133532
-0.8748840333006855,-0.11699587855044102,-0.16399759712700002
-0.8743840150179563,-0.11949596996408784,-0.1664976885406464
-0.873883996735227,-0.12199606137773422,-0.16849776167156394
-0.8733839784524977,-0.12449615279138104,-0.17099785308521076
-0.8728839601697684,-0.12699624420502786,-0.1729979262161283
-0.8723839418870387,-0.12949633561867469,-0.17549801762977468
-0.8718839236043094,-0.1319964270323215,-0.17749809076069223
-0.8713839053215802,-0.13449651844596833,-0.17949816389160977
-0.8708838870388509,-0.1369966098596147,-0.18149823702252688
-0.8703838687561216,-0.13949670127326153,-0.18349831015344442
-0.8698838504733923,-0.14199679268690835,-0.18549838328436197
-0.8693838321906626,-0.14449688410055517,-0.1869984381325498
-0.8688838139079333,-0.146996975514202,-0.18899851126346734
-0.8683837956252041,-0.1494970669278488,-0.19099858439438488
-0.8678837773424748,-0.1519971583414952,-0.1924986392425727
-0.8673837590597455,-0.154497249755142,-0.19449871237349026
-0.8668837407770162,-0.15699734116878883,-0.19599876722167808
-0.8663837224942865,-0.15949743258243565,-0.19799884035259563
-0.8658837042115572,-0.16199752399608247,-0.1994988952007839
-0.865383685928828,-0.1644976154097293,-0.20099895004897173
-0.8648836676460987,-0.1669977068233761,-0.20299902317988927
-0.8643836493633694,-0.1699978165197522,-0.2044990780280771
-0.8638836310806397,-0.1724979079333986,-0.20599913287626537
-0.8633836127979104,-0.1749979993470454,-0.2074991877244532
-0.8628835945151812,-0.17749809076069223,-0.20899924257264146
-0.8623835762324519,-0.17999818217433905,-0.2104992974208293
-0.8618835579497226,-0.18249827358798587,-0.21149933398628828
-0.8613835396669933,-0.1849983650016327,-0.2129993888344761
-0.8608835213842636,-0.18749845641527907,-0.21449944368266438
-0.8603835031015343,-0.1899985478289259,-0.21549948024812293
-0.859883484818805,-0.1924986392425727,-0.21699953509631076
-0.8593834665360758,-0.1954987489389488,-0.21799957166176975
-0.8588834482533465,-0.19799884035259563,-0.2189996082272283
-0.8583834299706172,-0.20049893176624245,-0.21999964479268685
-0.8578834116878875,-0.20349904146261855,-0.22099968135814585
-0.8573833934051582,-0.20649915115899464,-0.2219997179236044
-0.856883375122429,-0.20949926085537074,-0.22249973620633368
-0.8563833568396997,-0.21249937055174684,-0.22299975448906295
-0.8558833385569704,-0.21649951681358148,-0.22249973620633368
