0,0,0
-0.5343715827619984,0.7605362076395683,0.7575360979431927
-0.5328715279138101,0.7635363173359448,0.7575360979431927
-0.5313714730656223,0.7650363721841331,0.7575360979431927
-0.529871418217434,0.7680364818805088,0.7590361527913809
-0.5283713633692462,0.769536536728697,0.7590361527913809
-0.5268713085210579,0.7710365915768853,0.7590361527913809
-0.5253712536728701,0.7725366464250727,0.7590361527913809
-0.5238711988246818,0.774036701273261,0.7605362076395683
-0.522371143976494,0.7755367561214492,0.7605362076395683
-0.5208710891283057,0.7770368109696375,0.7620362624877566
-0.5193710342801179,0.7785368658178249,0.7620362624877566
-0.5178709794319296,0.7800369206660132,0.7620362624877566
-0.5163709245837418,0.7800369206660132,0.7635363173359448
-0.5148708697355535,0.7815369755142014,0.7635363173359448
-0.5133708148873657,0.7830370303623897,0.7650363721841331
-0.5118707600391774,0.7845370852105771,0.7650363721841331
-0.5103707051909896,0.7860371400587653,0.7650363721841331
-0.5088706503428013,0.7875371949069536,0.7665364270323205
-0.5073705954946135,0.7890372497551419,0.7665364270323205
-0.5058705406464252,0.7890372497551419,0.7680364818805088
-0.5043704857982374,0.7905373046033293,0.7680364818805088
-0.5028704309500491,0.7920373594515175,0.769536536728697
-0.5013703761018613,0.7935374142997058,0.769536536728697
-0.49987032125367303,0.7935374142997058,0.7710365915768853
-0.4983702664054852,0.7950374691478941,0.7710365915768853
-0.49687021155729694,0.7965375239960815,0.7725366464250727
-0.4953701567091091,0.7980375788442697,0.7725366464250727
-0.49387010186092084,0.7980375788442697,0.7725366464250727
-0.492370047012733,0.799537633692458,0.774036701273261
-0.49086999216454474,0.8010376885406463,0.774036701273261
-0.4893699373163569,0.8010376885406463,0.7755367561214492
-0.48786988246816865,0.8025377433888337,0.7755367561214492
-0.4863698276199808,0.8040377982370219,0.7770368109696375
-0.48486977277179255,0.8055378530852102,0.7770368109696375
-0.4833697179236047,0.8055378530852102,0.7785368658178249
-0.48186966307541645,0.8070379079333985,0.7785368658178249
-0.48036960822722863,0.8070379079333985,0.7800369206660132
-0.47886955337904036,0.8085379627815859,0.7800369206660132
-0.47736949853085253,0.8100380176297741,0.7815369755142014
-0.47586944368266426,0.8100380176297741,0.7815369755142014
-0.47436938883447644,0.8115380724779624,0.7815369755142014
-0.47286933398628817,0.8130381273261507,0.7830370303623897
-0.47136927913810034,0.8130381273261507,0.7830370303623897
-0.46986922428991207,0.814538182174338,0.7845370852105771
-0.46836916944172424,0.814538182174338,0.7845370852105771
-0.46686911459353597,0.8160382370225263,0.7860371400587653
-0.46536905974534815,0.8175382918707146,0.7860371400587653
-0.4638690048971599,0.8175382918707146,0.7875371949069536
-0.26436171008814924,0.8655400470127321,0.8415391694417234
-0.26286165523996097,0.8655400470127321,0.8415391694417234
-0.26136160039177314,0.8655400470127321,0.8415391694417234
-0.25986154554358487,0.8655400470127321,0.8415391694417234
-0.25836149069539704,0.8655400470127321,0.8415391694417234
-0.2568614358472088,0.8655400470127321,0.8415391694417234
-0.25536138099902095,0.8670401018609204,0.8415391694417234
-0.2538613261508327,0.8670401018609204,0.8415391694417234
-0.25236127130264485,0.8670401018609204,0.8415391694417234
-0.2508612164544566,0.8670401018609204,0.8415391694417234
-0.24936116160626876,0.8670401018609204,0.8415391694417234
-0.24786110675808048,0.8670401018609204,0.8415391694417234
-0.24636105190989266,0.8670401018609204,0.8415391694417234
-0.2448609970617044,0.8670401018609204,0.8415391694417234
-0.2268603388834478,0.8670401018609204,0.8430392242899116
-0.22536028403525998,0.8670401018609204,0.8430392242899116
-0.2238602291870717,0.8670401018609204,0.8430392242899116
-0.2223601743388839,0.8670401018609204,0.8430392242899116
-0.22086011949069562,0.8670401018609204,0.8430392242899116
-0.2193600646425078,0.8670401018609204,0.8430392242899116
-0.21786000979431952,0.8670401018609204,0.8430392242899116
-0.2163599549461317,0.8670401018609204,0.8430392242899116
-0.21485990009794342,0.8670401018609204,0.8430392242899116
-0.2133598452497556,0.8670401018609204,0.8430392242899116
-0.21185979040156733,0.8670401018609204,0.8430392242899116
-0.2103597355533795,0.8670401018609204,0.8430392242899116
-0.20885968070519123,0.8670401018609204,0.8430392242899116
-0.2073596258570034,0.8670401018609204,0.8430392242899116
-0.20585957100881513,0.8670401018609204,0.8430392242899116
-0.2043595161606273,0.8670401018609204,0.8430392242899116
-0.1428572673849171,0.8535396082272277,0.8535396082272277
-0.14435732223310493,0.855039663075416,0.8505394985308521
-0.1458573770812932,0.8565397179236043,0.8505394985308521
-0.14735743192948103,0.8580397727717917,0.8490394436826638
-0.1488574867776693,0.8580397727717917,0.8490394436826638
-0.15035754162585713,0.8595398276199799,0.8475393888344755
-0.1518575964740454,0.8595398276199799,0.8475393888344755
-0.15335765132223322,0.8595398276199799,0.8475393888344755
-0.1548577061704215,0.8610398824681682,0.8460393339862873
-0.15635776101860932,0.8610398824681682,0.8460393339862873
-0.1578578158667976,0.8610398824681682,0.8460393339862873
-0.15935787071498542,0.8625399373163565,0.8460393339862873
-0.1608579255631737,0.8625399373163565,0.8460393339862873
-0.1623579804113615,0.8625399373163565,0.8445392791380999
-0.16385803525954978,0.8625399373163565,0.8445392791380999
-0.1653580901077376,0.8625399373163565,0.8445392791380999
-0.16685814495592588,0.8640399921645439,0.8445392791380999
-0.1683581998041137,0.8640399921645439,0.8445392791380999
-0.16985825465230198,0.8640399921645439,0.8445392791380999
-0.1713583095004898,0.8640399921645439,0.8445392791380999
-0.17285836434867807,0.8640399921645439,0.8445392791380999
-0.1743584191968659,0.8640399921645439,0.8430392242899116
-0.17585847404505417,0.8640399921645439,0.8430392242899116
-0.177358528893242,0.8655400470127321,0.8430392242899116
-0.17885858374143027,0.8655400470127321,0.8430392242899116
-0.20285946131243904,0.8670401018609204,0.8430392242899116
-0.2013594064642512,0.8670401018609204,0.8430392242899116
-0.19985935161606294,0.8670401018609204,0.8430392242899116
-0.19835929676787512,0.8670401018609204,0.8430392242899116
-0.19685924191968684,0.8670401018609204,0.8430392242899116
-0.19535918707149902,0.8670401018609204,0.8430392242899116
-0.19385913222331075,0.8655400470127321,0.8430392242899116
-0.19235907737512292,0.8655400470127321,0.8430392242899116
-0.19085902252693465,0.8655400470127321,0.8430392242899116
-0.18935896767874683,0.8655400470127321,0.8430392242899116
-0.18785891283055856,0.8655400470127321,0.8430392242899116
-0.18635885798237029,0.8655400470127321,0.8430392242899116
-0.18485880313418246,0.8655400470127321,0.8430392242899116
-0.1833587482859942,0.8655400470127321,0.8430392242899116
-0.18185869343780636,0.8655400470127321,0.8430392242899116
-0.1803586385896181,0.8655400470127321,0.8430392242899116
-0.26736181978452533,0.8655400470127321,0.8415391694417234
-0.26586176493633706,0.8655400470127321,0.8415391694417234
-0.22836039373163608,0.8670401018609204,0.8430392242899116
-0.42336752399608235,0.8370390048971594,0.8040377982370219
-0.2298604485798239,0.8670401018609204,0.8430392242899116
-0.4248675788442706,0.8370390048971594,0.8040377982370219
-0.23136050342801218,0.8670401018609204,0.8430392242899116
-0.42636763369245845,0.8370390048971594,0.8025377433888337
-0.2358606679725761,0.8670401018609204,0.8430392242899116
-0.4308677982370228,0.8340388952007829,0.8010376885406463
-0.23436061312438827,0.8670401018609204,0.8430392242899116
-0.42936774338883454,0.8355389500489712,0.8010376885406463
-0.2328605582762,0.8670401018609204,0.8430392242899116
-0.4278676885406467,0.8355389500489712,0.8025377433888337
-0.23736072282076437,0.8670401018609204,0.8415391694417234
-0.43236785308521064,0.8340388952007829,0.8010376885406463
-0.2388607776689522,0.8670401018609204,0.8415391694417234
-0.4338679079333989,0.8325388403525946,0.799537633692458
-0.24036083251714047,0.8670401018609204,0.8415391694417234
-0.43536796278158674,0.8325388403525946,0.799537633692458
-0.2418608873653283,0.8670401018609204,0.8415391694417234
-0.436868017629775,0.8325388403525946,0.7980375788442697
-0.24336094221351656,0.8670401018609204,0.8415391694417234
-0.43836807247796283,0.8310387855044072,0.7980375788442697
-0.26886187463271316,0.8655400470127321,0.8415391694417234
-0.27036192948090143,0.8655400470127321,0.8415391694417234
-0.27186198432908926,0.8655400470127321,0.8415391694417234
-0.2733620391772775,0.8655400470127321,0.8415391694417234
-0.27486209402546535,0.8655400470127321,0.8400391145935351
-0.2763621488736536,0.8655400470127321,0.8400391145935351
-0.27786220372184145,0.8655400470127321,0.8400391145935351
-0.2793622585700297,0.8655400470127321,0.8400391145935351
-0.28086231341821755,0.8655400470127321,0.8400391145935351
-0.2823623682664058,0.8655400470127321,0.8400391145935351
-0.28386242311459364,0.8655400470127321,0.8400391145935351
-0.2853624779627819,0.8655400470127321,0.8400391145935351
-0.28686253281096974,0.8655400470127321,0.8400391145935351
-0.288362587659158,0.8640399921645439,0.8400391145935351
-0.28986264250734584,0.8640399921645439,0.8385390597453468
-0.2913626973555341,0.8640399921645439,0.8385390597453468
-0.29286275220372193,0.8640399921645439,0.8385390597453468
-0.2943628070519102,0.8640399921645439,0.8385390597453468
-0.29586286190009803,0.8640399921645439,0.8385390597453468
-0.2973629167482863,0.8640399921645439,0.8385390597453468
-0.2988629715964741,0.8640399921645439,0.8385390597453468
-0.3003630264446624,0.8640399921645439,0.8385390597453468
-0.3018630812928502,0.8640399921645439,0.8370390048971594
-0.3033631361410385,0.8640399921645439,0.8370390048971594
-0.3048631909892263,0.8640399921645439,0.8370390048971594
-0.3063632458374146,0.8640399921645439,0.8370390048971594
-0.3078633006856024,0.8640399921645439,0.8370390048971594
-0.3093633555337907,0.8625399373163565,0.8370390048971594
-0.3108634103819785,0.8625399373163565,0.8370390048971594
-0.3123634652301668,0.8625399373163565,0.8355389500489712
-0.3138635200783546,0.8625399373163565,0.8355389500489712
-0.3153635749265429,0.8625399373163565,0.8355389500489712
-0.3168636297747307,0.8625399373163565,0.8355389500489712
-0.318363684622919,0.8625399373163565,0.8355389500489712
-0.31986373947110724,0.8625399373163565,0.8340388952007829
-0.32136379431929507,0.8625399373163565,0.8340388952007829
-0.32286384916748334,0.8625399373163565,0.8340388952007829
-0.32436390401567117,0.8625399373163565,0.8340388952007829
-0.32586395886385944,0.8610398824681682,0.8340388952007829
-0.32736401371204726,0.8610398824681682,0.8325388403525946
-0.32886406856023553,0.8610398824681682,0.8325388403525946
-0.33036412340842336,0.8610398824681682,0.8325388403525946
-0.33186417825661163,0.8610398824681682,0.8325388403525946
-0.33336423310479946,0.8610398824681682,0.8325388403525946
-0.3348642879529877,0.8610398824681682,0.8310387855044072
-0.33636434280117555,0.8610398824681682,0.8310387855044072
-0.3378643976493638,0.8595398276199799,0.8310387855044072
-0.33936445249755165,0.8595398276199799,0.8310387855044072
-0.3408645073457399,0.8595398276199799,0.829538730656219
-0.34236456219392775,0.8595398276199799,0.829538730656219
-0.343864617042116,0.8595398276199799,0.829538730656219
-0.34536467189030384,0.8595398276199799,0.829538730656219
-0.3468647267384921,0.8595398276199799,0.8280386758080307
-0.34836478158667994,0.8580397727717917,0.8280386758080307
-0.3498648364348682,0.8580397727717917,0.8280386758080307
-0.35136489128305604,0.8580397727717917,0.8280386758080307
-0.3528649461312443,0.8580397727717917,0.8265386209598424
-0.35436500097943213,0.8580397727717917,0.8265386209598424
-0.3558650558276204,0.8580397727717917,0.8265386209598424
-0.35736511067580823,0.8565397179236043,0.8265386209598424
-0.3588651655239965,0.8565397179236043,0.825038566111655
-0.3603652203721843,0.8565397179236043,0.825038566111655
-0.3618652752203726,0.8565397179236043,0.825038566111655
-0.3633653300685604,0.8565397179236043,0.825038566111655
-0.3648653849167487,0.855039663075416,0.8235385112634668
-0.3663654397649365,0.855039663075416,0.8235385112634668
-0.3678654946131248,0.855039663075416,0.8235385112634668
-0.3693655494613126,0.855039663075416,0.8220384564152785
-0.3708656043095009,0.8535396082272277,0.8220384564152785
-0.3723656591576887,0.8535396082272277,0.8220384564152785
-0.373865714005877,0.8535396082272277,0.8205384015670902
-0.3753657688540648,0.8535396082272277,0.8205384015670902
-0.3768658237022531,0.8535396082272277,0.8205384015670902
-0.3783658785504409,0.8520395533790395,0.8205384015670902
-0.3798659333986292,0.8520395533790395,0.8190383467189029
-0.381365988246817,0.8520395533790395,0.8190383467189029
-0.38286604309500527,0.8520395533790395,0.8190383467189029
-0.3843660979431931,0.8505394985308521,0.8175382918707146
-0.38586615279138137,0.8505394985308521,0.8175382918707146
-0.3873662076395692,0.8505394985308521,0.8175382918707146
-0.38886626248775746,0.8490394436826638,0.8160382370225263
-0.3903663173359453,0.8490394436826638,0.8160382370225263
-0.39186637218413356,0.8490394436826638,0.8160382370225263
-0.3933664270323214,0.8490394436826638,0.814538182174338
-0.39486648188050966,0.8475393888344755,0.814538182174338
-0.3963665367286975,0.8475393888344755,0.814538182174338
-0.39786659157688575,0.8475393888344755,0.8130381273261507
-0.3993666464250736,0.8460393339862873,0.8130381273261507
-0.40086670127326185,0.8460393339862873,0.8130381273261507
-0.4023667561214497,0.8460393339862873,0.8115380724779624
-0.40386681096963795,0.8445392791380999,0.8115380724779624
-0.40536686581782577,0.8445392791380999,0.8100380176297741
-0.40686692066601404,0.8445392791380999,0.8100380176297741
-0.40836697551420187,0.8430392242899116,0.8100380176297741
-0.40986703036239014,0.8430392242899116,0.8085379627815859
-0.41136708521057797,0.8430392242899116,0.8085379627815859
-0.41286714005876624,0.8415391694417234,0.8085379627815859
-0.41436719490695406,0.8415391694417234,0.8070379079333985
-0.41586724975514233,0.8400391145935351,0.8070379079333985
-0.41736730460333016,0.8400391145935351,0.8055378530852102
-0.41886735945151843,0.8400391145935351,0.8055378530852102
-0.42036741429970625,0.8385390597453468,0.8055378530852102
-0.4218674691478945,0.8385390597453468,0.8040377982370219
-0.4398681273261511,0.8310387855044072,0.7965375239960815
-0.44136818217433893,0.829538730656219,0.7965375239960815
-0.4428682370225272,0.829538730656219,0.7965375239960815
-0.444368291870715,0.8280386758080307,0.7950374691478941
-0.4458683467189033,0.8280386758080307,0.7950374691478941
-0.44736840156709157,0.8265386209598424,0.7935374142997058
-0.4488684564152794,0.8265386209598424,0.7935374142997058
-0.45036851126346766,0.825038566111655,0.7935374142997058
-0.4518685661116555,0.825038566111655,0.7920373594515175
-0.45336862095984376,0.8235385112634668,0.7920373594515175
-0.4548686758080316,0.8235385112634668,0.7905373046033293
-0.45636873065621986,0.8220384564152785,0.7905373046033293
-0.4578687855044077,0.8205384015670902,0.7890372497551419
-0.45936884035259595,0.8205384015670902,0.7890372497551419
-0.4608688952007838,0.8190383467189029,0.7875371949069536
-0.46236895004897205,0.8190383467189029,0.7875371949069536
