0,0,0
1.0568299999999997,0.11433999999999944,0.10889999999999933
1.0568099999999996,0.11557999999999957,0.10773999999999928
1.0567899999999995,0.11653999999999964,0.10687999999999942
1.0567699999999993,0.11735999999999969,0.10617999999999972
1.0567499999999992,0.11807999999999952,0.10555999999999965
1.05673,0.11871999999999971,0.10499999999999954
1.0567099999999998,0.11933999999999934,0.10449999999999937
1.0566899999999997,0.11989999999999945,0.10403999999999947
1.0566699999999996,0.1204199999999993,0.10359999999999969
1.0566499999999994,0.12091999999999947,0.10319999999999929
1.0566299999999993,0.12139999999999951,0.10281999999999947
1.0566099999999992,0.12185999999999941,0.10245999999999933
1.05659,0.12229999999999963,0.10211999999999932
1.0565699999999998,0.1227399999999994,0.10179999999999945
1.0565499999999997,0.12313999999999936,0.1014999999999997
1.0565299999999995,0.12353999999999932,0.10119999999999951
1.0565099999999994,0.12393999999999972,0.10089999999999932
1.0564899999999993,0.12431999999999954,0.1006399999999994
1.0564699999999991,0.12467999999999968,0.10035999999999934
1.05645,0.12503999999999937,0.10011999999999954
1.0564299999999998,0.1253999999999995,0.09985999999999962
1.0564099999999996,0.12573999999999952,0.09961999999999938
1.0563899999999995,0.12607999999999953,0.09937999999999958
1.0563699999999994,0.1263999999999994,0.09915999999999947
1.0563499999999992,0.12671999999999928,0.09893999999999936
1.056329999999999,0.1270399999999996,0.0987199999999997
1.0563099999999999,0.12735999999999947,0.09851999999999972
1.0562899999999997,0.12765999999999966,0.0983199999999993
1.0562699999999996,0.1279599999999994,0.09811999999999932
1.0562499999999995,0.1282599999999996,0.09791999999999934
1.0562299999999993,0.12853999999999965,0.0977399999999995
1.0562099999999992,0.1288399999999994,0.09755999999999965
1.056189999999999,0.12911999999999946,0.09737999999999936
1.0561699999999998,0.12939999999999952,0.09719999999999951
1.0561499999999997,0.12967999999999957,0.09703999999999935
1.0561299999999996,0.1299399999999995,0.0968599999999995
1.0561099999999994,0.13021999999999956,0.09669999999999934
1.0560899999999993,0.13047999999999949,0.09653999999999963
1.0560699999999992,0.1307399999999994,0.09637999999999947
1.05605,0.13099999999999934,0.09623999999999944
1.0560299999999998,0.1312599999999997,0.09607999999999928
1.0560099999999997,0.1314999999999995,0.09593999999999969
1.0559899999999995,0.13175999999999943,0.09579999999999966
1.0559699999999994,0.13199999999999967,0.09565999999999963
1.0559499999999993,0.1322599999999996,0.0955199999999996
1.0559299999999991,0.1324999999999994,0.09537999999999958
1.05591,0.13273999999999964,0.09523999999999955
1.0558899999999998,0.13297999999999943,0.09511999999999965
1.0558699999999996,0.13319999999999954,0.09497999999999962
1.0558499999999995,0.13343999999999934,0.09485999999999928
1.0558299999999994,0.13367999999999958,0.09473999999999938
1.0558099999999992,0.13389999999999969,0.09461999999999948
1.0557899999999991,0.13411999999999935,0.09449999999999958
1.0557699999999999,0.1343599999999996,0.09437999999999969
1.0557499999999997,0.1345799999999997,0.09427999999999948
1.0557299999999996,0.13479999999999936,0.09415999999999958
1.0557099999999995,0.13501999999999947,0.09403999999999968
1.0556899999999994,0.13523999999999958,0.09393999999999947
1.0556699999999992,0.13543999999999956,0.0938399999999997
1.055649999999999,0.13565999999999967,0.09373999999999949
1.0556299999999998,0.13587999999999933,0.09361999999999959
1.0556099999999997,0.1360799999999993,0.09351999999999938
1.0555899999999996,0.13629999999999942,0.09341999999999961
1.0555699999999995,0.1364999999999994,0.09333999999999953
1.0555499999999993,0.13669999999999938,0.09323999999999932
1.0555299999999992,0.13689999999999936,0.09313999999999956
1.05551,0.13711999999999946,0.09305999999999948
1.0554899999999998,0.13731999999999944,0.09295999999999971
1.0554699999999997,0.13751999999999942,0.09287999999999963
1.0554499999999996,0.1377199999999994,0.09277999999999942
1.0554299999999994,0.1378999999999997,0.09269999999999934
1.0554099999999993,0.13809999999999967,0.0926199999999997
1.0553899999999992,0.13829999999999965,0.09253999999999962
1.05537,0.13849999999999962,0.09245999999999954
1.0553499999999998,0.13867999999999947,0.09237999999999946
1.0553299999999997,0.13887999999999945,0.09229999999999938
1.0553099999999995,0.1390599999999993,0.0922199999999993
1.0552899999999994,0.13925999999999927,0.09213999999999967
1.0552699999999993,0.13943999999999956,0.09205999999999959
1.0552499999999991,0.1396199999999994,0.09199999999999964
1.05523,0.1398199999999994,0.09191999999999956
1.0552099999999998,0.13999999999999968,0.09183999999999948
1.0551899999999996,0.14017999999999953,0.09177999999999953
1.0551699999999995,0.14035999999999937,0.09171999999999958
1.0551499999999994,0.14053999999999967,0.0916399999999995
1.0551299999999992,0.1407199999999995,0.09157999999999955
1.055109999999999,0.14089999999999936,0.0915199999999996
1.0550899999999999,0.14107999999999965,0.09145999999999965
1.0550699999999997,0.1412599999999995,0.0913999999999997
1.0550499999999996,0.14141999999999966,0.09131999999999962
1.0550299999999995,0.1415999999999995,0.09127999999999936
1.0550099999999993,0.14177999999999935,0.09121999999999941
1.0549899999999992,0.14195999999999964,0.09115999999999946
1.054969999999999,0.14211999999999936,0.09109999999999951
1.0549499999999998,0.14229999999999965,0.09103999999999957
1.0549299999999997,0.14245999999999936,0.09097999999999962
1.0549099999999996,0.14263999999999966,0.09093999999999935
1.0548899999999994,0.14279999999999937,0.0908799999999994
1.0548699999999993,0.14297999999999966,0.09083999999999959
1.0548499999999992,0.14313999999999938,0.09077999999999964
1.05483,0.14329999999999954,0.09073999999999938
1.0548099999999998,0.1434599999999997,0.09067999999999943
1.0547899999999997,0.14363999999999955,0.09063999999999961
1.0547699999999995,0.1437999999999997,0.09059999999999935
1.0547499999999994,0.14395999999999942,0.0905399999999994
1.0547299999999993,0.14411999999999958,0.09049999999999958
1.0547099999999991,0.1442799999999993,0.09045999999999932
1.05469,0.14443999999999946,0.0904199999999995
1.0546699999999998,0.14459999999999962,0.09037999999999968
1.0546499999999996,0.14475999999999933,0.09033999999999942
1.0546299999999995,0.1449199999999995,0.0902999999999996
1.0546099999999994,0.14507999999999965,0.09025999999999934
1.0545899999999993,0.14523999999999937,0.09021999999999952
1.0545699999999991,0.14539999999999953,0.0901799999999997
1.0545499999999999,0.14553999999999956,0.09013999999999944
1.0545299999999997,0.14569999999999927,0.09011999999999931
1.0545099999999996,0.14585999999999943,0.0900799999999995
1.0544899999999995,0.1460199999999996,0.09003999999999968
1.0544699999999994,0.14615999999999962,0.09001999999999954
1.0544499999999992,0.14631999999999934,0.08997999999999928
1.054429999999999,0.14645999999999937,0.08993999999999946
1.0544099999999998,0.14661999999999953,0.08991999999999933
1.0543899999999997,0.1467799999999997,0.08989999999999965
1.0543699999999996,0.14691999999999927,0.08985999999999938
1.0543499999999995,0.1470599999999993,0.0898399999999997
1.0543299999999993,0.14721999999999946,0.08979999999999944
1.0543099999999992,0.1473599999999995,0.0897799999999993
1.05429,0.14751999999999965,0.08975999999999962
1.0542699999999998,0.14765999999999968,0.08973999999999949
1.0542499999999997,0.1477999999999997,0.08969999999999967
1.0542299999999996,0.14795999999999943,0.08967999999999954
1.0542099999999994,0.14809999999999945,0.0896599999999994
1.0541899999999993,0.14823999999999948,0.08963999999999972
1.0541699999999992,0.1483799999999995,0.08961999999999959
1.05415,0.14851999999999954,0.08959999999999946
1.0541299999999998,0.1486799999999997,0.08957999999999933
1.0541099999999997,0.1488199999999993,0.08955999999999964
1.0540899999999995,0.14895999999999932,0.08953999999999951
1.0540699999999994,0.14909999999999934,0.08953999999999951
1.0540499999999993,0.14923999999999937,0.08951999999999938
1.0540299999999991,0.1493799999999994,0.08949999999999969
1.05401,0.14951999999999943,0.08947999999999956
1.0539899999999998,0.14965999999999946,0.08947999999999956
1.0539699999999996,0.1497999999999995,0.08945999999999943
1.0539499999999995,0.14993999999999952,0.0894399999999993
1.0539299999999994,0.15007999999999955,0.0894399999999993
1.0539099999999992,0.15019999999999945,0.08941999999999961
1.053889999999999,0.15033999999999947,0.08941999999999961
1.0538699999999999,0.1504799999999995,0.08939999999999948
1.0538499999999997,0.15061999999999953,0.08939999999999948
1.0538299999999996,0.15075999999999956,0.08937999999999935
1.0481299999999996,0.17715999999999932,0.10739999999999972
1.0481099999999994,0.1772199999999997,0.10751999999999962
1.0480899999999993,0.17727999999999966,0.10763999999999951
1.0480699999999992,0.1773399999999996,0.10775999999999941
1.04805,0.17739999999999956,0.10789999999999944
1.0480299999999998,0.1774599999999995,0.10801999999999934
1.0480099999999997,0.17751999999999946,0.10813999999999968
1.0479899999999995,0.1775799999999994,0.10825999999999958
1.0479699999999994,0.17763999999999935,0.10837999999999948
1.0479499999999993,0.1776999999999993,0.10849999999999937
1.0479299999999991,0.1777599999999997,0.1086399999999994
1.04791,0.17781999999999965,0.1087599999999993
1.0478899999999998,0.1778799999999996,0.10887999999999964
1.0478699999999996,0.17793999999999954,0.10899999999999954
1.0478499999999995,0.1779999999999995,0.10913999999999957
1.0478299999999994,0.17805999999999944,0.10925999999999947
1.0478099999999992,0.1781199999999994,0.10937999999999937
1.047789999999999,0.17817999999999934,0.1095199999999994
1.0477699999999999,0.1782399999999993,0.1096399999999993
1.0477499999999997,0.17827999999999955,0.10977999999999932
1.0477299999999996,0.1783399999999995,0.10989999999999966
1.0477099999999995,0.17839999999999945,0.11001999999999956
1.0476899999999993,0.1784599999999994,0.11015999999999959
1.0476699999999992,0.17851999999999935,0.11027999999999949
1.047649999999999,0.1785799999999993,0.11041999999999952
1.0476299999999998,0.1786399999999997,0.11053999999999942
1.0476099999999997,0.1786799999999995,0.11067999999999945
1.0475899999999996,0.17873999999999945,0.11079999999999934
1.0475699999999994,0.1787999999999994,0.11093999999999937
1.0475499999999993,0.17885999999999935,0.11105999999999971
1.0475299999999992,0.1789199999999993,0.1111999999999993
1.04751,0.17895999999999956,0.11131999999999964
1.0474899999999998,0.1790199999999995,0.11145999999999967
1.0474699999999997,0.17907999999999946,0.1115999999999997
1.0474499999999995,0.1791399999999994,0.1117199999999996
1.0474299999999994,0.17917999999999967,0.11185999999999963
1.0474099999999993,0.17923999999999962,0.11199999999999966
1.0473899999999992,0.17929999999999957,0.11211999999999955
1.04737,0.17935999999999952,0.11225999999999958
1.0473499999999998,0.17939999999999934,0.11239999999999961
1.0473299999999997,0.1794599999999993,0.11253999999999964
1.0473099999999995,0.17951999999999968,0.11265999999999954
1.0472899999999994,0.1795599999999995,0.11279999999999957
1.0472699999999993,0.17961999999999945,0.1129399999999996
1.0472499999999991,0.1796799999999994,0.11307999999999963
1.0472299999999999,0.17971999999999966,0.11321999999999965
1.0472099999999998,0.1797799999999996,0.11333999999999955
1.0471899999999996,0.17983999999999956,0.11347999999999958
1.0471699999999995,0.17987999999999937,0.11361999999999961
1.0471499999999994,0.17993999999999932,0.11375999999999964
1.0471299999999992,0.17997999999999958,0.11389999999999967
1.047109999999999,0.18003999999999953,0.1140399999999997
1.0470899999999999,0.18007999999999935,0.11417999999999928
1.0470699999999997,0.1801399999999993,0.11431999999999931
1.0470499999999996,0.1801999999999997,0.11445999999999934
1.0470299999999995,0.1802399999999995,0.11459999999999937
1.0470099999999993,0.18029999999999946,0.1147399999999994
1.0469899999999992,0.18033999999999928,0.11487999999999943
1.046969999999999,0.18039999999999967,0.11501999999999946
1.0469499999999998,0.1804399999999995,0.11515999999999948
1.0469299999999997,0.18049999999999944,0.11529999999999951
1.0469099999999996,0.1805399999999997,0.11543999999999954
1.0468899999999994,0.18057999999999952,0.11557999999999957
1.0468699999999993,0.18063999999999947,0.1157199999999996
1.0468499999999992,0.18067999999999929,0.11587999999999932
1.04683,0.18073999999999968,0.11601999999999935
1.0468099999999998,0.1807799999999995,0.11615999999999937
1.0467899999999997,0.18083999999999945,0.1162999999999994
1.0467699999999995,0.1808799999999997,0.11643999999999943
1.0467499999999994,0.18091999999999953,0.11659999999999959
1.0467299999999993,0.18097999999999947,0.11673999999999962
1.0467099999999991,0.1810199999999993,0.11687999999999965
1.04669,0.18105999999999955,0.11701999999999968
1.0466699999999998,0.1811199999999995,0.1171799999999994
1.0466499999999996,0.18115999999999932,0.11731999999999942
1.0466299999999995,0.18119999999999958,0.11745999999999945
1.0466099999999994,0.18125999999999953,0.11761999999999961
1.0465899999999992,0.18129999999999935,0.11775999999999964
1.0465699999999991,0.1813399999999996,0.11791999999999936
1.0465499999999999,0.18139999999999956,0.11805999999999939
1.0465299999999997,0.18143999999999938,0.11819999999999942
1.0465099999999996,0.18147999999999964,0.11835999999999958
1.0464899999999995,0.18151999999999946,0.1184999999999996
1.0464699999999993,0.1815799999999994,0.11865999999999932
1.0464499999999992,0.18161999999999967,0.11879999999999935
1.046429999999999,0.1816599999999995,0.11895999999999951
1.0464099999999998,0.1816999999999993,0.11909999999999954
1.0463899999999997,0.18173999999999957,0.1192599999999997
1.0463699999999996,0.18179999999999952,0.11939999999999928
1.0463499999999994,0.18183999999999934,0.11955999999999944
1.0463299999999993,0.1818799999999996,0.1197199999999996
1.0463099999999992,0.18191999999999942,0.11985999999999963
1.04629,0.18195999999999968,0.12001999999999935
1.0462699999999998,0.1819999999999995,0.12017999999999951
1.0462499999999997,0.1820399999999993,0.12031999999999954
1.0462299999999995,0.18207999999999958,0.1204799999999997
1.0462099999999994,0.1821199999999994,0.12063999999999941
1.0461899999999993,0.18215999999999966,0.12077999999999944
1.0461699999999992,0.1822199999999996,0.1209399999999996
1.04615,0.18225999999999942,0.12109999999999932
1.0461299999999998,0.18229999999999968,0.12125999999999948
1.0461099999999997,0.1823399999999995,0.12139999999999951
1.0460899999999995,0.18237999999999932,0.12155999999999967
1.0460699999999994,0.18241999999999958,0.12171999999999938
1.0460499999999993,0.1824599999999994,0.12187999999999954
1.0460299999999991,0.18249999999999966,0.1220399999999997
1.0460099999999999,0.18251999999999935,0.12219999999999942
1.0459899999999998,0.1825599999999996,0.12233999999999945
1.0459699999999996,0.18259999999999943,0.12249999999999961
1.0459499999999995,0.1826399999999997,0.12265999999999933
1.0459299999999994,0.1826799999999995,0.12281999999999949
1.0459099999999992,0.18271999999999933,0.12297999999999965
1.045889999999999,0.1827599999999996,0.12313999999999936
1.0458699999999999,0.1827999999999994,0.12329999999999952
1.0458499999999997,0.18283999999999967,0.12345999999999968
1.0458299999999996,0.18285999999999936,0.1236199999999994
1.0458099999999995,0.18289999999999962,0.12377999999999956
1.0457899999999993,0.18293999999999944,0.12393999999999972
1.0457699999999992,0.1829799999999997,0.12409999999999943
1.045749999999999,0.18301999999999952,0.12425999999999959
1.0457299999999998,0.18303999999999965,0.12443999999999944
1.0457099999999997,0.18307999999999947,0.1245999999999996
1.0456899999999996,0.18311999999999928,0.12475999999999932
1.0456699999999994,0.18315999999999955,0.12491999999999948
1.0456499999999993,0.18317999999999968,0.12507999999999964
1.0456299999999992,0.1832199999999995,0.12523999999999935
1.04561,0.1832599999999993,0.12541999999999964
1.0455899999999998,0.18327999999999944,0.12557999999999936
1.0455699999999997,0.1833199999999997,0.12573999999999952
1.0455499999999995,0.18335999999999952,0.12591999999999937
1.0441699999999994,0.18483999999999945,0.13831999999999933
1.0441499999999992,0.18483999999999945,0.13849999999999962
1.0441299999999991,0.18485999999999958,0.1386999999999996
1.0441099999999999,0.18485999999999958,0.13889999999999958
1.0440899999999997,0.18485999999999958,0.13909999999999956
1.0440699999999996,0.1848799999999997,0.13929999999999954
1.0440499999999995,0.1848799999999997,0.1394999999999995
1.0440299999999993,0.1848799999999997,0.1396999999999995
1.0440099999999992,0.1848799999999997,0.13989999999999947
1.043989999999999,0.1848799999999997,0.14009999999999945
1.0439699999999998,0.1848999999999994,0.14029999999999943
1.0439499999999997,0.1848999999999994,0.1404999999999994
1.0439299999999996,0.1848999999999994,0.14069999999999938
1.0439099999999994,0.1848999999999994,0.14089999999999936
1.0438899999999993,0.1848999999999994,0.14109999999999934
1.0438699999999992,0.1848999999999994,0.14129999999999932
1.04385,0.1848999999999994,0.1414999999999993
1.0438299999999998,0.1848999999999994,0.1417199999999994
1.0438099999999997,0.1848999999999994,0.14191999999999938
1.0437899999999996,0.1848999999999994,0.14211999999999936
1.0437699999999994,0.1848999999999994,0.14233999999999947
1.0437499999999993,0.1848799999999997,0.14253999999999944
1.0437299999999992,0.1848799999999997,0.14273999999999942
1.04371,0.1848799999999997,0.14295999999999953
1.0436899999999998,0.1848799999999997,0.1431599999999995
1.0436699999999997,0.18485999999999958,0.14337999999999962
1.0436499999999995,0.18485999999999958,0.1435799999999996
1.0436299999999994,0.18485999999999958,0.1437999999999997
1.0436099999999993,0.18483999999999945,0.14401999999999937
1.0435899999999991,0.18483999999999945,0.14421999999999935
1.0432499999999996,0.1845599999999994,0.14797999999999956
1.0432299999999994,0.1845399999999997,0.14819999999999967
1.0432099999999993,0.18451999999999957,0.14843999999999946
1.0431899999999992,0.18449999999999944,0.14865999999999957
1.04317,0.18445999999999962,0.14889999999999937
1.0431499999999998,0.1844399999999995,0.14911999999999948
1.0431299999999997,0.18441999999999936,0.14935999999999972
1.0431099999999995,0.18437999999999954,0.1495999999999995
1.0430899999999994,0.1843599999999994,0.1498399999999993
1.0430699999999993,0.1843199999999996,0.15005999999999942
1.0430499999999991,0.18427999999999933,0.15029999999999966
1.04303,0.18425999999999965,0.15053999999999945
1.0430099999999998,0.18421999999999938,0.1507799999999997
1.0432699999999997,0.18459999999999965,0.14773999999999932
1.0432899999999998,0.18461999999999934,0.14751999999999965
1.043309999999999,0.18463999999999947,0.14729999999999954
1.0433299999999992,0.1846599999999996,0.1470599999999993
1.0433499999999993,0.1846799999999993,0.14683999999999964
1.0433699999999995,0.18469999999999942,0.14661999999999953
1.0433899999999996,0.18469999999999942,0.14639999999999942
1.0434099999999997,0.18471999999999955,0.1461799999999993
1.0434299999999999,0.18473999999999968,0.14595999999999965
1.043449999999999,0.18475999999999937,0.14573999999999954
1.0434699999999992,0.18475999999999937,0.14551999999999943
1.0434899999999994,0.1847799999999995,0.14529999999999932
1.0435099999999995,0.18479999999999963,0.14507999999999965
1.0435299999999996,0.18479999999999963,0.14487999999999968
1.0435499999999998,0.18481999999999932,0.14465999999999957
1.0435699999999999,0.18481999999999932,0.14443999999999946
1.0441899999999995,0.18483999999999945,0.13811999999999935
1.0442099999999996,0.18481999999999932,0.13791999999999938
1.0442299999999998,0.18481999999999932,0.1377199999999994
1.04425,0.18479999999999963,0.13753999999999955
1.0442699999999991,0.18479999999999963,0.13733999999999957
1.0442899999999993,0.1847799999999995,0.1371399999999996
1.0443099999999994,0.1847799999999995,0.1369599999999993
1.0443299999999995,0.18475999999999937,0.13675999999999933
1.0443499999999997,0.18473999999999968,0.13657999999999948
1.0443699999999998,0.18473999999999968,0.1363799999999995
1.04439,0.18471999999999955,0.13619999999999965
1.0444099999999992,0.18471999999999955,0.13599999999999968
1.0444299999999993,0.18469999999999942,0.13581999999999939
1.0444499999999994,0.1846799999999993,0.1356199999999994
1.0444699999999996,0.1846599999999996,0.13543999999999956
1.0444899999999997,0.1846599999999996,0.1352599999999997
1.0445099999999998,0.18463999999999947,0.1350599999999993
1.044529999999999,0.18461999999999934,0.13487999999999944
1.0445499999999992,0.18459999999999965,0.13467999999999947
1.0445699999999993,0.18459999999999965,0.13449999999999962
1.0445899999999995,0.18457999999999952,0.13431999999999933
1.0446099999999996,0.1845599999999994,0.13413999999999948
1.0446299999999997,0.1845399999999997,0.1339399999999995
1.0446499999999999,0.18451999999999957,0.13375999999999966
1.044669999999999,0.18449999999999944,0.13357999999999937
1.0446899999999992,0.1844799999999993,0.13339999999999952
1.0447099999999994,0.18445999999999962,0.13321999999999967
1.0447299999999995,0.1844399999999995,0.13303999999999938
1.0447499999999996,0.18441999999999936,0.13285999999999953
1.0447699999999998,0.18439999999999968,0.1326799999999997
1.0447899999999999,0.18437999999999954,0.1324799999999997
1.0448099999999991,0.1843599999999994,0.13229999999999942
1.0448299999999993,0.18433999999999928,0.13211999999999957
1.0448499999999994,0.1843199999999996,0.13193999999999928
1.0448699999999995,0.18429999999999946,0.13175999999999943
1.0448899999999997,0.18427999999999933,0.13159999999999927
1.0449099999999998,0.18425999999999965,0.13141999999999943
1.04493,0.18421999999999938,0.13123999999999958
1.0449499999999992,0.1841999999999997,0.1310599999999993
1.0449699999999993,0.18417999999999957,0.13087999999999944
1.0449899999999994,0.18415999999999944,0.1306999999999996
1.0450099999999996,0.1841399999999993,0.1305199999999993
1.0450299999999997,0.1840999999999995,0.1303599999999996
1.0450499999999998,0.18407999999999936,0.1301799999999993
1.04507,0.18405999999999967,0.12999999999999945
1.0450899999999992,0.18403999999999954,0.1298199999999996
1.0451099999999993,0.18399999999999928,0.12965999999999944
1.0451299999999994,0.1839799999999996,0.1294799999999996
1.0451499999999996,0.18395999999999946,0.1292999999999993
1.0451699999999997,0.18391999999999964,0.12911999999999946
1.0451899999999998,0.1838999999999995,0.1289599999999993
1.045209999999999,0.18387999999999938,0.12877999999999945
1.0452299999999992,0.18383999999999956,0.1286199999999993
1.0452499999999993,0.18381999999999943,0.12843999999999944
1.0452699999999995,0.1837799999999996,0.1282599999999996
1.0452899999999996,0.18375999999999948,0.12809999999999944
1.0453099999999997,0.18371999999999966,0.1279199999999996
1.0453299999999999,0.18369999999999953,0.12775999999999943
1.0453499999999991,0.1836599999999997,0.12757999999999958
1.0453699999999992,0.18363999999999958,0.12741999999999942
1.0453899999999994,0.18359999999999932,0.12723999999999958
1.0454099999999995,0.18357999999999963,0.12707999999999942
1.0454299999999996,0.18353999999999937,0.1269199999999997
1.0454499999999998,0.18351999999999968,0.1267399999999994
1.04547,0.18347999999999942,0.1265799999999997
1.0454899999999991,0.1834599999999993,0.1263999999999994
1.0455099999999993,0.18341999999999947,0.12623999999999969
1.0455299999999994,0.18337999999999965,0.12607999999999953
1.0481499999999997,0.17709999999999937,0.10727999999999938
1.0481699999999998,0.17703999999999942,0.10715999999999948
1.04819,0.17697999999999947,0.10703999999999958
1.0482099999999992,0.1768999999999994,0.10691999999999968
1.0482299999999993,0.17683999999999944,0.10679999999999934
1.0482499999999995,0.1767799999999995,0.10667999999999944
1.0482699999999996,0.17671999999999954,0.10655999999999954
1.0482899999999997,0.1766599999999996,0.10643999999999965
1.0483099999999999,0.17659999999999965,0.1063199999999993
1.048329999999999,0.1765399999999997,0.1061999999999994
1.0483499999999992,0.17645999999999962,0.10609999999999964
1.0483699999999994,0.17639999999999967,0.1059799999999993
1.0483899999999995,0.17633999999999928,0.1058599999999994
1.0484099999999996,0.17627999999999933,0.1057399999999995
1.0484299999999998,0.17621999999999938,0.1056199999999996
1.0484499999999999,0.1761399999999993,0.1054999999999997
1.0484699999999991,0.17607999999999935,0.1053999999999995
1.0484899999999993,0.1760199999999994,0.1052799999999996
1.0485099999999994,0.17595999999999945,0.1051599999999997
1.0485299999999995,0.17587999999999937,0.10503999999999936
1.0485499999999996,0.17581999999999942,0.10493999999999959
1.0485699999999998,0.17575999999999947,0.10481999999999969
1.04859,0.1756799999999994,0.10469999999999935
1.0486099999999992,0.17561999999999944,0.10459999999999958
1.0486299999999993,0.1755599999999995,0.10447999999999968
1.0486499999999994,0.17549999999999955,0.10437999999999947
1.0486699999999995,0.17541999999999947,0.10425999999999958
1.0486899999999997,0.17535999999999952,0.10413999999999968
1.0487099999999998,0.17529999999999957,0.10403999999999947
1.04873,0.1752199999999995,0.10391999999999957
1.0487499999999992,0.17515999999999954,0.10381999999999936
1.0487699999999993,0.17507999999999946,0.10369999999999946
1.0487899999999994,0.1750199999999995,0.10359999999999969
1.0488099999999996,0.17495999999999956,0.10347999999999935
1.0488299999999997,0.17487999999999948,0.10337999999999958
1.0488499999999998,0.17481999999999953,0.10325999999999969
1.048869999999999,0.17473999999999945,0.10315999999999947
1.0488899999999992,0.1746799999999995,0.10305999999999971
1.0489099999999993,0.17459999999999942,0.10293999999999937
1.0489299999999995,0.17453999999999947,0.1028399999999996
1.0489499999999996,0.17447999999999952,0.10273999999999939
1.0489699999999997,0.17439999999999944,0.10261999999999949
1.0489899999999999,0.1743399999999995,0.10251999999999928
1.049009999999999,0.17425999999999942,0.10241999999999951
1.0490299999999992,0.17419999999999947,0.10229999999999961
1.0490499999999994,0.1741199999999994,0.1021999999999994
1.0490699999999995,0.17405999999999944,0.10209999999999964
1.0490899999999996,0.17397999999999936,0.10199999999999942
1.0491099999999998,0.17389999999999928,0.10189999999999966
1.04913,0.17383999999999933,0.10177999999999932
1.0491499999999991,0.1737599999999997,0.10167999999999955
1.0491699999999993,0.1736999999999993,0.10157999999999934
1.0491899999999994,0.17361999999999966,0.10147999999999957
1.0492099999999995,0.17355999999999927,0.10137999999999936
1.0492299999999997,0.17347999999999963,0.10127999999999959
1.0492499999999998,0.17339999999999955,0.10117999999999938
1.04927,0.1733399999999996,0.10107999999999961
1.0492899999999992,0.17325999999999953,0.1009799999999994
1.0493099999999993,0.17317999999999945,0.10087999999999964
1.0493299999999994,0.1731199999999995,0.10077999999999943
1.0493499999999996,0.17303999999999942,0.10067999999999966
1.0493699999999997,0.17297999999999947,0.10057999999999945
1.0493899999999998,0.1728999999999994,0.10047999999999968
1.04941,0.1728199999999993,0.10037999999999947
1.0494299999999992,0.17273999999999967,0.1002799999999997
1.0494499999999993,0.17267999999999928,0.10017999999999949
1.0494699999999995,0.17259999999999964,0.10007999999999928
1.0494899999999996,0.17251999999999956,0.09999999999999964
1.0495099999999997,0.1724599999999996,0.09989999999999943
1.0495299999999999,0.17237999999999953,0.09979999999999967
1.049549999999999,0.17229999999999945,0.09969999999999946
1.0495699999999992,0.17221999999999937,0.09959999999999969
1.0495899999999994,0.17215999999999942,0.09951999999999961
1.0496099999999995,0.17207999999999934,0.0994199999999994
1.0496299999999996,0.1719999999999997,0.09931999999999963
1.0496499999999997,0.17191999999999963,0.09923999999999955
1.0496699999999999,0.17183999999999955,0.09913999999999934
1.0496899999999991,0.17175999999999947,0.09903999999999957
1.0497099999999993,0.17169999999999952,0.09895999999999949
1.0497299999999994,0.17161999999999944,0.09885999999999928
1.0497499999999995,0.17153999999999936,0.09877999999999965
1.0497699999999996,0.17145999999999928,0.09867999999999943
1.0497899999999998,0.17137999999999964,0.09859999999999935
1.04981,0.17129999999999956,0.09849999999999959
1.0498299999999992,0.17121999999999948,0.09841999999999951
1.0498499999999993,0.1711399999999994,0.0983199999999993
1.0498699999999994,0.17107999999999945,0.09823999999999966
1.0498899999999995,0.17099999999999937,0.09813999999999945
1.0499099999999997,0.1709199999999993,0.09805999999999937
1.0499299999999998,0.17083999999999966,0.0979599999999996
1.04995,0.17075999999999958,0.09787999999999952
1.0499699999999992,0.1706799999999995,0.09779999999999944
1.0499899999999993,0.17059999999999942,0.09769999999999968
1.0500099999999994,0.17051999999999934,0.0976199999999996
1.0500299999999996,0.1704399999999997,0.09753999999999952
1.0500499999999997,0.17035999999999962,0.0974399999999993
1.0500699999999998,0.17027999999999954,0.09735999999999967
1.050089999999999,0.17019999999999946,0.09727999999999959
1.0501099999999992,0.17011999999999938,0.09719999999999951
1.0501299999999993,0.1700399999999993,0.0970999999999993
1.0501499999999995,0.16995999999999967,0.09701999999999966
1.0501699999999996,0.1698799999999996,0.09693999999999958
1.0501899999999997,0.1697999999999995,0.0968599999999995
1.0502099999999999,0.1696999999999993,0.09677999999999942
1.050229999999999,0.16961999999999966,0.09669999999999934
1.0502499999999992,0.16953999999999958,0.0966199999999997
1.0502699999999994,0.1694599999999995,0.09653999999999963
1.0502899999999995,0.16937999999999942,0.09645999999999955
1.0503099999999996,0.16929999999999934,0.09635999999999934
1.0503299999999998,0.1692199999999997,0.0962799999999997
1.05035,0.16913999999999962,0.0962199999999993
1.0503699999999991,0.1690399999999994,0.09613999999999967
1.0503899999999993,0.16895999999999933,0.09605999999999959
1.0504099999999994,0.1688799999999997,0.09597999999999951
1.0504299999999995,0.16879999999999962,0.09589999999999943
1.0504499999999997,0.16871999999999954,0.09581999999999935
1.0504699999999998,0.16861999999999933,0.09573999999999971
1.05049,0.1685399999999997,0.09565999999999963
1.0505099999999992,0.1684599999999996,0.09557999999999955
1.0505299999999993,0.16837999999999953,0.0955199999999996
1.0505499999999994,0.16827999999999932,0.09543999999999953
1.0505699999999996,0.16819999999999968,0.09535999999999945
1.0505899999999997,0.1681199999999996,0.09527999999999937
1.0506099999999998,0.1680199999999994,0.09521999999999942
1.05063,0.1679399999999993,0.09513999999999934
1.0506499999999992,0.16785999999999968,0.0950599999999997
1.0506699999999993,0.1677799999999996,0.09499999999999931
1.0506899999999995,0.16767999999999939,0.09491999999999967
1.0507099999999996,0.1675999999999993,0.09483999999999959
1.0507299999999997,0.16749999999999954,0.09477999999999964
1.0507499999999999,0.16741999999999946,0.09469999999999956
1.050769999999999,0.16733999999999938,0.09463999999999961
1.0507899999999992,0.1672399999999996,0.09455999999999953
1.0508099999999994,0.16715999999999953,0.09449999999999958
1.0508299999999995,0.16705999999999932,0.0944199999999995
1.0508499999999996,0.16697999999999968,0.09435999999999956
1.0508699999999997,0.1668999999999996,0.09427999999999948
1.0508899999999999,0.1667999999999994,0.09421999999999953
1.0509099999999991,0.1667199999999993,0.09415999999999958
1.0509299999999993,0.16661999999999955,0.0940799999999995
1.0509499999999994,0.16653999999999947,0.09401999999999955
1.0509699999999995,0.1664399999999997,0.09393999999999947
1.0509899999999996,0.16635999999999962,0.09387999999999952
1.0510099999999998,0.1662599999999994,0.09381999999999957
1.05103,0.16617999999999933,0.09375999999999962
1.0510499999999992,0.16607999999999956,0.09367999999999954
1.0510699999999993,0.16599999999999948,0.09361999999999959
1.0510899999999994,0.16589999999999927,0.09355999999999964
1.0511099999999995,0.1657999999999995,0.0934999999999997
1.0511299999999997,0.16571999999999942,0.0934399999999993
1.0511499999999998,0.16561999999999966,0.09335999999999967
1.05117,0.16553999999999958,0.09329999999999972
1.0511899999999992,0.16543999999999937,0.09323999999999932
1.0512099999999993,0.1653399999999996,0.09317999999999937
1.0512299999999994,0.16525999999999952,0.09311999999999943
1.0512499999999996,0.1651599999999993,0.09305999999999948
1.0512699999999997,0.16505999999999954,0.09299999999999953
1.0512899999999998,0.16497999999999946,0.09293999999999958
1.051309999999999,0.1648799999999997,0.09287999999999963
1.0513299999999992,0.16477999999999948,0.09281999999999968
1.0513499999999993,0.1646999999999994,0.09275999999999929
1.0513699999999995,0.16459999999999964,0.09269999999999934
1.0513899999999996,0.16449999999999942,0.09265999999999952
1.0514099999999997,0.16439999999999966,0.09259999999999957
1.0514299999999999,0.16431999999999958,0.09253999999999962
1.051449999999999,0.16421999999999937,0.09247999999999967
1.0514699999999992,0.1641199999999996,0.09241999999999928
1.0514899999999994,0.1640199999999994,0.09237999999999946
1.0515099999999995,0.16391999999999962,0.09231999999999951
1.0515299999999996,0.16383999999999954,0.09225999999999956
1.0515499999999998,0.16373999999999933,0.09219999999999962
1.05157,0.16363999999999956,0.09215999999999935
1.0515899999999991,0.16353999999999935,0.0920999999999994
1.0516099999999993,0.16343999999999959,0.09203999999999946
1.0516299999999994,0.16333999999999937,0.09199999999999964
1.0516499999999995,0.1632399999999996,0.09193999999999969
1.0516699999999997,0.1631399999999994,0.09189999999999943
1.0516899999999998,0.16305999999999932,0.09183999999999948
1.05171,0.16295999999999955,0.09179999999999966
1.0517299999999992,0.16285999999999934,0.09173999999999971
1.0517499999999993,0.16275999999999957,0.09169999999999945
1.0517699999999994,0.16265999999999936,0.0916399999999995
1.0517899999999996,0.1625599999999996,0.09159999999999968
1.0518099999999997,0.16245999999999938,0.09155999999999942
1.0518299999999998,0.16235999999999962,0.09149999999999947
1.05185,0.1622599999999994,0.09145999999999965
1.0518699999999992,0.16215999999999964,0.09141999999999939
1.0518899999999993,0.16205999999999943,0.09135999999999944
1.0519099999999995,0.16193999999999953,0.09131999999999962
1.0519299999999996,0.16183999999999932,0.09127999999999936
1.0519499999999997,0.16173999999999955,0.09121999999999941
1.0519699999999998,0.16163999999999934,0.0911799999999996
1.051989999999999,0.16153999999999957,0.09113999999999933
1.0520099999999992,0.16143999999999936,0.09109999999999951
1.0520299999999994,0.1613399999999996,0.0910599999999997
1.0520499999999995,0.16123999999999938,0.09101999999999943
1.0520699999999996,0.16111999999999949,0.09097999999999962
1.0520899999999997,0.16101999999999927,0.09093999999999935
1.0521099999999999,0.1609199999999995,0.09089999999999954
1.0521299999999991,0.1608199999999993,0.09085999999999972
1.0521499999999993,0.16071999999999953,0.09081999999999946
1.0521699999999994,0.16059999999999963,0.09077999999999964
1.0521899999999995,0.16049999999999942,0.09073999999999938
1.0522099999999996,0.16039999999999965,0.09069999999999956
1.0522299999999998,0.16029999999999944,0.0906599999999993
1.05225,0.16017999999999954,0.09061999999999948
1.0522699999999992,0.16007999999999933,0.09057999999999966
1.0522899999999993,0.15997999999999957,0.0905399999999994
1.0523099999999994,0.15985999999999967,0.09051999999999971
1.0523299999999995,0.15975999999999946,0.09047999999999945
1.0523499999999997,0.15963999999999956,0.09043999999999963
1.0523699999999998,0.15953999999999935,0.09039999999999937
1.05239,0.15943999999999958,0.09037999999999968
1.0524099999999992,0.15931999999999968,0.09033999999999942
1.0524299999999993,0.15921999999999947,0.0902999999999996
1.0524499999999994,0.15909999999999958,0.09027999999999947
1.0524699999999996,0.15899999999999936,0.09023999999999965
1.0524899999999997,0.15887999999999947,0.09021999999999952
1.0525099999999998,0.1587799999999997,0.0901799999999997
1.052529999999999,0.15865999999999936,0.09015999999999957
1.0525499999999992,0.1585599999999996,0.09011999999999931
1.0525699999999993,0.1584399999999997,0.09009999999999962
1.0525899999999995,0.15833999999999948,0.09005999999999936
1.0526099999999996,0.15821999999999958,0.09003999999999968
1.0526299999999997,0.15811999999999937,0.08999999999999941
1.0526499999999999,0.15799999999999947,0.08997999999999928
1.052669999999999,0.15787999999999958,0.0899599999999996
1.0526899999999992,0.15777999999999937,0.08991999999999933
1.0527099999999994,0.15765999999999947,0.08989999999999965
1.0527299999999995,0.15753999999999957,0.08987999999999952
1.0527499999999996,0.15743999999999936,0.08985999999999938
1.0527699999999998,0.15731999999999946,0.0898399999999997
1.05279,0.15719999999999956,0.08979999999999944
1.0528099999999991,0.15709999999999935,0.0897799999999993
1.0528299999999993,0.15697999999999945,0.08975999999999962
1.0528499999999994,0.15685999999999956,0.08973999999999949
1.0528699999999995,0.15673999999999966,0.08971999999999936
1.0528899999999997,0.15661999999999932,0.08969999999999967
1.0529099999999998,0.15651999999999955,0.08967999999999954
1.05293,0.15639999999999965,0.0896599999999994
1.0529499999999992,0.1562799999999993,0.08963999999999972
1.0529699999999993,0.1561599999999994,0.08961999999999959
1.0529899999999994,0.1560399999999995,0.08959999999999946
1.0530099999999996,0.15591999999999961,0.08957999999999933
1.0530299999999997,0.15579999999999927,0.08957999999999933
1.0530499999999998,0.15567999999999937,0.08955999999999964
1.05307,0.1555799999999996,0.08953999999999951
1.0530899999999992,0.1554599999999997,0.08951999999999938
1.0531099999999993,0.15533999999999937,0.08949999999999969
1.0531299999999995,0.15521999999999947,0.08949999999999969
1.0531499999999996,0.15509999999999957,0.08947999999999956
1.0531699999999997,0.15495999999999954,0.08945999999999943
1.0531899999999998,0.15483999999999964,0.08945999999999943
1.053209999999999,0.1547199999999993,0.0894399999999993
1.0532299999999992,0.1545999999999994,0.0894399999999993
1.0532499999999994,0.1544799999999995,0.08941999999999961
1.0532699999999995,0.1543599999999996,0.08941999999999961
1.0532899999999996,0.1542399999999997,0.08939999999999948
1.0533099999999997,0.15411999999999937,0.08939999999999948
1.0533299999999999,0.15397999999999934,0.08937999999999935
1.0533499999999991,0.15385999999999944,0.08937999999999935
1.0533699999999993,0.15373999999999954,0.08937999999999935
1.0533899999999994,0.15361999999999965,0.08935999999999966
1.0534099999999995,0.15347999999999962,0.08935999999999966
1.0534299999999996,0.15335999999999927,0.08935999999999966
1.0534499999999998,0.15323999999999938,0.08935999999999966
1.05347,0.15309999999999935,0.08933999999999953
1.0534899999999991,0.15297999999999945,0.08933999999999953
1.0535099999999993,0.15285999999999955,0.08933999999999953
1.0535299999999994,0.15271999999999952,0.08933999999999953
1.0535499999999995,0.15259999999999962,0.08933999999999953
1.0535699999999997,0.1524599999999996,0.08933999999999953
1.0535899999999998,0.1523399999999997,0.08933999999999953
1.05361,0.15219999999999967,0.08933999999999953
1.0536299999999992,0.15207999999999933,0.08933999999999953
1.0536499999999993,0.1519399999999993,0.08933999999999953
1.0536699999999994,0.1518199999999994,0.08933999999999953
1.0536899999999996,0.15167999999999937,0.08933999999999953
1.0537099999999997,0.15155999999999947,0.08933999999999953
1.0537299999999998,0.15141999999999944,0.08935999999999966
1.053749999999999,0.15127999999999941,0.08935999999999966
1.0537699999999992,0.15115999999999952,0.08935999999999966
1.0537899999999993,0.1510199999999995,0.08937999999999935
1.0538099999999995,0.15087999999999946,0.08937999999999935
1.0429899999999996,0.18417999999999957,0.1510199999999995
1.0429699999999995,0.1841399999999993,0.15127999999999941
1.0429499999999994,0.1840999999999995,0.15151999999999965
1.0429299999999992,0.18405999999999967,0.15175999999999945
1.0429099999999991,0.1840199999999994,0.1519999999999997
1.0428899999999999,0.1839799999999996,0.15225999999999962
1.0428699999999997,0.18393999999999933,0.1524999999999994
1.0428499999999996,0.18387999999999938,0.15275999999999934
1.0428299999999995,0.18383999999999956,0.1530199999999997
1.0428099999999993,0.1837799999999996,0.1532599999999995
1.0427899999999992,0.18373999999999935,0.15351999999999943
1.042769999999999,0.1836799999999994,0.15377999999999936
1.0427499999999998,0.18361999999999945,0.1540399999999993
1.0427299999999997,0.18357999999999963,0.15429999999999966
1.0427099999999996,0.18351999999999968,0.1545599999999996
1.0426899999999995,0.1834599999999993,0.15483999999999964
1.0426699999999993,0.18339999999999934,0.15509999999999957
1.0426499999999992,0.1833199999999997,0.15537999999999963
1.04263,0.1832599999999993,0.15563999999999956
1.0426099999999998,0.18319999999999936,0.15591999999999961
1.0425899999999997,0.18311999999999928,0.15619999999999967
1.0425699999999996,0.18303999999999965,0.1564799999999993
1.0425499999999994,0.1829799999999997,0.15675999999999934
1.0425299999999993,0.18289999999999962,0.1570399999999994
1.0425099999999992,0.18281999999999954,0.15731999999999946
1.04249,0.18271999999999933,0.15761999999999965
1.0424699999999998,0.1826399999999997,0.1578999999999997
1.0424499999999997,0.1825599999999996,0.15819999999999945
1.0424299999999995,0.1824599999999994,0.15849999999999964
1.0424099999999994,0.18235999999999963,0.15879999999999939
1.0423899999999993,0.18225999999999942,0.15909999999999958
1.0423699999999991,0.18215999999999966,0.15941999999999945
1.0423499999999999,0.18205999999999944,0.15971999999999964
1.0423299999999998,0.18193999999999955,0.16003999999999952
1.0423099999999996,0.18181999999999965,0.1603599999999994
1.0422899999999995,0.1816999999999993,0.1606999999999994
1.0422699999999994,0.1815799999999994,0.16101999999999927
1.0422499999999992,0.1814599999999995,0.16135999999999928
1.042229999999999,0.18131999999999948,0.1616999999999993
1.0422099999999999,0.18117999999999945,0.1620399999999993
1.0421899999999997,0.1810199999999993,0.16239999999999943
1.0421699999999996,0.18085999999999958,0.16275999999999957
1.0421499999999995,0.18069999999999942,0.1631399999999994
1.0421299999999993,0.1805399999999997,0.16351999999999967
1.0421099999999992,0.18033999999999928,0.1638999999999995
1.042089999999999,0.18015999999999943,0.16429999999999945
1.0420699999999998,0.17995999999999945,0.1646999999999994
1.0420499999999997,0.17973999999999934,0.1651199999999995
1.0420299999999996,0.17949999999999955,0.1655599999999997
1.0420099999999994,0.1792599999999993,0.1660199999999996
1.0419899999999993,0.17899999999999938,0.16649999999999965
1.0419699999999992,0.17869999999999964,0.16697999999999968
1.04195,0.17837999999999932,0.16751999999999967
1.0419299999999998,0.17801999999999962,0.16807999999999934
1.0419099999999997,0.17761999999999967,0.16867999999999927
1.0418899999999995,0.17715999999999932,0.1693599999999993
1.0418699999999994,0.17657999999999952,0.17011999999999938
1.0418499999999993,0.17583999999999955,0.17107999999999945
1.0418299999999991,0.17449999999999966,0.17261999999999933
