0,0,0
-0.8868844720861904,0.06301070323212477,-0.15449724975514245
-0.8853844172380021,0.054010374142996476,-0.16199752399608247
-0.8838843623898143,0.040509880509304264,-0.16949779823702293
-0.882384307541626,0.02550933202742378,-0.17549801762977513
-0.8808842526934382,0.007508673849167202,-0.18299829187071515
-0.8793841978452499,-0.00749187463271328,-0.18899851126346778
-0.8778841429970621,-0.023992477962782033,-0.19499873065621998
-0.8763840881488738,-0.037492971596474245,-0.20099895004897217
-0.874884033300686,-0.0509934652301669,-0.20699916944172436
-0.8733839784524977,-0.06299390401567129,-0.21149933398628828
-0.8148818393731636,-0.3330037766895204,-0.343504160626837
-0.8163818942213519,-0.3255035024485804,-0.343504160626837
-0.8178819490695397,-0.3195032830558282,-0.3420041057786487
-0.819382003917728,-0.313503063663076,-0.3405040509304609
-0.8208820587659158,-0.30750284427032337,-0.3390039960822726
-0.8223821136141041,-0.3015026248775712,-0.3375039412340848
-0.8238821684622919,-0.29700246033300726,-0.3345038315377087
-0.8253822233104802,-0.29100224094025506,-0.3330037766895204
-0.826882278158668,-0.28500202154750287,-0.3300036669931443
-0.8283823330068563,-0.2805018570029385,-0.3270035572967682
-0.8298823878550445,-0.2745016376101863,-0.3240034476003921
-0.8313824427032324,-0.2700014730656224,-0.3225033927522043
-0.8328824975514206,-0.2640012536728702,-0.3195032830558282
-0.8343825523996085,-0.258001034280118,-0.3165031733594521
-0.8358826072477967,-0.2520008148873658,-0.313503063663076
-0.8373826620959846,-0.24600059549461362,-0.31050295396669947
-0.8388827169441728,-0.24150043095004925,-0.30750284427032337
-0.8403827717923606,-0.23550021155729706,-0.3045027345739473
-0.8418828266405489,-0.22949999216454486,-0.30000257002938335
-0.8433828814887367,-0.22349977277179267,-0.29700246033300726
-0.844882936336925,-0.21749955337904048,-0.29400235063663116
-0.8463829911851128,-0.20999927913810046,-0.29100224094025506
-0.8478830460333011,-0.20399905974534827,-0.2865020763956907
-0.8493831008814889,-0.19799884035259607,-0.2835019666993146
-0.8508831557296772,-0.1904985661116556,-0.2790018021547507
-0.852383210577865,-0.18449834671890342,-0.2760016924583746
-0.8538832654260533,-0.17699807247796295,-0.2715015279138102
-0.8553833202742411,-0.17099785308521076,-0.2670013633692463
-0.8568833751224294,-0.16349757884427074,-0.2640012536728702
-0.8583834299706172,-0.15599730460333028,-0.25950108912830583
-0.8598834848188055,-0.14849703036239026,-0.2550009245837419
-0.8613835396669933,-0.13949670127326197,-0.25050076003917754
-0.8628835945151816,-0.1319964270323215,-0.24600059549461362
-0.8643836493633694,-0.12299609794319322,-0.24150043095004925
-0.8658837042115577,-0.11399576885406493,-0.23700026640548533
-0.8673837590597455,-0.10499543976493664,-0.23250010186092096
-0.8688838139079338,-0.09449505582762052,-0.22799993731635704
-0.8703838687561216,-0.08549472673849223,-0.22199971792360484
-0.8718839236043099,-0.07349428795298785,-0.21749955337904048
