0,0,0
-0.8697500000000002,-0.1473800000000005,-0.1898000000000004
-0.8697300000000001,-0.14748000000000028,-0.18986000000000036
-0.8697100000000004,-0.14760000000000062,-0.18994000000000044
-0.8696900000000003,-0.1477000000000004,-0.19002000000000052
-0.8696700000000002,-0.1478000000000006,-0.19008000000000047
-0.8696500000000005,-0.14790000000000036,-0.19016000000000055
-0.8696300000000003,-0.14800000000000058,-0.19024000000000063
-0.8696100000000002,-0.14810000000000034,-0.19030000000000058
-0.8695900000000005,-0.14820000000000055,-0.19038000000000066
-0.8695700000000004,-0.14830000000000032,-0.1904600000000003
-0.8695500000000003,-0.14840000000000053,-0.1905200000000007
-0.8695300000000001,-0.14852000000000043,-0.19060000000000032
-0.8695100000000004,-0.14862000000000064,-0.1906800000000004
-0.8694900000000003,-0.1487200000000004,-0.19074000000000035
-0.8694700000000002,-0.14882000000000062,-0.19082000000000043
-0.8694500000000005,-0.14892000000000039,-0.1909000000000005
-0.8694300000000004,-0.1490200000000006,-0.19096000000000046
-0.8694100000000002,-0.14912000000000036,-0.19104000000000054
-0.8693900000000001,-0.14922000000000057,-0.1911000000000005
-0.8693700000000004,-0.14932000000000034,-0.19118000000000057
-0.8693500000000003,-0.14944000000000068,-0.19126000000000065
-0.8693300000000002,-0.14954000000000045,-0.1913200000000006
-0.8693100000000005,-0.14964000000000066,-0.19140000000000068
-0.8692900000000003,-0.14974000000000043,-0.19148000000000032
-0.8692700000000002,-0.14984000000000064,-0.19154000000000027
-0.8692500000000005,-0.1499400000000004,-0.19162000000000035
-0.8692300000000004,-0.15004000000000062,-0.1916800000000003
-0.8692100000000003,-0.15014000000000038,-0.19176000000000037
-0.8691900000000001,-0.1502400000000006,-0.19184000000000045
-0.8691700000000004,-0.15034000000000036,-0.1919000000000004
-0.8691500000000003,-0.15046000000000026,-0.19198000000000048
-0.8691300000000002,-0.15056000000000047,-0.19204000000000043
-0.8691100000000005,-0.15066000000000068,-0.1921200000000005
-0.8690900000000004,-0.15076000000000045,-0.19218000000000046
-0.8690700000000002,-0.15086000000000066,-0.19226000000000054
-0.8690500000000001,-0.15096000000000043,-0.19234000000000062
-0.8690300000000004,-0.15106000000000064,-0.19240000000000057
-0.8690100000000003,-0.1511600000000004,-0.19248000000000065
-0.8689900000000002,-0.15126000000000062,-0.1925400000000006
-0.8689700000000005,-0.15138000000000051,-0.19262000000000068
-0.8689500000000003,-0.15148000000000028,-0.19270000000000032
-0.8689300000000002,-0.1515800000000005,-0.19276000000000026
-0.8689100000000005,-0.15168000000000026,-0.19284000000000034
-0.8688900000000004,-0.15178000000000047,-0.1929000000000003
-0.8688700000000003,-0.15188000000000068,-0.19298000000000037
-0.8688500000000001,-0.15198000000000045,-0.19304000000000032
-0.8688300000000004,-0.15208000000000066,-0.1931200000000004
-0.8688100000000003,-0.15218000000000043,-0.19318000000000035
-0.8687900000000002,-0.15228000000000064,-0.19326000000000043
-0.8687700000000005,-0.15240000000000054,-0.19332000000000038
-0.8687500000000004,-0.1525000000000003,-0.19340000000000046
-0.8687300000000002,-0.1526000000000005,-0.19348000000000054
-0.8687100000000005,-0.15270000000000028,-0.1935400000000005
-0.8686900000000004,-0.1528000000000005,-0.19362000000000057
-0.8686700000000003,-0.15290000000000026,-0.19368000000000052
-0.8686500000000001,-0.15300000000000047,-0.1937600000000006
-0.8686300000000005,-0.15310000000000068,-0.19382000000000055
-0.8686100000000003,-0.15320000000000045,-0.19390000000000063
-0.8685900000000002,-0.15330000000000066,-0.19396000000000058
-0.8685700000000005,-0.15342000000000056,-0.19404000000000066
-0.8685500000000004,-0.15352000000000032,-0.1941000000000006
-0.8685300000000002,-0.15362000000000053,-0.19418000000000069
-0.8685100000000001,-0.1537200000000003,-0.19424000000000063
-0.8684900000000004,-0.1538200000000005,-0.19432000000000027
-0.8684700000000003,-0.15392000000000028,-0.19438000000000066
-0.8684500000000002,-0.1540200000000005,-0.1944600000000003
-0.8684300000000005,-0.1541200000000007,-0.1945200000000007
-0.8684100000000003,-0.15422000000000047,-0.19460000000000033
-0.8683900000000002,-0.15432000000000068,-0.19466000000000028
-0.8683700000000005,-0.15444000000000058,-0.19474000000000036
-0.8683500000000004,-0.15454000000000034,-0.1948000000000003
-0.8683300000000003,-0.15464000000000055,-0.1948800000000004
-0.8683100000000001,-0.15474000000000032,-0.19494000000000034
-0.8682900000000005,-0.15484000000000053,-0.19502000000000042
-0.8682700000000003,-0.1549400000000003,-0.19508000000000036
-0.8682500000000002,-0.1550400000000005,-0.19516000000000044
-0.8682300000000005,-0.15514000000000028,-0.1952200000000004
-0.8682100000000004,-0.1552400000000005,-0.19530000000000047
-0.8681900000000002,-0.1553400000000007,-0.19536000000000042
-0.8681700000000001,-0.15544000000000047,-0.19542000000000037
-0.8681500000000004,-0.15556000000000036,-0.19550000000000045
-0.8681300000000003,-0.15566000000000058,-0.1955600000000004
-0.8681100000000002,-0.15576000000000034,-0.19564000000000048
-0.8680900000000005,-0.15586000000000055,-0.19570000000000043
-0.8680700000000003,-0.15596000000000032,-0.1957800000000005
-0.8680500000000002,-0.15606000000000053,-0.19584000000000046
-0.8680300000000005,-0.1561600000000003,-0.19592000000000054
-0.8680100000000004,-0.1562600000000005,-0.1959800000000005
-0.8679900000000003,-0.15636000000000028,-0.19604000000000044
-0.8679700000000001,-0.1564600000000005,-0.19612000000000052
-0.8679500000000004,-0.1565600000000007,-0.19618000000000047
-0.8679300000000003,-0.1566800000000006,-0.19626000000000055
-0.8679100000000002,-0.15678000000000036,-0.1963200000000005
-0.8678900000000005,-0.15688000000000057,-0.19640000000000057
-0.8678700000000004,-0.15698000000000034,-0.19646000000000052
-0.8678500000000002,-0.15708000000000055,-0.19652000000000047
-0.8678300000000001,-0.15718000000000032,-0.19660000000000055
-0.8678100000000004,-0.15728000000000053,-0.1966600000000005
-0.8677900000000003,-0.1573800000000003,-0.19674000000000058
-0.8677700000000002,-0.1574800000000005,-0.19680000000000053
-0.8677500000000005,-0.15758000000000028,-0.1968800000000006
-0.8677300000000003,-0.1576800000000005,-0.19694000000000056
-0.8677100000000002,-0.15780000000000038,-0.1970000000000005
-0.8676900000000005,-0.1579000000000006,-0.1970800000000006
-0.8676700000000004,-0.15800000000000036,-0.19714000000000054
-0.8676500000000003,-0.15810000000000057,-0.19722000000000062
-0.8676300000000001,-0.15820000000000034,-0.19728000000000057
-0.8676100000000004,-0.15830000000000055,-0.19734000000000052
-0.8675900000000003,-0.15840000000000032,-0.1974200000000006
-0.8675700000000002,-0.15850000000000053,-0.19748000000000054
-0.8675500000000005,-0.1586000000000003,-0.1975400000000005
-0.8675300000000004,-0.1587000000000005,-0.19762000000000057
-0.8675100000000002,-0.15880000000000027,-0.19768000000000052
-0.8674900000000005,-0.15890000000000049,-0.1977600000000006
-0.8674700000000004,-0.15902000000000038,-0.19782000000000055
-0.8674500000000003,-0.1591200000000006,-0.1978800000000005
-0.8674300000000001,-0.15922000000000036,-0.19796000000000058
-0.8674100000000005,-0.15932000000000057,-0.19802000000000053
-0.8673900000000003,-0.15942000000000034,-0.19808000000000048
-0.8673700000000002,-0.15952000000000055,-0.19816000000000056
-0.8673500000000005,-0.15962000000000032,-0.1982200000000005
-0.8673300000000004,-0.15972000000000053,-0.19828000000000046
-0.8673100000000002,-0.1598200000000003,-0.19836000000000054
-0.8672900000000001,-0.1599200000000005,-0.19842000000000048
-0.8672700000000004,-0.16002000000000027,-0.19848000000000043
-0.8672500000000003,-0.16012000000000048,-0.1985600000000005
-0.8672300000000002,-0.16024000000000038,-0.19862000000000046
-0.8672100000000005,-0.1603400000000006,-0.19870000000000054
-0.8671900000000003,-0.16044000000000036,-0.1987600000000005
-0.8671700000000002,-0.16054000000000057,-0.19882000000000044
-0.8671500000000005,-0.16064000000000034,-0.1988800000000004
-0.8671300000000004,-0.16074000000000055,-0.19896000000000047
-0.8671100000000003,-0.16084000000000032,-0.19902000000000042
-0.8670900000000001,-0.16094000000000053,-0.19908000000000037
-0.8670700000000005,-0.1610400000000003,-0.19916000000000045
-0.8670500000000003,-0.1611400000000005,-0.1992200000000004
-0.8670300000000002,-0.16124000000000027,-0.19928000000000035
-0.8670100000000005,-0.16134000000000048,-0.19936000000000043
-0.8669900000000004,-0.16146000000000038,-0.19942000000000037
-0.8669700000000002,-0.1615600000000006,-0.19948000000000032
-0.8669500000000001,-0.16166000000000036,-0.1995600000000004
-0.8641500000000004,-0.17586000000000057,-0.2082800000000007
-0.8641700000000001,-0.17576000000000036,-0.2082200000000003
-0.8641900000000002,-0.1756600000000006,-0.20816000000000034
-0.8642100000000004,-0.17556000000000038,-0.2081000000000004
-0.8642300000000005,-0.17546000000000062,-0.20804000000000045
-0.8642500000000002,-0.1753600000000004,-0.2079800000000005
-0.8642700000000003,-0.17526000000000064,-0.20792000000000055
-0.8642900000000004,-0.17516000000000043,-0.2078600000000006
-0.8643100000000001,-0.17506000000000066,-0.20780000000000065
-0.8643300000000003,-0.17494000000000032,-0.2077600000000004
-0.8643500000000004,-0.17484000000000055,-0.20770000000000044
-0.8643700000000005,-0.17474000000000034,-0.2076400000000005
-0.8643900000000002,-0.17464000000000057,-0.20758000000000054
-0.8644100000000003,-0.17454000000000036,-0.2075200000000006
-0.8644300000000005,-0.1744400000000006,-0.20746000000000064
-0.8644500000000002,-0.17434000000000038,-0.2074000000000007
-0.8644700000000003,-0.17424000000000062,-0.2073400000000003
-0.8644900000000004,-0.1741400000000004,-0.20728000000000035
-0.8645100000000001,-0.17404000000000064,-0.2072200000000004
-0.8645300000000002,-0.17394000000000043,-0.20716000000000045
-0.8645500000000004,-0.17384000000000066,-0.2071000000000005
-0.8645700000000005,-0.17374000000000045,-0.20704000000000056
-0.8645900000000002,-0.17362000000000055,-0.2069800000000006
-0.8646100000000003,-0.17352000000000034,-0.20692000000000066
-0.8646300000000005,-0.17342000000000057,-0.20686000000000027
-0.8646500000000001,-0.17332000000000036,-0.20680000000000032
-0.8646700000000003,-0.1732200000000006,-0.20674000000000037
-0.8646900000000004,-0.17312000000000038,-0.20668000000000042
-0.8647100000000005,-0.17302000000000062,-0.20662000000000047
-0.8647300000000002,-0.1729200000000004,-0.20656000000000052
-0.8647500000000004,-0.17282000000000064,-0.20650000000000057
-0.8647700000000005,-0.17272000000000043,-0.20644000000000062
-0.8647900000000002,-0.17262000000000066,-0.20638000000000067
-0.8648100000000003,-0.17252000000000045,-0.20632000000000028
-0.8648300000000004,-0.17242000000000068,-0.20626000000000033
-0.8648500000000001,-0.17230000000000034,-0.20620000000000038
-0.8648700000000002,-0.17220000000000057,-0.20614000000000043
-0.8648900000000004,-0.17210000000000036,-0.20608000000000049
-0.8649100000000005,-0.1720000000000006,-0.20602000000000054
-0.8649300000000002,-0.17190000000000039,-0.2059600000000006
-0.8649500000000003,-0.17180000000000062,-0.20590000000000064
-0.8649700000000005,-0.1717000000000004,-0.2058400000000007
-0.8649900000000001,-0.17160000000000064,-0.2057800000000003
-0.8650100000000003,-0.17150000000000043,-0.20572000000000035
-0.8650300000000004,-0.17140000000000066,-0.20564000000000027
-0.8650500000000005,-0.17130000000000045,-0.20558000000000032
-0.8650700000000002,-0.17120000000000068,-0.20552000000000037
-0.8650900000000004,-0.17110000000000047,-0.20546000000000042
-0.8651100000000005,-0.17100000000000026,-0.20540000000000047
-0.8651300000000002,-0.17088000000000036,-0.20534000000000052
-0.8651500000000003,-0.1707800000000006,-0.20528000000000057
-0.8651700000000004,-0.1706800000000004,-0.20522000000000062
-0.8651900000000001,-0.17058000000000062,-0.20516000000000068
-0.8652100000000003,-0.1704800000000004,-0.20510000000000028
-0.8652300000000004,-0.17038000000000064,-0.20504000000000033
-0.8652500000000005,-0.17028000000000043,-0.20498000000000038
-0.8652700000000002,-0.17018000000000066,-0.20492000000000044
-0.8652900000000003,-0.17008000000000045,-0.2048600000000005
-0.8653100000000005,-0.16998000000000069,-0.20480000000000054
-0.8653300000000002,-0.16988000000000048,-0.20472000000000046
-0.8653500000000003,-0.16978000000000026,-0.2046600000000005
-0.8653700000000004,-0.1696800000000005,-0.20460000000000056
-0.8653900000000001,-0.16958000000000029,-0.2045400000000006
-0.8654100000000002,-0.1694600000000004,-0.20448000000000066
-0.8654300000000004,-0.16936000000000062,-0.20442000000000027
-0.8654500000000005,-0.1692600000000004,-0.20436000000000032
-0.8654700000000002,-0.16916000000000064,-0.20430000000000037
-0.8654900000000003,-0.16906000000000043,-0.20424000000000042
-0.8655100000000004,-0.16896000000000067,-0.20418000000000047
-0.8655300000000001,-0.16886000000000045,-0.2041000000000004
-0.8655500000000003,-0.1687600000000007,-0.20404000000000044
-0.8655700000000004,-0.16866000000000048,-0.2039800000000005
-0.8655900000000005,-0.16856000000000027,-0.20392000000000055
-0.8656100000000002,-0.1684600000000005,-0.2038600000000006
-0.8656300000000003,-0.1683600000000003,-0.20380000000000065
-0.8656500000000005,-0.16826000000000052,-0.20374000000000025
-0.8656700000000002,-0.1681600000000003,-0.2036800000000003
-0.8656900000000003,-0.1680400000000004,-0.20360000000000067
-0.8657100000000004,-0.16794000000000064,-0.20354000000000028
-0.8657300000000001,-0.16784000000000043,-0.20348000000000033
-0.8657500000000002,-0.16774000000000067,-0.20342000000000038
-0.8657700000000004,-0.16764000000000046,-0.20336000000000043
-0.8657900000000005,-0.1675400000000007,-0.20330000000000048
-0.8658100000000002,-0.16744000000000048,-0.20324000000000053
-0.8658300000000003,-0.16734000000000027,-0.20316000000000045
-0.8658500000000005,-0.1672400000000005,-0.2031000000000005
-0.8658700000000001,-0.1671400000000003,-0.20304000000000055
-0.8658900000000003,-0.16704000000000052,-0.2029800000000006
-0.8659100000000004,-0.1669400000000003,-0.20292000000000066
-0.8659300000000005,-0.16684000000000054,-0.20286000000000026
-0.8659500000000002,-0.16672000000000065,-0.20278000000000063
-0.8659700000000004,-0.16662000000000043,-0.20272000000000068
-0.8659900000000005,-0.16652000000000067,-0.20266000000000028
-0.8660100000000002,-0.16642000000000046,-0.20260000000000034
-0.8660300000000003,-0.1663200000000007,-0.2025400000000004
-0.8660500000000004,-0.16622000000000048,-0.20248000000000044
-0.8660700000000001,-0.16612000000000027,-0.20240000000000036
-0.8660900000000002,-0.1660200000000005,-0.2023400000000004
-0.8661100000000004,-0.1659200000000003,-0.20228000000000046
-0.8661300000000005,-0.16582000000000052,-0.2022200000000005
-0.8661500000000002,-0.1657200000000003,-0.20216000000000056
-0.8661700000000003,-0.16562000000000054,-0.20208000000000048
-0.8661900000000005,-0.16552000000000033,-0.20202000000000053
-0.8662100000000001,-0.16542000000000057,-0.20196000000000058
-0.8662300000000003,-0.16530000000000067,-0.20190000000000063
-0.8662500000000004,-0.16520000000000046,-0.20184000000000069
-0.8662700000000005,-0.1651000000000007,-0.2017600000000006
-0.8662900000000002,-0.16500000000000048,-0.20170000000000066
-0.8663100000000004,-0.16490000000000027,-0.20164000000000026
-0.8663300000000005,-0.1648000000000005,-0.20158000000000031
-0.8663500000000002,-0.1647000000000003,-0.20150000000000068
-0.8663700000000003,-0.16460000000000052,-0.20144000000000029
-0.8663900000000004,-0.1645000000000003,-0.20138000000000034
-0.8664100000000001,-0.16440000000000055,-0.2013200000000004
-0.8664300000000003,-0.16430000000000033,-0.20126000000000044
-0.8664500000000004,-0.16420000000000057,-0.20118000000000036
-0.8664700000000005,-0.16410000000000036,-0.2011200000000004
-0.8664900000000002,-0.16398000000000046,-0.20106000000000046
-0.8665100000000003,-0.1638800000000007,-0.2010000000000005
-0.8665300000000005,-0.16378000000000048,-0.20092000000000043
-0.8665500000000002,-0.16368000000000027,-0.20086000000000048
-0.8665700000000003,-0.1635800000000005,-0.20080000000000053
-0.8665900000000004,-0.1634800000000003,-0.20074000000000058
-0.8666100000000001,-0.16338000000000052,-0.2006600000000005
-0.8666300000000002,-0.1632800000000003,-0.20060000000000056
-0.8666500000000004,-0.16318000000000055,-0.2005400000000006
-0.8666700000000005,-0.16308000000000034,-0.20048000000000066
-0.8666900000000002,-0.16298000000000057,-0.20040000000000058
-0.8667100000000003,-0.16288000000000036,-0.20034000000000063
-0.8667300000000004,-0.1627800000000006,-0.20028000000000068
-0.8667500000000001,-0.1626600000000007,-0.2002200000000003
-0.8667700000000003,-0.16256000000000048,-0.20014000000000065
-0.8667900000000004,-0.16246000000000027,-0.20008000000000026
-0.8668100000000005,-0.1623600000000005,-0.2000200000000003
-0.8668300000000002,-0.1622600000000003,-0.19994000000000067
-0.8668500000000003,-0.16216000000000053,-0.19988000000000028
-0.8668700000000005,-0.16206000000000031,-0.19982000000000033
-0.8668900000000002,-0.16196000000000055,-0.19976000000000038
-0.8669100000000003,-0.16186000000000034,-0.1996800000000003
-0.8669300000000004,-0.16176000000000057,-0.19962000000000035
-0.8577700000000004,-0.2100000000000004,-0.22282000000000046
-0.8577500000000002,-0.21014000000000044,-0.2228400000000006
-0.8577300000000001,-0.21026000000000034,-0.22286000000000028
-0.8577100000000004,-0.21038000000000068,-0.2228800000000004
-0.8576900000000003,-0.21052000000000026,-0.22290000000000054
-0.8576700000000002,-0.2106400000000006,-0.22292000000000067
-0.8576500000000005,-0.2107600000000005,-0.22294000000000036
-0.8576300000000003,-0.21090000000000053,-0.2229600000000005
-0.8576100000000002,-0.21102000000000043,-0.2229600000000005
-0.8575900000000005,-0.21116000000000046,-0.22298000000000062
-0.8575700000000004,-0.21128000000000036,-0.2230000000000003
-0.8575500000000003,-0.21142000000000039,-0.22302000000000044
-0.8575300000000001,-0.21154000000000028,-0.22302000000000044
-0.8575100000000004,-0.2116800000000003,-0.22304000000000057
-0.8574900000000003,-0.21182000000000034,-0.22306000000000026
-0.8574700000000002,-0.21194000000000068,-0.22306000000000026
-0.8574500000000005,-0.21208000000000027,-0.2230800000000004
-0.8574300000000004,-0.2122200000000003,-0.2230800000000004
-0.8574100000000002,-0.21236000000000033,-0.22310000000000052
-0.8573900000000005,-0.21248000000000067,-0.22310000000000052
-0.8573700000000004,-0.21262000000000025,-0.22312000000000065
-0.8573500000000003,-0.21276000000000028,-0.22312000000000065
-0.8573300000000001,-0.2129000000000003,-0.22312000000000065
-0.8573100000000005,-0.21304000000000034,-0.22314000000000034
-0.8572900000000003,-0.21318000000000037,-0.22314000000000034
-0.8572700000000002,-0.2133200000000004,-0.22314000000000034
-0.8572500000000005,-0.21346000000000043,-0.22314000000000034
-0.8572300000000004,-0.21360000000000046,-0.22314000000000034
-0.8572100000000002,-0.21374000000000049,-0.22314000000000034
-0.8571900000000001,-0.21390000000000065,-0.22314000000000034
-0.8571700000000004,-0.21404000000000067,-0.22314000000000034
-0.8571500000000003,-0.21418000000000026,-0.22314000000000034
-0.8571300000000002,-0.21434000000000042,-0.22314000000000034
-0.8571100000000005,-0.21448000000000045,-0.22314000000000034
-0.8570900000000004,-0.2146400000000006,-0.22312000000000065
-0.8570700000000002,-0.21478000000000064,-0.22312000000000065
-0.8570500000000005,-0.21494000000000035,-0.22310000000000052
-0.8570300000000004,-0.2151000000000005,-0.22310000000000052
-0.8570100000000003,-0.21526000000000067,-0.2230800000000004
-0.8569900000000001,-0.2154200000000004,-0.22306000000000026
-0.8569700000000005,-0.21558000000000055,-0.22304000000000057
-0.8569500000000003,-0.21574000000000026,-0.22302000000000044
-0.8569300000000002,-0.21590000000000042,-0.2230000000000003
-0.8569100000000005,-0.21608000000000027,-0.22298000000000062
-0.8568900000000004,-0.21624000000000043,-0.2229600000000005
-0.8568700000000002,-0.21642000000000028,-0.22292000000000067
-0.8568500000000001,-0.21660000000000057,-0.22290000000000054
-0.8568300000000004,-0.21678000000000042,-0.22286000000000028
-0.8568100000000003,-0.21696000000000026,-0.22282000000000046
-0.8567900000000002,-0.21716000000000069,-0.2227600000000005
-0.8567700000000005,-0.21734000000000053,-0.2227200000000007
-0.8567500000000003,-0.2175400000000005,-0.2226600000000003
-0.8567300000000002,-0.21776000000000062,-0.22260000000000035
-0.8567100000000005,-0.21798000000000028,-0.22252000000000027
-0.8566900000000004,-0.2182000000000004,-0.22244000000000064
-0.8566700000000003,-0.21844000000000063,-0.22236000000000056
-0.8566500000000001,-0.21868000000000043,-0.22224000000000066
-0.8566300000000004,-0.2189600000000005,-0.22212000000000032
-0.8566100000000003,-0.21926000000000068,-0.2219600000000006
-0.8565900000000002,-0.21960000000000068,-0.22176000000000062
-0.8565700000000005,-0.22004000000000046,-0.2214400000000003
-0.8727100000000005,-0.13222000000000067,-0.17828000000000044
-0.8726900000000004,-0.13232000000000044,-0.17838000000000065
-0.8726700000000003,-0.13242000000000065,-0.17846000000000029
-0.8726500000000001,-0.13252000000000042,-0.17854000000000037
-0.8726300000000005,-0.13262000000000063,-0.17862000000000045
-0.8726100000000003,-0.1327200000000004,-0.17870000000000053
-0.8725900000000002,-0.1328400000000003,-0.1787800000000006
-0.8725700000000005,-0.1329400000000005,-0.17886000000000069
-0.8725500000000004,-0.13304000000000027,-0.17894000000000032
-0.8725300000000002,-0.13314000000000048,-0.1790200000000004
-0.8725100000000001,-0.1332400000000007,-0.17910000000000048
-0.8724900000000004,-0.13334000000000046,-0.17918000000000056
-0.8724700000000003,-0.13344000000000067,-0.17928000000000033
-0.8724500000000002,-0.13356000000000057,-0.1793600000000004
-0.8724300000000005,-0.13366000000000033,-0.1794400000000005
-0.8724100000000004,-0.13376000000000055,-0.17952000000000057
-0.8723900000000002,-0.1338600000000003,-0.17960000000000065
-0.8723700000000005,-0.13396000000000052,-0.17968000000000028
-0.8723500000000004,-0.1340600000000003,-0.17976000000000036
-0.8723300000000003,-0.1341600000000005,-0.17984000000000044
-0.8723100000000001,-0.13426000000000027,-0.17992000000000052
-0.8722900000000005,-0.1343800000000006,-0.1800000000000006
-0.8722700000000003,-0.13448000000000038,-0.18008000000000068
-0.8722500000000002,-0.1345800000000006,-0.18016000000000032
-0.8722300000000005,-0.13468000000000035,-0.1802400000000004
-0.8722100000000004,-0.13478000000000057,-0.18032000000000048
-0.8721900000000002,-0.13488000000000033,-0.18040000000000056
-0.8721700000000001,-0.13498000000000054,-0.18048000000000064
-0.8721500000000004,-0.1350800000000003,-0.18056000000000028
-0.8721300000000003,-0.13520000000000065,-0.18064000000000036
-0.8721100000000002,-0.13530000000000042,-0.18072000000000044
-0.8720900000000005,-0.13540000000000063,-0.18080000000000052
-0.8720700000000003,-0.1355000000000004,-0.1808800000000006
-0.8720500000000002,-0.1356000000000006,-0.18096000000000068
-0.8720300000000005,-0.13570000000000038,-0.1810400000000003
-0.8720100000000004,-0.1358000000000006,-0.1811200000000004
-0.8719900000000003,-0.13590000000000035,-0.18120000000000047
-0.8719700000000001,-0.1360200000000007,-0.18128000000000055
-0.8719500000000004,-0.13612000000000046,-0.18136000000000063
-0.8719300000000003,-0.13622000000000067,-0.18144000000000027
-0.8719100000000002,-0.13632000000000044,-0.18152000000000035
-0.8718900000000005,-0.13642000000000065,-0.18160000000000043
-0.8718700000000004,-0.13652000000000042,-0.1816800000000005
-0.8718500000000002,-0.13662000000000063,-0.1817600000000006
-0.8718300000000001,-0.13674000000000053,-0.18184000000000067
-0.8718100000000004,-0.1368400000000003,-0.1819200000000003
-0.8717900000000003,-0.1369400000000005,-0.18200000000000038
-0.8717700000000002,-0.13704000000000027,-0.18208000000000046
-0.8717500000000005,-0.13714000000000048,-0.18216000000000054
-0.8717300000000003,-0.1372400000000007,-0.18224000000000062
-0.8717100000000002,-0.13734000000000046,-0.18232000000000026
-0.8716900000000005,-0.13744000000000067,-0.18240000000000034
-0.8716700000000004,-0.13756000000000057,-0.18248000000000042
-0.8716500000000003,-0.13766000000000034,-0.1825600000000005
-0.8716300000000001,-0.13776000000000055,-0.18264000000000058
-0.8716100000000004,-0.13786000000000032,-0.18272000000000066
-0.8715900000000003,-0.13796000000000053,-0.1828000000000003
-0.8715700000000002,-0.1380600000000003,-0.18288000000000038
-0.8715500000000005,-0.1381600000000005,-0.18296000000000046
-0.8715300000000004,-0.13826000000000027,-0.18304000000000054
-0.8715100000000002,-0.1383800000000006,-0.18312000000000062
-0.8714900000000005,-0.13848000000000038,-0.1832000000000007
-0.8714700000000004,-0.1385800000000006,-0.18326000000000064
-0.8714500000000003,-0.13868000000000036,-0.18334000000000028
-0.8714300000000001,-0.13878000000000057,-0.18342000000000036
-0.8714100000000005,-0.13888000000000034,-0.18350000000000044
-0.8713900000000003,-0.13898000000000055,-0.18358000000000052
-0.8713700000000002,-0.13908000000000031,-0.1836600000000006
-0.8713500000000005,-0.13920000000000066,-0.18374000000000068
-0.8713300000000004,-0.13930000000000042,-0.18382000000000032
-0.8713100000000003,-0.13940000000000063,-0.1839000000000004
-0.8712900000000001,-0.1395000000000004,-0.18398000000000048
-0.8712700000000004,-0.1396000000000006,-0.18406000000000056
-0.8712500000000003,-0.13970000000000038,-0.1841200000000005
-0.8712300000000002,-0.1398000000000006,-0.18420000000000059
-0.8712100000000005,-0.1399200000000005,-0.18428000000000067
-0.8711900000000004,-0.1400200000000007,-0.1843600000000003
-0.8711700000000002,-0.14012000000000047,-0.18444000000000038
-0.8711500000000005,-0.14022000000000068,-0.18452000000000046
-0.8711300000000004,-0.14032000000000044,-0.18460000000000054
-0.8711100000000003,-0.14042000000000066,-0.18468000000000062
-0.8710900000000001,-0.14052000000000042,-0.18474000000000057
-0.8710700000000005,-0.14062000000000063,-0.18482000000000065
-0.8710500000000003,-0.14074000000000053,-0.1849000000000003
-0.8710300000000002,-0.1408400000000003,-0.18498000000000037
-0.8710100000000005,-0.1409400000000005,-0.18506000000000045
-0.8709900000000004,-0.14104000000000028,-0.18514000000000053
-0.8709700000000002,-0.1411400000000005,-0.1852200000000006
-0.8709500000000001,-0.1412400000000007,-0.18528000000000056
-0.8709300000000004,-0.14134000000000047,-0.18536000000000064
-0.8709100000000003,-0.14144000000000068,-0.18544000000000027
-0.8708900000000002,-0.14156000000000057,-0.18552000000000035
-0.8708700000000005,-0.14166000000000034,-0.18560000000000043
-0.8708500000000003,-0.14176000000000055,-0.1856800000000005
-0.8708300000000002,-0.14186000000000032,-0.18574000000000046
-0.8708100000000005,-0.14196000000000053,-0.18582000000000054
-0.8707900000000004,-0.1420600000000003,-0.18590000000000062
-0.8707700000000003,-0.1421600000000005,-0.18598000000000026
-0.8707500000000001,-0.14226000000000028,-0.18606000000000034
-0.8707300000000004,-0.14238000000000062,-0.18612000000000029
-0.8707100000000003,-0.14248000000000038,-0.18620000000000037
-0.8706900000000002,-0.1425800000000006,-0.18628000000000045
-0.8706700000000005,-0.14268000000000036,-0.18636000000000053
-0.8706500000000004,-0.14278000000000057,-0.1864400000000006
-0.8706300000000002,-0.14288000000000034,-0.18650000000000055
-0.8706100000000001,-0.14298000000000055,-0.18658000000000063
-0.8705900000000004,-0.14308000000000032,-0.18666000000000027
-0.8705700000000003,-0.14318000000000053,-0.18674000000000035
-0.8705500000000002,-0.14330000000000043,-0.18682000000000043
-0.8705300000000005,-0.14340000000000064,-0.18688000000000038
-0.8705100000000003,-0.1435000000000004,-0.18696000000000046
-0.8704900000000002,-0.14360000000000062,-0.18704000000000054
-0.8704700000000005,-0.14370000000000038,-0.18712000000000062
-0.8704500000000004,-0.1438000000000006,-0.18720000000000026
-0.8704300000000003,-0.14390000000000036,-0.18726000000000065
-0.8704100000000001,-0.14400000000000057,-0.18734000000000028
-0.8703900000000004,-0.14412000000000047,-0.18742000000000036
-0.8703700000000003,-0.14422000000000068,-0.18750000000000044
-0.8703500000000002,-0.14432000000000045,-0.1875600000000004
-0.8703300000000005,-0.14442000000000066,-0.18764000000000047
-0.8703100000000004,-0.14452000000000043,-0.18772000000000055
-0.8702900000000002,-0.14462000000000064,-0.18780000000000063
-0.8702700000000001,-0.1447200000000004,-0.18786000000000058
-0.8702500000000004,-0.14482000000000061,-0.18794000000000066
-0.8702300000000003,-0.1449400000000005,-0.1880200000000003
-0.8702100000000002,-0.14504000000000028,-0.18810000000000038
-0.8701900000000005,-0.1451400000000005,-0.18816000000000033
-0.8701700000000003,-0.1452400000000007,-0.1882400000000004
-0.8701500000000002,-0.14534000000000047,-0.1883200000000005
-0.8701300000000005,-0.14544000000000068,-0.18840000000000057
-0.8701100000000004,-0.14554000000000045,-0.18846000000000052
-0.8700900000000003,-0.14564000000000066,-0.1885400000000006
-0.8700700000000001,-0.14574000000000042,-0.18862000000000068
-0.8700500000000004,-0.14586000000000032,-0.18868000000000062
-0.8700300000000003,-0.14596000000000053,-0.18876000000000026
-0.8700100000000002,-0.1460600000000003,-0.18884000000000034
-0.8699900000000005,-0.1461600000000005,-0.18892000000000042
-0.8699700000000004,-0.14626000000000028,-0.18898000000000037
-0.8699500000000002,-0.1463600000000005,-0.18906000000000045
-0.8699300000000005,-0.1464600000000007,-0.18914000000000053
-0.8699100000000004,-0.14656000000000047,-0.18920000000000048
-0.8698900000000003,-0.14668000000000037,-0.18928000000000056
-0.8698700000000001,-0.14678000000000058,-0.18936000000000064
-0.8698500000000005,-0.14688000000000034,-0.1894200000000006
-0.8698300000000003,-0.14698000000000055,-0.18950000000000067
-0.8698100000000002,-0.14708000000000032,-0.1895800000000003
-0.8697900000000005,-0.14718000000000053,-0.1896400000000007
-0.8697700000000004,-0.1472800000000003,-0.18972000000000033
-0.8641300000000003,-0.17596000000000034,-0.20834000000000064
-0.8641100000000002,-0.17606000000000055,-0.20840000000000058
-0.8640900000000005,-0.17616000000000032,-0.20846000000000053
-0.8640700000000003,-0.17626000000000053,-0.20852000000000048
-0.8640500000000002,-0.17638000000000043,-0.20858000000000043
-0.8640300000000005,-0.17648000000000064,-0.20864000000000038
-0.8640100000000004,-0.1765800000000004,-0.20868000000000064
-0.8639900000000003,-0.17668000000000061,-0.2087400000000006
-0.8639700000000001,-0.17678000000000038,-0.20880000000000054
-0.8639500000000004,-0.1768800000000006,-0.2088600000000005
-0.8639300000000003,-0.17698000000000036,-0.20892000000000044
-0.8639100000000002,-0.17708000000000057,-0.2089800000000004
-0.8638900000000005,-0.17718000000000034,-0.20904000000000034
-0.8638700000000004,-0.17728000000000055,-0.20910000000000029
-0.8638500000000002,-0.17738000000000032,-0.20916000000000068
-0.8638300000000005,-0.17748000000000053,-0.20922000000000063
-0.8638100000000004,-0.17760000000000042,-0.20926000000000045
-0.8637900000000003,-0.17770000000000064,-0.2093200000000004
-0.8637700000000001,-0.1778000000000004,-0.20938000000000034
-0.8637500000000005,-0.1779000000000006,-0.2094400000000003
-0.8637300000000003,-0.17800000000000038,-0.20950000000000069
-0.8637100000000002,-0.1781000000000006,-0.20956000000000063
-0.8636900000000005,-0.17820000000000036,-0.20962000000000058
-0.8636700000000004,-0.17830000000000057,-0.2096600000000004
-0.8636500000000003,-0.17840000000000034,-0.20972000000000035
-0.8636300000000001,-0.17850000000000055,-0.2097800000000003
-0.8636100000000004,-0.17860000000000031,-0.2098400000000007
-0.8635900000000003,-0.17872000000000066,-0.20990000000000064
-0.8635700000000002,-0.17882000000000042,-0.2099600000000006
-0.8635500000000005,-0.17892000000000063,-0.21002000000000054
-0.8635300000000004,-0.1790200000000004,-0.21006000000000036
-0.8635100000000002,-0.1791200000000006,-0.2101200000000003
-0.8634900000000005,-0.17922000000000038,-0.21018000000000026
-0.8634700000000004,-0.1793200000000006,-0.21024000000000065
-0.8634500000000003,-0.17942000000000036,-0.2103000000000006
-0.8634300000000001,-0.17952000000000057,-0.21036000000000055
-0.8634100000000005,-0.17962000000000033,-0.21040000000000036
-0.8633900000000003,-0.17972000000000055,-0.2104600000000003
-0.8633700000000002,-0.17984000000000044,-0.21052000000000026
-0.8633500000000005,-0.17994000000000065,-0.21058000000000066
-0.8633300000000004,-0.18004000000000042,-0.2106400000000006
-0.8633100000000002,-0.18014000000000063,-0.21068000000000042
-0.8632900000000001,-0.1802400000000004,-0.21074000000000037
-0.8632700000000004,-0.1803400000000006,-0.21080000000000032
-0.8632500000000003,-0.18044000000000038,-0.21086000000000027
-0.8632300000000002,-0.1805400000000006,-0.21092000000000066
-0.8632100000000005,-0.18064000000000036,-0.21096000000000048
-0.8631900000000003,-0.18074000000000057,-0.21102000000000043
-0.8631700000000002,-0.18084000000000033,-0.21108000000000038
-0.8631500000000005,-0.18096000000000068,-0.21114000000000033
-0.8631300000000004,-0.18106000000000044,-0.21120000000000028
-0.8631100000000003,-0.18116000000000065,-0.21124000000000054
-0.8630900000000001,-0.18126000000000042,-0.2113000000000005
-0.8630700000000004,-0.18136000000000063,-0.21136000000000044
-0.8630500000000003,-0.1814600000000004,-0.21142000000000039
-0.8630300000000002,-0.1815600000000006,-0.21146000000000065
-0.8630100000000005,-0.18166000000000038,-0.2115200000000006
-0.8629900000000004,-0.1817600000000006,-0.21158000000000055
-0.8629700000000002,-0.18188000000000049,-0.2116400000000005
-0.8629500000000001,-0.1819800000000007,-0.21170000000000044
-0.8629300000000004,-0.18208000000000046,-0.21174000000000026
-0.8629100000000003,-0.18218000000000067,-0.21180000000000065
-0.8628900000000002,-0.18228000000000044,-0.2118600000000006
-0.8628700000000005,-0.18238000000000065,-0.21192000000000055
-0.8628500000000003,-0.18248000000000042,-0.21196000000000037
-0.8628300000000002,-0.18258000000000063,-0.21202000000000032
-0.8628100000000005,-0.1826800000000004,-0.21208000000000027
-0.8627900000000004,-0.1828000000000003,-0.21212000000000053
-0.8627700000000003,-0.1829000000000005,-0.21218000000000048
-0.8627500000000001,-0.18300000000000027,-0.21224000000000043
-0.8627300000000004,-0.18310000000000048,-0.21230000000000038
-0.8627100000000003,-0.1832000000000007,-0.21234000000000064
-0.8626900000000002,-0.18330000000000046,-0.2124000000000006
-0.8626700000000005,-0.18340000000000067,-0.21246000000000054
-0.8626500000000004,-0.18350000000000044,-0.21250000000000036
-0.8626300000000002,-0.18360000000000065,-0.2125600000000003
-0.8626100000000001,-0.18372000000000055,-0.21262000000000025
-0.8625900000000004,-0.18382000000000032,-0.21268000000000065
-0.8625700000000003,-0.18392000000000053,-0.21272000000000046
-0.8625500000000001,-0.1840200000000003,-0.2127800000000004
-0.8625300000000005,-0.1841200000000005,-0.21284000000000036
-0.8625100000000003,-0.18422000000000027,-0.21288000000000062
-0.8624900000000002,-0.18432000000000048,-0.21294000000000057
-0.8624700000000005,-0.1844200000000007,-0.21300000000000052
-0.8624500000000004,-0.1845400000000006,-0.21304000000000034
-0.8624300000000003,-0.18464000000000036,-0.2131000000000003
-0.8624100000000001,-0.18474000000000057,-0.21316000000000068
-0.8623900000000004,-0.18484000000000034,-0.2132000000000005
-0.8623700000000003,-0.18494000000000055,-0.21326000000000045
-0.8623500000000002,-0.18504000000000032,-0.2133200000000004
-0.8623300000000005,-0.18514000000000053,-0.21336000000000066
-0.8623100000000004,-0.1852400000000003,-0.2134200000000006
-0.8622900000000002,-0.18536000000000064,-0.21348000000000056
-0.8622700000000005,-0.1854600000000004,-0.21352000000000038
-0.8622500000000004,-0.1855600000000006,-0.21358000000000033
-0.8622300000000003,-0.18566000000000038,-0.21364000000000027
-0.8622100000000001,-0.1857600000000006,-0.21368000000000054
-0.8621900000000005,-0.18586000000000036,-0.21374000000000049
-0.8621700000000003,-0.18596000000000057,-0.2137800000000003
-0.8621500000000002,-0.18608000000000047,-0.2138400000000007
-0.8621300000000005,-0.18618000000000068,-0.21390000000000065
-0.8621100000000004,-0.18628000000000045,-0.21394000000000046
-0.8620900000000002,-0.18638000000000066,-0.2140000000000004
-0.8620700000000001,-0.18648000000000042,-0.21406000000000036
-0.8620500000000004,-0.18658000000000063,-0.21410000000000062
-0.8620300000000003,-0.1866800000000004,-0.21416000000000057
-0.8620100000000002,-0.1868000000000003,-0.2142000000000004
-0.8619900000000005,-0.1869000000000005,-0.21426000000000034
-0.8619700000000003,-0.18700000000000028,-0.2143200000000003
-0.8619500000000002,-0.1871000000000005,-0.21436000000000055
-0.8619300000000005,-0.18720000000000026,-0.2144200000000005
-0.8619100000000004,-0.18730000000000047,-0.21446000000000032
-0.8618900000000003,-0.18740000000000068,-0.21452000000000027
-0.8618700000000001,-0.18752000000000058,-0.21456000000000053
-0.8618500000000004,-0.18762000000000034,-0.21462000000000048
-0.8618300000000003,-0.18772000000000055,-0.21468000000000043
-0.8618100000000002,-0.18782000000000032,-0.2147200000000007
-0.8617900000000005,-0.18792000000000053,-0.21478000000000064
-0.8617700000000004,-0.1880200000000003,-0.21482000000000046
-0.8617500000000002,-0.18814000000000064,-0.2148800000000004
-0.8617300000000001,-0.1882400000000004,-0.21492000000000067
-0.8617100000000004,-0.18834000000000062,-0.21498000000000062
-0.8616900000000003,-0.18844000000000038,-0.21502000000000043
-0.8616700000000002,-0.1885400000000006,-0.21508000000000038
-0.8616500000000005,-0.18864000000000036,-0.21512000000000064
-0.8616300000000003,-0.18876000000000026,-0.2151800000000006
-0.8616100000000002,-0.18886000000000047,-0.21524000000000054
-0.8615900000000005,-0.18896000000000068,-0.21528000000000036
-0.8615700000000004,-0.18906000000000045,-0.2153400000000003
-0.8615500000000003,-0.18916000000000066,-0.21538000000000057
-0.8615300000000001,-0.18928000000000056,-0.21544000000000052
-0.8615100000000004,-0.18938000000000033,-0.21548000000000034
-0.8614900000000003,-0.18948000000000054,-0.2155400000000003
-0.8614700000000002,-0.1895800000000003,-0.21558000000000055
-0.8614500000000005,-0.18968000000000051,-0.2156400000000005
-0.8614300000000004,-0.18978000000000028,-0.21568000000000032
-0.8614100000000002,-0.18990000000000062,-0.21574000000000026
-0.8613900000000001,-0.1900000000000004,-0.21578000000000053
-0.8613700000000004,-0.1901000000000006,-0.21584000000000048
-0.8613500000000003,-0.19020000000000037,-0.2158800000000003
-0.8613300000000002,-0.19030000000000058,-0.2159400000000007
-0.8613100000000005,-0.19042000000000048,-0.2159800000000005
-0.8612900000000003,-0.1905200000000007,-0.21602000000000032
-0.8612700000000002,-0.19062000000000046,-0.21608000000000027
-0.8612500000000005,-0.19072000000000067,-0.21612000000000053
-0.8612300000000004,-0.19082000000000043,-0.21618000000000048
-0.8612100000000003,-0.19094000000000033,-0.2162200000000003
-0.8611900000000001,-0.19104000000000054,-0.2162800000000007
-0.8611700000000004,-0.1911400000000003,-0.2163200000000005
-0.8611500000000003,-0.19124000000000052,-0.21638000000000046
-0.8611300000000002,-0.1913400000000003,-0.21642000000000028
-0.8611100000000005,-0.19146000000000063,-0.21646000000000054
-0.8610900000000004,-0.1915600000000004,-0.2165200000000005
-0.8610700000000002,-0.1916600000000006,-0.2165600000000003
-0.8610500000000005,-0.19176000000000037,-0.21662000000000026
-0.8610300000000004,-0.19188000000000027,-0.21666000000000052
-0.8610100000000003,-0.19198000000000048,-0.21672000000000047
-0.8609900000000001,-0.1920800000000007,-0.21676000000000029
-0.8609700000000005,-0.19218000000000046,-0.21680000000000055
-0.8609500000000003,-0.19228000000000067,-0.2168600000000005
-0.8609300000000002,-0.19240000000000057,-0.21690000000000031
-0.8609100000000005,-0.19250000000000034,-0.21696000000000026
-0.8608900000000004,-0.19260000000000055,-0.21700000000000053
-0.8608700000000002,-0.19270000000000032,-0.21704000000000034
-0.8608500000000001,-0.19282000000000066,-0.2171000000000003
-0.8608300000000004,-0.19292000000000042,-0.21714000000000055
-0.8608100000000003,-0.19302000000000064,-0.21718000000000037
-0.8607900000000002,-0.1931200000000004,-0.21724000000000032
-0.8607700000000005,-0.1932400000000003,-0.21728000000000058
-0.8607500000000003,-0.1933400000000005,-0.2173200000000004
-0.8607300000000002,-0.19344000000000028,-0.21738000000000035
-0.8607100000000005,-0.1935400000000005,-0.2174200000000006
-0.8606900000000004,-0.1936600000000004,-0.21746000000000043
-0.8606700000000003,-0.1937600000000006,-0.21752000000000038
-0.8606500000000001,-0.19386000000000037,-0.21756000000000064
-0.8606300000000005,-0.19396000000000058,-0.21760000000000046
-0.8606100000000003,-0.19408000000000047,-0.2176600000000004
-0.8605900000000002,-0.19418000000000069,-0.21770000000000067
-0.8605700000000005,-0.19428000000000045,-0.2177400000000005
-0.8605500000000004,-0.19438000000000066,-0.21780000000000044
-0.8605300000000002,-0.19450000000000056,-0.21784000000000026
-0.8605100000000001,-0.19460000000000033,-0.21788000000000052
-0.8604900000000004,-0.19470000000000054,-0.21794000000000047
-0.8604700000000003,-0.19482000000000044,-0.21798000000000028
-0.8604500000000002,-0.19492000000000065,-0.21802000000000055
-0.8604300000000005,-0.19502000000000042,-0.21806000000000036
-0.8604100000000003,-0.19512000000000063,-0.2181200000000003
-0.8603900000000002,-0.19524000000000052,-0.21816000000000058
-0.8603700000000005,-0.1953400000000003,-0.2182000000000004
-0.8603500000000004,-0.1954400000000005,-0.21826000000000034
-0.8603300000000003,-0.1955600000000004,-0.2183000000000006
-0.8603100000000001,-0.1956600000000006,-0.21834000000000042
-0.8602900000000004,-0.19576000000000038,-0.21838000000000068
-0.8602700000000003,-0.19588000000000028,-0.2184200000000005
-0.8602500000000002,-0.1959800000000005,-0.21848000000000045
-0.8602300000000005,-0.1960800000000007,-0.21852000000000027
-0.8602100000000004,-0.1962000000000006,-0.21856000000000053
-0.8601900000000002,-0.19630000000000036,-0.21860000000000035
-0.8601700000000001,-0.19640000000000057,-0.2186600000000003
-0.8601500000000004,-0.19652000000000047,-0.21870000000000056
-0.8601300000000003,-0.19662000000000068,-0.21874000000000038
-0.8601100000000002,-0.19672000000000045,-0.21878000000000064
-0.8600900000000005,-0.19684000000000035,-0.21882000000000046
-0.8600700000000003,-0.19694000000000056,-0.2188800000000004
-0.8600500000000002,-0.19704000000000033,-0.21892000000000067
-0.8600300000000005,-0.19716000000000067,-0.2189600000000005
-0.8600100000000004,-0.19726000000000043,-0.2190000000000003
-0.8599900000000003,-0.19736000000000065,-0.21904000000000057
-0.8599700000000001,-0.19748000000000054,-0.21908000000000039
-0.8599500000000004,-0.1975800000000003,-0.21914000000000033
-0.8599300000000003,-0.19768000000000052,-0.2191800000000006
-0.8599100000000002,-0.19780000000000042,-0.21922000000000041
-0.8598900000000005,-0.19790000000000063,-0.21926000000000068
-0.8598700000000004,-0.19802000000000053,-0.2193000000000005
-0.8598500000000002,-0.1981200000000003,-0.2193400000000003
-0.8598300000000005,-0.1982200000000005,-0.21938000000000057
-0.8598100000000004,-0.1983400000000004,-0.2194200000000004
-0.8597900000000003,-0.19844000000000062,-0.21948000000000034
-0.8597700000000001,-0.19854000000000038,-0.2195200000000006
-0.8597500000000005,-0.19866000000000028,-0.21956000000000042
-0.8597300000000003,-0.1987600000000005,-0.21960000000000068
-0.8597100000000002,-0.1988800000000004,-0.2196400000000005
-0.8596900000000005,-0.1989800000000006,-0.21968000000000032
-0.8596700000000004,-0.1991000000000005,-0.21972000000000058
-0.8596500000000002,-0.19920000000000027,-0.2197600000000004
-0.8596300000000001,-0.19930000000000048,-0.21980000000000066
-0.8596100000000004,-0.19942000000000037,-0.21984000000000048
-0.8595900000000003,-0.19952000000000059,-0.2198800000000003
-0.8595700000000002,-0.19964000000000048,-0.21992000000000056
-0.8595500000000005,-0.1997400000000007,-0.21996000000000038
-0.8595300000000003,-0.1998600000000006,-0.22000000000000064
-0.8595100000000002,-0.19996000000000036,-0.22004000000000046
-0.8594900000000005,-0.20006000000000057,-0.22008000000000028
-0.8594700000000004,-0.20018000000000047,-0.22012000000000054
-0.8594500000000003,-0.20028000000000068,-0.22016000000000036
-0.8594300000000001,-0.20040000000000058,-0.22020000000000062
-0.8594100000000005,-0.20050000000000034,-0.22024000000000044
-0.8593900000000003,-0.2006200000000007,-0.22028000000000025
-0.8593700000000002,-0.20072000000000045,-0.22032000000000052
-0.8593500000000005,-0.20084000000000035,-0.22036000000000033
-0.8593300000000004,-0.20094000000000056,-0.2204000000000006
-0.8593100000000002,-0.20106000000000046,-0.2204400000000004
-0.8592900000000001,-0.20116000000000067,-0.22048000000000068
-0.8592700000000004,-0.20128000000000057,-0.2205200000000005
-0.8592500000000003,-0.20138000000000034,-0.2205600000000003
-0.8592300000000002,-0.20150000000000068,-0.22060000000000057
-0.8592100000000005,-0.20160000000000045,-0.2206400000000004
-0.8591900000000003,-0.20172000000000034,-0.22068000000000065
-0.8591700000000002,-0.20182000000000055,-0.22070000000000034
-0.8591500000000005,-0.20194000000000045,-0.2207400000000006
-0.8591300000000004,-0.20206000000000035,-0.22078000000000042
-0.8591100000000003,-0.20216000000000056,-0.22082000000000068
-0.8590900000000001,-0.20228000000000046,-0.2208600000000005
-0.8590700000000004,-0.20238000000000067,-0.22090000000000032
-0.8590500000000003,-0.20250000000000057,-0.22094000000000058
-0.8590300000000002,-0.20260000000000034,-0.22096000000000027
-0.8590100000000005,-0.20272000000000068,-0.22100000000000053
-0.8589900000000004,-0.20284000000000058,-0.22104000000000035
-0.8589700000000002,-0.20294000000000034,-0.2210800000000006
-0.8589500000000001,-0.20306000000000068,-0.22112000000000043
-0.8589300000000004,-0.20316000000000045,-0.2211600000000007
-0.8589100000000003,-0.20328000000000035,-0.22118000000000038
-0.8588900000000002,-0.2034000000000007,-0.22122000000000064
-0.8588700000000005,-0.20350000000000046,-0.22126000000000046
-0.8588500000000003,-0.20362000000000036,-0.22130000000000027
-0.8588300000000002,-0.20374000000000025,-0.2213200000000004
-0.8588100000000005,-0.20384000000000047,-0.22136000000000067
-0.8587900000000004,-0.20396000000000036,-0.22140000000000049
-0.8587700000000003,-0.20406000000000057,-0.2214400000000003
-0.8587500000000001,-0.20418000000000047,-0.22146000000000043
-0.8587300000000004,-0.20430000000000037,-0.22150000000000025
-0.8587100000000003,-0.20442000000000027,-0.22154000000000051
-0.8586900000000002,-0.20452000000000048,-0.22156000000000065
-0.8586700000000005,-0.20464000000000038,-0.22160000000000046
-0.8586500000000004,-0.20476000000000028,-0.22164000000000028
-0.8586300000000002,-0.2048600000000005,-0.2216600000000004
-0.8586100000000005,-0.20498000000000038,-0.22170000000000067
-0.8585900000000004,-0.20510000000000028,-0.2217400000000005
-0.8585700000000003,-0.20522000000000062,-0.22176000000000062
-0.8585500000000001,-0.2053200000000004,-0.22180000000000044
-0.8585300000000005,-0.2054400000000003,-0.22182000000000057
-0.8585100000000003,-0.20556000000000063,-0.2218600000000004
-0.8584900000000002,-0.20568000000000053,-0.22188000000000052
-0.8584700000000005,-0.20580000000000043,-0.22192000000000034
-0.8584500000000004,-0.20590000000000064,-0.2219600000000006
-0.8584300000000002,-0.20602000000000054,-0.2219800000000003
-0.8584100000000001,-0.20614000000000043,-0.22202000000000055
-0.8583900000000004,-0.20626000000000033,-0.22204000000000068
-0.8583700000000003,-0.20638000000000067,-0.2220800000000005
-0.8583500000000002,-0.20650000000000057,-0.22210000000000063
-0.8583300000000005,-0.20660000000000034,-0.22214000000000045
-0.8583100000000004,-0.20672000000000068,-0.22216000000000058
-0.8582900000000002,-0.20684000000000058,-0.22218000000000027
-0.8582700000000005,-0.20696000000000048,-0.22222000000000053
-0.8582500000000004,-0.20708000000000037,-0.22224000000000066
-0.8582300000000003,-0.20720000000000027,-0.22228000000000048
-0.8582100000000001,-0.20732000000000061,-0.2223000000000006
-0.8581900000000005,-0.2074400000000005,-0.2223200000000003
-0.8581700000000003,-0.2075600000000004,-0.22236000000000056
-0.8581500000000002,-0.2076800000000003,-0.2223800000000007
-0.8581300000000005,-0.20780000000000065,-0.22240000000000038
-0.8581100000000004,-0.20792000000000055,-0.22244000000000064
-0.8580900000000002,-0.20804000000000045,-0.22246000000000032
-0.8580700000000001,-0.20816000000000034,-0.22248000000000046
-0.8580500000000004,-0.2082800000000007,-0.22252000000000027
-0.8580300000000003,-0.20840000000000058,-0.2225400000000004
-0.8580100000000002,-0.20852000000000048,-0.22256000000000054
-0.8579900000000005,-0.20864000000000038,-0.22258000000000067
-0.8579700000000003,-0.20876000000000028,-0.22262000000000048
-0.8579500000000002,-0.20888000000000062,-0.22264000000000062
-0.8579300000000005,-0.20900000000000052,-0.2226600000000003
-0.8579100000000004,-0.20914000000000055,-0.22268000000000043
-0.8578900000000003,-0.20926000000000045,-0.22270000000000056
-0.8578700000000001,-0.20938000000000034,-0.2227200000000007
-0.8578500000000004,-0.20950000000000069,-0.22274000000000038
-0.8578300000000003,-0.20962000000000058,-0.2227600000000005
-0.8578100000000002,-0.2097600000000006,-0.22278000000000064
-0.8577900000000005,-0.2098800000000005,-0.22280000000000033
-0.8727300000000002,-0.13212000000000046,-0.17820000000000036
-0.8727500000000004,-0.1320200000000007,-0.17812000000000028
-0.8727700000000005,-0.13190000000000035,-0.17804000000000064
-0.8727900000000002,-0.13180000000000058,-0.17796000000000056
-0.8728100000000003,-0.13170000000000037,-0.17788000000000048
-0.8728300000000004,-0.1316000000000006,-0.1778000000000004
-0.8728500000000001,-0.1315000000000004,-0.17772000000000032
-0.8728700000000003,-0.13140000000000063,-0.17762000000000056
-0.8728900000000004,-0.13130000000000042,-0.17754000000000048
-0.8729100000000005,-0.13120000000000065,-0.1774600000000004
-0.8729300000000002,-0.1310800000000003,-0.17738000000000032
-0.8729500000000003,-0.13098000000000054,-0.17730000000000068
-0.8729700000000005,-0.13088000000000033,-0.1772200000000006
-0.8729900000000002,-0.13078000000000056,-0.1771200000000004
-0.8730100000000003,-0.13068000000000035,-0.1770400000000003
-0.8730300000000004,-0.13058000000000058,-0.17696000000000067
-0.8730500000000001,-0.13048000000000037,-0.1768800000000006
-0.8730700000000002,-0.1303800000000006,-0.1768000000000005
-0.8730900000000004,-0.13026000000000026,-0.17672000000000043
-0.8731100000000005,-0.1301600000000005,-0.17662000000000067
-0.8731300000000002,-0.1300600000000003,-0.17654000000000059
-0.8731500000000003,-0.12996000000000052,-0.1764600000000005
-0.8731700000000004,-0.1298600000000003,-0.17638000000000043
-0.8731900000000001,-0.12976000000000054,-0.17630000000000035
-0.8732100000000003,-0.12966000000000033,-0.17620000000000058
-0.8732300000000004,-0.12956000000000056,-0.1761200000000005
-0.8732500000000005,-0.12944000000000067,-0.17604000000000042
-0.8732700000000002,-0.12934000000000045,-0.17596000000000034
-0.8732900000000003,-0.1292400000000007,-0.17588000000000026
-0.8733100000000005,-0.12914000000000048,-0.1757800000000005
-0.8733300000000002,-0.12904000000000027,-0.1757000000000004
-0.8733500000000003,-0.1289400000000005,-0.17562000000000033
-0.8733700000000004,-0.1288400000000003,-0.1755400000000007
-0.8733900000000001,-0.12874000000000052,-0.17544000000000048
-0.8734100000000002,-0.12862000000000062,-0.1753600000000004
-0.8734300000000004,-0.1285200000000004,-0.17528000000000032
-0.8734500000000005,-0.12842000000000064,-0.1752000000000007
-0.8734700000000002,-0.12832000000000043,-0.1751200000000006
-0.8734900000000003,-0.12822000000000067,-0.1750200000000004
-0.8735100000000005,-0.12812000000000046,-0.17494000000000032
-0.8735300000000001,-0.1280200000000007,-0.17486000000000068
-0.8735500000000003,-0.12792000000000048,-0.1747800000000006
-0.8735700000000004,-0.12782000000000027,-0.1746800000000004
-0.8735900000000005,-0.12770000000000037,-0.1746000000000003
-0.8736100000000002,-0.1276000000000006,-0.17452000000000067
-0.8736300000000004,-0.1275000000000004,-0.17442000000000046
-0.8736500000000005,-0.12740000000000062,-0.17434000000000038
-0.8736700000000002,-0.1273000000000004,-0.1742600000000003
-0.8736900000000003,-0.12720000000000065,-0.17418000000000067
-0.8737100000000004,-0.12710000000000043,-0.17408000000000046
-0.8737300000000001,-0.12700000000000067,-0.17400000000000038
-0.8737500000000002,-0.12688000000000033,-0.1739200000000003
-0.8737700000000004,-0.12678000000000056,-0.17382000000000053
-0.8737900000000005,-0.12668000000000035,-0.17374000000000045
-0.8738100000000002,-0.12658000000000058,-0.17366000000000037
-0.8738300000000003,-0.12648000000000037,-0.1735800000000003
-0.8738500000000005,-0.1263800000000006,-0.17348000000000052
-0.8738700000000001,-0.1262800000000004,-0.17340000000000044
-0.8738900000000003,-0.12618000000000062,-0.17332000000000036
-0.8739100000000004,-0.12608000000000041,-0.1732200000000006
-0.8739300000000005,-0.12596000000000052,-0.17314000000000052
-0.8739500000000002,-0.1258600000000003,-0.17306000000000044
-0.8739700000000004,-0.12576000000000054,-0.17296000000000067
-0.8739900000000005,-0.12566000000000033,-0.1728800000000006
-0.8740100000000002,-0.12556000000000056,-0.1728000000000005
-0.8740300000000003,-0.12546000000000035,-0.1727000000000003
-0.8740500000000004,-0.12536000000000058,-0.17262000000000066
-0.8740700000000001,-0.12526000000000037,-0.17254000000000058
-0.8740900000000003,-0.1251600000000006,-0.17244000000000037
-0.8741100000000004,-0.1250600000000004,-0.1723600000000003
-0.8741300000000005,-0.1249400000000005,-0.17226000000000052
-0.8741500000000002,-0.12484000000000028,-0.17218000000000044
-0.8741700000000003,-0.12474000000000052,-0.17210000000000036
-0.8741900000000005,-0.1246400000000003,-0.1720000000000006
-0.8742100000000002,-0.12454000000000054,-0.17192000000000052
-0.8742300000000003,-0.12444000000000033,-0.17184000000000044
-0.8742500000000004,-0.12434000000000056,-0.17174000000000067
-0.8742700000000001,-0.12424000000000035,-0.1716600000000006
-0.8742900000000002,-0.12414000000000058,-0.17156000000000038
-0.8743100000000004,-0.12404000000000037,-0.1714800000000003
-0.8743300000000005,-0.12392000000000047,-0.17140000000000066
-0.8743500000000002,-0.12382000000000026,-0.17130000000000045
-0.8743700000000003,-0.1237200000000005,-0.17122000000000037
-0.8743900000000004,-0.12362000000000029,-0.1711200000000006
-0.8744100000000001,-0.12352000000000052,-0.17104000000000052
-0.8744300000000003,-0.12342000000000031,-0.17096000000000044
-0.8744500000000004,-0.12332000000000054,-0.17086000000000068
-0.8744700000000005,-0.12322000000000033,-0.1707800000000006
-0.8744900000000002,-0.12312000000000056,-0.1706800000000004
-0.8745100000000003,-0.12302000000000035,-0.1706000000000003
-0.8745300000000005,-0.12290000000000045,-0.17050000000000054
-0.8745500000000002,-0.12280000000000069,-0.17042000000000046
-0.8745700000000003,-0.12270000000000048,-0.17034000000000038
-0.8745900000000004,-0.12260000000000026,-0.1702400000000006
-0.8746100000000001,-0.1225000000000005,-0.17016000000000053
-0.8746300000000002,-0.12240000000000029,-0.17006000000000032
-0.8746500000000004,-0.12230000000000052,-0.16998000000000069
-0.8746700000000005,-0.12220000000000031,-0.16988000000000048
-0.8746900000000002,-0.12210000000000054,-0.1698000000000004
-0.8747100000000003,-0.12200000000000033,-0.16970000000000063
-0.8747300000000005,-0.12190000000000056,-0.16962000000000055
-0.8747500000000001,-0.12178000000000067,-0.16952000000000034
-0.8747700000000003,-0.12168000000000045,-0.16944000000000026
-0.8747900000000004,-0.12158000000000069,-0.1693400000000005
-0.8748100000000005,-0.12148000000000048,-0.1692600000000004
-0.8748300000000002,-0.12138000000000027,-0.16916000000000064
-0.8748500000000003,-0.1212800000000005,-0.16908000000000056
-0.8748700000000005,-0.12118000000000029,-0.16898000000000035
-0.8748900000000002,-0.12108000000000052,-0.16890000000000027
-0.8749100000000003,-0.12098000000000031,-0.1688000000000005
-0.8749300000000004,-0.12088000000000054,-0.16872000000000043
-0.8749500000000001,-0.12078000000000033,-0.16862000000000066
-0.8749700000000002,-0.12068000000000056,-0.16854000000000058
-0.8749900000000004,-0.12058000000000035,-0.16844000000000037
-0.8750100000000005,-0.12046000000000046,-0.1683600000000003
-0.8750300000000002,-0.12036000000000069,-0.16826000000000052
-0.8750500000000003,-0.12026000000000048,-0.16818000000000044
-0.8750700000000005,-0.12016000000000027,-0.16808000000000067
-0.8750900000000001,-0.1200600000000005,-0.16798000000000046
-0.8751100000000003,-0.11996000000000029,-0.16790000000000038
-0.8751300000000004,-0.11986000000000052,-0.16780000000000062
-0.8751500000000005,-0.11976000000000031,-0.16772000000000054
-0.8751700000000002,-0.11966000000000054,-0.16762000000000032
-0.8751900000000004,-0.11956000000000033,-0.1675400000000007
-0.8752100000000005,-0.11946000000000057,-0.16744000000000048
-0.8752300000000002,-0.11936000000000035,-0.1673600000000004
-0.8752500000000003,-0.11926000000000059,-0.16726000000000063
-0.8752700000000004,-0.11916000000000038,-0.16716000000000042
-0.8752900000000001,-0.11906000000000061,-0.16708000000000034
-0.8753100000000003,-0.1189600000000004,-0.16698000000000057
-0.8753300000000004,-0.1188400000000005,-0.1669000000000005
-0.8753500000000005,-0.11874000000000029,-0.16680000000000028
-0.8753700000000002,-0.11864000000000052,-0.16670000000000051
-0.8753900000000003,-0.11854000000000031,-0.16662000000000043
-0.8754100000000005,-0.11844000000000054,-0.16652000000000067
-0.8754300000000002,-0.11834000000000033,-0.16642000000000046
-0.8754500000000003,-0.11824000000000057,-0.16634000000000038
-0.8754700000000004,-0.11814000000000036,-0.1662400000000006
-0.8754900000000001,-0.11804000000000059,-0.16616000000000053
-0.8755100000000002,-0.11794000000000038,-0.16606000000000032
-0.8755300000000004,-0.11784000000000061,-0.16596000000000055
-0.8755500000000005,-0.1177400000000004,-0.16588000000000047
-0.8755700000000002,-0.11764000000000063,-0.16578000000000026
-0.8755900000000003,-0.11754000000000042,-0.1656800000000005
-0.8756100000000004,-0.11744000000000065,-0.1656000000000004
-0.8756300000000001,-0.11734000000000044,-0.16550000000000065
-0.8756500000000003,-0.11724000000000068,-0.16540000000000044
-0.8756700000000004,-0.11714000000000047,-0.16532000000000036
-0.8756900000000005,-0.1170400000000007,-0.1652200000000006
-0.8757100000000002,-0.11694000000000049,-0.16512000000000038
-0.8757300000000003,-0.11684000000000028,-0.1650400000000003
-0.8757500000000005,-0.11674000000000051,-0.16494000000000053
-0.8757700000000002,-0.1166400000000003,-0.16484000000000032
-0.8757900000000003,-0.1165200000000004,-0.16476000000000068
-0.8758100000000004,-0.11642000000000063,-0.16466000000000047
-0.8758300000000001,-0.11632000000000042,-0.16456000000000026
-0.8758500000000002,-0.11622000000000066,-0.1644600000000005
-0.8758700000000004,-0.11612000000000045,-0.16438000000000041
-0.8758900000000005,-0.11602000000000068,-0.16428000000000065
-0.8759100000000002,-0.11592000000000047,-0.16418000000000044
-0.8759300000000003,-0.1158200000000007,-0.16408000000000067
-0.8759500000000005,-0.11572000000000049,-0.1640000000000006
-0.8759700000000001,-0.11562000000000028,-0.16390000000000038
-0.8759900000000003,-0.11552000000000051,-0.1638000000000006
-0.8760100000000004,-0.1154200000000003,-0.1637000000000004
-0.8760300000000005,-0.11532000000000053,-0.16362000000000032
-0.8760500000000002,-0.11522000000000032,-0.16352000000000055
-0.8760700000000003,-0.11512000000000056,-0.16342000000000034
-0.8760900000000005,-0.11502000000000034,-0.16332000000000058
-0.8761100000000002,-0.11492000000000058,-0.1632400000000005
-0.8761300000000003,-0.11482000000000037,-0.16314000000000028
-0.8761500000000004,-0.1147200000000006,-0.16304000000000052
-0.8761700000000001,-0.11462000000000039,-0.1629400000000003
-0.8761900000000002,-0.11452000000000062,-0.16286000000000067
-0.8762100000000004,-0.11442000000000041,-0.16276000000000046
-0.8762300000000005,-0.11432000000000064,-0.1626600000000007
-0.8762500000000002,-0.11422000000000043,-0.16256000000000048
-0.8762700000000003,-0.11412000000000067,-0.16246000000000027
-0.8762900000000005,-0.11402000000000045,-0.1623600000000005
-0.8763100000000001,-0.11392000000000069,-0.16228000000000042
-0.8763300000000003,-0.11382000000000048,-0.16218000000000066
-0.8763500000000004,-0.11372000000000027,-0.16208000000000045
-0.8763700000000005,-0.1136200000000005,-0.16198000000000068
-0.8763900000000002,-0.11352000000000029,-0.16188000000000047
-0.8764100000000004,-0.11342000000000052,-0.1617800000000007
-0.8764300000000005,-0.11332000000000031,-0.16170000000000062
-0.8764500000000002,-0.11322000000000054,-0.1616000000000004
-0.8764700000000003,-0.11312000000000033,-0.16150000000000064
-0.8764900000000004,-0.11302000000000056,-0.16140000000000043
-0.8765100000000001,-0.11292000000000035,-0.16130000000000067
-0.8765300000000003,-0.11284000000000027,-0.16120000000000045
-0.8765500000000004,-0.1127400000000005,-0.1611000000000007
-0.8765700000000005,-0.1126400000000003,-0.1610200000000006
-0.8765900000000002,-0.11254000000000053,-0.1609200000000004
-0.8766100000000003,-0.11244000000000032,-0.16082000000000063
-0.8766300000000005,-0.11234000000000055,-0.16072000000000042
-0.8766500000000002,-0.11224000000000034,-0.16062000000000065
-0.8766700000000003,-0.11214000000000057,-0.16052000000000044
-0.8766900000000004,-0.11204000000000036,-0.16042000000000067
-0.8767100000000001,-0.1119400000000006,-0.16032000000000046
-0.8767300000000002,-0.11184000000000038,-0.1602200000000007
-0.8767500000000004,-0.11174000000000062,-0.16012000000000048
-0.8767700000000005,-0.1116400000000004,-0.16002000000000027
-0.8767900000000002,-0.11154000000000064,-0.1599200000000005
-0.8768100000000003,-0.11144000000000043,-0.15984000000000043
-0.8768300000000004,-0.11134000000000066,-0.15974000000000066
-0.8768500000000001,-0.11124000000000045,-0.15964000000000045
-0.8768700000000003,-0.11114000000000068,-0.15954000000000068
-0.8768900000000004,-0.11104000000000047,-0.15944000000000047
-0.8769100000000005,-0.11096000000000039,-0.15934000000000026
-0.8769300000000002,-0.11086000000000062,-0.1592400000000005
-0.8769500000000003,-0.11076000000000041,-0.15914000000000028
-0.8769700000000005,-0.11066000000000065,-0.15904000000000051
-0.8769900000000002,-0.11056000000000044,-0.1589400000000003
-0.8770100000000003,-0.11046000000000067,-0.15884000000000054
-0.8770300000000004,-0.11036000000000046,-0.15874000000000033
-0.8770500000000001,-0.11026000000000069,-0.15864000000000056
-0.8770700000000002,-0.11016000000000048,-0.15854000000000035
-0.8770900000000004,-0.11006000000000027,-0.15844000000000058
-0.8771100000000005,-0.1099600000000005,-0.15834000000000037
-0.8771300000000002,-0.10986000000000029,-0.1582400000000006
-0.8771500000000003,-0.10978000000000065,-0.1581400000000004
-0.8771700000000004,-0.10968000000000044,-0.15804000000000062
-0.8771900000000001,-0.10958000000000068,-0.1579400000000004
-0.8772100000000003,-0.10948000000000047,-0.15784000000000065
-0.8772300000000004,-0.1093800000000007,-0.1577200000000003
-0.8772500000000005,-0.10928000000000049,-0.15762000000000054
-0.8772700000000002,-0.10918000000000028,-0.15752000000000033
-0.8772900000000003,-0.10908000000000051,-0.15742000000000056
-0.8773100000000005,-0.1089800000000003,-0.15732000000000035
-0.8773300000000002,-0.10890000000000066,-0.15722000000000058
-0.8773500000000003,-0.10880000000000045,-0.15712000000000037
-0.8773700000000004,-0.10870000000000068,-0.1570200000000006
-0.8773900000000001,-0.10860000000000047,-0.1569200000000004
-0.8774100000000002,-0.10850000000000026,-0.15682000000000063
-0.8774300000000004,-0.1084000000000005,-0.15672000000000041
-0.8774500000000005,-0.10830000000000028,-0.15662000000000065
-0.8774700000000002,-0.10820000000000052,-0.1565000000000003
-0.8774900000000003,-0.10812000000000044,-0.15640000000000054
-0.8775100000000005,-0.10802000000000067,-0.15630000000000033
-0.8775300000000001,-0.10792000000000046,-0.15620000000000056
-0.8775500000000003,-0.1078200000000007,-0.15610000000000035
-0.8775700000000004,-0.10772000000000048,-0.15600000000000058
-0.8775900000000005,-0.10762000000000027,-0.15590000000000037
-0.8776100000000002,-0.10754000000000064,-0.15578000000000047
-0.8776300000000004,-0.10744000000000042,-0.15568000000000026
-0.8776500000000005,-0.10734000000000066,-0.1555800000000005
-0.8776700000000002,-0.10724000000000045,-0.15548000000000028
-0.8776900000000003,-0.10714000000000068,-0.15538000000000052
-0.8777100000000004,-0.10704000000000047,-0.15526000000000062
-0.8777300000000001,-0.10696000000000039,-0.1551600000000004
-0.8777500000000003,-0.10686000000000062,-0.15506000000000064
-0.8777700000000004,-0.10676000000000041,-0.15496000000000043
-0.8777900000000005,-0.10666000000000064,-0.15486000000000066
-0.8778100000000002,-0.10656000000000043,-0.15474000000000032
-0.8778300000000003,-0.10648000000000035,-0.15464000000000055
-0.8778500000000005,-0.10638000000000059,-0.15454000000000034
-0.8778700000000002,-0.10628000000000037,-0.15444000000000058
-0.8778900000000003,-0.10618000000000061,-0.15432000000000068
-0.8779100000000004,-0.1060800000000004,-0.15422000000000047
-0.8779300000000001,-0.10600000000000032,-0.1541200000000007
-0.8779500000000002,-0.10590000000000055,-0.1540200000000005
-0.8779700000000004,-0.10580000000000034,-0.1539000000000006
-0.8779900000000005,-0.10570000000000057,-0.15380000000000038
-0.8780100000000002,-0.10560000000000036,-0.15370000000000061
-0.8780300000000003,-0.10552000000000028,-0.1536000000000004
-0.8780500000000004,-0.10542000000000051,-0.1534800000000005
-0.8780700000000001,-0.1053200000000003,-0.1533800000000003
-0.8780900000000003,-0.10522000000000054,-0.15328000000000053
-0.8781100000000004,-0.10514000000000046,-0.15316000000000063
-0.8781300000000005,-0.10504000000000069,-0.15306000000000042
-0.8781500000000002,-0.10494000000000048,-0.15296000000000065
-0.8781700000000003,-0.10484000000000027,-0.1528400000000003
-0.8781900000000005,-0.10476000000000063,-0.15274000000000054
-0.8782100000000002,-0.10466000000000042,-0.15264000000000033
-0.8782300000000003,-0.10456000000000065,-0.15252000000000043
-0.8782500000000004,-0.10446000000000044,-0.15242000000000067
-0.8782700000000001,-0.10438000000000036,-0.15232000000000046
-0.8782900000000002,-0.1042800000000006,-0.15220000000000056
-0.8783100000000004,-0.10418000000000038,-0.15210000000000035
-0.8783300000000005,-0.1041000000000003,-0.15200000000000058
-0.8783500000000002,-0.10400000000000054,-0.15188000000000068
-0.8783700000000003,-0.10390000000000033,-0.15178000000000047
-0.8783900000000004,-0.10380000000000056,-0.15166000000000057
-0.8784100000000001,-0.10372000000000048,-0.15156000000000036
-0.8784300000000003,-0.10362000000000027,-0.1514600000000006
-0.8784500000000004,-0.1035200000000005,-0.1513400000000007
-0.8784700000000005,-0.10344000000000042,-0.15124000000000049
-0.8784900000000002,-0.10334000000000065,-0.1511200000000006
-0.8785100000000003,-0.10324000000000044,-0.15102000000000038
-0.8785300000000005,-0.10316000000000036,-0.15090000000000048
-0.8785500000000002,-0.1030600000000006,-0.15080000000000027
-0.8785700000000003,-0.10296000000000038,-0.15068000000000037
-0.8785900000000004,-0.1028800000000003,-0.1505800000000006
-0.8786100000000001,-0.10278000000000054,-0.1504800000000004
-0.8786300000000002,-0.10268000000000033,-0.1503600000000005
-0.8786500000000004,-0.10260000000000069,-0.15026000000000028
-0.8786700000000005,-0.10250000000000048,-0.15014000000000038
-0.8786900000000002,-0.10240000000000027,-0.15004000000000062
-0.8787100000000003,-0.10232000000000063,-0.14992000000000028
-0.8787300000000005,-0.10222000000000042,-0.1498200000000005
-0.8787500000000001,-0.10212000000000065,-0.1497000000000006
-0.8787700000000003,-0.10204000000000057,-0.14958000000000027
-0.8787900000000004,-0.10194000000000036,-0.1494800000000005
-0.8788100000000005,-0.10186000000000028,-0.1493600000000006
-0.8788300000000002,-0.10176000000000052,-0.1492600000000004
-0.8788500000000004,-0.1016600000000003,-0.1491400000000005
-0.8788700000000005,-0.10158000000000067,-0.14904000000000028
-0.8788900000000002,-0.10148000000000046,-0.14892000000000039
-0.8789100000000003,-0.10140000000000038,-0.14882000000000062
-0.8789300000000004,-0.10130000000000061,-0.14870000000000028
-0.8789500000000001,-0.1012000000000004,-0.14858000000000038
-0.8789700000000003,-0.10112000000000032,-0.1484800000000006
-0.8789900000000004,-0.10102000000000055,-0.14836000000000027
-0.8790100000000005,-0.10094000000000047,-0.1482600000000005
-0.8790300000000002,-0.10084000000000026,-0.1481400000000006
-0.8790500000000003,-0.10076000000000063,-0.14802000000000026
-0.8790700000000005,-0.10066000000000042,-0.1479200000000005
-0.8790900000000001,-0.10056000000000065,-0.1478000000000006
-0.8791100000000003,-0.10048000000000057,-0.1476800000000007
-0.8791300000000004,-0.10038000000000036,-0.1475800000000005
-0.8791500000000001,-0.10030000000000028,-0.1474600000000006
-0.8791700000000002,-0.10020000000000051,-0.1473400000000007
-0.8791900000000004,-0.10012000000000043,-0.14724000000000048
-0.8792100000000005,-0.10002000000000066,-0.14712000000000058
-0.8792300000000002,-0.09994000000000058,-0.14700000000000069
-0.8792500000000003,-0.09984000000000037,-0.14690000000000047
-0.8792700000000004,-0.09976000000000029,-0.14678000000000058
-0.8792900000000001,-0.09966000000000053,-0.14666000000000068
-0.8793100000000003,-0.09958000000000045,-0.14654000000000034
-0.8793300000000004,-0.09948000000000068,-0.14644000000000057
-0.8793500000000005,-0.0994000000000006,-0.14632000000000067
-0.8793700000000002,-0.09930000000000039,-0.14620000000000033
-0.8793900000000003,-0.09922000000000031,-0.14608000000000043
-0.8794100000000005,-0.09912000000000054,-0.14598000000000066
-0.8794300000000002,-0.09904000000000046,-0.14586000000000032
-0.8794500000000003,-0.09896000000000038,-0.14574000000000042
-0.8794700000000004,-0.09886000000000061,-0.14562000000000053
-0.8794900000000001,-0.09878000000000053,-0.14552000000000032
-0.8795100000000002,-0.09868000000000032,-0.14540000000000042
-0.8795300000000004,-0.09860000000000069,-0.14528000000000052
-0.8795500000000005,-0.09850000000000048,-0.14516000000000062
-0.8795700000000002,-0.0984200000000004,-0.14504000000000028
-0.8795900000000003,-0.09834000000000032,-0.14492000000000038
-0.8796100000000004,-0.09824000000000055,-0.14482000000000061
-0.8796300000000001,-0.09816000000000047,-0.14470000000000027
-0.8796500000000003,-0.0980600000000007,-0.14458000000000037
-0.8796700000000004,-0.09798000000000062,-0.14446000000000048
-0.8796900000000005,-0.09790000000000054,-0.14434000000000058
-0.8797100000000002,-0.09780000000000033,-0.14422000000000068
-0.8797300000000003,-0.0977200000000007,-0.14410000000000034
-0.8797500000000005,-0.09764000000000062,-0.14398000000000044
-0.8797700000000002,-0.0975400000000004,-0.14386000000000054
-0.8797900000000003,-0.09746000000000032,-0.14374000000000065
-0.8798100000000004,-0.09738000000000069,-0.14364000000000043
-0.8798300000000001,-0.09728000000000048,-0.14352000000000054
-0.8798500000000002,-0.0972000000000004,-0.14340000000000064
-0.8798700000000004,-0.09712000000000032,-0.1432800000000003
-0.8798900000000005,-0.09702000000000055,-0.1431600000000004
-0.8799100000000002,-0.09694000000000047,-0.1430400000000005
-0.8799300000000003,-0.09686000000000039,-0.1429200000000006
-0.8799500000000005,-0.09676000000000062,-0.14280000000000026
-0.8799700000000001,-0.09668000000000054,-0.14268000000000036
-0.8799900000000003,-0.09660000000000046,-0.14256000000000046
-0.8800100000000004,-0.09652000000000038,-0.14244000000000057
-0.8800300000000005,-0.09642000000000062,-0.14232000000000067
-0.8800500000000002,-0.09634000000000054,-0.14220000000000033
-0.8800700000000004,-0.09626000000000046,-0.14208000000000043
-0.8800900000000005,-0.09618000000000038,-0.1419400000000004
-0.8801100000000002,-0.09608000000000061,-0.1418200000000005
-0.8801300000000003,-0.09600000000000053,-0.1417000000000006
-0.8801500000000004,-0.09592000000000045,-0.14158000000000026
-0.8801700000000001,-0.09584000000000037,-0.14146000000000036
-0.8801900000000002,-0.09576000000000029,-0.14134000000000047
-0.8802100000000004,-0.09566000000000052,-0.14122000000000057
-0.8802300000000005,-0.09558000000000044,-0.14110000000000067
-0.8802500000000002,-0.09550000000000036,-0.14098000000000033
-0.8802700000000003,-0.09542000000000028,-0.1408400000000003
-0.8802900000000005,-0.09534000000000065,-0.1407200000000004
-0.8803100000000001,-0.09526000000000057,-0.1406000000000005
-0.8803300000000003,-0.09518000000000049,-0.1404800000000006
-0.8803500000000004,-0.09508000000000028,-0.14036000000000026
-0.8803700000000005,-0.09500000000000064,-0.14024000000000036
-0.8803900000000002,-0.09492000000000056,-0.14010000000000034
-0.8804100000000004,-0.09484000000000048,-0.13998000000000044
-0.8804300000000005,-0.0947600000000004,-0.13986000000000054
-0.8804500000000002,-0.09468000000000032,-0.13974000000000064
-0.8804700000000003,-0.09460000000000068,-0.1396000000000006
-0.8804900000000004,-0.0945200000000006,-0.13948000000000027
-0.8805100000000001,-0.09444000000000052,-0.13936000000000037
-0.8805300000000003,-0.09436000000000044,-0.13924000000000047
-0.8805500000000004,-0.09428000000000036,-0.13910000000000045
-0.8805700000000005,-0.09420000000000028,-0.13898000000000055
-0.8805900000000002,-0.09412000000000065,-0.13886000000000065
-0.8806100000000003,-0.09402000000000044,-0.13872000000000062
-0.8806300000000005,-0.09394000000000036,-0.13860000000000028
-0.8806500000000002,-0.09386000000000028,-0.13848000000000038
-0.8806700000000003,-0.09378000000000064,-0.13834000000000035
-0.8806900000000004,-0.09372000000000069,-0.13822000000000045
-0.8807100000000001,-0.09364000000000061,-0.13810000000000056
-0.8807300000000002,-0.09356000000000053,-0.13796000000000053
-0.8807500000000004,-0.09348000000000045,-0.13784000000000063
-0.8807700000000005,-0.09340000000000037,-0.1377000000000006
-0.8807900000000002,-0.09332000000000029,-0.1375800000000007
-0.8808100000000003,-0.09324000000000066,-0.13744000000000067
-0.8808300000000004,-0.09316000000000058,-0.13732000000000033
-0.8808500000000001,-0.0930800000000005,-0.13720000000000043
-0.8808700000000003,-0.09300000000000042,-0.1370600000000004
-0.8808900000000004,-0.09292000000000034,-0.1369400000000005
-0.8809100000000005,-0.0928400000000007,-0.13680000000000048
-0.8809300000000002,-0.0927800000000003,-0.13668000000000058
-0.8809500000000003,-0.09270000000000067,-0.13654000000000055
-0.8809700000000005,-0.09262000000000059,-0.13642000000000065
-0.8809900000000002,-0.09254000000000051,-0.13628000000000062
-0.8810100000000003,-0.09246000000000043,-0.1361400000000006
-0.8810300000000004,-0.09238000000000035,-0.1360200000000007
-0.8810500000000001,-0.0923200000000004,-0.13588000000000067
-0.8810700000000002,-0.09224000000000032,-0.13576000000000032
-0.8810900000000004,-0.09216000000000069,-0.1356200000000003
-0.8811100000000005,-0.0920800000000006,-0.1355000000000004
-0.8811300000000002,-0.09202000000000066,-0.13536000000000037
-0.8811500000000003,-0.09194000000000058,-0.13522000000000034
-0.8811700000000005,-0.0918600000000005,-0.13510000000000044
-0.8811900000000001,-0.09178000000000042,-0.1349600000000004
-0.8812100000000003,-0.09172000000000047,-0.13482000000000038
-0.8812300000000004,-0.09164000000000039,-0.13470000000000049
-0.8812500000000005,-0.09156000000000031,-0.13456000000000046
-0.8812700000000002,-0.09150000000000036,-0.13442000000000043
-0.8812900000000004,-0.09142000000000028,-0.1342800000000004
-0.8813100000000005,-0.09134000000000064,-0.1341600000000005
-0.8813300000000002,-0.0912800000000007,-0.13402000000000047
-0.8813500000000003,-0.09120000000000061,-0.13388000000000044
-0.8813700000000004,-0.09114000000000066,-0.13374000000000041
-0.8813900000000001,-0.09106000000000058,-0.13362000000000052
-0.8814100000000002,-0.0909800000000005,-0.1334800000000005
-0.8814300000000004,-0.09092000000000056,-0.13334000000000046
-0.8814500000000005,-0.09084000000000048,-0.13320000000000043
-0.8814700000000002,-0.09078000000000053,-0.1330600000000004
-0.8814900000000003,-0.09070000000000045,-0.13292000000000037
-0.8815100000000005,-0.0906400000000005,-0.13278000000000034
-0.8815300000000001,-0.09056000000000042,-0.13266000000000044
-0.8815500000000003,-0.09050000000000047,-0.13252000000000042
-0.8815700000000004,-0.09042000000000039,-0.1323800000000004
-0.8815900000000005,-0.09036000000000044,-0.13224000000000036
-0.8816100000000002,-0.09028000000000036,-0.13210000000000033
-0.8816300000000004,-0.09022000000000041,-0.1319600000000003
-0.8816500000000005,-0.09014000000000033,-0.13182000000000027
-0.8816700000000002,-0.09008000000000038,-0.13168000000000069
-0.8816900000000003,-0.09002000000000043,-0.13154000000000066
-0.8817100000000004,-0.08994000000000035,-0.13140000000000063
-0.8817300000000001,-0.0898800000000004,-0.1312600000000006
-0.8817500000000003,-0.08982000000000046,-0.13112000000000057
-0.8817700000000004,-0.08974000000000038,-0.13098000000000054
-0.8817900000000005,-0.08968000000000043,-0.13082000000000038
-0.8818100000000002,-0.08962000000000048,-0.13068000000000035
-0.8818300000000003,-0.0895400000000004,-0.13054000000000032
-0.8818500000000005,-0.08948000000000045,-0.1304000000000003
-0.8818700000000002,-0.0894200000000005,-0.13026000000000026
-0.8818900000000003,-0.08936000000000055,-0.13012000000000068
-0.8819100000000004,-0.08928000000000047,-0.12998000000000065
-0.8819300000000001,-0.08922000000000052,-0.1298200000000005
-0.8819500000000002,-0.08916000000000057,-0.12968000000000046
-0.8819700000000004,-0.08910000000000062,-0.12954000000000043
-0.8819900000000005,-0.08904000000000067,-0.1294000000000004
-0.8820100000000002,-0.08898000000000028,-0.1292400000000007
-0.8820300000000003,-0.08890000000000065,-0.12910000000000066
-0.8820500000000004,-0.0888400000000007,-0.12896000000000063
-0.8820700000000001,-0.0887800000000003,-0.12880000000000047
-0.8820900000000003,-0.08872000000000035,-0.12866000000000044
-0.8821100000000004,-0.0886600000000004,-0.1285200000000004
-0.8821300000000005,-0.08860000000000046,-0.1283600000000007
-0.8821500000000002,-0.08854000000000051,-0.12822000000000067
-0.8821700000000003,-0.08848000000000056,-0.12808000000000064
-0.8821900000000005,-0.08842000000000061,-0.12792000000000048
-0.8822100000000002,-0.08836000000000066,-0.12778000000000045
-0.8822300000000003,-0.08830000000000027,-0.1276200000000003
-0.8822500000000004,-0.08824000000000032,-0.1274800000000007
-0.8822700000000001,-0.08818000000000037,-0.12732000000000054
-0.8822900000000002,-0.08814000000000055,-0.12718000000000051
-0.8823100000000004,-0.0880800000000006,-0.12702000000000035
-0.8823300000000005,-0.08802000000000065,-0.12686000000000064
-0.8823500000000002,-0.0879600000000007,-0.1267200000000006
-0.8823700000000003,-0.08790000000000031,-0.12656000000000045
-0.8823900000000005,-0.08784000000000036,-0.12642000000000042
-0.8824100000000001,-0.08780000000000054,-0.12626000000000026
-0.8824300000000003,-0.0877400000000006,-0.12610000000000054
-0.8824500000000004,-0.08768000000000065,-0.12596000000000052
-0.8824700000000005,-0.08764000000000038,-0.12580000000000036
-0.8824900000000002,-0.08758000000000044,-0.12564000000000064
-0.8825100000000003,-0.08752000000000049,-0.12548000000000048
-0.8825300000000005,-0.08748000000000067,-0.12534000000000045
-0.8825500000000002,-0.08742000000000028,-0.1251800000000003
-0.8825700000000003,-0.08736000000000033,-0.12502000000000058
-0.8825900000000004,-0.08732000000000051,-0.12486000000000042
-0.8826100000000001,-0.08726000000000056,-0.1247000000000007
-0.8826300000000002,-0.0872200000000003,-0.12454000000000054
-0.8826500000000004,-0.08716000000000035,-0.12438000000000038
-0.8826700000000005,-0.08712000000000053,-0.12422000000000066
-0.8826900000000002,-0.08706000000000058,-0.1240600000000005
-0.8827100000000003,-0.08702000000000032,-0.12390000000000034
-0.8827300000000005,-0.0869800000000005,-0.12374000000000063
-0.8827500000000001,-0.08692000000000055,-0.12358000000000047
-0.8827700000000003,-0.08688000000000029,-0.12342000000000031
-0.8827900000000004,-0.08682000000000034,-0.12326000000000059
-0.8828100000000005,-0.08678000000000052,-0.12310000000000043
-0.8828300000000002,-0.0867400000000007,-0.12294000000000027
-0.8828500000000004,-0.08670000000000044,-0.12278000000000056
-0.8828700000000005,-0.0866400000000005,-0.1226200000000004
-0.8828900000000002,-0.08660000000000068,-0.12244000000000055
-0.8829100000000003,-0.08656000000000041,-0.12228000000000039
-0.8829300000000004,-0.0865200000000006,-0.12212000000000067
-0.8829500000000001,-0.08648000000000033,-0.12194000000000038
-0.8829700000000003,-0.08644000000000052,-0.12178000000000067
-0.8829900000000004,-0.0864000000000007,-0.1216200000000005
-0.8830100000000005,-0.08636000000000044,-0.12144000000000066
-0.8830300000000002,-0.08632000000000062,-0.1212800000000005
-0.8830500000000003,-0.08628000000000036,-0.12110000000000065
-0.8830700000000005,-0.08624000000000054,-0.12094000000000049
-0.8830900000000002,-0.08620000000000028,-0.12076000000000064
-0.8831100000000003,-0.08616000000000046,-0.12060000000000048
-0.8831300000000004,-0.08612000000000064,-0.12042000000000064
-0.8831500000000001,-0.08610000000000051,-0.12026000000000048
-0.8831700000000002,-0.08606000000000069,-0.12008000000000063
-0.8831900000000004,-0.08602000000000043,-0.11990000000000034
-0.8832100000000005,-0.08598000000000061,-0.11974000000000062
-0.8832300000000002,-0.08596000000000048,-0.11956000000000033
-0.8832500000000003,-0.08592000000000066,-0.11938000000000049
-0.8832700000000004,-0.0858800000000004,-0.11920000000000064
-0.8832900000000001,-0.08586000000000027,-0.11904000000000048
-0.8833100000000003,-0.08582000000000045,-0.11886000000000063
-0.8833300000000004,-0.08580000000000032,-0.11868000000000034
-0.8833500000000005,-0.0857600000000005,-0.1185000000000005
-0.8833700000000002,-0.08574000000000037,-0.11832000000000065
-0.8833900000000003,-0.08572000000000068,-0.11814000000000036
-0.8834100000000005,-0.08568000000000042,-0.11796000000000051
-0.8834300000000002,-0.08566000000000029,-0.11778000000000066
-0.8834500000000003,-0.0856400000000006,-0.11758000000000068
-0.8834700000000004,-0.08562000000000047,-0.11740000000000039
-0.8834900000000001,-0.08558000000000066,-0.11722000000000055
-0.8835100000000002,-0.08556000000000052,-0.1170400000000007
-0.8835300000000004,-0.0855400000000004,-0.11684000000000028
-0.8835500000000005,-0.0855200000000007,-0.11666000000000043
-0.8835700000000002,-0.08550000000000058,-0.11648000000000058
-0.8835900000000003,-0.08548000000000044,-0.1162800000000006
-0.8836100000000005,-0.08546000000000031,-0.11610000000000031
-0.8836300000000001,-0.08546000000000031,-0.11590000000000034
-0.8836500000000003,-0.08544000000000063,-0.11572000000000049
-0.8836700000000004,-0.0854200000000005,-0.11552000000000051
-0.8836900000000005,-0.08540000000000036,-0.11532000000000053
-0.8837100000000002,-0.08540000000000036,-0.11514000000000069
-0.8837300000000003,-0.08538000000000068,-0.11494000000000026
-0.8837500000000005,-0.08536000000000055,-0.11474000000000029
-0.8837700000000002,-0.08536000000000055,-0.11454000000000031
-0.8837900000000003,-0.08536000000000055,-0.11434000000000033
-0.8838100000000004,-0.08534000000000042,-0.11414000000000035
-0.8838300000000001,-0.08534000000000042,-0.11394000000000037
-0.8838500000000002,-0.08534000000000042,-0.1137400000000004
-0.8838700000000004,-0.08532000000000028,-0.11354000000000042
-0.8838900000000005,-0.08532000000000028,-0.11334000000000044
-0.8839100000000002,-0.08532000000000028,-0.11312000000000033
-0.8839300000000003,-0.08532000000000028,-0.11292000000000035
-0.8839500000000005,-0.08532000000000028,-0.11270000000000069
-0.8839700000000001,-0.08532000000000028,-0.11250000000000027
-0.8839900000000003,-0.08534000000000042,-0.1122800000000006
-0.8840100000000004,-0.08534000000000042,-0.11208000000000062
-0.8840300000000005,-0.08534000000000042,-0.11186000000000051
-0.8840500000000002,-0.08536000000000055,-0.1116400000000004
-0.8840700000000004,-0.08536000000000055,-0.1114200000000003
-0.8840900000000005,-0.08538000000000068,-0.11122000000000032
-0.8841100000000002,-0.08538000000000068,-0.11098000000000052
-0.8841300000000003,-0.08540000000000036,-0.11076000000000041
-0.8841500000000004,-0.0854200000000005,-0.1105400000000003
-0.8841700000000001,-0.08544000000000063,-0.11032000000000064
-0.8841900000000003,-0.08546000000000031,-0.11010000000000053
-0.8842100000000004,-0.08548000000000044,-0.10986000000000029
-0.8842300000000005,-0.08550000000000058,-0.10964000000000063
-0.8842500000000002,-0.0855400000000004,-0.10940000000000039
-0.8842700000000003,-0.08556000000000052,-0.10916000000000059
-0.8842900000000005,-0.08560000000000034,-0.10892000000000035
-0.8843100000000002,-0.08562000000000047,-0.10868000000000055
-0.8843300000000003,-0.08566000000000029,-0.10844000000000031
-0.8843500000000004,-0.08570000000000055,-0.10820000000000052
-0.8843700000000001,-0.08574000000000037,-0.10796000000000028
-0.8843900000000002,-0.08578000000000063,-0.10770000000000035
-0.8844100000000004,-0.08582000000000045,-0.10746000000000056
-0.8844300000000005,-0.0858800000000004,-0.10720000000000063
-0.8844500000000002,-0.08592000000000066,-0.1069400000000007
-0.8844700000000003,-0.08598000000000061,-0.10668000000000033
-0.8844900000000004,-0.08604000000000056,-0.1064200000000004
-0.8845100000000001,-0.08610000000000051,-0.10614000000000035
-0.8845300000000003,-0.08616000000000046,-0.10588000000000042
-0.8845500000000004,-0.08624000000000054,-0.10560000000000036
-0.8845700000000005,-0.08630000000000049,-0.1053200000000003
-0.8845900000000002,-0.08638000000000057,-0.10504000000000069
-0.8846100000000003,-0.08646000000000065,-0.10476000000000063
-0.8846300000000005,-0.08654000000000028,-0.10446000000000044
-0.8846500000000002,-0.0866400000000005,-0.1041600000000007
-0.8846700000000003,-0.0867400000000007,-0.10386000000000051
-0.8846900000000004,-0.08684000000000047,-0.10356000000000032
-0.8847100000000001,-0.08694000000000068,-0.10324000000000044
-0.8847300000000002,-0.08706000000000058,-0.10292000000000057
-0.8847500000000004,-0.08718000000000048,-0.10260000000000069
-0.8847700000000005,-0.08732000000000051,-0.10226000000000068
-0.8847900000000002,-0.08746000000000054,-0.10192000000000068
-0.8848100000000003,-0.08760000000000057,-0.10156000000000054
-0.8848300000000004,-0.08776000000000028,-0.1012000000000004
-0.8848500000000001,-0.08794000000000057,-0.10082000000000058
-0.8848700000000003,-0.08812000000000042,-0.1004400000000003
-0.8848900000000004,-0.0883200000000004,-0.10002000000000066
-0.8849100000000005,-0.08854000000000051,-0.09960000000000058
-0.8849300000000002,-0.0887800000000003,-0.09916000000000036
-0.8849500000000003,-0.08904000000000067,-0.09870000000000045
-0.8849700000000005,-0.08934000000000042,-0.09820000000000029
-0.8849900000000002,-0.08968000000000043,-0.09764000000000062
-0.8850100000000003,-0.09008000000000038,-0.09704000000000068
-0.8850300000000004,-0.09056000000000042,-0.09636000000000067
-0.8850500000000001,-0.09120000000000061,-0.09550000000000036
-0.8850700000000002,-0.0923200000000004,-0.0941800000000006
