0,0,0
-0.03935348285994156,1.353057872673849,1.348557708129284
-0.040853537708129384,1.353057872673849,1.3470576532810967
-0.042353592556317654,1.3545579275220372,1.3455575984329085
-0.04385364740450548,1.3545579275220372,1.3455575984329085
-0.04535370225269375,1.3545579275220372,1.3455575984329085
-0.04685375710088158,1.3545579275220372,1.3440575435847202
-0.04835381194906985,1.3545579275220372,1.3440575435847202
-0.04985386679725767,1.353057872673849,1.3440575435847202
-0.051353921645445944,1.353057872673849,1.3440575435847202
-0.05285397649363377,1.3515578178256606,1.3455575984329085
-0.05435403134182204,1.3500577629774724,1.3470576532810967
