0,0,0
-0.261861618674502,0.8545396447926872,0.8545396447926872
-0.2613616003917727,0.8545396447926872,0.8545396447926872
-0.2608615821090434,0.855039663075416,0.8540396265099575
-0.26036156382631415,0.855039663075416,0.8540396265099575
-0.25986154554358487,0.855039663075416,0.8540396265099575
-0.2593615272608556,0.8555396813581457,0.8540396265099575
-0.2588615089781259,0.8555396813581457,0.8535396082272277
-0.2583614906953966,0.8555396813581457,0.8535396082272277
-0.2578614724126673,0.8555396813581457,0.8535396082272277
-0.25736145412993805,0.8560396996408746,0.8535396082272277
-0.2568614358472088,0.8560396996408746,0.8535396082272277
-0.2563614175644795,0.8560396996408746,0.8535396082272277
-0.2558613992817498,0.8560396996408746,0.8535396082272277
-0.2553613809990205,0.8560396996408746,0.8535396082272277
-0.25486136271629123,0.8560396996408746,0.8535396082272277
-0.25436134443356195,0.8565397179236043,0.8530395899444989
-0.2538613261508327,0.8565397179236043,0.8530395899444989
-0.2533613078681034,0.8565397179236043,0.8530395899444989
-0.2528612895853737,0.8565397179236043,0.8530395899444989
-0.2523612713026444,0.8565397179236043,0.8530395899444989
-0.25186125301991513,0.8565397179236043,0.8530395899444989
-0.25136123473718586,0.8570397362063331,0.8530395899444989
-0.2508612164544566,0.8570397362063331,0.8530395899444989
-0.2503611981717273,0.8570397362063331,0.8530395899444989
-0.2498611798889976,0.8570397362063331,0.8530395899444989
-0.2493611616062683,0.8570397362063331,0.8530395899444989
-0.24886114332353904,0.8570397362063331,0.8530395899444989
-0.24836112504080976,0.8570397362063331,0.8530395899444989
-0.24786110675808048,0.8575397544890628,0.8525395716617692
-0.24736108847535077,0.8575397544890628,0.8525395716617692
-0.2468610701926215,0.8575397544890628,0.8525395716617692
-0.24636105190989221,0.8575397544890628,0.8525395716617692
-0.24586103362716294,0.8575397544890628,0.8525395716617692
-0.24536101534443366,0.8575397544890628,0.8525395716617692
-0.2448609970617044,0.8575397544890628,0.8525395716617692
-0.24436097877897467,0.8575397544890628,0.8525395716617692
-0.2438609604962454,0.8575397544890628,0.8525395716617692
-0.24336094221351612,0.8580397727717926,0.8525395716617692
-0.24286092393078684,0.8580397727717926,0.8525395716617692
-0.24236090564805757,0.8580397727717926,0.8525395716617692
-0.2418608873653283,0.8580397727717926,0.8525395716617692
-0.24136086908259857,0.8580397727717926,0.8525395716617692
-0.2408608507998693,0.8580397727717926,0.8525395716617692
-0.24036083251714002,0.8580397727717926,0.8525395716617692
-0.23986081423441075,0.8580397727717926,0.8525395716617692
-0.23936079595168147,0.8580397727717926,0.8520395533790404
-0.2388607776689522,0.8580397727717926,0.8520395533790404
-0.23836075938622248,0.8585397910545214,0.8520395533790404
-0.2378607411034932,0.8585397910545214,0.8520395533790404
-0.23736072282076393,0.8585397910545214,0.8520395533790404
-0.23686070453803465,0.8585397910545214,0.8520395533790404
-0.23636068625530537,0.8585397910545214,0.8520395533790404
-0.2358606679725761,0.8585397910545214,0.8520395533790404
-0.23536064968984638,0.8585397910545214,0.8520395533790404
-0.2348606314071171,0.8585397910545214,0.8520395533790404
-0.23436061312438783,0.8585397910545214,0.8520395533790404
-0.23386059484165855,0.8585397910545214,0.8520395533790404
-0.23336057655892928,0.8585397910545214,0.8520395533790404
-0.2328605582762,0.8585397910545214,0.8520395533790404
-0.23236053999347028,0.8590398093372511,0.8520395533790404
-0.231860521710741,0.8590398093372511,0.8520395533790404
-0.23136050342801173,0.8590398093372511,0.8520395533790404
-0.23086048514528246,0.8590398093372511,0.8520395533790404
-0.23036046686255318,0.8590398093372511,0.8520395533790404
-0.2298604485798239,0.8590398093372511,0.8520395533790404
-0.2293604302970942,0.8590398093372511,0.8520395533790404
-0.2288604120143649,0.8590398093372511,0.8515395350963106
-0.22836039373163564,0.8590398093372511,0.8515395350963106
-0.22786037544890636,0.8590398093372511,0.8515395350963106
-0.22736035716617709,0.8590398093372511,0.8515395350963106
-0.2268603388834478,0.8590398093372511,0.8515395350963106
-0.2263603206007181,0.8590398093372511,0.8515395350963106
-0.22586030231798881,0.8590398093372511,0.8515395350963106
-0.22536028403525954,0.8590398093372511,0.8515395350963106
-0.22486026575253026,0.8590398093372511,0.8515395350963106
-0.224360247469801,0.8595398276199799,0.8515395350963106
-0.2238602291870717,0.8595398276199799,0.8515395350963106
-0.223360210904342,0.8595398276199799,0.8515395350963106
-0.22286019262161272,0.8595398276199799,0.8515395350963106
-0.22236017433888344,0.8595398276199799,0.8515395350963106
-0.22186015605615417,0.8595398276199799,0.8515395350963106
-0.2213601377734249,0.8595398276199799,0.8515395350963106
-0.22086011949069562,0.8595398276199799,0.8515395350963106
-0.2203601012079659,0.8595398276199799,0.8515395350963106
-0.21986008292523662,0.8595398276199799,0.8515395350963106
-0.21936006464250735,0.8595398276199799,0.8515395350963106
-0.21886004635977807,0.8595398276199799,0.8515395350963106
-0.2183600280770488,0.8595398276199799,0.8515395350963106
-0.21786000979431952,0.8595398276199799,0.8515395350963106
-0.2173599915115898,0.8595398276199799,0.8515395350963106
-0.21685997322886053,0.8595398276199799,0.8515395350963106
-0.21635995494613125,0.8595398276199799,0.8515395350963106
-0.21585993666340197,0.8595398276199799,0.8515395350963106
-0.2153599183806727,0.8595398276199799,0.8515395350963106
-0.21485990009794342,0.8595398276199799,0.8515395350963106
-0.2143598818152137,0.8595398276199799,0.8515395350963106
-0.21385986353248443,0.8595398276199799,0.8515395350963106
-0.21335984524975515,0.8595398276199799,0.8515395350963106
-0.21285982696702588,0.8595398276199799,0.8515395350963106
-0.2123598086842966,0.8595398276199799,0.8515395350963106
-0.21185979040156733,0.8595398276199799,0.8515395350963106
-0.2113597721188376,0.8595398276199799,0.8515395350963106
-0.21085975383610833,0.8595398276199799,0.8515395350963106
-0.21035973555337906,0.8595398276199799,0.8515395350963106
-0.18385876656872346,0.8555396813581457,0.8545396447926872
-0.18435878485145274,0.8560396996408746,0.8540396265099575
-0.18485880313418201,0.8565397179236043,0.8540396265099575
-0.18535882141691173,0.8565397179236043,0.8535396082272277
-0.185858839699641,0.8570397362063331,0.8535396082272277
-0.18635885798237029,0.8570397362063331,0.8535396082272277
-0.18685887626509956,0.8570397362063331,0.8530395899444989
-0.18735889454782884,0.8575397544890628,0.8530395899444989
-0.1878589128305581,0.8575397544890628,0.8530395899444989
-0.18835893111328783,0.8575397544890628,0.8530395899444989
-0.1888589493960171,0.8575397544890628,0.8530395899444989
-0.18935896767874638,0.8580397727717926,0.8525395716617692
-0.18985898596147566,0.8580397727717926,0.8525395716617692
-0.19035900424420493,0.8580397727717926,0.8525395716617692
-0.1908590225269342,0.8580397727717926,0.8525395716617692
-0.19135904080966393,0.8580397727717926,0.8525395716617692
-0.1918590590923932,0.8580397727717926,0.8525395716617692
-0.19235907737512248,0.8585397910545214,0.8520395533790404
-0.19285909565785175,0.8585397910545214,0.8520395533790404
-0.19335911394058103,0.8585397910545214,0.8520395533790404
-0.1938591322233103,0.8585397910545214,0.8520395533790404
-0.19435915050604002,0.8585397910545214,0.8520395533790404
-0.1948591687887693,0.8585397910545214,0.8520395533790404
-0.19535918707149857,0.8585397910545214,0.8520395533790404
-0.19585920535422785,0.8585397910545214,0.8520395533790404
-0.19635922363695713,0.8590398093372511,0.8520395533790404
-0.1968592419196864,0.8590398093372511,0.8520395533790404
-0.19735926020241612,0.8590398093372511,0.8520395533790404
-0.1978592784851454,0.8590398093372511,0.8515395350963106
-0.19835929676787467,0.8590398093372511,0.8515395350963106
-0.19885931505060395,0.8590398093372511,0.8515395350963106
-0.19935933333333322,0.8590398093372511,0.8515395350963106
-0.1998593516160625,0.8590398093372511,0.8515395350963106
-0.20035936989879222,0.8590398093372511,0.8515395350963106
-0.2008593881815215,0.8590398093372511,0.8515395350963106
-0.20135940646425077,0.8590398093372511,0.8515395350963106
-0.20185942474698004,0.8590398093372511,0.8515395350963106
-0.20235944302970932,0.8595398276199799,0.8515395350963106
-0.2028594613124386,0.8595398276199799,0.8515395350963106
-0.2033594795951683,0.8595398276199799,0.8515395350963106
-0.2038594978778976,0.8595398276199799,0.8515395350963106
-0.20435951616062686,0.8595398276199799,0.8515395350963106
-0.20485953444335614,0.8595398276199799,0.8515395350963106
-0.20535955272608541,0.8595398276199799,0.8515395350963106
-0.2058595710088147,0.8595398276199799,0.8515395350963106
-0.2063595892915444,0.8595398276199799,0.8515395350963106
-0.20685960757427369,0.8595398276199799,0.8515395350963106
-0.20735962585700296,0.8595398276199799,0.8515395350963106
-0.20785964413973224,0.8595398276199799,0.8515395350963106
-0.2083596624224615,0.8595398276199799,0.8515395350963106
-0.2088596807051908,0.8595398276199799,0.8515395350963106
-0.2093596989879205,0.8595398276199799,0.8515395350963106
-0.20985971727064978,0.8595398276199799,0.8515395350963106
-0.42886772510610527,0.8190383467189029,0.8180383101534443
-0.428367706823376,0.8200383832843614,0.8180383101534443
-0.4278676885406463,0.8205384015670911,0.8180383101534443
-0.427367670257917,0.8205384015670911,0.8180383101534443
-0.4268676519751877,0.82103841984982,0.8180383101534443
-0.42636763369245845,0.8215384381325497,0.8180383101534443
-0.42586761540972917,0.8220384564152794,0.8180383101534443
-0.4253675971269999,0.8225384746980082,0.8180383101534443
-0.4248675788442702,0.8225384746980082,0.8180383101534443
-0.4243675605615409,0.823038492980738,0.8180383101534443
-0.4238675422788116,0.8235385112634668,0.8180383101534443
-0.42336752399608235,0.8235385112634668,0.8180383101534443
-0.4228675057133531,0.8240385295461965,0.8185383284361731
-0.4223674874306238,0.8240385295461965,0.8185383284361731
-0.4218674691478941,0.8245385478289253,0.8185383284361731
-0.4213674508651648,0.825038566111655,0.8185383284361731
-0.42086743258243553,0.825038566111655,0.8185383284361731
-0.42036741429970625,0.8255385843943848,0.8190383467189029
-0.419867396016977,0.8255385843943848,0.8190383467189029
-0.4193673777342477,0.8260386026771136,0.8190383467189029
-0.418867359451518,0.8260386026771136,0.8190383467189029
-0.4183673411687887,0.8265386209598433,0.8195383650016326
-0.41786732288605943,0.8270386392425721,0.8195383650016326
-0.41736730460333016,0.8270386392425721,0.8195383650016326
-0.4168672863206009,0.8275386575253019,0.8195383650016326
-0.4163672680378716,0.8275386575253019,0.8200383832843614
-0.4158672497551419,0.8280386758080316,0.8200383832843614
-0.4153672314724126,0.8280386758080316,0.8200383832843614
-0.41486721318968334,0.8285386940907604,0.8200383832843614
-0.41436719490695406,0.8285386940907604,0.8205384015670911
-0.4138671766242248,0.8290387123734901,0.8205384015670911
-0.41336715834149507,0.8290387123734901,0.8205384015670911
-0.4128671400587658,0.829538730656219,0.8205384015670911
-0.4123671217760365,0.829538730656219,0.82103841984982
-0.41186710349330724,0.8300387489389487,0.82103841984982
-0.41136708521057797,0.8300387489389487,0.82103841984982
-0.4108670669278487,0.8300387489389487,0.82103841984982
-0.41036704864511897,0.8305387672216784,0.8215384381325497
-0.4098670303623897,0.8305387672216784,0.8215384381325497
-0.4093670120796604,0.8310387855044072,0.8215384381325497
-0.40886699379693114,0.8310387855044072,0.8220384564152794
-0.40836697551420187,0.831538803787137,0.8220384564152794
-0.4078669572314726,0.831538803787137,0.8220384564152794
-0.4073669389487429,0.8320388220698658,0.8220384564152794
-0.4068669206660136,0.8320388220698658,0.8225384746980082
-0.4063669023832843,0.8320388220698658,0.8225384746980082
-0.40586688410055505,0.8325388403525955,0.8225384746980082
-0.40536686581782577,0.8325388403525955,0.823038492980738
-0.4048668475350965,0.8330388586353243,0.823038492980738
-0.4043668292523668,0.8330388586353243,0.823038492980738
-0.4038668109696375,0.8335388769180541,0.8235385112634668
-0.4033667926869082,0.8335388769180541,0.8235385112634668
-0.40286677440417895,0.8335388769180541,0.8235385112634668
-0.4023667561214497,0.8340388952007838,0.8235385112634668
-0.4018667378387204,0.8340388952007838,0.8240385295461965
-0.4013667195559907,0.8345389134835126,0.8240385295461965
-0.4008667012732614,0.8345389134835126,0.8240385295461965
-0.40036668299053213,0.8345389134835126,0.8245385478289253
-0.39986666470780285,0.8350389317662423,0.8245385478289253
-0.3993666464250736,0.8350389317662423,0.8245385478289253
-0.3988666281423443,0.8350389317662423,0.825038566111655
-0.3983666098596146,0.8355389500489712,0.825038566111655
-0.3978665915768853,0.8355389500489712,0.825038566111655
-0.39736657329415603,0.8360389683317009,0.825038566111655
-0.39686655501142676,0.8360389683317009,0.8255385843943848
-0.3758657871367941,0.8425392060071828,0.831538803787137
-0.37636580541952336,0.8425392060071828,0.831538803787137
-0.37686582370225263,0.8425392060071828,0.831538803787137
-0.3773658419849819,0.8420391877244531,0.831538803787137
-0.37786586026771163,0.8420391877244531,0.8310387855044072
-0.3783658785504409,0.8420391877244531,0.8310387855044072
-0.3788658968331702,0.8415391694417234,0.8310387855044072
-0.37936591511589945,0.8415391694417234,0.8305387672216784
-0.37986593339862873,0.8415391694417234,0.8305387672216784
-0.380365951681358,0.8415391694417234,0.8305387672216784
-0.3808659699640877,0.8410391511589945,0.8300387489389487
-0.3753657688540648,0.8425392060071828,0.8320388220698658
-0.3693655494613126,0.8440392608553702,0.8335388769180541
-0.37486575057133553,0.8430392242899116,0.8320388220698658
-0.3688655311785829,0.8445392791380999,0.8340388952007838
-0.3743657322886058,0.8430392242899116,0.8320388220698658
-0.3683655128958536,0.8445392791380999,0.8340388952007838
-0.37386571400587654,0.8430392242899116,0.8325388403525955
-0.36786549461312434,0.8445392791380999,0.8340388952007838
-0.37336569572314726,0.8430392242899116,0.8325388403525955
-0.36736547633039507,0.8445392791380999,0.8340388952007838
-0.372865677440418,0.8435392425726413,0.8325388403525955
-0.3668654580476658,0.8445392791380999,0.8345389134835126
-0.3723656591576887,0.8435392425726413,0.8325388403525955
-0.3663654397649365,0.8450392974208287,0.8345389134835126
-0.371865640874959,0.8435392425726413,0.8330388586353243
-0.3658654214822068,0.8450392974208287,0.8345389134835126
-0.3713656225922297,0.8435392425726413,0.8330388586353243
-0.3653654031994775,0.8450392974208287,0.8350389317662423
-0.37086560430950044,0.8440392608553702,0.8330388586353243
-0.36486538491674825,0.8450392974208287,0.8350389317662423
-0.37036558602677117,0.8440392608553702,0.8335388769180541
-0.364365366634019,0.8455393157035584,0.8350389317662423
-0.3698655677440419,0.8440392608553702,0.8335388769180541
-0.3638653483512897,0.8455393157035584,0.8350389317662423
-0.3633653300685604,0.8455393157035584,0.8355389500489712
-0.3628653117858307,0.8455393157035584,0.8355389500489712
-0.3623652935031014,0.8455393157035584,0.8355389500489712
-0.36186527522037215,0.8460393339862882,0.8360389683317009
-0.3613652569376429,0.8460393339862882,0.8360389683317009
-0.3608652386549136,0.8460393339862882,0.8360389683317009
-0.3603652203721843,0.8460393339862882,0.8360389683317009
-0.3598652020894546,0.8460393339862882,0.8365389866144306
-0.35936518380672533,0.846539352269017,0.8365389866144306
-0.35886516552399605,0.846539352269017,0.8365389866144306
-0.3583651472412668,0.846539352269017,0.8370390048971594
-0.3578651289585375,0.846539352269017,0.8370390048971594
-0.35736511067580823,0.846539352269017,0.8370390048971594
-0.3568650923930785,0.8470393705517467,0.8370390048971594
-0.35636507411034923,0.8470393705517467,0.8375390231798892
-0.35586505582761996,0.8470393705517467,0.8375390231798892
-0.342864580476657,0.8490394436826638,0.8410391511589945
-0.3553650375448907,0.8470393705517467,0.8375390231798892
-0.34236456219392775,0.8490394436826638,0.8415391694417234
-0.3548650192621614,0.8470393705517467,0.838039041462618
-0.341864543911198,0.8490394436826638,0.8415391694417234
-0.35436500097943213,0.8470393705517467,0.838039041462618
-0.3538649826967024,0.8475393888344755,0.838039041462618
-0.35336496441397314,0.8475393888344755,0.838039041462618
-0.35286494613124386,0.8475393888344755,0.8385390597453477
-0.3458646901730331,0.848539425399935,0.8405391328762648
-0.3523649278485146,0.8475393888344755,0.8385390597453477
-0.3518649095657853,0.8475393888344755,0.8385390597453477
-0.35136489128305604,0.8475393888344755,0.8390390780280765
-0.3508648730003263,0.8480394071172053,0.8390390780280765
-0.35036485471759704,0.8480394071172053,0.8390390780280765
-0.34986483643486777,0.8480394071172053,0.8390390780280765
-0.3493648181521385,0.8480394071172053,0.8395390963108063
-0.3488647998694092,0.8480394071172053,0.8395390963108063
-0.34836478158667994,0.8480394071172053,0.8395390963108063
-0.34736474502122094,0.848539425399935,0.840039114593536
-0.34686472673849167,0.848539425399935,0.840039114593536
-0.3463647084557624,0.848539425399935,0.840039114593536
-0.3478647633039502,0.8480394071172053,0.8395390963108063
-0.34536467189030384,0.848539425399935,0.8405391328762648
-0.3448646536075741,0.848539425399935,0.8405391328762648
-0.34436463532484485,0.848539425399935,0.8405391328762648
-0.3438646170421156,0.8490394436826638,0.8410391511589945
-0.3433645987593863,0.8490394436826638,0.8410391511589945
-0.34136452562846875,0.8490394436826638,0.8415391694417234
-0.3408645073457395,0.8490394436826638,0.8415391694417234
-0.3403644890630102,0.8490394436826638,0.8420391877244531
-0.3398644707802809,0.8495394619653935,0.8420391877244531
-0.33936445249755165,0.8495394619653935,0.8420391877244531
-0.33886443421482193,0.8495394619653935,0.8420391877244531
-0.33836441593209265,0.8495394619653935,0.8425392060071828
-0.3378643976493634,0.8495394619653935,0.8425392060071828
-0.3373643793666341,0.8495394619653935,0.8425392060071828
-0.33686436108390483,0.8495394619653935,0.8425392060071828
-0.33636434280117555,0.8495394619653935,0.8430392242899116
-0.33586432451844583,0.8495394619653935,0.8430392242899116
-0.33536430623571656,0.8500394802481224,0.8430392242899116
-0.3348642879529873,0.8500394802481224,0.8435392425726413
-0.334364269670258,0.8500394802481224,0.8435392425726413
-0.33386425138752873,0.8500394802481224,0.8435392425726413
-0.33336423310479946,0.8500394802481224,0.8435392425726413
-0.33286421482206974,0.8500394802481224,0.8440392608553702
-0.33236419653934046,0.8500394802481224,0.8440392608553702
-0.3318641782566112,0.8500394802481224,0.8440392608553702
-0.3313641599738819,0.8500394802481224,0.8440392608553702
-0.33086414169115264,0.8500394802481224,0.8445392791380999
-0.3303641234084229,0.8500394802481224,0.8445392791380999
-0.32986410512569364,0.8500394802481224,0.8445392791380999
-0.32936408684296437,0.8505394985308521,0.8445392791380999
-0.3288640685602351,0.8505394985308521,0.8450392974208287
-0.3283640502775058,0.8505394985308521,0.8450392974208287
-0.32786403199477654,0.8505394985308521,0.8450392974208287
-0.3273640137120468,0.8505394985308521,0.8450392974208287
-0.32686399542931754,0.8505394985308521,0.8455393157035584
-0.32636397714658827,0.8505394985308521,0.8455393157035584
-0.325863958863859,0.8505394985308521,0.8455393157035584
-0.3253639405811297,0.8505394985308521,0.8460393339862882
-0.32486392229840044,0.8505394985308521,0.8460393339862882
-0.3243639040156707,0.8505394985308521,0.8460393339862882
-0.32386388573294145,0.8505394985308521,0.8460393339862882
-0.3233638674502122,0.8505394985308521,0.846539352269017
-0.3228638491674829,0.8505394985308521,0.846539352269017
-0.3223638308847536,0.8505394985308521,0.846539352269017
-0.32186381260202435,0.8505394985308521,0.846539352269017
-0.3213637943192946,0.8505394985308521,0.8470393705517467
-0.32086377603656535,0.8505394985308521,0.8470393705517467
-0.3203637577538361,0.8505394985308521,0.8470393705517467
-0.3198637394711068,0.8505394985308521,0.8470393705517467
-0.3193637211883775,0.8510395168135809,0.8475393888344755
-0.31886370290564825,0.8510395168135809,0.8475393888344755
-0.31836368462291853,0.8510395168135809,0.8475393888344755
-0.31786366634018925,0.8510395168135809,0.8480394071172053
-0.31736364805746,0.8510395168135809,0.8480394071172053
-0.3168636297747307,0.8510395168135809,0.8480394071172053
-0.31636361149200143,0.8510395168135809,0.8480394071172053
-0.31586359320927215,0.8510395168135809,0.848539425399935
-0.31536357492654243,0.8505394985308521,0.848539425399935
-0.31486355664381316,0.8505394985308521,0.848539425399935
-0.3143635383610839,0.8505394985308521,0.8490394436826638
-0.3138635200783546,0.8505394985308521,0.8490394436826638
-0.31336350179562533,0.8505394985308521,0.8490394436826638
-0.31286348351289606,0.8505394985308521,0.8495394619653935
-0.31236346523016634,0.8505394985308521,0.8495394619653935
-0.31186344694743706,0.8505394985308521,0.8500394802481224
-0.3113634286647078,0.8505394985308521,0.8500394802481224
-0.381365988246817,0.8410391511589945,0.8300387489389487
-0.3818660065295463,0.8410391511589945,0.8300387489389487
-0.38236602481227555,0.8410391511589945,0.8300387489389487
-0.3828660430950048,0.8405391328762648,0.829538730656219
-0.3833660613777341,0.8405391328762648,0.829538730656219
-0.3838660796604638,0.8405391328762648,0.829538730656219
-0.3843660979431931,0.840039114593536,0.8290387123734901
-0.3848661162259224,0.840039114593536,0.8290387123734901
-0.38536613450865165,0.840039114593536,0.8290387123734901
-0.3858661527913809,0.8395390963108063,0.8285386940907604
-0.3863661710741102,0.8395390963108063,0.8285386940907604
-0.3868661893568399,0.8395390963108063,0.8285386940907604
-0.3873662076395692,0.8390390780280765,0.8280386758080316
-0.38786622592229847,0.8390390780280765,0.8280386758080316
-0.38836624420502774,0.8390390780280765,0.8280386758080316
-0.388866262487757,0.8385390597453477,0.8280386758080316
-0.3893662807704863,0.8385390597453477,0.8275386575253019
-0.389866299053216,0.8385390597453477,0.8275386575253019
-0.3903663173359453,0.8385390597453477,0.8275386575253019
-0.39086633561867457,0.838039041462618,0.8270386392425721
-0.39136635390140384,0.838039041462618,0.8270386392425721
-0.3918663721841331,0.838039041462618,0.8270386392425721
-0.3923663904668624,0.8375390231798892,0.8265386209598433
-0.3928664087495921,0.8375390231798892,0.8265386209598433
-0.3933664270323214,0.8370390048971594,0.8265386209598433
-0.39386644531505066,0.8370390048971594,0.8265386209598433
-0.39436646359777994,0.8370390048971594,0.8260386026771136
-0.3948664818805092,0.8365389866144306,0.8260386026771136
-0.3953665001632385,0.8365389866144306,0.8260386026771136
-0.3958665184459682,0.8365389866144306,0.8255385843943848
-0.3963665367286975,0.8360389683317009,0.8255385843943848
