0,0,0
1.0441861358145612,0.1860152007835456,0.14951386614430273
1.04468615409729,0.1860152007835456,0.14451368331700953
1.0451861723800198,0.1860152007835456,0.1395135004897159
1.0456861906627486,0.1855151825008159,0.13501333594515152
1.0461862089454783,0.18501516421808661,0.1305131714005876
1.046686227228208,0.18401512765262806,0.1265130251387525
1.0471862455109369,0.1830150910871695,0.12251287887691786
1.0476862637936666,0.18201505452171052,0.11901275089781249
1.0481862820763954,0.18101501795625197,0.11551262291870712
1.0486863003591251,0.1795149631080637,0.11201249493960175
1.0431860992491018,0.1830150910871695,0.1625143414952661
1.049186318641854,0.17801490825987587,0.10901238524322565
1.0436861175318315,0.18501516421808661,0.15551408553705492
1.0496863369245837,0.1765148534116876,0.10651229382957883
1.0501863552073134,0.1745147802807705,0.10401220241593201
1.0506863734900422,0.17301472543258223,0.10151211100228519
1.051186391772772,0.17101465230166468,0.09951203787136764
1.0516864100555008,0.1685145608880183,0.09751196474045054
1.0521864283382305,0.16651448775710076,0.09601190989226227
1.0526864466209602,0.16401439634345394,0.09451185504407444
1.053186464903689,0.16151430492980712,0.09351181847861545
1.0536864831864188,0.1590142135161603,0.0925117819131569
1.0541865014691476,0.1560141038197842,0.09201176363042762
1.0546865197518773,0.15251397584067883,0.09201176363042762
1.0551865380346062,0.14901384786157346,0.0925117819131569
1.0556865563173359,0.14551371988246808,0.09351181847861545
1.0561865746000656,0.14101355533790372,0.09451185504407444
1.0566865928827944,0.13601337251061052,0.09701194645772127
1.0571866111655241,0.13001315311785833,0.10051207443682664
1.057686629448253,0.11951276918054177,0.10801234867776666
