0,0,0
-0.04885383023179912,1.3495577446947435,1.3495577446947435
-0.0483538119490694,1.350557781260202,1.348557708129285
-0.04785379366634013,1.3510577995429318,1.348557708129285
-0.04735377538361085,1.3510577995429318,1.348557708129285
-0.04685375710088158,1.3515578178256606,1.3480576898465553
-0.0463537388181523,1.3515578178256606,1.3480576898465553
-0.045853720535423026,1.3515578178256606,1.348557708129285
-0.045353702252693306,1.3515578178256606,1.348557708129285
-0.04485368396996403,1.3515578178256606,1.348557708129285
-0.044353665687234756,1.3515578178256606,1.3490577264120138
-0.04385364740450548,1.3510577995429318,1.3495577446947435
-0.043353629121776205,1.350557781260202,1.3500577629774733
