0,0,0
-0.8898845817825665,0.0750111420176296,-0.1439968658178259
-0.8883845269343782,0.07201103232125305,-0.15299719490695418
-0.8868844720861904,0.06601081292850086,-0.16049746914789464
-0.8853844172380021,0.05251031929480865,-0.16799774338883466
-0.8838843623898143,0.0360097159647399,-0.17399796278158686
-0.882384307541626,0.01650900293829549,-0.18149823702252732
-0.8808842526934382,-0.0014916552399610872,-0.1874984564152795
-0.8793841978452499,-0.01799225857002984,-0.1934986758080317
-0.8778841429970621,-0.03299280705191032,-0.1994988952007839
-0.8763840881488738,-0.046493300685602534,-0.2054991145935361
-0.874884033300686,-0.05999379431929519,-0.21149933398628828
-0.8148818393731636,-0.3360038863858965,-0.34650427032321307
-0.8163818942213519,-0.3285036121449565,-0.34650427032321307
-0.8178819490695397,-0.3225033927522043,-0.3450042154750248
-0.819382003917728,-0.31800322820763993,-0.343504160626837
-0.8208820587659158,-0.31200300881488774,-0.3420041057786487
-0.8223821136141041,-0.30600278942213555,-0.3405040509304609
-0.8238821684622919,-0.30000257002938335,-0.3375039412340848
-0.8253822233104802,-0.295502405484819,-0.3360038863858965
-0.826882278158668,-0.2895021860920668,-0.3330037766895204
-0.8283823330068563,-0.28500202154750287,-0.3300036669931443
-0.8298823878550445,-0.2790018021547507,-0.3270035572967682
-0.8313824427032324,-0.2730015827619985,-0.3255035024485804
-0.8328824975514206,-0.2685014182174341,-0.3225033927522043
-0.8343825523996085,-0.2625011988246819,-0.3195032830558282
-0.8358826072477967,-0.25650097943192973,-0.3165031733594521
-0.8373826620959846,-0.2520008148873658,-0.313503063663076
-0.8388827169441728,-0.24600059549461362,-0.31050295396669947
-0.8403827717923606,-0.24000037610186142,-0.30750284427032337
-0.8418828266405489,-0.23400015670910923,-0.30300267972575945
-0.8433828814887367,-0.22799993731635704,-0.30000257002938335
-0.844882936336925,-0.22199971792360484,-0.29700246033300726
-0.8463829911851128,-0.21599949853085265,-0.29400235063663116
-0.8478830460333011,-0.20999927913810046,-0.2895021860920668
-0.8658837042115577,-0.12149604309500539,-0.24150043095004925
-0.8673837590597455,-0.1124957140058771,-0.23700026640548533
-0.8688838139079338,-0.10199533006856054,-0.23250010186092096
-0.8703838687561216,-0.09299500097943225,-0.22649988246816877
-0.8718839236043099,-0.08249461704211614,-0.22199971792360484
-0.8733839784524977,-0.07049417825661175,-0.21599949853085265
-0.8493831008814889,-0.20249900489716,-0.2865020763956907
-0.8508831557296772,-0.1964987855044078,-0.2835019666993146
-0.852383210577865,-0.1904985661116556,-0.2790018021547507
-0.8568833751224294,-0.16949779823702293,-0.2670013633692463
-0.8553833202742411,-0.17549801762977513,-0.2715015279138102
-0.8538832654260533,-0.18299829187071515,-0.2745016376101863
-0.8583834299706172,-0.16199752399608247,-0.2625011988246819
-0.8598834848188055,-0.15449724975514245,-0.25950108912830583
-0.8613835396669933,-0.14549692066601416,-0.2550009245837419
-0.8628835945151816,-0.1379966464250737,-0.25050076003917754
-0.8643836493633694,-0.13049637218413368,-0.24600059549461362
