0,0,0
-0.04259000000000057,1.3516199999999992,1.3500199999999993
-0.04257000000000044,1.351599999999999,1.3500599999999996
-0.04255000000000031,1.3515799999999998,1.3500799999999997
-0.04253000000000018,1.3515399999999995,1.350119999999999
-0.04251000000000049,1.3515199999999994,1.3501599999999994
-0.04249000000000036,1.3514799999999991,1.3501999999999996
-0.04247000000000023,1.351459999999999,1.350239999999999
-0.04245000000000054,1.3514199999999996,1.3502799999999993
-0.04243000000000041,1.3513799999999994,1.3503199999999995
-0.04241000000000028,1.351339999999999,1.3503599999999998
-0.042390000000000594,1.3512799999999996,1.3504199999999993
-0.04237000000000046,1.3512399999999993,1.3504799999999997
-0.04235000000000033,1.3511599999999997,1.3505599999999993
-0.0423300000000002,1.3510799999999992,1.350639999999999
-0.042310000000000514,1.3508999999999998,1.3508399999999994
-0.04261000000000026,1.3516399999999993,1.3499999999999992
-0.04263000000000039,1.3516599999999994,1.3499599999999998
-0.04265000000000052,1.3516999999999997,1.3499399999999997
-0.04267000000000021,1.3517199999999998,1.3499199999999996
-0.04269000000000034,1.351739999999999,1.3498799999999993
-0.04271000000000047,1.3517599999999992,1.3498599999999992
-0.0427300000000006,1.3517799999999993,1.349839999999999
-0.04275000000000029,1.3517799999999993,1.3498199999999998
-0.04277000000000042,1.3517999999999994,1.3497799999999995
-0.04279000000000055,1.3518199999999996,1.3497599999999994
-0.04281000000000024,1.3518399999999997,1.3497399999999993
-0.04283000000000037,1.351859999999999,1.3497199999999991
-0.0428500000000005,1.351879999999999,1.349699999999999
-0.042870000000000186,1.351879999999999,1.3496799999999998
-0.04289000000000032,1.3518999999999992,1.3496599999999996
-0.04291000000000045,1.3519199999999993,1.3496399999999995
-0.04293000000000058,1.3519199999999993,1.3496199999999994
-0.042950000000000266,1.3519399999999995,1.3495999999999992
-0.0429700000000004,1.3519599999999996,1.3495799999999991
-0.04299000000000053,1.3519599999999996,1.349559999999999
-0.043010000000000215,1.3519799999999997,1.3495399999999997
-0.043030000000000346,1.3519799999999997,1.3495199999999996
-0.04305000000000048,1.351999999999999,1.3494999999999995
-0.04307000000000061,1.3520199999999991,1.3494799999999993
-0.043090000000000295,1.3520199999999991,1.3494799999999993
-0.043110000000000426,1.3520399999999992,1.3494599999999992
-0.04313000000000056,1.3520399999999992,1.349439999999999
-0.043150000000000244,1.3520599999999994,1.349419999999999
-0.043170000000000375,1.3520599999999994,1.3493999999999997
-0.043190000000000506,1.3520799999999995,1.3493999999999997
-0.04321000000000019,1.3520799999999995,1.3493799999999996
-0.043230000000000324,1.3520999999999996,1.3493599999999994
-0.043250000000000455,1.3520999999999996,1.3493399999999993
-0.043270000000000586,1.3520999999999996,1.3493199999999992
-0.04329000000000027,1.3521199999999998,1.3493199999999992
-0.043310000000000404,1.3521199999999998,1.349299999999999
-0.043330000000000535,1.352139999999999,1.3492799999999998
-0.04335000000000022,1.352139999999999,1.3492799999999998
-0.04337000000000035,1.352139999999999,1.3492599999999997
-0.043390000000000484,1.3521599999999991,1.3492399999999996
-0.04341000000000017,1.3521599999999991,1.3492399999999996
-0.0434300000000003,1.3521799999999993,1.3492199999999994
-0.04345000000000043,1.3521799999999993,1.3491999999999993
-0.043470000000000564,1.3521799999999993,1.3491999999999993
-0.04349000000000025,1.3521999999999994,1.3491799999999992
-0.04351000000000038,1.3521999999999994,1.349159999999999
-0.04353000000000051,1.3521999999999994,1.349159999999999
-0.0435500000000002,1.3521999999999994,1.3491399999999998
-0.04357000000000033,1.3522199999999995,1.3491399999999998
-0.04359000000000046,1.3522199999999995,1.3491199999999997
-0.04361000000000059,1.3522199999999995,1.3490999999999995
-0.04363000000000028,1.3522399999999997,1.3490999999999995
-0.04365000000000041,1.3522399999999997,1.3490799999999994
-0.04367000000000054,1.3522399999999997,1.3490799999999994
-0.04369000000000023,1.3522399999999997,1.3490599999999993
-0.04371000000000036,1.3522399999999997,1.3490599999999993
-0.04373000000000049,1.3522599999999998,1.3490399999999991
-0.04375000000000018,1.3522599999999998,1.3490399999999991
-0.04377000000000031,1.3522599999999998,1.349019999999999
-0.04379000000000044,1.3522599999999998,1.349019999999999
-0.04381000000000057,1.352279999999999,1.3489999999999998
-0.04383000000000026,1.352279999999999,1.3489999999999998
-0.04385000000000039,1.352279999999999,1.3489799999999996
-0.04387000000000052,1.352279999999999,1.3489799999999996
-0.04389000000000021,1.352279999999999,1.3489599999999995
-0.04391000000000034,1.352279999999999,1.3489599999999995
-0.04393000000000047,1.3522999999999992,1.3489399999999994
-0.0439500000000006,1.3522999999999992,1.3489399999999994
-0.04397000000000029,1.3522999999999992,1.3489199999999992
-0.04399000000000042,1.3522999999999992,1.3489199999999992
-0.04401000000000055,1.3522999999999992,1.348899999999999
-0.044030000000000236,1.3522999999999992,1.348899999999999
-0.04405000000000037,1.3522999999999992,1.348879999999999
-0.0440700000000005,1.3523199999999993,1.348879999999999
-0.044090000000000185,1.3523199999999993,1.348879999999999
-0.044110000000000316,1.3523199999999993,1.3488599999999997
-0.04413000000000045,1.3523199999999993,1.3488599999999997
-0.04415000000000058,1.3523199999999993,1.3488399999999996
-0.044170000000000265,1.3523199999999993,1.3488399999999996
-0.044190000000000396,1.3523199999999993,1.3488399999999996
-0.04421000000000053,1.3523199999999993,1.3488199999999995
-0.044230000000000214,1.3523199999999993,1.3488199999999995
-0.044250000000000345,1.3523199999999993,1.3487999999999993
-0.044270000000000476,1.3523199999999993,1.3487999999999993
-0.04429000000000061,1.3523199999999993,1.3487999999999993
-0.044310000000000294,1.3523199999999993,1.3487799999999992
-0.044330000000000425,1.3523199999999993,1.3487799999999992
-0.044350000000000556,1.3523399999999994,1.3487799999999992
-0.04437000000000024,1.3523399999999994,1.348759999999999
-0.044390000000000374,1.3523399999999994,1.348759999999999
-0.044410000000000505,1.3523399999999994,1.348759999999999
-0.04443000000000019,1.3523399999999994,1.3487399999999998
-0.04445000000000032,1.3523399999999994,1.3487399999999998
-0.044470000000000454,1.3523399999999994,1.3487399999999998
-0.044490000000000585,1.3523399999999994,1.3487199999999997
-0.04451000000000027,1.3523399999999994,1.3487199999999997
-0.0445300000000004,1.3523399999999994,1.3487199999999997
-0.044550000000000534,1.3523399999999994,1.3486999999999996
-0.04457000000000022,1.3523399999999994,1.3486999999999996
-0.04459000000000035,1.3523399999999994,1.3486999999999996
-0.04461000000000048,1.3523399999999994,1.3486999999999996
-0.044630000000000614,1.3523199999999993,1.3486799999999994
-0.0446500000000003,1.3523199999999993,1.3486799999999994
-0.04467000000000043,1.3523199999999993,1.3486799999999994
-0.04469000000000056,1.3523199999999993,1.3486799999999994
-0.04471000000000025,1.3523199999999993,1.3486599999999993
-0.04473000000000038,1.3523199999999993,1.3486599999999993
-0.04475000000000051,1.3523199999999993,1.3486599999999993
-0.0447700000000002,1.3523199999999993,1.3486599999999993
-0.04479000000000033,1.3523199999999993,1.3486399999999992
-0.04481000000000046,1.3523199999999993,1.3486399999999992
-0.04483000000000059,1.3523199999999993,1.3486399999999992
-0.04485000000000028,1.3523199999999993,1.3486399999999992
-0.04487000000000041,1.3523199999999993,1.348619999999999
-0.04489000000000054,1.3523199999999993,1.348619999999999
-0.04491000000000023,1.3522999999999992,1.348619999999999
-0.04493000000000036,1.3522999999999992,1.348619999999999
-0.04495000000000049,1.3522999999999992,1.348619999999999
-0.044970000000000176,1.3522999999999992,1.3485999999999998
-0.04499000000000031,1.3522999999999992,1.3485999999999998
-0.04501000000000044,1.3522999999999992,1.3485999999999998
-0.04503000000000057,1.3522999999999992,1.3485999999999998
-0.045050000000000257,1.3522999999999992,1.3485999999999998
-0.04507000000000039,1.352279999999999,1.3485799999999997
-0.04509000000000052,1.352279999999999,1.3485799999999997
-0.045110000000000205,1.352279999999999,1.3485799999999997
-0.045130000000000337,1.352279999999999,1.3485799999999997
-0.04515000000000047,1.352279999999999,1.3485799999999997
-0.0451700000000006,1.352279999999999,1.3485799999999997
-0.045190000000000285,1.3522599999999998,1.3485799999999997
-0.045210000000000417,1.3522599999999998,1.3485599999999995
-0.04523000000000055,1.3522599999999998,1.3485599999999995
-0.045250000000000234,1.3522599999999998,1.3485599999999995
-0.045270000000000366,1.3522599999999998,1.3485599999999995
-0.045290000000000497,1.3522599999999998,1.3485599999999995
-0.04531000000000018,1.3522399999999997,1.3485599999999995
-0.045330000000000314,1.3522399999999997,1.3485599999999995
-0.045350000000000446,1.3522399999999997,1.3485599999999995
-0.04537000000000058,1.3522399999999997,1.3485599999999995
-0.04539000000000026,1.3522399999999997,1.3485399999999994
-0.045410000000000394,1.3522199999999995,1.3485399999999994
-0.045430000000000526,1.3522199999999995,1.3485399999999994
-0.04545000000000021,1.3522199999999995,1.3485399999999994
-0.045470000000000343,1.3522199999999995,1.3485399999999994
-0.045490000000000475,1.3521999999999994,1.3485399999999994
-0.045510000000000606,1.3521999999999994,1.3485399999999994
-0.04553000000000029,1.3521999999999994,1.3485399999999994
-0.045550000000000423,1.3521999999999994,1.3485399999999994
-0.045570000000000555,1.3521799999999993,1.3485399999999994
-0.04559000000000024,1.3521799999999993,1.3485399999999994
-0.04561000000000037,1.3521799999999993,1.3485399999999994
-0.045630000000000503,1.3521799999999993,1.3485399999999994
-0.04565000000000019,1.3521599999999991,1.3485399999999994
-0.04567000000000032,1.3521599999999991,1.3485399999999994
-0.04569000000000045,1.3521599999999991,1.3485399999999994
-0.045710000000000583,1.352139999999999,1.3485399999999994
-0.04573000000000027,1.352139999999999,1.3485399999999994
-0.0457500000000004,1.352139999999999,1.3485399999999994
-0.04577000000000053,1.3521199999999998,1.3485399999999994
-0.04579000000000022,1.3521199999999998,1.3485399999999994
-0.04581000000000035,1.3521199999999998,1.3485399999999994
-0.04583000000000048,1.3520999999999996,1.3485399999999994
-0.04585000000000061,1.3520999999999996,1.3485399999999994
-0.0458700000000003,1.3520999999999996,1.3485399999999994
-0.04589000000000043,1.3520799999999995,1.3485399999999994
-0.04591000000000056,1.3520799999999995,1.3485399999999994
-0.04593000000000025,1.3520799999999995,1.3485399999999994
-0.04595000000000038,1.3520599999999994,1.3485399999999994
-0.04597000000000051,1.3520599999999994,1.3485399999999994
-0.0459900000000002,1.3520599999999994,1.3485399999999994
-0.04601000000000033,1.3520399999999992,1.3485399999999994
-0.04603000000000046,1.3520399999999992,1.3485399999999994
-0.04605000000000059,1.3520399999999992,1.3485399999999994
-0.04607000000000028,1.3520199999999991,1.3485399999999994
-0.04609000000000041,1.3520199999999991,1.3485399999999994
-0.04611000000000054,1.351999999999999,1.3485399999999994
-0.046130000000000226,1.351999999999999,1.3485399999999994
-0.04615000000000036,1.3519799999999997,1.3485399999999994
-0.04617000000000049,1.3519799999999997,1.3485599999999995
-0.046190000000000175,1.3519799999999997,1.3485599999999995
-0.046210000000000306,1.3519599999999996,1.3485599999999995
-0.04623000000000044,1.3519599999999996,1.3485599999999995
-0.04625000000000057,1.3519399999999995,1.3485599999999995
-0.046270000000000255,1.3519399999999995,1.3485599999999995
-0.046290000000000386,1.3519199999999993,1.3485599999999995
-0.04631000000000052,1.3519199999999993,1.3485799999999997
-0.046330000000000204,1.3518999999999992,1.3485799999999997
-0.046350000000000335,1.3518999999999992,1.3485799999999997
-0.046370000000000466,1.351879999999999,1.3485799999999997
-0.0463900000000006,1.351879999999999,1.3485799999999997
-0.046410000000000284,1.351879999999999,1.3485799999999997
-0.046430000000000415,1.351859999999999,1.3485999999999998
-0.046450000000000546,1.3518399999999997,1.3485999999999998
-0.04647000000000023,1.3518399999999997,1.3485999999999998
-0.046490000000000364,1.3518199999999996,1.3485999999999998
-0.046510000000000495,1.3518199999999996,1.3485999999999998
-0.04653000000000018,1.3517999999999994,1.348619999999999
-0.04655000000000031,1.3517999999999994,1.348619999999999
-0.046570000000000444,1.3517799999999993,1.348619999999999
-0.046590000000000575,1.3517799999999993,1.348619999999999
-0.04661000000000026,1.3517599999999992,1.3486399999999992
-0.04663000000000039,1.3517599999999992,1.3486399999999992
-0.046650000000000524,1.351739999999999,1.3486399999999992
-0.04667000000000021,1.3517199999999998,1.3486399999999992
-0.04669000000000034,1.3517199999999998,1.3486599999999993
-0.04671000000000047,1.3516999999999997,1.3486599999999993
-0.046730000000000604,1.3516999999999997,1.3486599999999993
-0.04675000000000029,1.3516799999999995,1.3486799999999994
-0.04677000000000042,1.3516599999999994,1.3486799999999994
-0.04679000000000055,1.3516599999999994,1.3486799999999994
-0.04681000000000024,1.3516399999999993,1.3486999999999996
-0.04683000000000037,1.3516199999999992,1.3486999999999996
-0.0468500000000005,1.3516199999999992,1.3486999999999996
-0.04687000000000019,1.351599999999999,1.3487199999999997
-0.04689000000000032,1.3515799999999998,1.3487199999999997
-0.04691000000000045,1.3515799999999998,1.3487199999999997
-0.04693000000000058,1.3515599999999997,1.3487399999999998
-0.04695000000000027,1.3515399999999995,1.3487399999999998
-0.0469700000000004,1.3515199999999994,1.348759999999999
-0.04699000000000053,1.3515199999999994,1.348759999999999
-0.04701000000000022,1.3514999999999993,1.348759999999999
-0.04703000000000035,1.3514799999999991,1.3487799999999992
-0.04705000000000048,1.351459999999999,1.3487799999999992
-0.04707000000000061,1.351459999999999,1.3487999999999993
-0.0470900000000003,1.3514399999999998,1.3487999999999993
-0.04711000000000043,1.3514199999999996,1.3488199999999995
-0.04713000000000056,1.3513999999999995,1.3488199999999995
-0.04715000000000025,1.3513799999999994,1.3488399999999996
-0.04717000000000038,1.3513599999999992,1.3488399999999996
-0.04719000000000051,1.351339999999999,1.3488599999999997
-0.047210000000000196,1.351339999999999,1.348879999999999
-0.04723000000000033,1.351319999999999,1.348879999999999
-0.04725000000000046,1.3512999999999997,1.348899999999999
-0.04727000000000059,1.3512799999999996,1.348899999999999
-0.047290000000000276,1.3512599999999995,1.3489199999999992
-0.04731000000000041,1.3512399999999993,1.3489399999999994
-0.04733000000000054,1.3512199999999992,1.3489399999999994
-0.047350000000000225,1.351199999999999,1.3489599999999995
-0.047370000000000356,1.3511799999999998,1.3489799999999996
-0.04739000000000049,1.3511599999999997,1.3489999999999998
-0.047410000000000174,1.3511399999999996,1.3489999999999998
-0.047430000000000305,1.3511199999999994,1.349019999999999
-0.047450000000000436,1.3510799999999992,1.3490399999999991
-0.04747000000000057,1.351059999999999,1.3490599999999993
-0.047490000000000254,1.3510399999999998,1.3490799999999994
-0.047510000000000385,1.3510199999999997,1.3490999999999995
-0.047530000000000516,1.3509999999999995,1.3490999999999995
-0.0475500000000002,1.3509599999999993,1.3491199999999997
-0.047570000000000334,1.3509399999999991,1.3491399999999998
-0.047590000000000465,1.350919999999999,1.3491799999999992
-0.047610000000000596,1.3508799999999996,1.3491999999999993
-0.04763000000000028,1.3508599999999995,1.3492199999999994
-0.047650000000000414,1.3508199999999992,1.3492399999999996
-0.047670000000000545,1.3507999999999991,1.3492599999999997
-0.04769000000000023,1.3507599999999997,1.349299999999999
-0.04771000000000036,1.3507199999999995,1.3493199999999992
-0.047730000000000494,1.3506799999999992,1.3493399999999993
-0.04775000000000018,1.350659999999999,1.3493799999999996
-0.04777000000000031,1.3506199999999997,1.349419999999999
-0.04779000000000044,1.3505599999999993,1.3494599999999992
-0.047810000000000574,1.350519999999999,1.3494999999999995
-0.04783000000000026,1.3504599999999995,1.3495399999999997
-0.04785000000000039,1.3504199999999993,1.3495799999999991
-0.04787000000000052,1.3503399999999997,1.3496399999999995
-0.04789000000000021,1.3502799999999993,1.3497199999999991
-0.04791000000000034,1.3501599999999994,1.3498199999999998
