0,0,0
1.0346857884427028,0.26251799804113585,0.11251251322233058
1.036185843290891,0.25951788834475975,0.0975119647404501
1.0376858981390793,0.25651777864838365,0.08251141625856961
1.0391859529872667,0.25351766895200756,0.06601081292850086
1.040686007835455,0.2490175044074432,0.04951020959843255
1.0421860626836432,0.2460173947110671,0.03450966111655207
1.0436861175318315,0.24151723016650317,0.021009167482859414
1.0451861723800189,0.2370170656219388,0.010508783545543299
1.0466862272282071,0.23251690107737488,0.0015084544564150093
1.0481862820763954,0.22801673653281052,-0.004491764936337184
1.0496863369245837,0.2235165719882466,-0.00749187463271328
1.051186391772771,0.2175163525954944,-0.010491984329089377
1.0526864466209593,0.2115161332027422,-0.011992039177277647
1.0541865014691476,0.20551591380999001,-0.010491984329089377
1.0556865563173359,0.19951569441723738,-0.00899192948090155
1.0571866111655233,0.19201542017629736,-0.005991819784525454
1.0586866660137115,0.18601520078354516,-0.0029917100881493575
1.0601867208618998,0.17701487169441688,0.0015084544564150093
1.061686775710088,0.16801454260528859,0.007508673849167202
1.0631868305582755,0.1590142135161603,0.015008948090107221
1.0646868854064637,0.1470137747306559,0.02400927717923551
1.066186940254652,0.13201322624877543,0.0360097159647399
1.0676869951028403,0.11251251322233058,0.054010374142996476
