8874,8121,8122
8875,8119,8122
8876,8117,8121
8877,8115,8121
8878,8113,8120
8879,8111,8119
8880,8110,8118
8881,8108,8117
8882,8107,8116
8883,8105,8115
8884,8103,8115
8885,8102,8114
8886,8100,8113
8887,8099,8112
8888,8097,8110
8889,8096,8109
8890,8094,8108
8891,8093,8107
8892,8091,8106
8893,8090,8105
8894,8088,8104
8895,8087,8103
8896,8085,8102
8897,8084,8101
8898,8082,8100
8899,8081,8099
8900,8079,8097
8901,8078,8096
8902,8076,8095
8903,8075,8094
8904,8073,8093
8905,8072,8092
8906,8070,8091
8907,8069,8089
8908,8067,8088
8909,8066,8087
8910,8064,8086
8911,8063,8085
8912,8061,8083
8913,8060,8082
8914,8058,8081
8915,8057,8080
8916,8055,8079
8917,8054,8077
8918,8052,8076
7634,9681,9682
8919,8051,8075
7635,9680,9683
8920,8049,8074
7636,9679,9683
8921,8048,8073
7637,9679,9684
8922,8046,8071
7638,9678,9683
8923,8045,8070
7639,9678,9683
8924,8043,8069
7640,9679,9683
8925,8042,8068
7641,9679,9682
8926,8040,8066
8927,8039,8065
8928,8037,8064
8929,8036,8062
8930,8034,8061
8931,8033,8060
8932,8031,8059
8933,8030,8057
8934,8028,8056
8935,8027,8055
8936,8025,8053
8937,8024,8052
8938,8022,8051
8939,8021,8049
8940,8019,8048
8941,8018,8047
8942,8016,8045
8943,8015,8044
8944,8013,8043
8945,8012,8041
8946,8010,8040
8947,8009,8039
8948,8007,8037
8949,8006,8036
8950,8004,8035
8951,8002,8033
8952,8001,8032
8953,7999,8031
8954,7998,8029
8955,7996,8028
8956,7995,8026
8957,7993,8025
8958,7992,8024
8959,7990,8022
8960,7989,8021
8961,7987,8019
8962,7986,8018
8963,7984,8016
8964,7983,8015
8965,7981,8014
8966,7979,8012
8967,7978,8011
8968,7976,8009
8969,7975,8008
8970,7973,8006
8971,7972,8005
8972,7970,8003
8973,7969,8002
8974,7967,8000
8975,7965,7999
8976,7964,7997
8977,7962,7996
8978,7961,7994
8989,7943,7977
8990,7942,7976
8991,7940,7974
8992,7939,7973
8993,7937,7971
8994,7936,7969
8979,7959,7993
8995,7934,7968
8980,7958,7991
8996,7932,7966
8997,7931,7965
8998,7929,7963
8999,7928,7961
9000,7926,7960
9001,7925,7958
9002,7923,7956
9003,7921,7955
9004,7920,7953
9005,7918,7951
9006,7917,7950
9049,7853,7866
5451,6378,6443
9007,7915,7948
9050,7851,7864
5452,6375,6441
9008,7913,7946
9051,7851,7861
5453,6372,6438
9009,7912,7945
9052,7850,7858
5454,6369,6436
9010,7910,7943
9053,7849,7855
5455,6366,6433
9011,7909,7941
5456,6364,6431
9012,7907,7939
5457,6361,6428
9013,7906,7938
5458,6359,6426
9014,7904,7936
5459,6356,6423
9015,7902,7934
5489,6310,6318
5447,6390,6452
9045,7857,7876
5472,6327,6385
9028,7882,7911
5471,6329,6388
9027,7884,7912
5470,6331,6391
9026,7885,7914
5469,6333,6394
9025,7887,7916
5468,6335,6397
9024,7888,7918
5467,6338,6400
9023,7890,7920
5466,6340,6403
9022,7891,7922
5465,6342,6406
9021,7893,7924
5464,6344,6409
9020,7895,7925
5463,6346,6412
9019,7896,7927
5462,6349,6415
9018,7898,7929
5461,6351,6418
9017,7899,7931
5460,6354,6420
9016,7901,7932
5473,6326,6382
9029,7881,7909
5474,6324,6379
9030,7879,7907
5475,6322,6375
5433,6452,6465
9031,7878,7905
5476,6320,6372
5434,6444,6468
9032,7876,7903
5477,6319,6369
5435,6438,6468
9033,7875,7901
5478,6317,6365
5436,6432,6468
9034,7873,7899
5479,6315,6362
5437,6427,6468
9035,7872,7897
5480,6314,6358
5438,6423,6467
9036,7870,7895
5481,6313,6355
5439,6419,6466
9037,7869,7893
5482,6311,6351
5440,6415,6465
9038,7867,7891
5483,6310,6347
5441,6411,6463
9039,7866,7889
5484,6309,6343
5442,6407,6462
9040,7864,7887
5485,6309,6339
5443,6403,6460
9041,7863,7884
5486,6308,6335
5444,6400,6458
9042,7861,7882
5487,6308,6330
5445,6396,6456
9043,7860,7880
5488,6308,6325
5446,6393,6454
9044,7859,7878
8981,7956,7990
8982,7954,7988
8983,7953,7987
8984,7951,7985
8985,7950,7984
8986,7948,7982
8987,7947,7981
8988,7945,7979
5448,6387,6450
9046,7856,7873
5449,6384,6448
9047,7855,7871
5450,6381,6446
9048,7854,7869
