7823,8664,8671
7824,8664,8671
7825,8663,8672
7826,8663,8672
7827,8663,8672
7828,8662,8673
7829,8662,8673
7830,8662,8673
7831,8662,8673
7832,8662,8673
7833,8661,8673
7834,8661,8674
7835,8661,8674
7836,8661,8674
7837,8661,8674
7838,8661,8674
7839,8661,8674
7840,8661,8674
7841,8661,8674
7842,8660,8674
7843,8660,8674
7844,8660,8674
5532,6478,6492
7845,8660,8674
5533,6471,6493
7846,8660,8674
5534,6465,6493
7847,8660,8674
5535,6460,6492
7848,8660,8674
5595,6287,6335
5594,6289,6338
5593,6291,6341
5592,6293,6344
7604,9703,9705
5548,6408,6466
7861,8661,8674
5575,6331,6393
5547,6412,6469
7860,8661,8674
5574,6334,6396
5546,6415,6471
7859,8660,8674
5573,6336,6399
5545,6419,6474
7858,8660,8674
5572,6339,6402
5544,6422,6476
7857,8660,8674
5571,6341,6404
5543,6426,6478
7856,8660,8674
5570,6344,6407
5542,6430,6480
7855,8660,8674
5569,6347,6410
5541,6434,6482
7854,8660,8674
7881,8666,8667
5568,6349,6413
5540,6438,6484
7853,8660,8674
7880,8665,8668
5567,6352,6416
5539,6442,6486
7852,8660,8674
7879,8665,8669
5566,6354,6419
5538,6446,6488
7851,8660,8674
7878,8664,8670
5565,6357,6421
5537,6450,6490
7850,8660,8674
5536,6455,6491
7849,8660,8674
7605,9702,9706
5549,6405,6464
7862,8661,8673
5576,6329,6390
7606,9701,9706
5550,6402,6461
7863,8661,8673
5577,6327,6387
7607,9701,9706
5551,6398,6459
7864,8661,8673
5578,6324,6385
7608,9701,9706
5552,6395,6456
7865,8661,8673
5579,6322,6382
7609,9701,9706
5553,6392,6454
7866,8661,8673
5580,6320,6379
7610,9701,9706
5554,6389,6451
7867,8661,8673
5581,6317,6376
7611,9701,9705
5555,6386,6449
7868,8661,8673
5582,6315,6373
7612,9702,9704
5556,6383,6446
7869,8662,8672
5583,6313,6370
5557,6380,6443
7870,8662,8672
5584,6310,6367
5558,6377,6441
7871,8662,8672
5585,6308,6364
5559,6374,6438
7872,8662,8672
5586,6306,6361
5560,6371,6435
7873,8662,8671
5587,6304,6358
5561,6368,6432
7874,8663,8671
5588,6302,6356
5562,6365,6430
7875,8663,8671
5589,6300,6353
5563,6363,6427
7876,8663,8670
5590,6298,6350
5564,6360,6424
7877,8664,8670
5591,6295,6347
7822,8664,8671
7821,8665,8670
7820,8666,8669
7819,8666,8669
5596,6285,6332
5597,6284,6329
5598,6282,6326
5599,6280,6323
5600,6278,6320
5601,6276,6317
5602,6274,6314
5603,6273,6311
5604,6271,6307
5605,6269,6304
5606,6268,6301
5607,6266,6298
5608,6265,6295
5609,6263,6291
5610,6262,6288
5611,6261,6284
5612,6260,6281
5613,6259,6277
5614,6258,6273
5615,6258,6268
5616,6261,6261
