9634,7359,7389
9635,7343,7395
9636,7331,7398
9637,7320,7398
9638,7310,7399
9639,7301,7398
9640,7292,7397
9641,7284,7395
9642,7276,7394
9643,7269,7392
9644,7262,7389
9645,7255,7387
7452,9719,9726
7453,9719,9726
7454,9720,9726
7455,9720,9726
7456,9721,9725
7457,9722,9724
5829,6588,6635
6938,8720,8731
5830,6586,6630
6939,8720,8732
5831,6584,6624
6940,8720,8732
5832,6582,6619
6941,8720,8732
9646,7249,7384
5833,6581,6613
6942,8720,8732
9647,7243,7381
5834,6579,6607
6943,8721,8732
9648,7238,7377
5835,6578,6601
6944,8721,8732
9649,7233,7374
5836,6578,6594
6945,8721,8732
9650,7229,7370
5837,6581,6583
6946,8721,8732
9651,7225,7366
6947,8721,8732
9652,7222,7362
6948,8721,8732
9653,7219,7357
6949,8721,8732
9654,7216,7352
6950,8722,8732
9655,7214,7347
6951,8722,8732
9656,7213,7341
6952,8722,8733
9657,7213,7335
6953,8722,8733
9658,7213,7329
6954,8722,8733
9659,7214,7321
6955,8722,8733
9660,7216,7313
6956,8722,8733
9661,7220,7304
6957,8723,8733
9662,7225,7293
6958,8723,8733
9663,7235,7278
6959,8723,8733
6960,8723,8733
6961,8723,8733
6962,8723,8733
6963,8723,8733
6964,8723,8733
6965,8723,8733
6966,8724,8734
6967,8724,8734
6968,8724,8734
6969,8724,8734
6970,8724,8734
6971,8724,8734
6972,8724,8734
6973,8724,8734
6974,8724,8734
6975,8724,8734
6976,8725,8734
6977,8725,8734
6978,8725,8735
6979,8725,8735
6980,8725,8735
6981,8725,8735
6982,8725,8735
6983,8725,8735
6984,8725,8735
6985,8725,8735
6986,8725,8735
6987,8725,8735
6988,8725,8735
6989,8725,8735
6990,8726,8736
6991,8726,8736
6992,8726,8736
6993,8726,8736
6994,8726,8736
6995,8726,8736
6996,8726,8736
6997,8726,8736
6998,8726,8736
6999,8726,8736
7000,8726,8736
7001,8726,8736
7002,8726,8737
7003,8726,8737
7004,8726,8737
7005,8726,8737
7006,8726,8737
7007,8726,8737
7008,8726,8737
7009,8726,8737
7010,8726,8737
7011,8726,8737
7012,8726,8737
7013,8726,8738
7014,8726,8738
7015,8726,8738
7016,8726,8738
7017,8727,8738
7018,8727,8738
7019,8727,8738
7020,8727,8738
7021,8727,8738
7022,8727,8738
7023,8727,8738
7024,8727,8739
7025,8727,8739
7026,8727,8739
7027,8727,8739
7028,8727,8739
7029,8727,8739
7030,8727,8739
7031,8727,8739
7032,8727,8739
7033,8727,8739
7034,8727,8739
7035,8727,8739
7036,8727,8740
7037,8727,8740
7038,8727,8740
7039,8727,8740
7040,8727,8740
7167,8734,8735
7166,8733,8736
7165,8732,8736
7164,8732,8737
7163,8731,8737
7162,8731,8737
7161,8731,8738
7160,8730,8738
7159,8730,8738
7158,8730,8739
7157,8730,8739
7156,8729,8739
7155,8729,8739
7154,8729,8739
7153,8729,8740
7152,8729,8740
7151,8729,8740
7150,8728,8740
7149,8728,8740
7148,8728,8740
7147,8728,8741
7146,8728,8741
7145,8728,8741
7144,8728,8741
7143,8728,8741
7142,8728,8741
7141,8727,8741
7140,8727,8741
7139,8727,8741
7138,8727,8742
7121,8726,8743
7120,8726,8743
7119,8726,8743
7118,8726,8743
7117,8726,8743
7116,8726,8743
7115,8726,8743
7114,8726,8743
7113,8726,8743
7112,8726,8743
7111,8726,8743
7110,8726,8743
7109,8726,8743
7122,8726,8743
7123,8727,8743
7124,8727,8742
7125,8727,8742
7126,8727,8742
7127,8727,8742
7128,8727,8742
7129,8727,8742
7130,8727,8742
7131,8727,8742
7132,8727,8742
7133,8727,8742
7134,8727,8742
7135,8727,8742
7136,8727,8742
7137,8727,8742
7108,8726,8743
7107,8726,8743
7106,8726,8743
7105,8726,8743
7104,8726,8743
7103,8726,8743
7102,8726,8743
7101,8726,8743
7100,8726,8743
7099,8726,8743
7098,8726,8743
7097,8726,8743
7096,8726,8743
7095,8726,8743
7094,8726,8743
7093,8726,8743
7092,8726,8743
7091,8726,8743
7090,8726,8743
7089,8726,8743
7088,8726,8743
7087,8726,8743
7086,8726,8743
7085,8726,8742
7084,8726,8742
7083,8726,8742
7082,8726,8742
7081,8726,8742
7080,8726,8742
7079,8726,8742
7078,8726,8742
7077,8726,8742
7076,8726,8742
7075,8726,8742
7074,8726,8742
7073,8726,8742
7072,8726,8742
7071,8726,8742
7070,8726,8742
7069,8726,8742
7068,8726,8742
7067,8726,8742
7066,8726,8742
7065,8726,8742
7064,8726,8742
7063,8726,8741
7062,8726,8741
7061,8726,8741
7060,8726,8741
7059,8726,8741
7058,8726,8741
7057,8726,8741
7056,8726,8741
7055,8726,8741
7054,8727,8741
7053,8727,8741
7052,8727,8741
7051,8727,8741
7050,8727,8741
7049,8727,8741
7048,8727,8740
7047,8727,8740
7046,8727,8740
7045,8727,8740
7044,8727,8740
7043,8727,8740
7042,8727,8740
7041,8727,8740
7451,9719,9725
6937,8720,8731
5828,6591,6640
7450,9719,9725
6936,8719,8731
5827,6593,6645
7449,9719,9724
6935,8719,8731
5826,6596,6650
7448,9720,9724
6934,8719,8731
5825,6598,6656
7447,9721,9723
6933,8719,8731
5824,6601,6661
6932,8719,8731
5823,6604,6666
6931,8719,8731
5822,6607,6671
6930,8718,8731
5821,6610,6676
6929,8718,8731
5820,6613,6681
6928,8718,8731
5819,6616,6686
6927,8718,8731
5818,6619,6691
6926,8718,8731
5817,6622,6696
6925,8718,8730
5816,6625,6701
6924,8717,8730
5815,6629,6706
6923,8717,8730
5814,6632,6711
6922,8717,8730
5813,6636,6716
6921,8717,8730
5812,6639,6721
6920,8717,8730
5811,6643,6726
6919,8716,8730
5810,6646,6731
6918,8716,8730
5809,6650,6736
6890,8711,8727
6917,8716,8730
5808,6654,6741
6889,8710,8727
6916,8716,8730
5807,6658,6746
6888,8710,8727
6915,8716,8730
5806,6662,6751
6887,8710,8727
6914,8716,8729
5805,6666,6756
6886,8710,8727
6913,8715,8729
5804,6670,6761
6885,8710,8726
6912,8715,8729
5803,6674,6766
6884,8709,8726
6911,8715,8729
5802,6679,6771
6883,8709,8726
6910,8715,8729
5801,6683,6776
6882,8709,8726
6909,8715,8729
5800,6688,6781
6881,8709,8726
6908,8714,8729
5799,6692,6785
6880,8708,8726
6907,8714,8729
5798,6697,6790
6879,8708,8726
6906,8714,8729
5797,6702,6795
6878,8708,8725
6905,8714,8729
5796,6707,6800
6877,8708,8725
6904,8714,8729
5795,6712,6804
6876,8707,8725
6903,8713,8728
5794,6718,6809
6875,8707,8725
6902,8713,8728
5793,6723,6813
6874,8707,8725
6901,8713,8728
5792,6729,6817
6873,8707,8725
6900,8713,8728
5791,6735,6821
6872,8707,8725
6899,8713,8728
5790,6741,6825
6871,8706,8725
6898,8712,8728
5789,6747,6829
6870,8706,8724
6897,8712,8728
5788,6754,6832
6869,8706,8724
6896,8712,8728
5787,6761,6835
6868,8706,8724
6895,8712,8728
5786,6769,6838
6867,8705,8724
6894,8711,8727
5785,6777,6839
6866,8705,8724
6893,8711,8727
5784,6786,6840
6865,8705,8724
6892,8711,8727
5783,6796,6840
6864,8705,8723
6891,8711,8727
5782,6810,6836
6863,8704,8723
6862,8704,8723
6861,8704,8723
6860,8704,8723
6859,8703,8723
6858,8703,8723
6857,8703,8722
6856,8703,8722
6855,8702,8722
6854,8702,8722
6853,8702,8722
6852,8702,8721
6851,8701,8721
6850,8701,8721
6849,8701,8721
6848,8701,8721
6847,8701,8721
6846,8700,8720
6845,8700,8720
6844,8700,8720
6843,8699,8720
6842,8699,8720
6841,8699,8719
6840,8699,8719
6839,8698,8719
6838,8698,8719
6837,8698,8719
6836,8698,8718
6835,8697,8718
6834,8697,8718
6833,8697,8718
6832,8697,8718
6831,8696,8717
6830,8696,8717
6829,8696,8717
6828,8696,8717
6827,8695,8717
6826,8695,8716
6825,8695,8716
6824,8695,8716
6823,8694,8716
6822,8694,8715
6821,8694,8715
6820,8694,8715
6819,8693,8715
6818,8693,8714
6817,8693,8714
6816,8692,8714
6815,8692,8714
6814,8692,8714
6813,8692,8713
6812,8691,8713
6811,8691,8713
6810,8691,8713
6809,8691,8712
6808,8690,8712
6807,8690,8712
6806,8690,8711
6805,8690,8711
6804,8689,8711
6803,8689,8711
6802,8689,8710
6801,8688,8710
6800,8688,8710
6799,8688,8710
6798,8688,8709
6797,8687,8709
6796,8687,8709
6795,8687,8708
6794,8687,8708
6793,8686,8708
6792,8686,8708
6791,8686,8707
6790,8685,8707
6789,8685,8707
6788,8685,8706
6787,8685,8706
6786,8684,8706
6785,8684,8705
6784,8684,8705
6783,8684,8705
6782,8683,8704
6781,8683,8704
6780,8683,8704
6779,8682,8703
6778,8682,8703
6777,8682,8703
6776,8682,8702
6775,8681,8702
6774,8681,8702
6773,8681,8701
6772,8681,8701
6771,8680,8701
6770,8680,8700
6769,8680,8700
6768,8679,8700
6767,8679,8699
6766,8679,8699
6765,8679,8699
6764,8678,8698
6763,8678,8698
6762,8678,8697
6761,8678,8697
6760,8677,8697
6759,8677,8696
6758,8677,8696
6757,8676,8695
6756,8676,8695
6755,8676,8695
6754,8676,8694
6753,8675,8694
6752,8675,8693
6751,8675,8693
6750,8675,8693
6749,8674,8692
6748,8674,8692
6747,8674,8691
6746,8674,8691
6745,8673,8690
6744,8673,8690
6743,8673,8690
6742,8673,8689
6741,8672,8689
6740,8672,8688
6739,8672,8688
6738,8672,8687
6737,8671,8687
6736,8671,8686
6735,8671,8686
6734,8671,8685
6733,8671,8685
6732,8670,8684
6731,8670,8684
6730,8670,8683
6729,8670,8683
6728,8670,8682
6727,8669,8682
6726,8669,8681
6725,8669,8680
6724,8669,8680
6723,8669,8679
6722,8668,8679
6721,8668,8678
6720,8668,8677
6719,8668,8677
6718,8668,8676
6717,8668,8675
6716,8668,8675
6715,8668,8674
6714,8668,8673
6713,8668,8672
6712,8668,8671
