5957,8006,8041
5958,8007,8043
5959,8009,8045
5960,8011,8046
5961,8012,8048
5962,8014,8050
5963,8015,8051
5964,8017,8053
5965,8019,8055
5966,8020,8056
5967,8022,8058
5968,8024,8060
5969,8025,8061
5970,8027,8063
5971,8029,8065
5972,8030,8066
5973,8032,8068
5974,8033,8070
5975,8035,8071
5976,8037,8073
5977,8038,8074
5978,8040,8076
5979,8041,8078
5980,8043,8079
5981,8045,8081
5982,8046,8082
5983,8048,8084
5984,8049,8086
5985,8051,8087
5986,8053,8089
5987,8054,8090
5988,8056,8092
5989,8057,8093
5990,8059,8095
5991,8060,8097
5992,8062,8098
5993,8063,8100
5994,8065,8101
5995,8067,8103
5996,8068,8104
5997,8070,8106
5998,8071,8107
5999,8073,8109
6000,8074,8110
6001,8076,8112
6002,8077,8113
6003,8079,8115
6004,8080,8116
6005,8082,8118
6006,8083,8119
6007,8085,8121
6008,8086,8122
6009,8088,8124
6010,8089,8125
6011,8091,8127
6012,8092,8128
6013,8094,8130
6014,8095,8131
6015,8097,8133
6016,8098,8134
6017,8100,8136
6018,8101,8137
6019,8103,8138
6020,8104,8140
6021,8106,8141
6022,8107,8143
6023,8109,8144
6024,8110,8146
6025,8112,8147
6026,8113,8148
6027,8115,8150
6167,8307,8308
6166,8305,8308
6165,8303,8308
6164,8301,8307
6163,8300,8307
6162,8298,8306
6161,8297,8305
6160,8295,8305
6159,8294,8304
6158,8292,8303
6157,8291,8302
6156,8289,8302
6155,8288,8301
6154,8287,8300
6153,8285,8299
6152,8284,8298
6151,8282,8297
6150,8281,8296
6149,8280,8295
6148,8278,8294
6147,8277,8294
6146,8276,8293
6145,8274,8292
6144,8273,8291
6143,8272,8290
6142,8270,8289
6141,8269,8288
6140,8268,8287
6139,8267,8286
6138,8265,8285
6137,8264,8284
6136,8263,8283
6135,8261,8282
6134,8260,8281
6133,8259,8280
6132,8257,8279
6131,8256,8278
6130,8255,8277
6129,8253,8276
6128,8252,8275
6127,8251,8274
6126,8250,8273
6125,8248,8271
6124,8247,8270
6123,8246,8269
6122,8244,8268
6121,8243,8267
6120,8242,8266
6119,8240,8265
6118,8239,8264
6117,8238,8263
6116,8236,8262
6115,8235,8261
6114,8234,8260
6113,8233,8258
6112,8231,8257
6111,8230,8256
6110,8229,8255
6109,8227,8254
6040,8133,8168
6039,8132,8167
6038,8130,8165
6037,8129,8164
6036,8128,8162
6035,8126,8161
6034,8125,8160
6033,8123,8158
6032,8122,8157
6031,8120,8156
6030,8119,8154
6029,8117,8153
6070,8175,8207
9573,6980,7255
7355,8706,8718
5732,7406,7449
5732,6662,6747
6071,8177,8209
9574,6976,7252
7356,8706,8718
5733,7412,7453
5733,6658,6740
6106,8223,8251
6105,8222,8249
6104,8221,8248
6103,8219,8247
6102,8218,8246
6086,8197,8227
9589,7096,7099
7371,8705,8717
5748,7490,7516
5748,6603,6654
6101,8217,8245
6085,8195,8226
9588,7055,7141
7370,8705,8717
5747,7485,7512
5747,6606,6659
6084,8194,8225
9587,7038,7159
7369,8705,8718
5746,7481,7508
5746,6610,6665
6083,8193,8223
9586,7025,7173
7368,8705,8718
5745,7476,7504
5745,6613,6670
6082,8191,8222
9585,7015,7184
7367,8705,8718
5744,7471,7500
5744,6616,6675
6081,8190,8221
9584,7006,7194
7366,8705,8718
5743,7466,7496
5743,6620,6681
6080,8189,8220
9583,6998,7202
7365,8705,8718
5742,7461,7492
5742,6624,6687
6079,8187,8219
5741,7456,7488
5741,6627,6692
6107,8225,8252
6108,8226,8253
6094,8208,8237
7379,8707,8716
5756,7525,7546
5756,6578,6612
6095,8209,8238
7380,8707,8715
5757,7530,7550
5757,6576,6607
6096,8210,8239
7381,8707,8715
5758,7534,7553
5758,6573,6602
6097,8211,8240
7382,8708,8714
5759,7538,7557
5759,6570,6597
6098,8213,8241
7383,8708,8714
5760,7542,7560
5760,6568,6591
6099,8214,8243
7384,8709,8713
5761,7546,7564
5761,6566,6586
6028,8116,8151
6100,8215,8244
7385,8710,8712
5762,7550,7568
5762,6564,6580
6078,8186,8217
5740,7450,7483
5740,6631,6698
7378,8706,8716
5755,7521,7542
5755,6581,6617
6093,8206,8235
6077,8185,8216
5739,7445,7479
5739,6635,6704
7377,8706,8716
5754,7517,7538
5754,6584,6623
6092,8205,8234
6076,8183,8215
5738,7440,7475
5738,6638,6710
7376,8706,8716
5753,7513,7535
5753,6587,6628
6091,8204,8233
6075,8182,8214
9578,6976,7235
7360,8705,8718
5737,7434,7471
5737,6642,6716
7375,8706,8717
5752,7508,7531
5752,6590,6633
6090,8202,8232
6074,8181,8212
9577,6974,7240
7359,8705,8718
5736,7429,7467
5736,6646,6722
7374,8706,8717
5751,7504,7527
5751,6593,6638
6089,8201,8231
6073,8179,8211
9576,6973,7244
7358,8705,8718
5735,7423,7462
5735,6650,6728
7373,8705,8717
5750,7499,7523
5750,6596,6643
6088,8200,8230
6072,8178,8210
9575,6974,7248
7357,8705,8718
5734,7417,7458
5734,6654,6734
7372,8705,8717
5749,7495,7519
5749,6600,6649
6087,8198,8228
6041,8135,8169
6042,8136,8171
6043,8138,8172
6044,8139,8173
6045,8140,8175
6046,8142,8176
6047,8143,8177
6048,8145,8179
6049,8146,8180
6050,8147,8181
6051,8149,8183
6052,8150,8184
6053,8152,8185
6054,8153,8187
7340,8712,8712
5717,7295,7375
5717,6732,6863
6055,8154,8188
7341,8710,8714
5718,7304,7380
5718,6727,6853
6056,8156,8189
7342,8710,8714
5719,7313,7385
5719,6722,6844
6057,8157,8191
7343,8709,8715
5720,7321,7391
5720,6716,6835
6058,8159,8192
7344,8709,8715
5721,7330,7396
5721,6712,6827
6059,8160,8193
7345,8708,8716
5722,7337,7401
5722,6707,6818
6060,8161,8195
7346,8708,8716
5723,7345,7406
5723,6702,6810
6061,8163,8196
7347,8707,8716
5724,7353,7411
5724,6697,6803
6062,8164,8197
9566,7174,7244
7348,8707,8717
5725,7360,7416
5725,6693,6795
6063,8166,8198
9567,7130,7254
7349,8707,8717
5726,7367,7421
5726,6688,6788
6064,8167,8200
9568,7089,7258
7350,8707,8717
5727,7374,7426
5727,6684,6780
6065,8168,8201
9569,7050,7259
7351,8706,8717
5728,7380,7430
5728,6679,6773
6066,8170,8202
9570,7020,7260
7352,8706,8717
5729,7387,7435
5729,6675,6767
6067,8171,8204
9571,7000,7259
7353,8706,8717
5730,7393,7440
5730,6671,6760
6068,8172,8205
9572,6988,7257
7354,8706,8718
5731,7399,7444
5731,6666,6753
6069,8174,8206
5956,8004,8040
5955,8002,8038
5954,8000,8036
5953,7999,8035
5952,7997,8033
5951,7995,8031
5950,7994,8029
5949,7992,8028
5948,7990,8026
5947,7989,8024
5946,7987,8022
5945,7985,8021
5944,7983,8019
5943,7982,8017
5942,7980,8015
5941,7978,8014
5940,7977,8012
5939,7975,8010
5938,7973,8008
5937,7971,8006
5936,7970,8005
5935,7968,8003
5934,7966,8001
5933,7964,7999
5932,7963,7997
5931,7961,7995
5930,7959,7994
5929,7957,7992
5928,7955,7990
5927,7954,7988
5926,7952,7986
5925,7950,7984
5924,7948,7983
5923,7946,7981
5922,7945,7979
5921,7943,7977
5920,7941,7975
5919,7939,7973
5918,7937,7971
5917,7935,7969
5916,7934,7967
5915,7932,7965
5914,7930,7964
5913,7928,7962
5912,7926,7960
5911,7924,7958
5910,7923,7956
5909,7921,7954
5908,7919,7952
5907,7917,7950
5906,7915,7948
5905,7913,7946
5904,7911,7944
5903,7909,7942
5902,7907,7940
5901,7905,7938
5900,7904,7936
5899,7902,7934
5898,7900,7932
5897,7898,7930
5896,7896,7928
5895,7894,7926
5894,7892,7924
5893,7890,7922
5892,7888,7920
5891,7886,7918
5890,7884,7916
5889,7882,7913
5888,7880,7911
5887,7878,7909
5886,7876,7907
5885,7874,7905
5884,7872,7903
5883,7870,7901
5882,7868,7899
5881,7866,7897
5880,7864,7894
5879,7862,7892
5878,7860,7890
5877,7858,7888
7500,9729,9732
5876,7856,7886
7499,9728,9732
5875,7854,7884
7498,9727,9733
5874,7852,7881
7497,9727,9733
5873,7850,7879
7496,9727,9733
5872,7847,7877
7495,9727,9733
5871,7845,7875
7494,9727,9733
5870,7843,7872
7493,9727,9732
5869,7841,7870
7492,9727,9732
5868,7839,7868
7491,9728,9731
5867,7837,7866
7490,9729,9729
5866,7835,7863
5865,7833,7861
5864,7831,7859
5863,7828,7857
5862,7826,7854
5861,7824,7852
5860,7822,7850
5859,7820,7847
5858,7818,7845
5857,7815,7843
5856,7813,7840
5855,7811,7838
5854,7809,7836
5853,7807,7833
5852,7804,7831
5851,7802,7829
5850,7800,7826
5849,7798,7824
5848,7795,7821
5847,7793,7819
5846,7791,7816
5845,7788,7814
5844,7786,7812
5843,7784,7809
5842,7782,7807
5841,7779,7804
5840,7777,7802
5839,7775,7799
5838,7772,7797
5837,7770,7794
5836,7767,7792
5835,7765,7789
5834,7763,7786
5833,7760,7784
5832,7758,7781
5831,7756,7779
5830,7753,7776
5829,7751,7773
5828,7748,7771
5827,7746,7768
5826,7743,7765
5825,7741,7763
5824,7738,7760
5823,7736,7757
5822,7733,7755
5821,7731,7752
5820,7728,7749
5819,7726,7747
5818,7723,7744
5817,7721,7741
5816,7718,7738
5815,7715,7736
5814,7713,7733
5813,7710,7730
5812,7708,7727
5811,7705,7724
5810,7702,7721
5809,7700,7718
5808,7697,7716
5807,7694,7713
5806,7691,7710
5805,7689,7707
5804,7686,7704
5803,7683,7701
5802,7680,7698
5801,7678,7695
5800,7675,7692
5799,7672,7689
5798,7669,7686
5797,7666,7683
5796,7663,7680
5795,7660,7677
7364,8705,8718
9582,6992,7210
5794,7658,7674
7363,8705,8718
9581,6987,7217
5793,7655,7671
7362,8705,8718
9580,6982,7224
5792,7652,7668
7361,8705,8718
9579,6979,7230
5791,7649,7664
5790,7646,7661
5789,7643,7658
5788,7640,7655
5787,7636,7652
5786,7633,7649
5785,7630,7645
5784,7627,7642
5783,7624,7639
5782,7621,7636
5781,7618,7632
5780,7614,7629
5779,7611,7626
5778,7608,7623
5777,7604,7619
5776,7601,7616
5775,7598,7613
5774,7594,7609
5773,7591,7606
5772,7587,7602
5771,7584,7599
5770,7580,7596
5769,7576,7592
5768,7573,7589
5767,7569,7585
5766,7565,7582
5765,7562,7578
5764,7558,7575
5764,6563,6566
5763,7554,7571
5763,6563,6574
5716,7285,7369
5716,6737,6873
5715,7275,7363
5715,6743,6883
5714,7265,7358
5714,6748,6894
5713,7253,7352
5713,6754,6906
5712,7241,7346
5712,6759,6918
5711,7228,7340
5711,6765,6931
5710,7213,7333
5710,6771,6946
5709,7197,7327
5709,6777,6963
5708,7178,7320
5708,6784,6982
5707,7154,7314
5707,6790,7007
5706,7116,7307
5706,6797,7045
5705,6804,7300
5704,6811,7292
5703,6818,7285
5702,6826,7277
5701,6833,7269
5700,6842,7261
5699,6850,7252
5698,6859,7243
5697,6868,7233
5696,6878,7223
5695,6889,7213
5694,6900,7201
5693,6912,7189
5692,6925,7176
5691,6940,7160
5690,6957,7143
5689,6979,7121
5688,7011,7089
