7585,9712,9715
7586,9711,9716
7587,9711,9716
7588,9711,9716
7593,9712,9714
7592,9711,9715
7591,9711,9716
7590,9711,9716
7589,9711,9716
5581,6496,6504
5582,6488,6505
5583,6482,6505
5584,6477,6504
5585,6472,6502
5586,6467,6501
5587,6462,6499
5588,6458,6497
5589,6454,6495
5590,6450,6492
5591,6446,6490
5592,6442,6488
5593,6438,6485
5594,6434,6483
5595,6431,6481
5596,6427,6478
5597,6424,6475
5598,6420,6473
5599,6417,6470
5600,6413,6468
5601,6410,6465
5602,6407,6462
5603,6403,6460
5604,6400,6457
5605,6397,6454
5606,6394,6452
5607,6391,6449
5608,6388,6446
5609,6385,6444
5610,6382,6441
5611,6379,6438
5612,6376,6435
5613,6373,6433
5614,6370,6430
5615,6367,6427
5616,6364,6424
5617,6361,6422
5618,6358,6419
5619,6356,6416
5620,6353,6413
5641,6299,6356
5640,6302,6359
5639,6304,6362
5638,6306,6364
5637,6309,6367
5636,6311,6370
5635,6314,6372
5634,6316,6375
5642,6297,6354
5643,6295,6351
5644,6292,6348
5645,6290,6345
5646,6288,6343
5686,6207,6237
7742,8671,8682
5685,6209,6240
7741,8671,8682
5684,6211,6243
7740,8671,8682
5683,6212,6245
7739,8671,8682
5682,6214,6248
7738,8670,8682
5681,6216,6251
7737,8670,8683
5680,6218,6253
7736,8670,8683
5679,6219,6256
7735,8670,8683
5678,6221,6259
7734,8670,8683
5677,6223,6261
7733,8670,8683
5701,6187,6194
5676,6225,6264
7732,8670,8683
5700,6188,6197
5675,6227,6266
7731,8670,8683
5699,6188,6201
5698,6190,6204
5687,6206,6235
7743,8671,8682
5688,6204,6232
7744,8672,8681
5689,6202,6229
7745,8672,8681
5690,6201,6227
7746,8672,8681
5691,6199,6224
7747,8672,8681
5697,6191,6207
7752,8675,8678
5696,6192,6210
7751,8674,8679
5695,6193,6213
7750,8674,8679
5694,6195,6216
7749,8673,8680
5693,6196,6218
7748,8673,8680
5692,6198,6221
5647,6285,6340
5648,6283,6337
5649,6281,6335
5650,6279,6332
7707,8676,8677
5651,6276,6329
7708,8675,8678
5652,6274,6327
7709,8674,8679
5653,6272,6324
7710,8673,8679
5654,6270,6321
7711,8673,8680
5655,6267,6319
7712,8672,8680
5656,6265,6316
7713,8672,8681
5657,6263,6314
7714,8672,8681
5658,6261,6311
7715,8671,8681
5659,6259,6308
7716,8671,8681
5660,6257,6306
7717,8671,8682
5661,6255,6303
7718,8671,8682
5662,6253,6300
7719,8671,8682
5663,6251,6298
7720,8670,8682
5664,6249,6295
7721,8670,8682
5665,6247,6293
7722,8670,8682
5666,6244,6290
7723,8670,8683
5667,6242,6287
7724,8670,8683
5668,6240,6285
7725,8670,8683
5669,6238,6282
7726,8670,8683
5670,6237,6279
7727,8670,8683
5671,6235,6277
7728,8670,8683
5672,6233,6274
7729,8670,8683
5673,6231,6272
7730,8670,8683
5674,6229,6269
5633,6319,6378
5632,6321,6381
5631,6324,6383
5630,6326,6386
5629,6329,6389
5628,6331,6392
5627,6334,6394
5626,6337,6397
5625,6339,6400
5624,6342,6402
5623,6345,6405
5622,6347,6408
5621,6350,6411
