8810,8210,8211
8811,8208,8211
8812,8207,8210
8813,8205,8209
8814,8204,8209
8815,8202,8208
8816,8201,8207
8817,8200,8206
8818,8198,8205
8819,8197,8205
8820,8195,8204
8821,8194,8203
8822,8193,8202
8823,8192,8201
8824,8190,8200
8825,8189,8199
8826,8188,8198
8827,8186,8197
8828,8185,8196
8829,8184,8195
8830,8182,8194
8831,8181,8193
8832,8180,8192
8833,8178,8191
8834,8177,8190
8835,8176,8189
8836,8175,8188
8837,8173,8187
8838,8172,8186
8839,8171,8185
8840,8169,8184
8841,8168,8183
8842,8167,8182
8843,8166,8181
8844,8164,8180
8845,8163,8179
8846,8162,8178
8847,8160,8177
9000,7946,7976
8999,7947,7978
8998,7949,7980
8997,7950,7981
8996,7952,7983
8995,7953,7985
8994,7955,7986
8993,7956,7988
8992,7958,7990
8991,7959,7991
8990,7961,7993
8989,7962,7994
8988,7964,7996
8987,7965,7997
8986,7967,7999
8985,7968,8001
8984,7970,8002
8983,7971,8004
8982,7973,8005
8981,7974,8007
8980,7976,8008
8979,7977,8010
8978,7979,8011
8977,7980,8013
8976,7982,8014
8975,7983,8016
8974,7985,8017
8973,7986,8019
8972,7988,8020
8971,7989,8022
8970,7991,8023
8969,7992,8025
8968,7994,8026
8967,7995,8028
8966,7997,8029
8965,7998,8031
8964,8000,8032
8963,8001,8034
8962,8002,8035
8961,8004,8037
8960,8005,8038
8959,8007,8039
8958,8008,8041
8957,8010,8042
5500,6305,6329
5499,6306,6333
5498,6306,6338
5497,6307,6342
5496,6308,6345
5495,6309,6349
5494,6311,6353
5493,6312,6356
5492,6314,6360
5491,6315,6363
5490,6317,6367
5489,6318,6370
5488,6320,6373
5487,6322,6376
5486,6324,6380
5485,6326,6383
7636,9681,9686
5472,6355,6421
7637,9681,9685
5473,6352,6418
7638,9682,9685
5474,6350,6416
5475,6347,6413
8956,8011,8044
5476,6345,6410
5477,6343,6407
5478,6340,6404
5479,6338,6401
5480,6336,6398
5481,6334,6395
5482,6332,6392
5483,6330,6389
5484,6328,6386
5501,6305,6324
5502,6306,6318
7635,9681,9686
5471,6357,6424
7634,9681,9686
5470,6360,6427
7633,9682,9686
5469,6362,6429
9024,7910,7934
7632,9682,9686
5468,6365,6432
9023,7911,7936
7631,9683,9685
5467,6368,6434
9022,7913,7938
5466,6370,6437
9021,7914,7940
5465,6373,6439
9020,7916,7942
5464,6376,6442
9019,7917,7944
5463,6379,6444
9018,7919,7945
5462,6382,6447
9017,7920,7947
5461,6385,6449
9016,7922,7949
5460,6388,6451
9015,7923,7951
5459,6391,6453
9014,7925,7953
5458,6394,6456
9013,7926,7954
5457,6398,6458
9012,7928,7956
5456,6401,6460
9011,7929,7958
5455,6404,6461
9010,7931,7960
5454,6408,6463
9009,7932,7961
5453,6412,6465
9008,7934,7963
5452,6416,6467
9007,7935,7965
5451,6420,6468
9006,7937,7966
5450,6424,6469
9005,7938,7968
5449,6428,6470
9004,7940,7970
5448,6433,6471
9046,7883,7886
9003,7941,7971
5447,6438,6471
9045,7883,7889
9002,7943,7973
5446,6444,6471
9044,7884,7892
9001,7944,7975
5445,6450,6470
9043,7885,7895
9025,7908,7933
9026,7907,7931
9027,7905,7929
9028,7904,7927
9029,7903,7925
9030,7901,7923
9031,7900,7921
9032,7898,7919
9033,7897,7917
9034,7896,7915
9035,7894,7913
9036,7893,7911
9037,7892,7909
9038,7890,7906
9039,7889,7904
9040,7888,7902
9041,7887,7900
9042,7886,7897
8955,8013,8045
8954,8014,8046
8953,8016,8048
8952,8017,8049
8951,8019,8051
8950,8020,8052
8949,8021,8054
8948,8023,8055
8947,8024,8056
8946,8026,8058
8945,8027,8059
8944,8029,8060
8943,8030,8062
8942,8032,8063
8941,8033,8064
8940,8034,8066
8939,8036,8067
8938,8037,8069
8937,8039,8070
8936,8040,8071
8935,8042,8073
8934,8043,8074
8933,8044,8075
8932,8046,8077
8931,8047,8078
8930,8049,8079
8929,8050,8081
8928,8052,8082
8927,8053,8083
8926,8054,8084
8925,8056,8086
8924,8057,8087
8923,8059,8088
8922,8060,8090
8921,8061,8091
8920,8063,8092
8919,8064,8093
8918,8066,8095
8917,8067,8096
8916,8068,8097
8915,8070,8099
8914,8071,8100
8913,8072,8101
8912,8074,8102
8911,8075,8104
8910,8077,8105
8909,8078,8106
8908,8079,8107
8907,8081,8109
8906,8082,8110
8905,8084,8111
8904,8085,8112
8903,8086,8114
8902,8088,8115
8901,8089,8116
8900,8090,8117
8899,8092,8118
8898,8093,8120
8897,8094,8121
8896,8096,8122
8895,8097,8123
8894,8099,8124
8893,8100,8126
8892,8101,8127
8891,8103,8128
8890,8104,8129
8889,8105,8130
8888,8107,8132
8887,8108,8133
8886,8109,8134
8885,8111,8135
8884,8112,8136
8883,8113,8137
8882,8115,8139
8881,8116,8140
8880,8117,8141
8879,8119,8142
8878,8120,8143
8877,8121,8144
8876,8123,8145
8875,8124,8147
8874,8125,8148
8873,8127,8149
8872,8128,8150
8871,8129,8151
8870,8131,8152
8869,8132,8153
8868,8133,8154
8867,8134,8156
8866,8136,8157
8865,8137,8158
8864,8138,8159
8863,8140,8160
8862,8141,8161
8861,8142,8162
8860,8144,8163
8859,8145,8164
8858,8146,8165
8857,8147,8167
8856,8149,8168
8855,8150,8169
8854,8151,8170
8853,8153,8171
8852,8154,8172
8851,8155,8173
8850,8157,8174
8849,8158,8175
8848,8159,8176
