5472,6312,6324
5471,6311,6331
5470,6311,6336
5469,6311,6340
5468,6312,6345
5467,6312,6349
5466,6313,6353
5465,6315,6356
5464,6316,6360
5463,6317,6364
5462,6319,6367
5461,6320,6370
8917,8045,8046
8918,8042,8046
8919,8040,8046
8920,8038,8045
8921,8036,8044
8922,8034,8043
8931,8017,8034
8932,8016,8033
8933,8014,8032
8934,8012,8031
8935,8011,8030
8936,8009,8028
8937,8007,8027
8938,8006,8026
8939,8004,8025
5449,6343,6408
9047,7826,7849
5448,6345,6411
9046,7828,7852
5447,6347,6414
9045,7829,7854
5446,6350,6416
9044,7831,7856
5445,6352,6419
9043,7832,7858
5444,6355,6422
9042,7834,7860
8930,8019,8035
7645,9676,9678
5443,6357,6424
9041,7835,7862
8929,8021,8036
7644,9675,9679
5442,6360,6427
9040,7837,7865
8928,8023,8037
7643,9675,9679
5441,6362,6430
9039,7838,7867
8927,8024,8038
7642,9675,9680
5440,6365,6432
9038,7840,7869
8926,8026,8040
7641,9675,9680
5439,6368,6435
9037,7842,7871
8925,8028,8041
7640,9675,9680
5438,6370,6437
9036,7843,7873
8924,8030,8042
7639,9676,9680
5437,6373,6439
9035,7845,7875
8923,8032,8042
7638,9677,9679
5436,6376,6442
9034,7846,7877
5435,6379,6444
9033,7848,7879
5434,6382,6446
9032,7850,7881
5433,6385,6448
9031,7851,7883
5432,6388,6450
9030,7853,7885
5431,6391,6452
9029,7854,7886
5430,6395,6454
9028,7856,7888
5429,6398,6456
9027,7858,7890
5428,6402,6458
9026,7859,7892
5427,6405,6459
9025,7861,7894
5426,6409,6461
9024,7863,7896
5425,6413,6462
9023,7864,7898
5424,6417,6463
9022,7866,7900
5423,6421,6464
9021,7867,7901
5422,6426,6464
9020,7869,7903
5421,6431,6465
9019,7871,7905
5420,6437,6464
9018,7872,7907
9003,7897,7933
8998,7906,7941
9004,7896,7931
8997,7907,7942
9002,7899,7934
9008,7889,7924
9001,7901,7936
9007,7891,7926
9000,7902,7937
9006,7892,7928
8999,7904,7939
9005,7894,7929
9009,7887,7922
9010,7886,7921
9011,7884,7919
9012,7882,7917
9013,7881,7916
9014,7879,7914
9015,7877,7912
9016,7876,7910
5419,6444,6463
9017,7874,7909
5450,6341,6405
9048,7825,7847
5451,6339,6402
9049,7824,7845
5452,6337,6399
9050,7822,7842
5453,6334,6396
9051,7821,7840
5454,6333,6393
9052,7820,7838
5455,6331,6390
9053,7818,7835
5456,6329,6387
9054,7817,7832
5457,6327,6384
9055,7816,7830
5458,6325,6380
9056,7815,7827
5459,6323,6377
9057,7815,7824
5460,6322,6374
9058,7815,7820
8996,7909,7944
8995,7911,7946
8994,7912,7947
8993,7914,7949
8992,7916,7950
8991,7917,7952
8990,7919,7953
8989,7921,7955
8988,7922,7957
8987,7924,7958
8986,7926,7960
8985,7927,7961
8984,7929,7963
8983,7931,7964
8982,7932,7966
8981,7934,7967
8980,7936,7969
8979,7937,7970
8978,7939,7972
8977,7941,7973
8976,7942,7975
8975,7944,7976
8974,7946,7978
8973,7947,7979
8972,7949,7981
8971,7951,7982
8970,7952,7983
8969,7954,7985
8968,7956,7986
8967,7957,7988
8966,7959,7989
8965,7961,7991
8964,7962,7992
8963,7964,7993
8962,7966,7995
8961,7967,7996
8960,7969,7997
8959,7971,7999
8958,7972,8000
8957,7974,8002
8956,7975,8003
8955,7977,8004
8954,7979,8006
8953,7980,8007
8952,7982,8008
8951,7984,8010
8950,7985,8011
8949,7987,8012
8948,7989,8013
8947,7990,8015
8946,7992,8016
8945,7994,8017
8944,7995,8019
8943,7997,8020
8942,7999,8021
8941,8000,8022
8940,8002,8024
