7434,9717,9718
7435,9716,9719
7436,9715,9720
7437,9715,9721
7438,9715,9721
7439,9715,9722
7444,9718,9721
7443,9717,9721
7442,9716,9722
7441,9716,9722
7440,9715,9722
5809,6775,6798
5810,6763,6801
5811,6754,6802
5812,6746,6801
5813,6739,6799
5814,6732,6797
5815,6726,6795
5816,6719,6792
5817,6714,6789
5818,6708,6786
5819,6703,6782
5820,6698,6779
5821,6693,6775
5822,6688,6771
5823,6683,6767
5824,6679,6763
5825,6674,6759
5826,6670,6754
5827,6666,6750
5828,6662,6746
5829,6658,6741
5830,6654,6737
5831,6650,6732
5832,6646,6728
5833,6643,6723
9669,7286,7410
5834,6639,6719
9670,7282,7407
5835,6636,6714
9671,7277,7404
5836,6632,6709
9686,7286,7301
9661,7336,7426
5851,6591,6636
9685,7271,7321
9660,7344,7427
5850,6593,6642
9672,7274,7401
5837,6629,6705
9673,7270,7397
5838,6626,6700
9674,7267,7393
5839,6623,6695
9675,7264,7389
5840,6619,6691
9676,7262,7384
5841,6616,6686
9677,7260,7380
5842,6613,6681
9678,7258,7374
5843,6611,6676
9679,7257,7369
5844,6608,6671
9680,7257,7363
5845,6605,6667
9681,7257,7357
9682,7259,7350
9683,7261,7342
9658,7363,7426
5848,6597,6652
9684,7265,7332
9659,7353,7427
5849,6595,6647
5847,6600,6657
9657,7373,7424
5846,6602,6662
9656,7387,7419
9662,7329,7425
5852,6589,6631
9663,7322,7424
5853,6587,6626
9664,7315,7422
5854,6585,6620
9665,7308,7420
5855,6584,6614
9666,7302,7418
5856,6583,6608
9667,7297,7416
5857,6583,6601
9668,7291,7413
5858,6586,6591
