7536,9725,9731
9159,5949,5959
7537,9725,9731
9160,5950,5961
7538,9725,9731
9161,5951,5963
7539,9725,9731
9162,5953,5964
7540,9726,9731
9163,5954,5966
7541,9726,9730
9164,5955,5967
7542,9727,9729
9165,5957,5969
9166,5958,5971
9167,5960,5972
9168,5961,5974
9169,5962,5975
9170,5964,5977
9171,5965,5979
9172,5966,5980
9173,5968,5982
9174,5969,5983
9175,5971,5985
9176,5972,5987
9177,5973,5988
9178,5975,5990
9179,5976,5991
9180,5978,5993
9181,5979,5995
9182,5980,5996
9183,5982,5998
9184,5983,6000
9185,5985,6001
9186,5986,6003
9187,5988,6004
9188,5989,6006
9189,5990,6008
9190,5992,6009
9191,5993,6011
9192,5995,6013
9193,5996,6014
9194,5998,6016
9195,5999,6018
9196,6001,6019
9197,6002,6021
9198,6004,6023
9199,6005,6024
9200,6007,6026
9201,6008,6028
9202,6010,6029
9203,6011,6031
9204,6013,6033
9205,6014,6034
9206,6016,6036
9207,6017,6038
9208,6019,6040
9209,6020,6041
9210,6022,6043
9211,6023,6045
9212,6025,6046
9213,6026,6048
9214,6028,6050
9215,6029,6052
9216,6031,6053
9217,6032,6055
9218,6034,6057
9219,6035,6058
9220,6037,6060
9221,6039,6062
9222,6040,6064
9223,6042,6065
9224,6043,6067
9225,6045,6069
9226,6046,6071
9227,6048,6073
9228,6050,6074
9229,6051,6076
9230,6053,6078
9231,6054,6080
9232,6056,6081
9233,6058,6083
9234,6059,6085
9235,6061,6087
9236,6063,6089
9237,6064,6090
9238,6066,6092
9239,6067,6094
9240,6069,6096
9241,6071,6098
9242,6072,6100
9243,6074,6101
9244,6076,6103
9245,6077,6105
9246,6079,6107
9247,6081,6109
9248,6082,6111
9249,6084,6113
9250,6086,6114
9251,6087,6116
9252,6089,6118
9253,6091,6120
9254,6092,6122
9255,6094,6124
9256,6096,6126
9257,6098,6128
9258,6099,6129
9259,6101,6131
9260,6103,6133
9261,6104,6135
9262,6106,6137
9263,6108,6139
9264,6110,6141
9265,6111,6143
9266,6113,6145
9267,6115,6147
9268,6117,6149
9269,6118,6151
9400,6406,6470
9401,6409,6473
9488,6808,6826
9487,6792,6829
9486,6781,6828
9485,6770,6825
9484,6761,6822
9483,6752,6818
9482,6744,6813
9481,6736,6808
9480,6729,6803
9479,6722,6798
9478,6715,6793
9477,6709,6788
9476,6702,6783
9475,6696,6778
9474,6690,6772
9473,6684,6767
9472,6678,6762
9471,6673,6757
9470,6667,6751
9469,6662,6746
9468,6656,6741
9467,6651,6736
9466,6646,6731
9465,6641,6726
9464,6636,6721
9463,6631,6716
9462,6626,6711
9461,6622,6706
9460,6617,6701
9459,6613,6696
9458,6608,6691
9457,6604,6687
9456,6599,6682
9455,6595,6677
9454,6590,6673
9453,6586,6668
9452,6582,6664
9451,6578,6659
9450,6574,6655
9449,6570,6650
9448,6566,6646
9447,6562,6642
9446,6558,6637
9445,6554,6633
9444,6550,6629
9443,6546,6625
9442,6542,6620
9441,6539,6616
9402,6412,6476
9440,6535,6612
9158,5947,5958
7535,8693,8696
7535,9725,9731
9334,6245,6290
9439,6531,6608
9157,5946,5956
7534,8692,8697
7534,9726,9730
9333,6243,6288
9438,6527,6604
9156,5945,5955
7533,8692,8697
7533,9726,9730
9332,6240,6286
9139,5924,5927
7516,8688,8701
9315,6205,6247
9421,6469,6540
9437,6524,6600
9155,5944,5953
7532,8691,8698
7532,9728,9728
9331,6238,6283
9138,5923,5926
7515,8688,8701
9314,6203,6244
9420,6466,6536
9436,6520,6596
9154,5942,5951
7531,8691,8698
9330,6236,6281
9137,5922,5924
7514,8688,8700
9313,6201,6242
9419,6463,6533
9435,6517,6592
9153,5941,5950
7530,8690,8699
9329,6234,6279
9136,5921,5922
7513,8688,8700
9312,6199,6240
9418,6460,6529
9422,6473,6543
9140,5925,5929
7517,8688,8701
9316,6207,6249
9423,6476,6547
9141,5926,5931
7518,8688,8700
9317,6209,6251
9424,6479,6551
9142,5927,5932
7519,8688,8700
9318,6211,6253
9425,6482,6554
9143,5928,5934
7520,8688,8700
9319,6213,6256
9426,6486,6558
9144,5930,5936
7521,8689,8700
9320,6215,6258
9427,6489,6562
9145,5931,5937
7522,8689,8700
9321,6217,6260
9428,6492,6565
9146,5932,5939
7523,8689,8700
9322,6219,6262
9429,6496,6569
9147,5933,5940
7524,8689,8700
9323,6221,6265
7507,8689,8700
9306,6187,6227
9412,6441,6509
9430,6499,6573
9148,5935,5942
7525,8689,8700
9324,6224,6267
7508,8689,8700
9307,6189,6229
9413,6444,6512
9431,6503,6577
9149,5936,5944
7526,8689,8700
9325,6226,6269
7509,8689,8700
9308,6191,6231
9414,6447,6515
9432,6506,6581
9150,5937,5945
7527,8689,8699
9326,6228,6272
7510,8689,8700
9309,6193,6233
9415,6450,6519
9433,6510,6584
9151,5938,5947
7528,8690,8699
9327,6230,6274
7511,8689,8700
9310,6195,6236
9416,6454,6522
9434,6513,6588
9152,5940,5948
7529,8690,8699
9328,6232,6276
7512,8689,8700
9311,6197,6238
9417,6457,6526
9411,6438,6505
7506,8689,8700
9305,6185,6225
9410,6435,6502
7505,8690,8699
9304,6183,6223
9409,6432,6499
7504,8690,8699
9303,6181,6220
9408,6429,6495
7503,8690,8699
9302,6179,6218
9407,6426,6492
7502,8691,8698
9301,6178,6216
9406,6423,6489
7501,8691,8698
9300,6176,6214
9405,6421,6486
7500,8692,8697
9299,6174,6212
9404,6418,6482
7499,8692,8697
9298,6172,6210
9403,6415,6479
7498,8693,8696
9297,6170,6208
9399,6403,6466
9398,6401,6463
9397,6398,6460
9396,6395,6457
9395,6392,6454
9394,6389,6451
9393,6387,6448
9392,6384,6445
9391,6381,6442
9390,6379,6439
9389,6376,6436
9388,6373,6433
9387,6371,6430
9386,6368,6427
9385,6365,6424
9384,6363,6421
9383,6360,6418
9382,6357,6415
9381,6355,6413
9380,6352,6410
9379,6350,6407
9378,6347,6404
9377,6345,6401
9376,6342,6398
9375,6340,6396
9374,6337,6393
9373,6335,6390
9372,6332,6387
9371,6330,6385
9370,6327,6382
9369,6325,6379
9368,6322,6376
9367,6320,6374
9366,6317,6371
9365,6315,6368
9364,6313,6366
9363,6310,6363
9362,6308,6360
9361,6305,6358
9360,6303,6355
9359,6301,6353
9358,6298,6350
9357,6296,6347
9356,6294,6345
9355,6291,6342
9354,6289,6340
9353,6287,6337
9352,6285,6335
9351,6282,6332
9350,6280,6329
9349,6278,6327
9348,6275,6324
9347,6273,6322
9346,6271,6319
9345,6269,6317
9344,6266,6315
9343,6264,6312
9342,6262,6310
9341,6260,6307
9340,6258,6305
9339,6255,6302
9338,6253,6300
9337,6251,6298
9336,6249,6295
9335,6247,6293
9296,6168,6205
9295,6166,6203
9294,6164,6201
9293,6162,6199
9292,6160,6197
9291,6158,6195
9290,6157,6193
9289,6155,6191
9288,6153,6189
9287,6151,6187
9286,6149,6185
9285,6147,6183
9284,6145,6181
9283,6144,6179
9282,6142,6177
9281,6140,6175
9280,6138,6173
9279,6136,6171
9278,6135,6168
9277,6133,6166
9276,6131,6165
9275,6129,6163
9274,6127,6161
9273,6126,6159
9272,6124,6157
9271,6122,6155
9270,6120,6153
