9628,7297,7385
9629,7286,7384
9630,7277,7384
9631,7268,7382
9632,7259,7380
9633,7251,7378
9634,7244,7376
9635,7236,7373
9636,7230,7371
9637,7223,7367
9638,7218,7364
9639,7212,7360
9653,7213,7263
9652,7204,7278
9651,7198,7289
9650,7194,7299
9649,7192,7307
9648,7191,7314
9647,7190,7321
9646,7191,7327
9645,7192,7333
9644,7194,7338
9643,7196,7343
9642,7200,7348
9641,7203,7352
9640,7208,7356
5769,6845,6850
5770,6822,6862
5771,6810,6864
5772,6799,6863
5773,6790,6862
5774,6782,6859
5775,6774,6856
5776,6766,6853
5777,6759,6849
5778,6753,6845
5779,6746,6841
5780,6740,6836
5781,6734,6831
5782,6729,6827
5783,6723,6822
5784,6718,6817
5785,6713,6811
5786,6708,6806
5787,6703,6801
5788,6698,6796
5789,6693,6791
5790,6688,6785
5791,6684,6780
5792,6680,6775
5793,6675,6770
5827,6576,6587
5826,6576,6595
5825,6576,6601
5824,6578,6607
5823,6579,6613
5822,6581,6619
5821,6583,6624
5820,6586,6630
5819,6588,6635
5818,6590,6640
5817,6593,6645
5816,6596,6650
5815,6598,6656
5814,6601,6661
5813,6604,6666
5812,6607,6671
5811,6610,6676
5810,6613,6681
5809,6616,6686
5808,6619,6691
5807,6622,6697
5806,6626,6702
5805,6629,6707
5804,6633,6712
5803,6636,6717
5802,6640,6722
5801,6643,6728
5800,6647,6733
5799,6651,6738
5798,6655,6743
5797,6659,6749
5796,6663,6754
5795,6667,6759
5794,6671,6764
6722,8663,8685
6721,8663,8685
6720,8662,8685
6719,8662,8684
6718,8661,8684
6717,8661,8684
6716,8661,8683
6715,8660,8683
6714,8660,8683
6713,8659,8682
6712,8659,8682
6711,8659,8681
6710,8658,8681
6709,8658,8681
6708,8657,8680
7109,8732,8733
7110,8731,8733
7111,8730,8734
7112,8730,8734
7113,8730,8735
7114,8729,8735
7115,8729,8735
7116,8729,8735
7117,8728,8736
7118,8728,8736
7119,8728,8736
7120,8728,8736
7121,8728,8736
7122,8727,8737
7123,8727,8737
7124,8727,8737
7125,8727,8737
7126,8727,8737
7127,8727,8737
7128,8726,8738
7129,8726,8738
7130,8726,8738
7131,8726,8738
7132,8726,8738
7133,8726,8738
7134,8726,8738
7135,8726,8738
7136,8726,8738
7137,8725,8738
7138,8725,8739
7139,8725,8739
7140,8725,8739
7141,8725,8739
7142,8725,8739
7143,8725,8739
7144,8725,8739
7145,8725,8739
7146,8725,8739
7147,8725,8739
7148,8725,8739
7149,8724,8739
7150,8724,8739
6655,8637,8656
7196,8725,8737
7453,9722,9724
6682,8647,8670
6654,8637,8656
7195,8725,8737
6681,8647,8669
6653,8637,8655
7194,8725,8737
6680,8647,8669
6652,8636,8655
7193,8725,8737
6679,8646,8668
6651,8636,8654
7192,8725,8737
6678,8646,8668
6650,8635,8653
7191,8725,8737
6677,8645,8667
6649,8635,8653
7190,8725,8738
6676,8645,8667
6648,8635,8652
7189,8725,8738
6675,8645,8666
6647,8634,8652
7188,8724,8738
6674,8644,8666
6646,8634,8651
7187,8724,8738
6673,8644,8665
6645,8634,8651
7186,8724,8738
6672,8644,8665
6644,8633,8650
7185,8724,8738
6671,8643,8664
6643,8633,8649
7184,8724,8738
6670,8643,8664
6642,8633,8649
7183,8724,8738
6669,8642,8663
6641,8632,8648
7182,8724,8739
6640,8632,8647
7181,8724,8739
6627,8628,8639
7168,8724,8739
6628,8629,8639
7169,8724,8739
6629,8629,8640
7170,8724,8739
6630,8629,8641
7171,8724,8739
6631,8629,8642
7172,8724,8739
6632,8630,8642
7173,8724,8739
6633,8630,8643
7174,8724,8739
6634,8630,8644
7175,8724,8739
6635,8630,8644
7176,8724,8739
6636,8631,8645
7177,8724,8739
6637,8631,8646
7178,8724,8739
6638,8631,8646
7179,8724,8739
6639,8632,8647
7180,8724,8739
6656,8638,8657
7197,8726,8736
7454,9721,9725
6683,8648,8670
6657,8638,8657
7198,8726,8736
7455,9721,9726
6684,8648,8670
6658,8638,8658
7199,8726,8736
7456,9721,9727
6685,8649,8671
6659,8639,8658
7200,8726,8736
7457,9721,9727
6686,8649,8671
6660,8639,8659
7201,8726,8735
7458,9721,9727
6687,8649,8672
6661,8639,8659
7202,8727,8735
7459,9721,9727
6688,8650,8672
6662,8640,8660
7203,8727,8735
9624,7357,7367
7460,9721,9727
6689,8650,8673
6663,8640,8660
7204,8727,8735
9625,7334,7379
7461,9722,9727
6690,8650,8673
6664,8641,8661
7205,8727,8734
9626,7320,7383
7462,9722,9727
6691,8651,8674
6665,8641,8661
7206,8728,8734
9627,7308,7384
7463,9724,9726
6692,8651,8674
6666,8641,8662
7207,8728,8733
6693,8652,8674
6667,8642,8662
7208,8729,8733
6694,8652,8675
6668,8642,8663
7209,8730,8732
6695,8652,8675
6626,8628,8638
7167,8724,8739
6625,8628,8637
7166,8724,8739
6624,8628,8636
7165,8724,8739
6623,8628,8635
7164,8724,8739
6622,8627,8635
7163,8724,8739
6621,8627,8634
7162,8724,8739
6620,8627,8633
7161,8724,8739
6619,8627,8632
7160,8724,8739
6618,8628,8630
7159,8724,8739
7158,8724,8739
7157,8724,8739
7156,8724,8739
7155,8724,8739
7154,8724,8739
7153,8724,8739
7152,8724,8739
7151,8724,8739
6723,8663,8686
6724,8664,8686
6725,8664,8686
6726,8664,8687
6727,8665,8687
6728,8665,8687
6729,8666,8688
6730,8666,8688
6731,8666,8688
6732,8667,8689
6733,8667,8689
6734,8668,8689
6735,8668,8689
6736,8668,8690
6737,8669,8690
6738,8669,8690
6739,8670,8691
6740,8670,8691
6741,8670,8691
6742,8671,8692
6743,8671,8692
6744,8672,8692
6745,8672,8692
6746,8672,8693
6747,8673,8693
6748,8673,8693
6749,8674,8693
6750,8674,8694
6751,8674,8694
6752,8675,8694
6753,8675,8695
6754,8675,8695
6755,8676,8695
6756,8676,8695
6757,8677,8696
6758,8677,8696
6759,8677,8696
6760,8678,8696
6761,8678,8696
6762,8679,8697
6763,8679,8697
6764,8679,8697
6765,8680,8697
6766,8680,8698
6767,8681,8698
6768,8681,8698
6769,8681,8698
6770,8682,8698
6771,8682,8699
6772,8683,8699
6773,8683,8699
6774,8683,8699
6775,8684,8699
6776,8684,8700
6777,8685,8700
6778,8685,8700
6779,8686,8700
6780,8686,8700
6781,8686,8700
6782,8687,8700
6783,8687,8701
6784,8688,8701
6785,8688,8701
6786,8689,8701
6787,8689,8701
6788,8689,8701
6789,8690,8701
6790,8690,8702
6791,8691,8702
6792,8691,8702
6793,8692,8702
6794,8692,8702
6795,8693,8702
6796,8693,8702
6797,8694,8702
6798,8694,8702
6799,8695,8702
6800,8695,8702
6801,8696,8702
6802,8696,8702
6803,8697,8702
6804,8698,8702
6805,8698,8701
6806,8699,8701
6707,8657,8680
6706,8657,8680
6705,8656,8679
6704,8656,8679
6703,8656,8678
6702,8655,8678
6701,8655,8678
6700,8654,8677
6699,8654,8677
6698,8654,8676
6697,8653,8676
6696,8653,8676
