9708,7368,7466
9709,7363,7465
9710,7359,7463
9711,7354,7460
9712,7350,7458
9713,7346,7455
9714,7343,7453
9729,7341,7370
9728,7333,7383
9727,7329,7392
9726,7327,7400
9725,7325,7406
9724,7325,7412
9723,7325,7418
9722,7325,7423
9721,7326,7427
5886,6608,6666
5885,6610,6671
9720,7328,7432
5879,6627,6697
9699,7435,7463
5889,6601,6652
7413,9705,9711
9702,7406,7471
5892,6596,6637
7416,9705,9712
5882,6618,6684
9717,7334,7443
5880,6624,6693
9700,7423,7468
5890,6599,6647
7414,9705,9711
9715,7340,7450
9703,7398,7471
5893,6594,6631
7417,9705,9712
5883,6615,6680
9718,7331,7440
5881,6621,6688
9701,7414,7470
5891,6597,6642
7415,9705,9712
9716,7337,7447
5884,6613,6675
9719,7329,7436
5878,6630,6701
5888,6603,6657
7412,9705,9710
5887,6605,6662
7411,9706,9709
5877,6633,6705
5876,6636,6709
9704,7391,7471
7418,9706,9712
5894,6593,6626
9705,7385,7470
7419,9707,9712
5895,6593,6620
9706,7379,7469
7420,9707,9711
5896,6593,6613
9707,7374,7468
7421,9709,9710
5897,6595,6603
5875,6640,6713
5874,6643,6717
5873,6647,6720
5872,6650,6724
5871,6654,6728
5870,6658,6731
5869,6662,6734
5868,6666,6738
5867,6670,6741
5866,6675,6744
5865,6679,6746
5864,6684,6749
5863,6689,6751
5862,6695,6754
5861,6700,6755
5860,6706,6757
5859,6713,6758
5858,6720,6758
5857,6729,6757
5856,6742,6750
