9608,7318,7346
9609,7297,7354
9610,7282,7357
9611,7269,7358
9612,7256,7358
9613,7245,7357
9614,7234,7356
9615,7223,7355
9616,7214,7352
9617,7204,7350
9618,7196,7347
9619,7188,7344
9620,7180,7341
9621,7174,7338
9622,7168,7334
9623,7162,7330
9626,7151,7316
9625,7154,7321
9624,7158,7325
5747,6875,6911
5748,6857,6917
5749,6844,6918
5750,6832,6917
5751,6822,6915
5752,6813,6912
5753,6804,6908
5754,6796,6903
5755,6789,6898
5756,6781,6893
5757,6774,6887
5758,6768,6881
5759,6761,6876
5760,6755,6870
5761,6749,6863
5762,6743,6857
5763,6737,6851
5764,6732,6845
5765,6726,6839
5766,6721,6832
5767,6716,6826
5768,6711,6820
5769,6706,6814
5770,6701,6808
5771,6696,6802
5772,6692,6796
5810,6572,6584
5809,6572,6591
5808,6573,6598
5807,6575,6604
5806,6577,6609
5805,6579,6615
5804,6581,6620
5803,6583,6626
5802,6586,6631
5801,6588,6636
5800,6591,6641
5799,6594,6647
5798,6596,6652
5797,6599,6657
5796,6602,6662
5795,6605,6667
5794,6608,6673
5793,6611,6678
5792,6615,6683
5791,6618,6689
5790,6621,6694
5789,6625,6699
5788,6628,6705
5787,6632,6710
5786,6635,6715
5785,6639,6721
5784,6642,6726
5783,6646,6732
5782,6650,6737
5781,6654,6743
5780,6658,6749
5779,6662,6754
5778,6666,6760
5777,6670,6766
5776,6674,6772
5775,6678,6778
5774,6683,6784
5773,6687,6790
6451,8532,8534
6452,8532,8535
6453,8532,8537
6454,8532,8538
6455,8532,8539
6456,8533,8540
6457,8533,8541
6564,8592,8616
6563,8592,8616
6562,8591,8615
6561,8590,8614
6560,8590,8614
6559,8589,8613
6558,8589,8613
6557,8588,8612
6556,8588,8612
6555,8587,8611
6554,8586,8611
6553,8586,8610
6552,8585,8610
6551,8585,8609
6550,8584,8609
6549,8583,8608
6548,8583,8607
6547,8582,8607
6546,8582,8606
6565,8593,8617
7200,8726,8727
6566,8593,8617
7201,8725,8728
6567,8594,8618
7202,8724,8729
6568,8595,8618
7203,8724,8729
6569,8595,8619
7204,8723,8730
6570,8596,8619
7205,8723,8730
6571,8596,8620
7206,8723,8730
9627,7148,7310
7463,9724,9727
6572,8597,8620
7207,8722,8731
9628,7147,7304
7464,9724,9728
6573,8598,8621
7208,8722,8731
9629,7146,7298
7465,9723,9728
6574,8598,8621
7209,8722,8731
9630,7146,7292
7466,9723,9729
7265,8722,8728
6494,8552,8573
7264,8722,8728
6493,8551,8572
7263,8721,8729
6492,8551,8571
7262,8721,8729
6491,8550,8570
7261,8721,8729
6490,8549,8570
7260,8720,8730
6489,8549,8569
7259,8720,8730
6488,8548,8568
7258,8720,8730
6487,8548,8567
7257,8720,8730
6486,8547,8567
7256,8720,8731
6485,8547,8566
7255,8719,8731
6484,8546,8565
7254,8719,8731
6483,8546,8564
7253,8719,8731
6482,8545,8563
7252,8719,8731
6481,8545,8563
7251,8719,8732
6480,8544,8562
7250,8719,8732
6479,8543,8561
7237,8718,8733
6466,8537,8550
7238,8718,8733
6467,8537,8551
7239,8718,8733
6468,8538,8552
7240,8718,8733
6469,8538,8553
7241,8718,8733
6470,8539,8554
7242,8718,8733
6471,8539,8554
7243,8719,8733
6472,8540,8555
7244,8719,8732
6473,8540,8556
7245,8719,8732
6474,8541,8557
7246,8719,8732
6475,8541,8558
7247,8719,8732
6476,8542,8559
7248,8719,8732
6477,8542,8559
7249,8719,8732
6478,8543,8560
7266,8723,8727
6495,8552,8573
7267,8723,8726
6496,8553,8574
7268,8725,8725
6497,8553,8575
7236,8718,8733
6465,8536,8549
7235,8719,8733
6464,8536,8548
7234,8719,8733
6463,8535,8547
7233,8719,8733
6462,8535,8546
7232,8719,8733
6461,8535,8545
7231,8719,8733
6460,8534,8544
7230,8719,8733
6459,8534,8543
7229,8719,8733
6458,8533,8542
7228,8719,8733
6592,8609,8629
7227,8719,8733
6591,8608,8629
7226,8719,8733
6590,8608,8628
7225,8719,8733
6589,8607,8628
7224,8719,8733
6588,8606,8628
7223,8719,8733
6587,8606,8627
7222,8719,8733
6586,8605,8627
7221,8720,8733
6585,8605,8626
7220,8720,8733
6584,8604,8626
7473,9726,9728
7216,8720,8732
7219,8720,8732
6583,8603,8625
9636,7179,7226
7472,9725,9729
7215,8720,8732
7218,8720,8732
6582,8603,8625
9635,7166,7244
7471,9724,9729
7214,8721,8732
7217,8720,8732
6581,8602,8624
9634,7158,7257
7470,9723,9729
7213,8721,8732
6580,8602,8624
9633,7153,7267
7469,9723,9729
7212,8721,8732
6579,8601,8623
9632,7150,7276
7468,9723,9729
7211,8721,8731
6578,8601,8623
9631,7147,7284
7467,9723,9729
7210,8721,8731
6577,8600,8623
6576,8599,8622
6575,8599,8622
6593,8609,8630
6594,8610,8630
6595,8611,8631
6596,8611,8631
6597,8612,8631
6598,8613,8632
6599,8613,8632
6600,8614,8633
6601,8614,8633
6602,8615,8633
6603,8616,8634
6604,8616,8634
6605,8617,8634
6606,8618,8635
6607,8618,8635
6608,8619,8636
6609,8619,8636
6610,8620,8636
6611,8621,8637
6612,8621,8637
6613,8622,8637
6614,8623,8638
6615,8623,8638
6616,8624,8638
6617,8625,8638
6618,8625,8639
6619,8626,8639
6620,8627,8639
6621,8627,8640
6622,8628,8640
6623,8629,8640
6624,8630,8640
6625,8630,8640
6626,8631,8641
6627,8632,8641
6628,8633,8641
6629,8633,8641
6630,8634,8641
6631,8635,8641
6632,8636,8641
6633,8637,8641
6634,8639,8641
6545,8581,8606
6544,8581,8605
6543,8580,8605
6542,8579,8604
6541,8579,8603
6540,8578,8603
6539,8578,8602
6538,8577,8602
6537,8576,8601
6536,8576,8600
6535,8575,8600
6534,8575,8599
6533,8574,8599
6532,8574,8598
6531,8573,8597
6530,8572,8597
6529,8572,8596
6528,8571,8596
6527,8571,8595
6526,8570,8594
6525,8569,8594
6524,8569,8593
6523,8568,8592
6522,8568,8592
6521,8567,8591
6520,8567,8590
6519,8566,8590
6518,8565,8589
6517,8565,8588
6516,8564,8588
6515,8564,8587
6514,8563,8587
6513,8563,8586
6512,8562,8585
6511,8561,8584
6510,8561,8584
6509,8560,8583
6508,8560,8582
6507,8559,8582
6506,8559,8581
6505,8558,8580
6504,8557,8580
6503,8557,8579
6502,8556,8578
6501,8556,8578
6500,8555,8577
6499,8555,8576
6498,8554,8575
