9699,7349,7454
9700,7344,7452
9701,7340,7449
9719,7333,7350
9718,7321,7366
9717,7316,7377
9716,7313,7385
9715,7311,7392
9714,7310,7398
9713,7310,7404
5878,6603,6659
5877,6606,6664
5876,6608,6668
5875,6611,6673
5874,6613,6678
5873,6616,6682
5872,6619,6686
5871,6622,6691
5870,6625,6695
5869,6628,6699
5868,6631,6704
5867,6634,6708
9708,7316,7427
7422,9708,9714
9698,7354,7456
5888,6594,6599
9709,7314,7423
7423,9708,9715
9710,7313,7419
7424,9709,9714
9711,7311,7414
7425,9710,9714
5865,6641,6716
9712,7311,7410
7426,9711,9713
5866,6638,6712
9707,7319,7431
7421,9708,9714
9697,7359,7458
5887,6591,6609
9706,7322,7435
7420,9708,9714
9696,7365,7459
5886,6590,6616
9692,7392,7461
5882,6595,6639
9702,7336,7447
7416,9709,9711
9705,7325,7438
7419,9708,9714
9695,7371,7460
5885,6591,6623
9691,7400,7461
5881,6597,6644
9704,7328,7441
7418,9708,9713
9694,7378,7461
5884,6592,6628
9690,7409,7459
5880,6599,6649
9703,7332,7444
7417,9708,9712
9693,7385,7461
5883,6593,6634
9689,7420,7455
5879,6601,6654
5864,6644,6720
5863,6648,6724
5862,6652,6728
5861,6656,6731
5860,6660,6735
5859,6664,6739
5858,6668,6742
5857,6672,6745
5856,6677,6748
5855,6681,6752
5854,6686,6754
5853,6691,6757
5852,6696,6760
5851,6702,6762
5850,6708,6764
5849,6714,6765
5848,6721,6766
5847,6729,6766
5846,6738,6764
