5690,6516,6520
5691,6511,6518
5692,6506,6516
5693,6502,6513
5694,6498,6510
5695,6494,6508
5696,6490,6505
5697,6486,6502
5698,6482,6499
5699,6479,6496
5700,6475,6493
5701,6471,6491
5702,6468,6488
5703,6464,6485
5704,6461,6482
5705,6457,6479
5706,6454,6476
5707,6451,6473
5708,6447,6470
5709,6444,6467
5710,6441,6465
5711,6437,6462
5712,6434,6459
5713,6431,6456
5714,6428,6453
5715,6425,6450
5716,6422,6447
5717,6418,6445
5718,6415,6442
5719,6412,6439
5720,6409,6436
5721,6406,6433
5722,6403,6431
5723,6400,6428
5724,6397,6425
5725,6394,6422
5726,6391,6420
5727,6389,6417
5728,6386,6414
5729,6383,6411
5730,6380,6409
5731,6377,6406
5732,6374,6403
5733,6371,6401
5734,6369,6398
5735,6366,6395
5736,6363,6393
5737,6360,6390
5738,6358,6387
5739,6355,6385
5740,6352,6382
5741,6349,6380
5742,6347,6377
5743,6344,6374
5744,6341,6372
5745,6339,6369
5746,6336,6367
5747,6334,6364
5748,6331,6362
5749,6328,6359
5750,6326,6357
5751,6323,6354
5752,6321,6352
5753,6318,6349
5754,6316,6347
5755,6313,6344
5756,6311,6342
5757,6308,6339
5758,6306,6337
5759,6303,6334
5760,6301,6332
5761,6298,6330
5762,6296,6327
5763,6293,6325
5764,6291,6322
5765,6288,6320
5766,6286,6318
5767,6284,6315
5768,6281,6313
5769,6279,6310
5770,6277,6308
5771,6274,6306
5772,6272,6303
5773,6269,6301
5774,6267,6299
5775,6265,6296
5776,6263,6294
5777,6260,6292
5778,6258,6290
5779,6256,6287
5780,6253,6285
5781,6251,6283
5782,6249,6281
5783,6247,6278
5784,6244,6276
5785,6242,6274
5786,6240,6272
5787,6238,6269
5788,6235,6267
5789,6233,6265
5790,6231,6263
5791,6229,6261
5792,6227,6258
5793,6224,6256
5794,6222,6254
5795,6220,6252
5796,6218,6250
5797,6216,6248
5798,6214,6245
5799,6212,6243
5800,6209,6241
5801,6207,6239
5802,6205,6237
5803,6203,6235
5804,6201,6233
5805,6199,6231
5806,6197,6228
5807,6195,6226
5808,6193,6224
5809,6191,6222
5810,6189,6220
5811,6187,6218
5812,6184,6216
5813,6182,6214
5814,6180,6212
5815,6178,6210
5816,6176,6208
5817,6174,6206
5818,6172,6204
5819,6170,6202
5820,6168,6200
5821,6166,6198
5822,6164,6196
5823,6162,6194
5824,6160,6192
5825,6158,6190
5826,6156,6188
5827,6155,6186
5828,6153,6184
5829,6151,6182
5830,6149,6180
5831,6147,6178
5832,6145,6176
5833,6143,6174
5834,6141,6172
5835,6139,6170
5836,6137,6168
5837,6135,6166
5838,6133,6164
5839,6132,6163
5840,6130,6161
5841,6128,6159
5842,6126,6157
5843,6124,6155
5844,6122,6153
5845,6120,6151
5846,6118,6149
5847,6117,6147
5848,6115,6146
5849,6113,6144
5850,6111,6142
5851,6109,6140
5852,6107,6138
5853,6106,6136
5854,6104,6134
5855,6102,6133
5856,6100,6131
5857,6098,6129
5858,6097,6127
5859,6095,6125
5860,6093,6124
5861,6091,6122
5862,6089,6120
5863,6088,6118
5864,6086,6116
8797,5561,5561
6440,5455,5474
8798,5561,5562
6441,5454,5473
8799,5562,5563
6442,5453,5472
8800,5563,5564
6443,5452,5472
8801,5564,5565
6444,5452,5471
8802,5564,5566
6445,5451,5470
8803,5565,5567
6446,5450,5469
8804,5566,5568
6447,5450,5469
8805,5567,5569
6448,5449,5468
8806,5567,5570
6449,5448,5467
8807,5568,5571
6450,5448,5467
8808,5569,5572
6451,5447,5466
8809,5570,5572
6452,5446,5465
8810,5571,5573
6453,5446,5465
8811,5571,5574
6454,5445,5464
8812,5572,5575
6455,5444,5463
8813,5573,5576
6456,5444,5462
8814,5574,5577
6457,5443,5462
8815,5574,5578
6458,5442,5461
8816,5575,5579
6459,5441,5460
8817,5576,5580
6460,5441,5460
8818,5577,5581
6461,5440,5459
8819,5578,5582
6462,5439,5458
8820,5578,5583
6463,5439,5458
8821,5579,5583
6464,5438,5457
8822,5580,5584
6465,5437,5456
8823,5581,5585
6466,5437,5456
8824,5582,5586
6467,5436,5455
8825,5583,5587
6468,5435,5454
8826,5583,5588
6469,5435,5454
8827,5584,5589
6470,5434,5453
8828,5585,5590
6471,5433,5452
8829,5586,5591
6472,5433,5451
8830,5587,5592
6473,5432,5451
8831,5587,5593
6474,5431,5450
8832,5588,5593
6475,5431,5449
8833,5589,5594
6476,5430,5449
8834,5590,5595
6477,5429,5448
8835,5591,5596
6478,5429,5447
8836,5592,5597
6479,5428,5447
8837,5592,5598
6480,5427,5446
8838,5593,5599
6481,5427,5445
8839,5594,5600
6482,5426,5445
8840,5595,5601
6483,5425,5444
8841,5596,5602
6484,5425,5443
8842,5597,5603
6485,5424,5443
8843,5597,5604
6486,5424,5442
8844,5598,5605
6487,5423,5441
8845,5599,5606
6488,5422,5441
8846,5600,5606
6489,5422,5440
8847,5601,5607
6490,5421,5439
8848,5602,5608
6491,5420,5439
8849,5603,5609
6492,5420,5438
8850,5603,5610
6493,5419,5437
8851,5604,5611
6494,5418,5437
8852,5605,5612
6495,5418,5436
8853,5606,5613
6496,5417,5435
8854,5607,5614
6497,5416,5435
8855,5608,5615
6498,5416,5434
8856,5609,5616
6499,5415,5433
8857,5609,5617
6500,5414,5433
8858,5610,5618
6501,5414,5432
8859,5611,5619
6502,5413,5432
8860,5612,5620
6503,5413,5431
8861,5613,5621
6504,5412,5430
8862,5614,5621
6505,5411,5430
8863,5615,5622
6506,5411,5429
8864,5616,5623
6507,5410,5428
8865,5616,5624
6508,5409,5428
8866,5617,5625
6509,5409,5427
8867,5618,5626
6510,5408,5426
8868,5619,5627
6511,5407,5426
8869,5620,5628
6512,5407,5425
8870,5621,5629
6513,5406,5424
8871,5622,5630
6514,5406,5424
8872,5623,5631
6515,5405,5423
8873,5624,5632
6516,5404,5422
8874,5624,5633
6517,5404,5422
8875,5625,5634
6518,5403,5421
8876,5626,5635
6519,5402,5421
8877,5627,5636
6520,5402,5420
8878,5628,5637
6521,5401,5419
8879,5629,5638
6522,5401,5419
8880,5630,5639
6523,5400,5418
8881,5631,5640
6524,5399,5417
8882,5632,5641
6525,5399,5417
8883,5632,5642
6526,5398,5416
8884,5633,5643
6527,5397,5415
8885,5634,5644
6528,5397,5415
8886,5635,5645
6529,5396,5414
8887,5636,5646
6530,5396,5414
8888,5637,5647
6531,5395,5413
8889,5638,5648
6532,5394,5412
8890,5639,5649
6533,5394,5412
8891,5640,5649
6534,5393,5411
8892,5641,5650
6535,5393,5410
8893,5642,5651
6536,5392,5410
8894,5643,5652
6537,5391,5409
8895,5643,5653
6538,5391,5409
8896,5644,5654
6539,5390,5408
8897,5645,5655
6540,5389,5407
8898,5646,5656
6541,5389,5407
8899,5647,5657
6542,5388,5406
8900,5648,5658
6543,5388,5405
8901,5649,5659
6544,5387,5405
8902,5650,5660
6545,5386,5404
8903,5651,5661
6546,5386,5404
8904,5652,5662
6547,5385,5403
8905,5653,5663
6548,5385,5402
8906,5654,5664
6549,5384,5402
8907,5655,5665
6550,5383,5401
8908,5656,5666
6551,5383,5401
8909,5656,5667
6552,5382,5400
8910,5657,5668
6553,5382,5399
8911,5658,5669
6554,5381,5399
8912,5659,5670
6555,5380,5398
8913,5660,5671
6556,5380,5398
8914,5661,5672
6557,5379,5397
8915,5662,5673
6558,5379,5396
8916,5663,5675
6559,5378,5396
8917,5664,5676
6560,5377,5395
8918,5665,5677
6561,5377,5394
8919,5666,5678
6562,5376,5394
8920,5667,5679
6563,5376,5393
8921,5668,5680
6564,5375,5393
8922,5669,5681
6565,5375,5392
8923,5670,5682
6566,5374,5391
8924,5671,5683
6567,5373,5391
8925,5672,5684
6568,5373,5390
8926,5673,5685
6569,5372,5390
8927,5674,5686
6570,5372,5389
8928,5675,5687
6571,5371,5389
8929,5676,5688
6572,5370,5388
8930,5677,5689
6573,5370,5387
8931,5678,5690
6574,5369,5387
8932,5678,5691
6575,5369,5386
8933,5679,5692
6576,5368,5386
8934,5680,5693
6577,5368,5385
8935,5681,5694
6578,5367,5384
8936,5682,5695
6579,5366,5384
8937,5683,5696
6580,5366,5383
8938,5684,5697
6581,5365,5383
8939,5685,5698
6582,5365,5382
8940,5686,5699
6583,5364,5381
8941,5687,5700
6584,5364,5381
8942,5688,5701
6585,5363,5380
8943,5689,5702
6586,5362,5380
8944,5690,5704
6587,5362,5379
8945,5691,5705
6588,5361,5379
8946,5692,5706
6589,5361,5378
8947,5693,5707
6590,5360,5377
8948,5694,5708
6591,5360,5377
8949,5695,5709
6592,5359,5376
8950,5696,5710
6593,5358,5376
8951,5697,5711
6594,5358,5375
8952,5698,5712
6595,5357,5374
8953,5699,5713
6596,5357,5374
8954,5700,5714
6597,5356,5373
8955,5701,5715
6598,5356,5373
8956,5702,5716
6599,5355,5372
8957,5703,5717
6600,5354,5372
8958,5704,5719
6601,5354,5371
8959,5705,5720
6602,5353,5370
8960,5706,5721
6603,5353,5370
8961,5707,5722
6604,5352,5369
8962,5708,5723
6605,5352,5369
8963,5709,5724
6606,5351,5368
8964,5710,5725
6607,5351,5368
8965,5711,5726
6608,5350,5367
8966,5712,5727
6609,5349,5366
8967,5714,5728
6610,5349,5366
8968,5715,5729
6611,5348,5365
8969,5716,5730
6612,5348,5365
8970,5717,5732
6613,5347,5364
7037,5176,5188
9394,6403,6463
9255,6097,6136
6898,5220,5233
7038,5176,5188
9395,6406,6467
9256,6099,6138
6899,5219,5233
7039,5176,5187
9396,6409,6470
9257,6101,6140
6900,5219,5232
7040,5176,5187
9397,6412,6473
9258,6102,6142
6901,5219,5232
7041,5175,5187
9398,6415,6476
9259,6104,6144
6902,5218,5232
7042,5175,5187
9399,6418,6479
9260,6106,6146
6903,5218,5231
7043,5175,5186
9400,6420,6482
9261,6108,6147
6904,5218,5231
7044,5174,5186
9401,6423,6485
9262,6109,6149
6905,5217,5231
7045,5174,5186
9402,6426,6488
9263,6111,6151
6906,5217,5230
7046,5174,5185
9403,6429,6492
9264,6113,6153
6907,5216,5230
7047,5174,5185
9404,6433,6495
9265,6115,6155
6908,5216,5229
7048,5173,5185
9405,6436,6498
9266,6117,6157
6909,5216,5229
7049,5173,5185
9406,6439,6501
9267,6118,6159
6910,5215,5229
7050,5173,5184
9407,6442,6505
9268,6120,6161
6911,5215,5228
7051,5173,5184
9408,6445,6508
9269,6122,6163
6912,5215,5228
7052,5172,5184
9409,6448,6511
9270,6124,6165
6913,5214,5228
7053,5172,5183
9410,6451,6515
9271,6126,6167
6914,5214,5227
7054,5172,5183
9411,6454,6518
9272,6128,6169
6915,5214,5227
7055,5172,5183
9412,6457,6521
9273,6129,6171
6916,5213,5227
7056,5171,5183
9413,6461,6525
9274,6131,6173
6917,5213,5226
7057,5171,5182
9414,6464,6528
9275,6133,6175
6918,5213,5226
7058,5171,5182
9415,6467,6532
9276,6135,6177
6919,5212,5226
7059,5171,5182
9416,6470,6535
9277,6137,6179
6920,5212,5225
7060,5170,5182
9417,6474,6538
9278,6139,6181
6921,5212,5225
7061,5170,5181
9418,6477,6542
9279,6141,6183
6922,5211,5224
7062,5170,5181
9419,6480,6545
9280,6142,6185
6923,5211,5224
7063,5169,5181
9420,6484,6549
9281,6144,6187
6924,5211,5224
7064,5169,5181
9421,6487,6553
9282,6146,6189
6925,5210,5223
7065,5169,5180
9422,6491,6556
9283,6148,6191
6926,5210,5223
7066,5169,5180
9423,6494,6560
9284,6150,6193
6927,5210,5223
7067,5168,5180
9424,6498,6563
9285,6152,6195
6928,5209,5222
7068,5168,5179
9425,6501,6567
9286,6154,6197
6929,5209,5222
7069,5168,5179
9426,6505,6571
9287,6156,6199
6930,5209,5222
7070,5168,5179
9427,6508,6574
9288,6158,6201
6931,5208,5221
7071,5167,5179
9428,6512,6578
9289,6160,6203
6932,5208,5221
7072,5167,5178
9429,6515,6582
9290,6161,6205
6933,5208,5221
7073,5167,5178
9430,6519,6586
9291,6163,6207
6934,5207,5220
7074,5167,5178
9431,6523,6589
9292,6165,6209
6935,5207,5220
7075,5166,5178
9432,6527,6593
9293,6167,6211
6936,5207,5220
7076,5166,5177
9433,6530,6597
9294,6169,6213
6937,5206,5219
7077,5166,5177
9434,6534,6601
9295,6171,6215
6938,5206,5219
7078,5166,5177
9435,6538,6605
9296,6173,6217
6939,5206,5219
7079,5165,5177
9436,6542,6609
9297,6175,6220
6940,5205,5218
7080,5165,5176
9437,6546,6613
9298,6177,6222
6941,5205,5218
7081,5165,5176
9438,6550,6617
9299,6179,6224
6942,5205,5218
7082,5165,5176
9439,6554,6621
9300,6181,6226
6943,5204,5217
7083,5165,5176
9440,6558,6625
9301,6183,6228
6944,5204,5217
7084,5164,5175
9441,6562,6629
9302,6185,6230
6945,5204,5217
7085,5164,5175
9442,6566,6633
9303,6187,6232
6946,5203,5216
7086,5164,5175
9443,6570,6637
9304,6189,6234
6947,5203,5216
7087,5164,5174
9444,6574,6641
9305,6191,6237
6948,5203,5216
9472,6735,6753
7115,5157,5168
9471,6725,6752
7114,5157,5168
9470,6716,6750
7113,5157,5168
9469,6708,6747
7112,5158,5168
9468,6700,6743
7111,5158,5169
9467,6693,6739
7110,5158,5169
9466,6687,6735
7109,5158,5169
9465,6680,6731
7108,5159,5169
9464,6674,6727
7107,5159,5169
9463,6668,6723
7106,5159,5170
9462,6662,6719
7105,5159,5170
9461,6656,6714
7104,5160,5170
9460,6651,6710
7103,5160,5170
9459,6645,6705
7102,5160,5171
9458,6640,6701
7101,5160,5171
9457,6635,6697
7100,5160,5171
9456,6630,6692
7099,5161,5171
9455,6625,6688
7098,5161,5172
9454,6620,6683
7097,5161,5172
9453,6615,6679
7096,5161,5172
9452,6610,6675
7095,5162,5172
9451,6605,6670
7094,5162,5173
9450,6601,6666
7093,5162,5173
9449,6596,6662
7092,5162,5173
9448,6592,6658
7091,5163,5173
9447,6587,6653
7090,5163,5174
9446,6583,6649
7089,5163,5174
9445,6579,6645
7088,5163,5174
9306,6193,6239
6949,5202,5215
7507,8693,8694
7507,5111,5113
9130,5905,5932
6773,5269,5284
9307,6195,6241
6950,5202,5215
7508,8692,8695
7508,5111,5113
9131,5907,5933
6774,5268,5283
9308,6197,6243
6951,5202,5215
7509,8691,8696
7509,5111,5113
9132,5908,5935
6775,5268,5283
9309,6199,6245
6952,5201,5214
7510,8690,8697
7510,5111,5113
9133,5909,5936
6776,5268,5282
9310,6201,6248
6953,5201,5214
7511,8690,8697
7511,5111,5113
9134,5911,5938
6777,5267,5282
9311,6203,6250
6954,5201,5214
7512,8689,8698
7512,5111,5113
9135,5912,5939
6778,5267,5282
9312,6205,6252
6955,5200,5213
7513,8689,8698
7513,5111,5113
9136,5913,5941
6779,5266,5281
9313,6207,6254
6956,5200,5213
7514,8689,8698
7514,5111,5113
9137,5915,5942
6780,5266,5281
9314,6209,6256
6957,5200,5213
7515,8689,8698
7515,5111,5113
9138,5916,5943
6781,5265,5280
7127,5154,5165
9345,6277,6329
6988,5190,5203
9315,6212,6259
6958,5200,5212
7516,8688,8699
7516,5111,5113
9139,5917,5945
6782,5265,5280
7120,5156,5166
9338,6261,6312
6981,5192,5205
7539,8689,8698
7539,9725,9731
7539,5112,5112
9162,5950,5979
6805,5255,5270
7119,5156,5167
9337,6259,6310
6980,5193,5205
7538,8689,8698
7538,9725,9730
7538,5112,5112
9161,5948,5978
6804,5256,5270
7118,5156,5167
9336,6257,6307
6979,5193,5205
7537,8689,8698
7537,9725,9730
7537,5111,5112
9160,5947,5976
6803,5256,5271
7117,5157,5167
9335,6255,6305
6978,5193,5206
7536,8688,8699
7536,9726,9729
7536,5111,5112
9159,5945,5975
6802,5256,5271
7116,5157,5167
9334,6252,6302
6977,5194,5206
7535,8688,8699
7535,9727,9728
7535,5111,5112
9158,5944,5973
6801,5257,5272
9333,6250,6300
6976,5194,5206
7534,8688,8699
7534,5111,5112
9157,5943,5972
6800,5257,5272
9332,6248,6298
6975,5194,5207
7533,8688,8699
7533,5111,5112
9156,5941,5970
6799,5258,5272
9331,6246,6295
6974,5195,5207
7532,8688,8699
7532,5111,5112
9155,5940,5969
6798,5258,5273
7142,5151,5161
9360,6313,6367
7003,5186,5198
9330,6244,6293
6973,5195,5207
7531,8688,8699
7531,5111,5112
9154,5938,5967
6797,5259,5273
7141,5151,5161
9359,6310,6365
7002,5186,5198
9329,6241,6291
6972,5195,5208
7530,8688,8699
7530,5111,5112
9153,5937,5966
6796,5259,5274
7140,5152,5162
9358,6308,6362
7001,5186,5199
9328,6239,6288
6971,5195,5208
7529,8687,8699
7529,5111,5112
9152,5935,5964
6795,5259,5274
7139,5152,5162
9357,6306,6359
7000,5187,5199
9327,6237,6286
6970,5196,5208
7528,8687,8700
7528,5111,5112
9151,5934,5963
6794,5260,5275
7138,5152,5162
9356,6303,6357
6999,5187,5199
9326,6235,6284
6969,5196,5209
7527,8687,8700
7527,5111,5113
9150,5933,5961
6793,5260,5275
7121,5156,5166
9339,6264,6314
6982,5192,5204
7540,8689,8697
7540,9725,9731
7540,5112,5112
9163,5951,5981
6806,5255,5269
7122,5155,5166
9340,6266,6317
6983,5192,5204
7541,8690,8697
7541,9725,9731
7541,5112,5112
9164,5953,5982
6807,5254,5269
7123,5155,5166
9341,6268,6319
6984,5191,5204
7542,8690,8697
7542,9725,9730
7542,5112,5112
9165,5954,5984
6808,5254,5269
7124,5155,5165
9342,6270,6322
6985,5191,5204
7543,8691,8696
7543,9725,9730
7543,5112,5112
9166,5955,5985
6809,5254,5268
7125,5155,5165
9343,6273,6324
6986,5191,5203
7544,8692,8695
7544,9726,9729
7544,5112,5112
9167,5957,5987
6810,5253,5268
7126,5155,5165
9344,6275,6327
6987,5191,5203
7545,8693,8694
7545,9727,9728
9168,5958,5988
6811,5253,5267
7137,5152,5162
9355,6301,6354
6998,5187,5199
9325,6233,6281
6968,5196,5209
7526,8687,8700
7526,5111,5113
9149,5931,5960
6792,5261,5275
7136,5152,5163
9354,6298,6352
6997,5188,5200
9324,6231,6279
6967,5197,5209
7525,8687,8700
7525,5111,5113
9148,5930,5958
6791,5261,5276
7135,5153,5163
9353,6296,6349
6996,5188,5200
9323,6228,6277
6966,5197,5210
7524,8687,8700
7524,5111,5113
9147,5928,5957
6790,5262,5276
7134,5153,5163
9352,6294,6347
6995,5188,5200
9322,6226,6274
6965,5197,5210
7523,8687,8699
7523,5111,5113
9146,5927,5955
6789,5262,5277
7133,5153,5163
9351,6291,6344
6994,5188,5201
9321,6224,6272
6964,5198,5210
7522,8688,8699
7522,5111,5113
9145,5926,5954
6788,5262,5277
7132,5153,5164
9350,6289,6342
6993,5189,5201
9320,6222,6270
6963,5198,5211
7521,8688,8699
7521,5111,5113
9144,5924,5952
6787,5263,5278
7131,5153,5164
9349,6287,6339
6992,5189,5201
9319,6220,6268
6962,5198,5211
7520,8688,8699
7520,5111,5113
9143,5923,5951
6786,5263,5278
7130,5154,5164
9348,6284,6336
6991,5189,5202
9318,6218,6265
6961,5199,5211
7519,8688,8699
7519,5111,5113
9142,5922,5949
6785,5264,5278
7129,5154,5164
9347,6282,6334
6990,5190,5202
9317,6216,6263
6960,5199,5212
7518,8688,8699
7518,5111,5113
9141,5920,5948
6784,5264,5279
7128,5154,5164
9346,6280,6332
6989,5190,5202
9316,6214,6261
6959,5199,5212
7517,8688,8699
7517,5111,5113
9140,5919,5946
6783,5265,5279
7143,5151,5161
9361,6315,6370
7004,5186,5198
7144,5151,5161
9362,6318,6373
7005,5185,5197
7145,5150,5161
9363,6320,6375
7006,5185,5197
7146,5150,5160
9364,6323,6378
7007,5185,5197
7147,5150,5160
9365,6325,6381
7008,5184,5196
7148,5150,5160
9366,6328,6383
7009,5184,5196
7149,5150,5160
9367,6330,6386
7010,5184,5196
7150,5149,5159
9368,6333,6389
7011,5184,5196
7151,5149,5159
9369,6335,6391
7012,5183,5195
7152,5149,5159
9370,6338,6394
7013,5183,5195
7153,5149,5159
9371,6341,6397
7014,5183,5195
7154,5149,5159
9372,6343,6400
7015,5182,5194
7155,5148,5158
9373,6346,6402
7016,5182,5194
7156,5148,5158
9374,6348,6405
7017,5182,5194
7157,5148,5158
9375,6351,6408
7018,5182,5193
7158,5148,5158
9376,6354,6411
7019,5181,5193
7159,5148,5158
9377,6356,6413
7020,5181,5193
7160,5147,5157
9378,6359,6416
7021,5181,5193
7161,5147,5157
9379,6361,6419
7022,5180,5192
7162,5147,5157
9380,6364,6422
7023,5180,5192
7163,5147,5157
9381,6367,6425
7024,5180,5192
7164,5147,5156
9382,6369,6428
7025,5180,5191
7165,5146,5156
9383,6372,6431
7026,5179,5191
7166,5146,5156
9384,6375,6434
7027,5179,5191
7167,5146,5156
9385,6378,6437
7028,5179,5191
7168,5146,5156
9386,6380,6439
7029,5179,5190
7169,5146,5155
9387,6383,6442
7030,5178,5190
9388,6386,6445
7031,5178,5190
9389,6389,6448
7032,5178,5189
9390,6392,6451
7033,5177,5189
9391,6394,6454
7034,5177,5189
9392,6397,6457
7035,5177,5189
9393,6400,6460
7036,5177,5188
9254,6095,6134
6897,5220,5233
9253,6093,6132
6896,5220,5234
9252,6092,6130
6895,5221,5234
9251,6090,6129
6894,5221,5235
9250,6088,6127
6893,5221,5235
9249,6086,6125
6892,5222,5235
9248,6085,6123
6891,5222,5236
9247,6083,6121
6890,5222,5236
9246,6081,6119
6889,5223,5236
9245,6080,6118
6888,5223,5237
9244,6078,6116
6887,5224,5237
9243,6076,6114
6886,5224,5238
9242,6074,6112
6885,5224,5238
9241,6073,6110
6884,5225,5238
9240,6071,6108
6883,5225,5239
9239,6069,6107
6882,5225,5239
9238,6068,6105
6881,5226,5239
9237,6066,6103
6880,5226,5240
9236,6064,6101
6879,5226,5240
9235,6063,6099
6878,5227,5241
9234,6061,6098
6877,5227,5241
9233,6059,6096
6876,5228,5241
9232,6058,6094
6875,5228,5242
9231,6056,6092
6874,5228,5242
9230,6054,6091
6873,5229,5242
9229,6053,6089
6872,5229,5243
9228,6051,6087
6871,5229,5243
9227,6049,6085
6870,5230,5244
9226,6048,6084
6869,5230,5244
9225,6046,6082
6868,5231,5244
9224,6044,6080
6867,5231,5245
9223,6043,6078
6866,5231,5245
9222,6041,6077
6865,5232,5245
9221,6040,6075
6864,5232,5246
9220,6038,6073
6863,5232,5246
9219,6036,6071
6862,5233,5247
9218,6035,6070
6861,5233,5247
9217,6033,6068
6860,5234,5247
9216,6031,6066
6859,5234,5248
9215,6030,6065
6858,5234,5248
9214,6028,6063
6857,5235,5249
9213,6027,6061
6856,5235,5249
9212,6025,6059
6855,5235,5249
9211,6024,6058
6854,5236,5250
9210,6022,6056
6853,5236,5250
9209,6020,6054
6852,5237,5251
9208,6019,6053
6851,5237,5251
9207,6017,6051
6850,5237,5251
9206,6016,6049
6849,5238,5252
9205,6014,6048
6848,5238,5252
9204,6012,6046
6847,5238,5253
9203,6011,6044
6846,5239,5253
9202,6009,6043
6845,5239,5253
9201,6008,6041
6844,5240,5254
9200,6006,6039
6843,5240,5254
9199,6005,6038
6842,5240,5255
9198,6003,6036
6841,5241,5255
9197,6002,6034
6840,5241,5255
9196,6000,6033
6839,5242,5256
9195,5999,6031
6838,5242,5256
9194,5997,6030
6837,5242,5257
9193,5995,6028
6836,5243,5257
9192,5994,6026
6835,5243,5257
9191,5992,6025
6834,5244,5258
9190,5991,6023
6833,5244,5258
9189,5989,6021
6832,5244,5259
9188,5988,6020
6831,5245,5259
9187,5986,6018
6830,5245,5259
9186,5985,6017
6829,5246,5260
9185,5983,6015
6828,5246,5260
9184,5982,6013
6827,5246,5261
9183,5980,6012
6826,5247,5261
9182,5979,6010
6825,5247,5261
9181,5977,6009
6824,5248,5262
9180,5976,6007
6823,5248,5262
9179,5974,6005
6822,5248,5263
9178,5973,6004
6821,5249,5263
9177,5971,6002
6820,5249,5264
9176,5970,6001
6819,5250,5264
9175,5969,5999
6818,5250,5264
9174,5967,5998
6817,5250,5265
9173,5966,5996
6816,5251,5265
9172,5964,5995
6815,5251,5266
9171,5963,5993
6814,5252,5266
9170,5961,5991
6813,5252,5266
9169,5960,5990
6812,5252,5267
9129,5904,5930
6772,5269,5284
9128,5902,5929
6771,5270,5285
9127,5901,5928
6770,5270,5285
9126,5900,5926
6769,5271,5286
9125,5898,5925
6768,5271,5286
9124,5897,5923
6767,5271,5286
9123,5896,5922
6766,5272,5287
9122,5894,5920
6765,5272,5287
9121,5893,5919
6764,5273,5288
9120,5892,5918
6763,5273,5288
9119,5890,5916
6762,5274,5289
9118,5889,5915
6761,5274,5289
9117,5888,5913
6760,5275,5290
9116,5887,5912
6759,5275,5290
9115,5885,5911
6758,5275,5291
9114,5884,5909
6757,5276,5291
9113,5883,5908
6756,5276,5291
9112,5881,5907
6755,5277,5292
9111,5880,5905
6754,5277,5292
9110,5879,5904
6753,5278,5293
9109,5877,5902
6752,5278,5293
9108,5876,5901
6751,5279,5294
9107,5875,5900
6750,5279,5294
9106,5874,5898
6749,5279,5295
9105,5872,5897
6748,5280,5295
9104,5871,5896
6747,5280,5296
9103,5870,5894
6746,5281,5296
9102,5868,5893
6745,5281,5297
9101,5867,5891
6744,5282,5297
9100,5866,5890
6743,5282,5297
9099,5865,5889
6742,5283,5298
9098,5863,5887
6741,5283,5298
9097,5862,5886
6740,5284,5299
9096,5861,5885
6739,5284,5299
9095,5859,5883
6738,5284,5300
9094,5858,5882
6737,5285,5300
9093,5857,5881
6736,5285,5301
9092,5856,5879
6735,5286,5301
9091,5854,5878
6734,5286,5302
9090,5853,5877
6733,5287,5302
9089,5852,5875
6732,5287,5303
9088,5851,5874
6731,5288,5303
9087,5849,5873
6730,5288,5304
9086,5848,5871
6729,5289,5304
9085,5847,5870
6728,5289,5305
9084,5846,5869
6727,5290,5305
9083,5844,5867
6726,5290,5306
9082,5843,5866
6725,5290,5306
9081,5842,5865
6724,5291,5306
9080,5841,5863
6723,5291,5307
9079,5839,5862
6722,5292,5307
9078,5838,5861
6721,5292,5308
9077,5837,5859
6720,5293,5308
9076,5836,5858
6719,5293,5309
9075,5835,5857
6718,5294,5309
9074,5833,5856
6717,5294,5310
9073,5832,5854
6716,5295,5310
9072,5831,5853
6715,5295,5311
9071,5830,5852
6714,5296,5311
9070,5828,5850
6713,5296,5312
9069,5827,5849
6712,5297,5312
9068,5826,5848
6711,5297,5313
9067,5825,5847
6710,5298,5313
9066,5824,5845
6709,5298,5314
9065,5822,5844
6708,5298,5314
9064,5821,5843
6707,5299,5315
9063,5820,5841
6706,5299,5315
9062,5819,5840
6705,5300,5316
9061,5818,5839
6704,5300,5316
9060,5816,5838
6703,5301,5317
9059,5815,5836
6702,5301,5317
9058,5814,5835
6701,5302,5318
9057,5813,5834
6700,5302,5318
9056,5812,5833
6699,5303,5319
9055,5811,5831
6698,5303,5319
9054,5809,5830
6697,5304,5320
9053,5808,5829
6696,5304,5320
9052,5807,5828
6695,5305,5321
9051,5806,5826
6694,5305,5321
9050,5805,5825
6693,5306,5322
9049,5803,5824
6692,5306,5322
9048,5802,5823
6691,5307,5323
9047,5801,5821
6690,5307,5323
9046,5800,5820
6689,5308,5324
9045,5799,5819
6688,5308,5324
9044,5798,5818
6687,5309,5325
9043,5796,5816
6686,5309,5325
9042,5795,5815
6685,5310,5326
9041,5794,5814
6684,5310,5326
9040,5793,5813
6683,5311,5327
9039,5792,5812
6682,5311,5327
9038,5791,5810
6681,5312,5328
9037,5790,5809
6680,5312,5328
9036,5788,5808
6679,5313,5329
9035,5787,5807
6678,5313,5329
9034,5786,5805
6677,5314,5330
9033,5785,5804
6676,5314,5330
9032,5784,5803
6675,5315,5331
9031,5783,5802
6674,5315,5331
9030,5782,5801
6673,5316,5332
9029,5780,5799
6672,5316,5332
9028,5779,5798
6671,5317,5333
9027,5778,5797
6670,5317,5333
9026,5777,5796
6669,5318,5334
9025,5776,5795
6668,5318,5334
9024,5775,5793
6667,5319,5335
9023,5774,5792
6666,5319,5336
9022,5773,5791
6665,5320,5336
9021,5771,5790
6664,5320,5337
9020,5770,5789
6663,5321,5337
9019,5769,5787
6662,5321,5338
9018,5768,5786
6661,5322,5338
9017,5767,5785
6660,5322,5339
9016,5766,5784
6659,5323,5339
9015,5765,5783
6658,5323,5340
9014,5764,5782
6657,5324,5340
9013,5763,5780
6656,5324,5341
9012,5761,5779
6655,5325,5341
9011,5760,5778
6654,5325,5342
9010,5759,5777
6653,5326,5342
9009,5758,5776
6652,5326,5343
9008,5757,5775
6651,5327,5343
9007,5756,5773
6650,5327,5344
9006,5755,5772
6649,5328,5345
9005,5754,5771
6648,5329,5345
9004,5753,5770
6647,5329,5346
9003,5752,5769
6646,5330,5346
9002,5750,5768
6645,5330,5347
9001,5749,5766
6644,5331,5347
9000,5748,5765
6643,5331,5348
8999,5747,5764
6642,5332,5348
8998,5746,5763
6641,5332,5349
8997,5745,5762
6640,5333,5349
8996,5744,5761
6639,5333,5350
8995,5743,5760
6638,5334,5350
8994,5742,5758
6637,5334,5351
8993,5741,5757
6636,5335,5352
8992,5740,5756
6635,5335,5352
8991,5739,5755
6634,5336,5353
8990,5738,5754
6633,5336,5353
8989,5737,5753
6632,5337,5354
8988,5735,5752
6631,5338,5354
8987,5734,5751
6630,5338,5355
8986,5733,5749
6629,5339,5355
8985,5732,5748
6628,5339,5356
8984,5731,5747
6627,5340,5356
8983,5730,5746
6626,5340,5357
8982,5729,5745
6625,5341,5358
8981,5728,5744
6624,5341,5358
8980,5727,5743
6623,5342,5359
8979,5726,5742
6622,5342,5359
8978,5725,5740
6621,5343,5360
8977,5724,5739
6620,5343,5360
8976,5723,5738
6619,5344,5361
8975,5722,5737
6618,5345,5361
8974,5721,5736
6617,5345,5362
8973,5720,5735
6616,5346,5363
8972,5719,5734
6615,5346,5363
8971,5718,5733
6614,5347,5364
7170,5145,5155
7171,5145,5155
7172,5145,5155
7173,5145,5155
7174,5145,5154
7175,5144,5154
7176,5144,5154
7177,5144,5154
7178,5144,5154
7179,5144,5153
7180,5144,5153
7181,5143,5153
7182,5143,5153
7183,5143,5152
7184,5143,5152
7185,5143,5152
7186,5142,5152
7187,5142,5152
7188,5142,5151
7189,5142,5151
7190,5142,5151
7191,5141,5151
7192,5141,5151
7193,5141,5150
7194,5141,5150
7195,5141,5150
7196,5141,5150
7197,5140,5150
7198,5140,5149
7199,5140,5149
7200,5140,5149
7201,5140,5149
7202,5139,5149
7203,5139,5149
7204,5139,5148
7205,5139,5148
7206,5139,5148
7207,5139,5148
7208,5138,5148
7209,5138,5147
7210,5138,5147
7211,5138,5147
7212,5138,5147
7213,5138,5147
7214,5137,5146
7215,5137,5146
7216,5137,5146
7217,5137,5146
7218,5137,5146
7219,5137,5146
7220,5136,5145
7221,5136,5145
7222,5136,5145
7223,5136,5145
7224,5136,5145
7225,5136,5144
7226,5135,5144
7227,5135,5144
7228,5135,5144
7229,5135,5144
7230,5135,5144
7231,5135,5143
7232,5134,5143
7233,5134,5143
7234,5134,5143
7235,5134,5143
7236,5134,5142
7237,5134,5142
7238,5133,5142
7239,5133,5142
7240,5133,5142
7241,5133,5142
7242,5133,5141
7243,5133,5141
7244,5133,5141
7245,5132,5141
7246,5132,5141
7247,5132,5141
7248,5132,5140
7249,5132,5140
7250,5132,5140
7251,5131,5140
7252,5131,5140
7253,5131,5140
7254,5131,5139
7255,5131,5139
7256,5131,5139
7257,5131,5139
7258,5130,5139
7259,5130,5139
7260,5130,5138
7261,5130,5138
7262,5130,5138
7263,5130,5138
7264,5130,5138
7265,5129,5138
7266,5129,5137
7267,5129,5137
7268,5129,5137
7269,5129,5137
7270,5129,5137
7271,5129,5137
7272,5128,5137
7273,5128,5136
7274,5128,5136
7275,5128,5136
7276,5128,5136
7277,5128,5136
7278,5128,5136
7279,5127,5135
7280,5127,5135
7281,5127,5135
7282,5127,5135
7283,5127,5135
7284,5127,5135
7285,5127,5135
7286,5127,5134
7287,5126,5134
7288,5126,5134
7289,5126,5134
7290,5126,5134
7291,5126,5134
7292,5126,5133
7293,5126,5133
7294,5125,5133
7295,5125,5133
7296,5125,5133
7297,5125,5133
7298,5125,5133
7299,5125,5132
7300,5125,5132
7301,5125,5132
7302,5124,5132
7303,5124,5132
7304,5124,5132
7305,5124,5132
7306,5124,5131
7307,5124,5131
7308,5124,5131
7309,5124,5131
7310,5124,5131
7311,5123,5131
7312,5123,5131
7313,5123,5131
7314,5123,5130
7315,5123,5130
7316,5123,5130
7317,5123,5130
7318,5123,5130
7319,5122,5130
7320,5122,5130
7321,5122,5129
7322,5122,5129
7323,5122,5129
7324,5122,5129
7325,5122,5129
7326,5122,5129
7327,5122,5129
7328,5121,5129
7329,5121,5128
7330,5121,5128
7331,5121,5128
7332,5121,5128
7333,5121,5128
7334,5121,5128
7335,5121,5128
7336,5121,5128
7337,5121,5127
7338,5120,5127
7339,5120,5127
7340,5120,5127
7341,5120,5127
7342,5120,5127
7343,5120,5127
7344,5120,5127
7345,5120,5126
7346,5120,5126
7347,5120,5126
7348,5119,5126
7349,5119,5126
7350,5119,5126
7351,5119,5126
7352,5119,5126
7353,5119,5126
7354,5119,5125
7355,5119,5125
7356,5119,5125
7357,5119,5125
7358,5118,5125
7359,5118,5125
7360,5118,5125
7361,5118,5125
7362,5118,5125
7363,5118,5124
7364,5118,5124
7365,5118,5124
7366,5118,5124
7367,5118,5124
7368,5118,5124
7369,5118,5124
7370,5117,5124
7371,5117,5124
7372,5117,5123
7373,5117,5123
7374,5117,5123
7375,5117,5123
7376,5117,5123
7377,5117,5123
7378,5117,5123
7379,5117,5123
7380,5117,5123
7381,5117,5123
7382,5116,5122
7383,5116,5122
7384,5116,5122
7385,5116,5122
7386,5116,5122
7387,5116,5122
7388,5116,5122
7389,5116,5122
7390,5116,5122
7391,5116,5122
7392,5116,5121
7393,5116,5121
7394,5116,5121
7395,5115,5121
7396,5115,5121
7397,5115,5121
7398,5115,5121
7399,5115,5121
7400,5115,5121
7401,5115,5121
7402,5115,5121
7403,5115,5120
7404,5115,5120
7405,5115,5120
7406,5115,5120
7407,5115,5120
7408,5115,5120
7409,5115,5120
7410,5114,5120
7411,5114,5120
7412,5114,5120
7413,5114,5120
7414,5114,5119
7415,5114,5119
7416,5114,5119
7417,5114,5119
7418,5114,5119
7419,5114,5119
7420,5114,5119
7421,5114,5119
7422,5114,5119
7423,5114,5119
7424,5114,5119
7425,5114,5119
7426,5114,5118
7427,5113,5118
7428,5113,5118
7429,5113,5118
7430,5113,5118
7431,5113,5118
7432,5113,5118
7433,5113,5118
7434,5113,5118
7435,5113,5118
7436,5113,5118
7437,5113,5118
7438,5113,5118
7439,5113,5117
7440,5113,5117
7441,5113,5117
7442,5113,5117
7443,5113,5117
7444,5113,5117
7445,5113,5117
7446,5113,5117
7447,5113,5117
7448,5112,5117
7449,5112,5117
7450,5112,5117
7451,5112,5117
7452,5112,5117
7453,5112,5116
7454,5112,5116
7455,5112,5116
7456,5112,5116
7457,5112,5116
7458,5112,5116
7459,5112,5116
7460,5112,5116
7461,5112,5116
7462,5112,5116
7463,5112,5116
7464,5112,5116
7465,5112,5116
7466,5112,5116
7467,5112,5116
7468,5112,5116
7469,5112,5115
7470,5112,5115
7471,5112,5115
7472,5112,5115
7473,5112,5115
7474,5112,5115
7475,5112,5115
7476,5112,5115
7477,5112,5115
7478,5112,5115
7479,5111,5115
7480,5111,5115
7481,5111,5115
7482,5111,5115
7483,5111,5115
7484,5111,5115
7485,5111,5115
7486,5111,5115
7487,5111,5114
7488,5111,5114
7489,5111,5114
7490,5111,5114
7491,5111,5114
7492,5111,5114
7493,5111,5114
7494,5111,5114
7495,5111,5114
7496,5111,5114
7497,5111,5114
7498,5111,5114
7499,5111,5114
7500,5111,5114
7501,5111,5114
7502,5111,5114
7503,5111,5114
7504,5111,5114
7505,5111,5114
7506,5111,5113
6439,5455,5474
6438,5456,5475
6437,5457,5476
6436,5457,5477
6435,5458,5477
6434,5459,5478
6433,5459,5479
6432,5460,5479
6431,5461,5480
6430,5462,5481
6429,5462,5482
6428,5463,5482
6427,5464,5483
6426,5464,5484
6425,5465,5484
6424,5466,5485
6423,5467,5486
6422,5467,5487
6421,5468,5487
6420,5469,5488
6419,5469,5489
6418,5470,5490
6417,5471,5490
6416,5472,5491
6415,5472,5492
6414,5473,5492
6413,5474,5493
6412,5474,5494
6411,5475,5495
6410,5476,5495
6409,5477,5496
6408,5477,5497
6407,5478,5498
6406,5479,5498
6405,5479,5499
6404,5480,5500
6403,5481,5501
6402,5482,5501
6401,5482,5502
6400,5483,5503
6399,5484,5504
6398,5485,5504
6397,5485,5505
6396,5486,5506
6395,5487,5507
6394,5488,5507
6393,5488,5508
6392,5489,5509
6391,5490,5510
6390,5491,5510
6389,5491,5511
6388,5492,5512
6387,5493,5513
6386,5494,5513
6385,5494,5514
6384,5495,5515
6383,5496,5516
6382,5497,5516
6381,5497,5517
6380,5498,5518
6379,5499,5519
6378,5500,5520
6377,5500,5520
6376,5501,5521
6375,5502,5522
6374,5503,5523
6373,5503,5523
6372,5504,5524
6371,5505,5525
6370,5506,5526
6369,5506,5527
6368,5507,5527
6367,5508,5528
6366,5509,5529
6365,5509,5530
6364,5510,5530
6363,5511,5531
6362,5512,5532
6361,5513,5533
6360,5513,5534
6359,5514,5534
6358,5515,5535
6357,5516,5536
6356,5516,5537
6355,5517,5538
6354,5518,5538
6353,5519,5539
6352,5520,5540
6351,5520,5541
6350,5521,5542
6349,5522,5542
6348,5523,5543
6347,5523,5544
6346,5524,5545
6345,5525,5546
6344,5526,5546
6343,5527,5547
6342,5527,5548
6341,5528,5549
6340,5529,5550
6339,5530,5550
6338,5531,5551
6337,5531,5552
6336,5532,5553
6335,5533,5554
6334,5534,5554
6333,5535,5555
6332,5535,5556
6331,5536,5557
6330,5537,5558
6329,5538,5559
6328,5539,5559
6327,5539,5560
6326,5540,5561
6325,5541,5562
6324,5542,5563
6323,5543,5564
6322,5544,5564
6321,5544,5565
6320,5545,5566
6319,5546,5567
6318,5547,5568
6317,5548,5569
6316,5548,5569
6315,5549,5570
6314,5550,5571
6313,5551,5572
6312,5552,5573
6311,5553,5574
6310,5553,5574
6309,5554,5575
6308,5555,5576
6307,5556,5577
6306,5557,5578
6305,5558,5579
6304,5558,5579
6303,5559,5580
6302,5560,5581
6301,5561,5582
6300,5562,5583
6299,5563,5584
6298,5563,5585
6297,5564,5585
6296,5565,5586
6295,5566,5587
6294,5567,5588
6293,5568,5589
6292,5568,5590
6291,5569,5591
6290,5570,5592
6289,5571,5592
6288,5572,5593
6287,5573,5594
6286,5574,5595
6285,5574,5596
6284,5575,5597
6283,5576,5598
6282,5577,5599
6281,5578,5599
6280,5579,5600
6279,5580,5601
6278,5581,5602
6277,5581,5603
6276,5582,5604
6275,5583,5605
6274,5584,5606
6273,5585,5606
6272,5586,5607
6271,5587,5608
6270,5587,5609
6269,5588,5610
6268,5589,5611
6267,5590,5612
6266,5591,5613
6265,5592,5614
6264,5593,5615
6263,5594,5615
6262,5595,5616
6261,5595,5617
6260,5596,5618
6259,5597,5619
6258,5598,5620
6257,5599,5621
6256,5600,5622
6255,5601,5623
6254,5602,5624
6253,5603,5624
6252,5603,5625
6251,5604,5626
6250,5605,5627
6249,5606,5628
6248,5607,5629
6247,5608,5630
6246,5609,5631
6245,5610,5632
6244,5611,5633
6243,5612,5634
6242,5612,5635
6241,5613,5636
6240,5614,5636
6239,5615,5637
6238,5616,5638
6237,5617,5639
6236,5618,5640
6235,5619,5641
6234,5620,5642
6233,5621,5643
6232,5622,5644
6231,5623,5645
6230,5624,5646
6229,5624,5647
6228,5625,5648
6227,5626,5649
6226,5627,5650
6225,5628,5651
6224,5629,5652
6223,5630,5652
6222,5631,5653
6221,5632,5654
6220,5633,5655
6219,5634,5656
6218,5635,5657
6217,5636,5658
6216,5637,5659
6215,5638,5660
6214,5639,5661
6213,5639,5662
6212,5640,5663
6211,5641,5664
6210,5642,5665
6209,5643,5666
6208,5644,5667
6207,5645,5668
6206,5646,5669
6205,5647,5670
6204,5648,5671
6203,5649,5672
6202,5650,5673
6201,5651,5674
6200,5652,5675
6199,5653,5676
6198,5654,5677
6197,5655,5678
6196,5656,5679
6195,5657,5680
6194,5658,5681
6193,5659,5682
6192,5660,5683
6191,5661,5684
6190,5662,5685
6189,5663,5686
6188,5664,5687
6187,5665,5688
6186,5666,5689
6185,5667,5690
6184,5668,5691
6183,5669,5692
6182,5670,5693
6181,5671,5694
6180,5672,5695
6179,5673,5696
6178,5674,5697
6177,5675,5698
6176,5676,5699
6175,5677,5700
6174,5678,5701
6173,5679,5702
6172,5680,5703
6171,5681,5704
6170,5682,5705
6169,5683,5706
6168,5684,5707
6167,5685,5708
6166,5686,5709
6165,5687,5710
6164,5688,5711
6163,5689,5712
6162,5690,5713
6161,5691,5714
6160,5692,5715
6159,5693,5716
6158,5694,5717
6157,5695,5718
6156,5696,5720
6155,5697,5721
6154,5698,5722
6153,5699,5723
6152,5700,5724
6151,5701,5725
6150,5702,5726
6149,5703,5727
6148,5704,5728
6147,5705,5729
6146,5706,5730
6145,5707,5731
6144,5708,5732
6143,5709,5733
6142,5710,5734
6141,5712,5735
6140,5713,5737
6139,5714,5738
6138,5715,5739
6137,5716,5740
6136,5717,5741
6135,5718,5742
6134,5719,5743
6133,5720,5744
6132,5721,5745
6131,5722,5746
6130,5723,5747
6129,5724,5748
6128,5725,5750
6127,5726,5751
6126,5728,5752
6125,5729,5753
6124,5730,5754
6123,5731,5755
6122,5732,5756
6121,5733,5757
6120,5734,5758
6119,5735,5759
6118,5736,5761
6117,5737,5762
6116,5738,5763
6115,5740,5764
6114,5741,5765
6113,5742,5766
6112,5743,5767
6111,5744,5768
6110,5745,5770
6109,5746,5771
6108,5747,5772
6107,5748,5773
6106,5749,5774
6105,5751,5775
6104,5752,5776
6103,5753,5777
6102,5754,5779
6101,5755,5780
6100,5756,5781
6099,5757,5782
6098,5758,5783
6097,5760,5784
6096,5761,5786
6095,5762,5787
6094,5763,5788
6093,5764,5789
6092,5765,5790
6091,5766,5791
6090,5768,5792
6089,5769,5794
6088,5770,5795
6087,5771,5796
6086,5772,5797
6085,5773,5798
6084,5774,5799
6083,5776,5801
6082,5777,5802
6081,5778,5803
6080,5779,5804
6079,5780,5805
6078,5781,5807
6077,5783,5808
6076,5784,5809
6075,5785,5810
6074,5786,5811
6073,5787,5812
6072,5788,5814
6071,5790,5815
6070,5791,5816
6069,5792,5817
6068,5793,5818
6067,5794,5820
6066,5795,5821
6065,5797,5822
6064,5798,5823
6063,5799,5825
6062,5800,5826
6061,5801,5827
6060,5803,5828
6059,5804,5829
6058,5805,5831
6057,5806,5832
6056,5807,5833
6055,5809,5834
6054,5810,5836
6053,5811,5837
6052,5812,5838
6051,5813,5839
6050,5815,5841
6049,5816,5842
6048,5817,5843
6047,5818,5844
6046,5820,5845
6045,5821,5847
6044,5822,5848
6043,5823,5849
6042,5825,5850
6041,5826,5852
6040,5827,5853
6039,5828,5854
6038,5829,5856
6037,5831,5857
6036,5832,5858
6035,5833,5859
6034,5834,5861
6033,5836,5862
6032,5837,5863
6031,5838,5864
6030,5839,5866
6029,5841,5867
6028,5842,5868
6027,5843,5870
6026,5845,5871
6025,5846,5872
6024,5847,5873
6023,5848,5875
6022,5850,5876
6021,5851,5877
6020,5852,5879
6019,5853,5880
6018,5855,5881
6017,5856,5883
6016,5857,5884
6015,5859,5885
6014,5860,5887
6013,5861,5888
6012,5863,5889
6011,5864,5891
6010,5865,5892
6009,5866,5893
6008,5868,5895
6007,5869,5896
6006,5870,5897
6005,5872,5899
6004,5873,5900
6003,5874,5901
6002,5876,5903
6001,5877,5904
6000,5878,5905
5999,5880,5907
5998,5881,5908
5997,5882,5909
5996,5884,5911
5995,5885,5912
5994,5886,5913
5993,5888,5915
5992,5889,5916
5991,5890,5918
5990,5892,5919
5989,5893,5920
5988,5894,5922
5987,5896,5923
5986,5897,5924
5985,5899,5926
5984,5900,5927
5983,5901,5929
5982,5903,5930
5981,5904,5931
5980,5905,5933
5979,5907,5934
5978,5908,5936
5977,5910,5937
5976,5911,5938
5975,5912,5940
5974,5914,5941
5973,5915,5943
5972,5916,5944
5971,5918,5946
5970,5919,5947
5969,5921,5948
5968,5922,5950
5967,5924,5951
5966,5925,5953
5965,5926,5954
5964,5928,5956
5963,5929,5957
5962,5931,5959
5961,5932,5960
5960,5933,5961
5959,5935,5963
5958,5936,5964
5957,5938,5966
5956,5939,5967
5955,5941,5969
5954,5942,5970
5953,5944,5972
5952,5945,5973
5951,5946,5975
5950,5948,5976
5949,5949,5978
5948,5951,5979
5947,5952,5981
5946,5954,5982
5945,5955,5984
5944,5957,5985
5943,5958,5987
5942,5960,5988
5941,5961,5990
5940,5963,5991
5939,5964,5993
5938,5966,5994
5937,5967,5996
5936,5969,5997
5935,5970,5999
5934,5972,6000
5933,5973,6002
5932,5975,6003
5931,5976,6005
5930,5978,6007
5929,5979,6008
5928,5981,6010
5927,5982,6011
5926,5984,6013
5925,5985,6014
5924,5987,6016
5923,5988,6017
5922,5990,6019
5921,5992,6021
5920,5993,6022
5919,5995,6024
5918,5996,6025
5917,5998,6027
5916,5999,6029
5915,6001,6030
5914,6003,6032
5913,6004,6033
5912,6006,6035
5911,6007,6037
5910,6009,6038
5909,6010,6040
5908,6012,6041
5907,6014,6043
5906,6015,6045
5905,6017,6046
5904,6018,6048
5903,6020,6050
5902,6022,6051
5901,6023,6053
5900,6025,6054
5899,6027,6056
5898,6028,6058
5897,6030,6059
5896,6031,6061
5895,6033,6063
5894,6035,6064
5893,6036,6066
5892,6038,6068
5891,6040,6069
5890,6041,6071
5889,6043,6073
5888,6045,6075
5887,6046,6076
5886,6048,6078
5885,6050,6080
5884,6051,6081
5883,6053,6083
5882,6055,6085
5881,6056,6086
5880,6058,6088
5879,6060,6090
5878,6062,6092
5877,6063,6093
5876,6065,6095
5875,6067,6097
5874,6068,6099
5873,6070,6100
5872,6072,6102
5871,6074,6104
5870,6075,6106
5869,6077,6107
5868,6079,6109
5867,6081,6111
5866,6082,6113
5865,6084,6115
