5723,6462,6466
5724,6458,6463
5725,6455,6461
5726,6452,6458
5727,6448,6455
5728,6445,6452
5729,6442,6449
5730,6439,6446
5731,6436,6443
5732,6433,6440
5733,6430,6437
5734,6427,6435
5735,6424,6432
5736,6421,6429
5737,6418,6426
5738,6415,6423
5739,6412,6420
5740,6409,6418
5741,6406,6415
5742,6403,6412
5743,6400,6409
5744,6397,6407
5745,6394,6404
5746,6392,6401
5747,6389,6398
5748,6386,6396
5749,6383,6393
5750,6381,6390
5751,6378,6387
5752,6375,6385
5753,6372,6382
5754,6370,6379
5755,6367,6377
5756,6364,6374
5757,6362,6371
5758,6359,6369
5759,6356,6366
5760,6354,6364
5761,6351,6361
5762,6349,6358
5763,6346,6356
5764,6344,6353
5765,6341,6351
5766,6338,6348
5767,6336,6346
5768,6333,6343
5769,6331,6341
5770,6328,6338
5771,6326,6336
5772,6324,6333
5773,6321,6331
5774,6319,6328
5775,6316,6326
5776,6314,6323
5777,6311,6321
5778,6309,6318
5779,6307,6316
5780,6304,6313
5781,6302,6311
5782,6299,6309
5783,6297,6306
5784,6295,6304
5785,6292,6301
5786,6290,6299
5787,6288,6297
5788,6285,6294
5789,6283,6292
5790,6281,6290
5791,6279,6287
5792,6276,6285
5793,6274,6283
5794,6272,6280
5795,6270,6278
5796,6267,6276
5797,6265,6273
5798,6263,6271
5799,6261,6269
5846,6166,6168
5845,6168,6170
9443,6513,6588
9444,6517,6593
9445,6520,6597
9446,6523,6601
9447,6527,6605
9448,6530,6609
9449,6534,6614
9450,6537,6618
9451,6541,6622
9452,6544,6627
9453,6548,6631
9454,6552,6636
9455,6555,6640
9456,6559,6645
9457,6563,6650
9458,6566,6654
9459,6570,6659
9460,6574,6664
9461,6578,6669
9462,6582,6673
9463,6586,6678
9464,6590,6683
9465,6594,6688
5722,6465,6469
9509,6888,6932
5721,6468,6472
9508,6867,6940
5720,6472,6475
9507,6852,6943
9506,6839,6942
9505,6827,6939
9504,6817,6935
9503,6807,6930
9502,6798,6924
9501,6789,6918
9500,6781,6911
9499,6773,6904
9498,6765,6897
9497,6758,6890
9496,6751,6882
9495,6744,6875
9494,6738,6867
9493,6731,6860
9492,6725,6853
9491,6719,6845
9490,6713,6838
9489,6707,6831
9488,6702,6824
9487,6696,6817
9486,6691,6810
9485,6685,6804
9484,6680,6797
9483,6675,6791
9482,6670,6784
9481,6665,6778
9480,6660,6772
9479,6655,6766
9478,6650,6760
9477,6645,6754
9476,6641,6748
9475,6636,6742
7488,8691,8702
7489,8691,8702
7490,8691,8702
7491,8691,8702
7492,8691,8702
7493,8690,8702
7494,8690,8702
7495,8690,8702
7496,8690,8703
7497,8690,8703
7516,8695,8697
7515,8694,8698
7514,8694,8699
7513,8693,8700
7512,8693,8700
7511,8692,8700
7498,8690,8703
7499,8690,8702
7500,8690,8702
7501,8690,8702
7502,8691,8702
7503,8691,8702
7504,8691,8702
7505,8691,8702
7506,8691,8702
7507,8691,8702
7508,8691,8701
7509,8692,8701
7510,8692,8701
7487,8691,8702
7486,8692,8701
7485,8692,8701
7484,8692,8701
7483,8692,8701
7482,8693,8700
7481,8693,8700
7480,8694,8699
7479,8695,8698
7478,8696,8697
9442,6510,6584
5844,6170,6172
7537,9728,9729
9437,6494,6564
5839,6179,6182
7532,9726,9732
9438,6497,6568
5840,6177,6180
7533,9726,9732
9439,6500,6572
5841,6175,6178
7534,9726,9732
9440,6504,6576
5842,6173,6176
7535,9727,9731
9441,6507,6580
5843,6171,6174
7536,9727,9731
9436,6491,6560
5838,6181,6184
7531,9726,9732
9435,6488,6557
5837,6183,6186
7530,9726,9732
9434,6485,6553
5836,6185,6188
7529,9726,9731
9433,6481,6549
5835,6186,6191
7528,9727,9731
7527,9728,9730
9474,6632,6736
9466,6598,6693
9467,6602,6699
9468,6606,6704
9469,6610,6709
9470,6614,6714
9471,6619,6720
9472,6623,6725
9473,6627,6731
9432,6478,6545
5834,6188,6193
9431,6475,6541
5833,6190,6195
9430,6472,6538
5832,6192,6197
9429,6469,6534
5831,6194,6199
9428,6466,6530
5830,6196,6201
9427,6463,6526
5829,6198,6203
9426,6460,6523
5828,6200,6205
9425,6457,6519
5827,6202,6207
9424,6454,6516
5826,6204,6209
9423,6451,6512
5825,6206,6212
9422,6449,6508
5824,6208,6214
9421,6446,6505
5823,6210,6216
9420,6443,6501
5822,6212,6218
9419,6440,6498
5821,6214,6220
9418,6437,6494
5820,6216,6222
9417,6434,6491
5819,6218,6224
9416,6432,6487
5818,6220,6227
9415,6429,6484
5817,6222,6229
9414,6426,6481
5816,6224,6231
9413,6423,6477
5815,6226,6233
9412,6421,6474
5814,6229,6235
9411,6418,6471
5813,6231,6238
9410,6415,6467
5812,6233,6240
9409,6413,6464
5811,6235,6242
9408,6410,6461
5810,6237,6244
9407,6407,6457
5809,6239,6246
9406,6405,6454
5808,6241,6249
9405,6402,6451
5807,6243,6251
9404,6399,6448
5806,6245,6253
9403,6397,6444
5805,6248,6255
9402,6394,6441
5804,6250,6257
9401,6392,6438
5803,6252,6260
9400,6389,6435
5802,6254,6262
9399,6387,6432
5801,6256,6264
9398,6384,6429
5800,6258,6267
9397,6382,6426
9396,6379,6422
9395,6377,6419
9394,6374,6416
9393,6372,6413
9392,6369,6410
9391,6367,6407
9390,6364,6404
9389,6362,6401
9388,6360,6398
9387,6357,6395
9386,6355,6392
9385,6353,6389
9384,6350,6386
9383,6348,6383
9382,6346,6380
9381,6343,6377
9380,6341,6374
9379,6339,6371
9378,6336,6369
9377,6334,6366
9376,6332,6363
9375,6330,6360
9374,6328,6357
9373,6325,6354
9372,6323,6351
9371,6321,6348
9370,6319,6346
9369,6317,6343
9368,6315,6340
9367,6312,6337
9366,6310,6334
9365,6308,6331
9364,6306,6329
9363,6304,6326
9362,6302,6323
9361,6300,6320
9360,6298,6317
9359,6296,6315
9358,6294,6312
9357,6292,6309
9356,6290,6306
9355,6289,6303
9354,6287,6300
9353,6285,6297
9352,6283,6294
9351,6282,6291
9350,6280,6288
9349,6279,6285
9348,6278,6282
