5515,6477,6487
5516,6468,6489
5517,6462,6489
5518,6457,6489
5519,6452,6488
5520,6447,6486
5521,6442,6485
5522,6438,6483
5523,6434,6482
5524,6430,6480
5525,6426,6478
5526,6422,6476
5527,6419,6473
5528,6415,6471
5529,6412,6469
5530,6408,6467
5531,6405,6464
5532,6402,6462
5533,6398,6459
5534,6395,6457
5535,6392,6454
5536,6389,6452
5537,6386,6449
5538,6383,6447
5539,6380,6444
5540,6377,6441
5541,6374,6439
7939,8661,8662
7938,8660,8663
7937,8659,8664
7936,8659,8664
7935,8658,8665
7934,8658,8665
7933,8658,8665
7932,8658,8666
7931,8657,8666
7930,8657,8666
7929,8657,8667
7928,8657,8667
7911,8655,8669
7910,8655,8670
7909,8655,8670
7908,8655,8670
7907,8655,8670
7906,8655,8670
7912,8655,8669
7913,8655,8669
7914,8655,8669
7915,8655,8669
7916,8656,8669
7917,8656,8669
7918,8656,8669
7919,8656,8668
7920,8656,8668
7921,8656,8668
7922,8656,8668
7923,8656,8668
7924,8656,8668
7925,8656,8667
7926,8656,8667
7927,8657,8667
7905,8655,8670
5592,6274,6277
7904,8655,8670
5591,6272,6284
7903,8655,8670
5590,6272,6289
7902,8655,8670
5589,6273,6293
7901,8655,8670
5588,6274,6297
7900,8655,8670
5587,6275,6300
7899,8655,8670
5586,6276,6304
7898,8655,8670
5585,6277,6307
7897,8655,8670
5584,6279,6311
7896,8655,8670
5583,6280,6314
7895,8656,8670
5582,6282,6318
7894,8656,8670
5581,6283,6321
7893,8656,8670
5580,6285,6324
7892,8656,8670
5579,6286,6327
7891,8656,8670
5578,6288,6331
7864,8664,8664
5551,6347,6411
7865,8662,8665
5552,6344,6408
7866,8661,8666
5553,6342,6405
7610,9699,9702
7867,8661,8666
5554,6339,6402
7611,9698,9702
7868,8660,8667
5555,6337,6400
7612,9698,9703
7869,8660,8667
5556,6334,6397
7613,9697,9703
7870,8659,8667
5557,6332,6394
7614,9697,9703
7871,8659,8668
5558,6330,6391
7615,9697,9702
7872,8659,8668
5559,6327,6388
7616,9698,9702
7873,8659,8668
5560,6325,6385
7617,9698,9701
7874,8658,8668
5561,6323,6382
7618,9699,9699
7875,8658,8669
5562,6320,6379
7876,8658,8669
5563,6318,6376
7877,8658,8669
5564,6316,6373
7878,8657,8669
5565,6314,6370
7879,8657,8669
5566,6312,6367
7880,8657,8669
5567,6310,6364
7881,8657,8669
5568,6307,6361
7882,8657,8670
5569,6305,6358
7883,8657,8670
5570,6303,6355
7884,8657,8670
5571,6301,6352
7885,8656,8670
5572,6299,6349
7886,8656,8670
5573,6297,6346
7887,8656,8670
5574,6296,6343
7888,8656,8670
5575,6294,6340
7889,8656,8670
5576,6292,6337
7890,8656,8670
5577,6290,6334
5550,6349,6414
5549,6352,6417
5548,6355,6419
5547,6357,6422
5546,6360,6425
5545,6363,6428
5544,6365,6430
5543,6368,6433
5542,6371,6436
