5691,6997,7095
5692,6970,7123
5693,6950,7143
5694,6933,7160
5695,6919,7174
5696,6906,7187
5697,6894,7199
5698,6883,7210
5699,6873,7220
5700,6863,7230
5701,6854,7239
5702,6846,7248
5703,6837,7256
5704,6829,7264
5705,6822,7272
5706,6814,7279
5707,6807,7287
5766,6563,6571
5765,6564,6578
5764,6565,6584
5763,6567,6589
5762,6569,6595
5761,6572,6600
5760,6574,6605
5759,6577,6610
5758,6580,6616
5710,6787,6989
5710,7185,7307
5709,6793,7014
5709,7160,7300
5708,6800,7055
5708,7119,7294
5711,6780,6969
5711,7204,7313
7334,8713,8713
5712,6774,6952
5712,7221,7320
7335,8711,8714
5713,6768,6937
5713,7236,7326
7336,8710,8715
5714,6762,6924
5714,7250,7332
7337,8710,8716
5715,6756,6911
5715,7262,7338
7338,8709,8716
5716,6751,6899
5716,7274,7343
7339,8709,8716
5717,6745,6888
5717,7285,7349
7340,8708,8717
5718,6739,6878
5718,7296,7354
7341,8708,8717
5719,6734,6868
5719,7306,7359
7342,8708,8717
5720,6729,6858
5720,7315,7364
7343,8707,8717
5721,6724,6849
5721,7325,7369
7344,8707,8718
5722,6719,6840
5722,7334,7374
7345,8707,8718
5723,6714,6831
5723,7342,7379
7346,8707,8718
5724,6709,6823
5724,7351,7384
7347,8707,8718
5725,6704,6815
5725,7359,7388
7348,8706,8718
5726,6699,6807
5726,7368,7392
7349,8706,8718
5727,6695,6800
5727,7376,7396
7350,8706,8718
5728,6690,6792
5728,7384,7400
7351,8706,8719
5729,6686,6785
5729,7393,7403
7352,8706,8719
5730,6681,6778
7353,8706,8719
5731,6677,6771
7354,8706,8719
5732,6672,6764
7355,8706,8719
5733,6668,6757
7356,8706,8719
5734,6664,6751
7357,8706,8719
5757,6583,6621
7380,8711,8712
5756,6586,6626
7379,8710,8714
5755,6589,6631
7378,8709,8714
5754,6592,6636
7377,8709,8715
5753,6595,6642
7376,8708,8715
5752,6598,6647
7375,8708,8716
5751,6601,6652
7374,8707,8716
5750,6605,6657
7373,8707,8716
5749,6608,6663
7372,8707,8717
5748,6611,6668
7371,8707,8717
5747,6615,6674
7370,8707,8717
5746,6618,6679
7369,8706,8717
5745,6622,6685
7368,8706,8718
5744,6625,6690
7367,8706,8718
5743,6629,6696
7366,8706,8718
5742,6633,6702
7365,8706,8718
5741,6636,6708
7364,8706,8718
5740,6640,6714
7363,8706,8718
5739,6644,6719
7362,8706,8718
5738,6648,6726
7361,8706,8718
5737,6652,6732
7360,8706,8719
5736,6656,6738
7359,8706,8719
5735,6660,6744
7358,8706,8719
5856,7821,7823
5857,7822,7826
5858,7824,7829
5859,7826,7832
5860,7827,7835
5861,7829,7837
5862,7831,7840
5863,7833,7842
5864,7835,7845
5865,7837,7848
7489,9728,9730
5866,7839,7850
7490,9727,9731
5867,7841,7853
7491,9727,9732
5868,7843,7855
7492,9727,9732
5869,7845,7857
7493,9726,9733
5870,7847,7860
7494,9727,9733
5871,7849,7862
7495,9727,9733
5872,7851,7865
7496,9727,9733
5873,7852,7867
7497,9727,9732
5874,7854,7869
7498,9728,9732
5875,7856,7872
7499,9729,9731
5876,7858,7874
5877,7860,7876
5878,7862,7879
5879,7864,7881
5880,7866,7883
5881,7868,7886
5882,7870,7888
5883,7872,7890
5884,7874,7892
5885,7876,7895
5886,7878,7897
5887,7880,7899
5888,7882,7901
5889,7883,7903
5890,7885,7906
5891,7887,7908
5892,7889,7910
5893,7891,7912
5894,7893,7914
5895,7895,7916
5896,7897,7919
5897,7899,7921
5898,7901,7923
5899,7902,7925
5900,7904,7927
5901,7906,7929
5902,7908,7931
5903,7910,7933
5904,7912,7935
5905,7914,7937
5906,7915,7939
5907,7917,7941
5908,7919,7944
5909,7921,7946
5910,7923,7948
5911,7925,7950
5912,7926,7952
5913,7928,7954
5914,7930,7956
5915,7932,7958
5916,7934,7960
5917,7935,7962
5918,7937,7964
5919,7939,7965
5920,7941,7967
5921,7943,7969
5922,7944,7971
5923,7946,7973
5924,7948,7975
5925,7950,7977
5926,7951,7979
5927,7953,7981
5928,7955,7983
5929,7957,7985
5930,7958,7987
5931,7960,7989
5932,7962,7990
5933,7964,7992
5934,7965,7994
5935,7967,7996
5936,7969,7998
5937,7971,8000
5938,7972,8002
5939,7974,8003
5940,7976,8005
5941,7977,8007
5942,7979,8009
5943,7981,8011
5944,7983,8013
5945,7984,8014
5946,7986,8016
5947,7988,8018
5948,7989,8020
5949,7991,8022
5950,7993,8023
5951,7994,8025
5952,7996,8027
5953,7998,8029
5954,7999,8030
5955,8001,8032
5956,8003,8034
5957,8004,8036
5958,8006,8037
5959,8008,8039
5960,8009,8041
5961,8011,8043
5962,8013,8044
6163,8291,8311
6138,8260,8286
6137,8259,8285
6136,8257,8284
6135,8256,8283
6134,8255,8282
6133,8254,8281
6132,8252,8279
6131,8251,8278
6130,8250,8277
6129,8249,8276
6128,8247,8275
6127,8246,8274
6126,8245,8273
6125,8244,8272
6124,8242,8271
6123,8241,8270
6122,8240,8268
6121,8238,8267
6120,8237,8266
6119,8236,8265
6118,8235,8264
6117,8233,8263
6116,8232,8262
6115,8231,8260
6114,8230,8259
6113,8228,8258
6112,8227,8257
6111,8226,8256
6110,8224,8255
6109,8223,8254
6108,8222,8252
6107,8221,8251
6106,8219,8250
6105,8218,8249
6104,8217,8248
6103,8215,8246
6102,8214,8245
6101,8213,8244
6100,8212,8243
6099,8210,8242
6098,8209,8240
6097,8208,8239
6096,8206,8238
6139,8261,8287
9568,7194,7248
5970,8025,8058
6087,8195,8227
6140,8262,8288
9569,7154,7259
5971,8027,8060
6088,8196,8228
6061,8160,8194
6141,8264,8289
9570,7119,7264
5972,8029,8061
6089,8197,8230
6062,8161,8195
6142,8265,8290
9571,7085,7266
5973,8030,8063
6090,8199,8231
6063,8163,8196
6143,8266,8291
9572,7054,7266
5974,8032,8065
6091,8200,8232
6064,8164,8198
6144,8267,8292
9573,7030,7265
5975,8033,8066
6092,8201,8233
6065,8165,8199
6145,8269,8293
9574,7012,7264
5976,8035,8068
6093,8203,8234
6146,8270,8294
9575,7001,7262
5977,8037,8070
6094,8204,8236
6147,8271,8295
9576,6993,7259
5978,8038,8071
6095,8205,8237
6148,8272,8296
9577,6989,7255
5979,8040,8073
6149,8274,8297
9578,6986,7252
5980,8041,8074
6152,8277,8300
9581,6987,7238
5983,8046,8079
6153,8279,8302
9582,6990,7232
5984,8048,8081
6154,8280,8303
9583,6993,7226
5985,8049,8083
6155,8281,8304
9584,6998,7219
5986,8051,8084
6156,8282,8305
9585,7003,7212
5987,8052,8086
6157,8284,8306
9586,7009,7204
5988,8054,8087
6158,8285,8306
9587,7017,7195
5989,8055,8089
6159,8286,8307
9588,7026,7184
5990,8057,8091
6160,8287,8308
9589,7037,7172
5991,8058,8092
6161,8289,8309
9590,7050,7157
5992,8060,8094
6162,8290,8310
9591,7071,7136
5993,8062,8095
6151,8276,8299
9580,6986,7243
5982,8045,8078
6150,8275,8298
9579,6985,7247
5981,8043,8076
6066,8167,8200
6067,8168,8202
6068,8169,8203
6069,8171,8204
6070,8172,8206
6071,8173,8207
6072,8175,8208
6073,8176,8209
6074,8177,8211
6075,8179,8212
6076,8180,8213
6077,8181,8215
6078,8183,8216
6079,8184,8217
6080,8185,8218
6081,8187,8220
6082,8188,8221
6083,8189,8222
6084,8191,8223
6085,8192,8225
6086,8193,8226
6164,8292,8312
6165,8294,8313
6166,8295,8314
6167,8296,8315
6168,8297,8316
6169,8299,8317
6170,8300,8318
6171,8301,8319
6172,8302,8320
6173,8304,8321
6174,8305,8322
6175,8306,8322
6176,8308,8323
6177,8309,8324
6178,8310,8325
6179,8311,8326
6180,8313,8327
6181,8314,8328
6182,8315,8328
6183,8317,8329
6184,8318,8330
6185,8319,8331
6186,8321,8332
6187,8322,8332
6188,8323,8333
6189,8325,8334
6190,8326,8334
6191,8328,8335
6192,8329,8336
6193,8331,8336
6194,8333,8336
6195,8335,8336
6060,8158,8192
6059,8157,8191
6058,8156,8190
6057,8154,8188
6056,8153,8187
6055,8152,8186
6054,8150,8184
6053,8149,8183
6052,8147,8182
6051,8146,8180
6050,8145,8179
6049,8143,8178
6048,8142,8176
6047,8140,8175
6046,8139,8173
6045,8138,8172
6044,8136,8171
6043,8135,8169
6042,8133,8168
6041,8132,8167
6040,8131,8165
6039,8129,8164
6038,8128,8162
6037,8126,8161
6036,8125,8160
6035,8124,8158
6034,8122,8157
6033,8121,8155
6032,8119,8154
6031,8118,8152
6030,8116,8151
6029,8115,8150
6028,8114,8148
6027,8112,8147
6026,8111,8145
6025,8109,8144
6024,8108,8142
6023,8106,8141
6022,8105,8139
6021,8103,8138
6020,8102,8136
6019,8101,8135
6018,8099,8134
6017,8098,8132
6016,8096,8131
6015,8095,8129
6014,8093,8128
6013,8092,8126
6012,8090,8125
6011,8089,8123
6010,8087,8122
6009,8086,8120
6008,8084,8119
6007,8083,8117
6006,8081,8116
6005,8080,8114
6004,8078,8112
6003,8077,8111
6002,8075,8109
6001,8074,8108
6000,8072,8106
5999,8071,8105
5998,8069,8103
5997,8068,8102
5996,8066,8100
5995,8065,8099
5994,8063,8097
5969,8024,8056
5968,8022,8055
5967,8021,8053
5966,8019,8051
5965,8017,8049
5964,8016,8048
5963,8014,8046
