5705,6503,6506
5706,6498,6504
5707,6494,6501
5708,6491,6498
5709,6487,6495
5710,6483,6493
5711,6480,6490
5712,6476,6487
5713,6472,6484
5714,6469,6481
5715,6466,6478
5716,6462,6475
5717,6459,6472
5718,6455,6469
5719,6452,6466
5720,6449,6463
5721,6446,6460
5722,6442,6457
5723,6439,6455
5724,6436,6452
5725,6433,6449
5726,6430,6446
5727,6427,6443
5728,6424,6440
5729,6421,6437
5730,6418,6435
5731,6415,6432
5732,6412,6429
5733,6409,6426
5734,6406,6423
5735,6403,6420
5736,6400,6418
5737,6397,6415
5738,6394,6412
5739,6391,6409
5740,6388,6407
5741,6386,6404
5742,6383,6401
5743,6380,6399
5744,6377,6396
5745,6374,6393
5746,6372,6391
5747,6369,6388
5748,6366,6385
5749,6363,6383
5750,6361,6380
5751,6358,6377
5752,6355,6375
5753,6353,6372
5754,6350,6370
5755,6347,6367
5756,6345,6364
5757,6342,6362
5758,6340,6359
5759,6337,6357
5760,6334,6354
5761,6332,6352
5762,6329,6349
5763,6327,6347
5764,6324,6344
5765,6322,6342
5766,6319,6339
5767,6317,6337
5768,6314,6334
5769,6312,6332
5770,6309,6329
5771,6307,6327
5772,6305,6325
5773,6302,6322
5774,6300,6320
5775,6297,6317
5776,6295,6315
5777,6292,6313
5778,6290,6310
5779,6288,6308
5780,6285,6305
5781,6283,6303
5782,6281,6301
5783,6278,6298
5784,6276,6296
5785,6274,6294
5786,6271,6291
5787,6269,6289
5788,6267,6287
5789,6265,6285
5790,6262,6282
5791,6260,6280
5792,6258,6278
5793,6255,6275
5794,6253,6273
5795,6251,6271
5796,6249,6269
5797,6247,6267
5798,6244,6264
5799,6242,6262
5800,6240,6260
5801,6238,6258
5802,6236,6255
5803,6233,6253
5804,6231,6251
5805,6229,6249
5806,6227,6247
5807,6225,6245
5808,6223,6242
5809,6221,6240
5810,6218,6238
5811,6216,6236
5812,6214,6234
5813,6212,6232
5814,6210,6230
5815,6208,6228
5816,6206,6225
5817,6204,6223
5818,6202,6221
5819,6200,6219
5820,6198,6217
5821,6196,6215
5822,6194,6213
5823,6192,6211
5824,6189,6209
5825,6187,6207
5826,6185,6205
5827,6183,6203
5828,6181,6201
5829,6179,6199
5830,6177,6197
5831,6175,6195
5832,6173,6193
5833,6172,6191
5834,6170,6189
5835,6168,6187
5836,6166,6185
5837,6164,6183
5838,6162,6181
5839,6160,6179
5840,6158,6177
5841,6156,6175
5842,6154,6173
5843,6152,6171
5844,6150,6169
5845,6148,6167
5846,6146,6165
5847,6144,6163
5848,6143,6161
5849,6141,6159
5850,6139,6157
5851,6137,6155
5852,6135,6154
5853,6133,6152
5854,6131,6150
5855,6130,6148
5856,6128,6146
5857,6126,6144
5858,6124,6142
5859,6122,6140
5860,6120,6138
5861,6118,6137
5862,6117,6135
5863,6115,6133
5864,6113,6131
5865,6111,6129
5866,6109,6127
5867,6108,6126
5868,6106,6124
5869,6104,6122
5870,6102,6120
5871,6101,6118
5872,6099,6116
5873,6097,6115
5874,6095,6113
5875,6093,6111
5876,6092,6109
6037,5854,5864
9364,6306,6350
6038,5853,5863
9365,6308,6353
6039,5852,5862
9366,6311,6356
6040,5851,5860
9367,6313,6358
6080,5803,5810
9407,6415,6476
6081,5801,5809
9408,6418,6480
6082,5800,5807
9409,6420,6483
6083,5799,5806
9410,6423,6486
6084,5798,5805
9411,6426,6490
6085,5797,5804
9412,6429,6493
9368,6315,6361
6041,5849,5859
7488,8694,8697
9369,6318,6364
6042,5848,5858
7489,8693,8698
9370,6320,6366
6043,5847,5856
7490,8693,8698
9371,6322,6369
6044,5846,5855
7491,8692,8699
9372,6325,6372
6045,5844,5854
7492,8692,8699
6113,5766,5770
9440,6517,6596
9373,6327,6375
6046,5843,5853
7493,8691,8700
6114,5765,5769
9441,6521,6600
9374,6330,6378
6047,5842,5851
7494,8691,8700
6115,5764,5768
9442,6524,6604
9375,6332,6380
6048,5841,5850
7495,8691,8700
6116,5763,5767
9443,6528,6608
9376,6334,6383
6049,5839,5849
7496,8690,8700
6117,5761,5765
9444,6531,6612
9377,6337,6386
6050,5838,5847
7497,8690,8701
9399,6393,6451
6072,5812,5820
7519,8691,8700
5896,6057,6074
6097,5783,5789
9424,6465,6535
9398,6390,6448
6071,5813,5821
7518,8691,8700
5895,6059,6076
6096,5784,5790
9423,6462,6531
9397,6387,6445
6070,5814,5822
7517,8690,8700
5894,6061,6078
6095,5786,5792
9422,6459,6528
9396,6385,6442
6069,5815,5823
7516,8690,8701
5893,6063,6079
6094,5787,5793
9421,6456,6524
9395,6382,6439
6068,5817,5825
7515,8690,8701
5892,6064,6081
6093,5788,5794
9420,6453,6520
9394,6380,6436
6067,5818,5826
7514,8690,8701
5891,6066,6083
6092,5789,5795
9419,6450,6517
9393,6377,6433
6066,5819,5827
7513,8690,8701
5890,6068,6085
6091,5790,5796
9418,6447,6513
6132,5746,5748
9459,6589,6680
9392,6374,6430
6065,5820,5828
7512,8690,8701
5889,6069,6086
6090,5791,5798
9417,6444,6510
6131,5747,5749
9458,6584,6675
9391,6372,6427
6064,5821,5830
7511,8689,8701
5888,6071,6088
6089,5792,5799
9416,6441,6507
6130,5748,5750
9457,6580,6670
9390,6369,6424
6063,5823,5831
7510,8689,8701
5887,6073,6090
6088,5793,5800
9415,6438,6503
6129,5749,5751
9456,6576,6665
9389,6367,6421
6062,5824,5832
7509,8689,8701
5886,6074,6092
6087,5795,5801
9414,6435,6500
6128,5750,5753
9455,6572,6661
9388,6364,6418
6061,5825,5833
7508,8689,8701
5885,6076,6093
6086,5796,5803
9413,6432,6496
6127,5751,5754
9454,6568,6656
9387,6362,6415
6060,5826,5835
7507,8689,8702
5884,6078,6095
9400,6396,6454
6073,5811,5818
7520,8691,8700
5897,6056,6072
6098,5782,5788
9425,6468,6538
9401,6398,6457
6074,5810,5817
7521,8691,8699
5898,6054,6071
6099,5781,5787
9426,6471,6542
9402,6401,6460
6075,5808,5816
7522,8692,8699
5899,6052,6069
6100,5780,5786
9427,6474,6546
9403,6404,6464
6076,5807,5815
7523,8692,8698
5900,6051,6067
6101,5779,5784
9428,6477,6549
9404,6406,6467
6077,5806,5814
7524,8693,8698
5901,6049,6066
6102,5778,5783
9429,6480,6553
9405,6409,6470
6078,5805,5812
7525,8694,8697
5902,6048,6064
6103,5777,5782
9430,6484,6557
9406,6412,6473
6079,5804,5811
7526,8695,8695
5903,6046,6062
6104,5776,5781
9431,6487,6561
6126,5752,5755
9453,6565,6652
9386,6359,6412
6059,5827,5836
7506,8689,8702
5883,6080,6097
6125,5753,5756
9452,6561,6647
9385,6356,6409
6058,5829,5837
7505,8689,8701
5882,6081,6099
6124,5754,5757
9451,6557,6643
9384,6354,6406
6057,5830,5839
7504,8689,8701
5881,6083,6100
6123,5755,5758
9450,6553,6638
9383,6351,6403
6056,5831,5840
7503,8689,8701
5880,6085,6102
6122,5756,5760
9449,6549,6634
9382,6349,6400
6055,5832,5841
7502,8690,8701
5879,6086,6104
6121,5757,5761
9448,6546,6629
9381,6347,6397
6054,5833,5842
7501,8690,8701
5878,6088,6106
6120,5758,5762
9447,6542,6625
9380,6344,6394
6053,5835,5844
7500,8690,8701
5877,6090,6107
6119,5759,5763
9446,6538,6621
9379,6342,6392
6052,5836,5845
7499,8690,8701
6118,5760,5764
9445,6535,6617
9378,6339,6389
6051,5837,5846
7498,8690,8701
6133,5745,5747
9460,6593,6684
6134,5744,5745
9461,6597,6689
6135,5743,5744
9462,6601,6694
6136,5742,5743
9463,6605,6699
6137,5741,5742
9464,6610,6704
6138,5740,5741
9465,6614,6709
9466,6619,6715
9467,6623,6720
9468,6628,6725
9469,6632,6730
9470,6637,6736
9471,6642,6741
9472,6647,6747
9473,6652,6752
9474,6656,6758
9475,6662,6764
9476,6667,6769
9477,6672,6775
9478,6677,6781
9479,6683,6787
9480,6688,6793
9481,6694,6799
9482,6700,6805
9483,6706,6812
9484,6712,6818
9485,6718,6824
9486,6724,6830
9487,6731,6837
9488,6738,6843
9489,6745,6849
9490,6752,6855
9491,6760,6861
9492,6768,6867
9493,6776,6873
9494,6785,6878
9495,6794,6883
9496,6804,6887
9497,6815,6890
9498,6828,6891
9499,6843,6890
9500,6870,6876
6112,5767,5771
9439,6514,6592
6111,5768,5773
9438,6510,6588
6110,5769,5774
9437,6507,6584
6109,5770,5775
9436,6503,6580
6108,5771,5776
9435,6500,6576
6107,5772,5777
9434,6497,6572
6106,5773,5778
9433,6493,6568
6105,5774,5780
9432,6490,6564
9363,6304,6348
6036,5856,5866
9362,6302,6345
6035,5857,5867
9361,6299,6342
6034,5858,5868
9360,6297,6340
6033,5859,5869
9359,6295,6337
6032,5861,5871
9358,6292,6334
6031,5862,5872
9357,6290,6332
6030,5863,5873
9356,6288,6329
6029,5864,5875
9355,6286,6327
6028,5866,5876
9354,6284,6324
6027,5867,5877
9353,6281,6322
6026,5868,5879
9352,6279,6319
6025,5869,5880
7535,9726,9731
5912,6031,6047
7536,9726,9731
5913,6030,6046
7537,9726,9731
5914,6028,6044
7538,9726,9731
5915,6026,6042
7539,9727,9730
5916,6025,6041
7534,9726,9731
5911,6033,6049
7533,9726,9731
5910,6034,6051
7532,9726,9731
5909,6036,6052
7531,9726,9730
5908,6038,6054
7530,9727,9730
5907,6039,6056
9294,6165,6183
5967,5948,5961
9295,6167,6186
5968,5946,5960
9296,6169,6188
5969,5945,5959
9297,6170,6190
5970,5944,5957
9298,6172,6192
5971,5942,5956
9299,6174,6194
5972,5941,5954
9300,6176,6197
5973,5939,5953
9301,6178,6199
5974,5938,5951
9302,6179,6201
5975,5937,5950
9303,6181,6203
5976,5935,5948
9304,6183,6205
5977,5934,5947
9305,6185,6208
5978,5932,5945
9306,6187,6210
5979,5931,5944
9307,6189,6212
5980,5930,5942
9308,6190,6214
5981,5928,5941
9309,6192,6217
5982,5927,5940
9310,6194,6219
5983,5925,5938
9311,6196,6221
5984,5924,5937
9312,6198,6223
5985,5923,5935
9313,6200,6226
5986,5921,5934
9314,6202,6228
5987,5920,5932
9315,6204,6230
5988,5918,5931
9316,6205,6232
5989,5917,5930
9317,6207,6235
5990,5916,5928
9318,6209,6237
5991,5914,5927
9319,6211,6239
5992,5913,5925
9320,6213,6242
5993,5912,5924
9321,6215,6244
5994,5910,5923
9322,6217,6246
5995,5909,5921
9323,6219,6249
5996,5908,5920
9324,6221,6251
5997,5906,5918
9325,6223,6253
5998,5905,5917
9326,6225,6256
5999,5904,5916
9327,6227,6258
6000,5902,5914
9328,6229,6260
6001,5901,5913
9329,6231,6263
6002,5900,5911
9330,6233,6265
6003,5898,5910
9331,6235,6267
6004,5897,5909
9332,6237,6270
6005,5896,5907
9333,6239,6272
6006,5894,5906
9334,6241,6275
6007,5893,5904
9335,6243,6277
6008,5892,5903
9336,6245,6279
6009,5890,5902
9337,6247,6282
6010,5889,5900
9338,6249,6284
6011,5888,5899
9339,6251,6287
6012,5886,5898
9340,6254,6289
6013,5885,5896
9341,6256,6292
6014,5884,5895
9342,6258,6294
6015,5882,5894
9343,6260,6296
6016,5881,5892
9344,6262,6299
6017,5880,5891
9345,6264,6301
6018,5878,5889
9346,6266,6304
6019,5877,5888
9347,6268,6306
6020,5876,5887
9348,6271,6309
6021,5875,5885
9349,6273,6311
6022,5873,5884
9350,6275,6314
6023,5872,5883
9351,6277,6316
6024,5871,5881
9293,6163,6181
5966,5949,5963
9292,6162,6179
5965,5951,5964
9291,6160,6177
5964,5952,5966
9290,6158,6175
5963,5954,5967
9289,6157,6172
5962,5955,5969
9288,6155,6170
5961,5957,5970
9287,6153,6168
5960,5958,5972
9286,6152,6166
5959,5959,5973
9285,6150,6164
5958,5961,5975
9284,6148,6162
5957,5962,5976
9283,6147,6159
5956,5964,5978
9282,6145,6157
5955,5965,5979
9281,6143,6155
5954,5967,5981
9280,6142,6153
5953,5968,5982
9279,6140,6151
5952,5970,5984
9278,6139,6148
5951,5971,5985
9277,6137,6146
5950,5973,5987
9276,6136,6144
5949,5974,5989
9275,6134,6142
5948,5976,5990
9274,6133,6139
5947,5977,5992
9273,6131,6137
5946,5979,5993
9272,6130,6134
5945,5980,5995
9271,6129,6132
5944,5982,5996
5943,5983,5998
5942,5985,5999
5941,5986,6001
5940,5988,6002
5939,5989,6004
5938,5991,6006
5937,5992,6007
5936,5994,6009
5935,5995,6010
5934,5997,6012
5933,5998,6013
5932,6000,6015
5931,6001,6017
5930,6003,6018
5929,6004,6020
5928,6006,6021
5927,6008,6023
5926,6009,6025
5925,6011,6026
5924,6012,6028
5923,6014,6029
5922,6015,6031
5921,6017,6033
5920,6019,6034
5919,6020,6036
5918,6022,6037
5917,6023,6039
5906,6041,6057
5905,6043,6059
5904,6044,6061
