7245,8721,8724
7246,8720,8724
7247,8720,8725
7248,8719,8725
7249,8719,8726
7250,8718,8726
7251,8718,8726
7252,8718,8727
7253,8718,8727
7254,8717,8727
7255,8717,8727
7256,8717,8728
7257,8717,8728
7258,8716,8728
7259,8716,8728
7260,8716,8728
7261,8716,8728
7262,8716,8728
7263,8716,8728
7264,8715,8728
7265,8715,8729
7266,8715,8729
7267,8715,8729
7268,8715,8729
7269,8715,8729
7270,8715,8729
7271,8715,8729
7272,8715,8729
7273,8715,8729
7274,8715,8729
7275,8715,8729
7302,8720,8722
7301,8719,8723
7300,8718,8724
7299,8718,8724
7298,8717,8725
7297,8717,8725
7296,8717,8725
7295,8716,8726
7294,8716,8726
7293,8716,8726
7292,8716,8727
7291,8716,8727
7290,8715,8727
7289,8715,8727
7288,8715,8727
7287,8715,8728
7286,8715,8728
7285,8715,8728
7284,8715,8728
7283,8715,8728
7282,8715,8728
7281,8715,8728
7280,8715,8728
7279,8715,8728
7278,8715,8728
7277,8715,8729
7276,8715,8729
6340,8445,8460
6341,8445,8461
6342,8446,8462
6343,8447,8463
6344,8447,8464
6345,8448,8465
6346,8449,8466
6347,8450,8467
6348,8450,8468
6349,8451,8469
6350,8452,8470
6457,8530,8554
6456,8529,8553
6455,8528,8553
6454,8528,8552
6453,8527,8551
6452,8526,8551
6451,8525,8550
6450,8525,8549
5731,6905,6967
6502,8564,8579
5732,6887,6974
6503,8565,8579
5733,6873,6975
6504,8565,8579
5734,6860,6974
6505,8566,8580
5735,6849,6971
6506,8567,8580
5736,6839,6967
6507,8568,8581
5737,6830,6962
6508,8569,8581
5738,6821,6956
6509,8570,8581
5739,6813,6949
6510,8570,8582
5740,6805,6942
6511,8571,8582
5741,6797,6935
6512,8572,8582
5742,6790,6927
6351,8452,8471
9597,7283,7328
6513,8573,8583
5743,6783,6919
6352,8453,8472
9598,7263,7333
6514,8574,8583
5744,6776,6912
6353,8454,8473
9599,7247,7336
6515,8575,8583
5745,6770,6904
6354,8454,8474
9600,7232,7336
6516,8576,8583
5746,6764,6896
6355,8455,8475
9601,7218,7336
6517,8577,8583
5747,6758,6888
6356,8456,8475
9602,7205,7335
6518,8578,8583
5748,6752,6881
6357,8457,8476
9603,7193,7334
6519,8579,8583
5749,6746,6873
6358,8457,8477
9604,7181,7332
6520,8581,8583
5750,6740,6866
6359,8458,8478
9605,7170,7329
5751,6735,6858
5752,6729,6851
5753,6724,6844
5754,6719,6837
5755,6714,6830
5756,6709,6823
5762,6681,6783
6329,8438,8448
5788,6589,6637
5763,6677,6777
6330,8438,8449
5789,6586,6632
5764,6673,6771
6331,8439,8450
5790,6584,6627
5765,6668,6765
6332,8440,8451
5791,6581,6621
5766,6664,6758
6427,8508,8534
6333,8440,8452
5792,6579,6616
5767,6660,6752
6428,8509,8534
6334,8441,8453
5793,6576,6610
5768,6656,6747
6429,8509,8535
6335,8441,8454
5794,6574,6605
5769,6652,6741
6430,8510,8536
6336,8442,8456
5795,6572,6599
5770,6649,6735
6431,8511,8537
6337,8443,8457
5796,6571,6593
5771,6645,6729
6432,8511,8537
6338,8443,8458
5797,6569,6587
5772,6641,6723
6433,8512,8538
6339,8444,8459
5798,6569,6580
5773,6637,6718
6434,8513,8539
5774,6634,6712
6435,8514,8539
5775,6630,6706
6436,8514,8540
5776,6627,6701
6437,8515,8541
5757,6704,6816
5777,6623,6695
6438,8516,8541
5758,6699,6809
5778,6620,6690
6439,8517,8542
5759,6695,6803
5779,6616,6685
6440,8517,8543
5760,6690,6796
6321,8435,8437
5780,6613,6679
6441,8518,8543
5761,6686,6790
6322,8435,8439
5781,6610,6674
6442,8519,8544
6323,8435,8440
5782,6607,6669
6443,8519,8545
6324,8435,8441
5783,6604,6663
6444,8520,8545
6325,8436,8443
5784,6601,6658
6445,8521,8546
6326,8436,8444
5785,6598,6653
6446,8522,8547
6327,8437,8445
5786,6595,6648
6447,8522,8547
6328,8437,8447
5787,6592,6642
6448,8523,8548
6449,8524,8549
6458,8530,8555
6459,8531,8555
6460,8532,8556
6461,8533,8556
6462,8533,8557
6463,8534,8558
6464,8535,8558
6465,8536,8559
6466,8536,8559
6467,8537,8560
6468,8538,8561
6469,8539,8561
6470,8539,8562
6471,8540,8562
6472,8541,8563
6473,8542,8564
6474,8542,8564
6475,8543,8565
6476,8544,8565
6477,8545,8566
6478,8545,8566
6479,8546,8567
6480,8547,8568
6481,8548,8568
6482,8548,8569
6483,8549,8569
6484,8550,8570
6485,8551,8570
6486,8551,8571
6487,8552,8571
6488,8553,8572
6489,8554,8572
6490,8554,8573
6491,8555,8573
6492,8556,8574
6493,8557,8574
6494,8557,8575
6495,8558,8575
6496,8559,8576
6497,8560,8576
6498,8561,8577
6499,8561,8577
6500,8562,8578
6501,8563,8578
6426,8507,8533
6425,8506,8532
6424,8506,8532
6423,8505,8531
6422,8504,8530
6421,8503,8529
6420,8503,8529
6419,8502,8528
6418,8501,8527
6417,8500,8526
6416,8500,8526
6415,8499,8525
6414,8498,8524
6413,8498,8523
6412,8497,8523
6411,8496,8522
6410,8495,8521
6409,8495,8520
6408,8494,8520
6407,8493,8519
6406,8492,8518
6405,8492,8517
6404,8491,8517
6403,8490,8516
6402,8489,8515
6401,8489,8514
6400,8488,8513
6399,8487,8513
7480,9727,9729
6398,8487,8512
7479,9726,9730
6397,8486,8511
7478,9725,9730
6396,8485,8510
7477,9725,9731
6395,8484,8509
7476,9724,9731
6394,8484,8509
7475,9724,9731
6393,8483,8508
7474,9724,9730
6392,8482,8507
7473,9724,9730
6391,8481,8506
7472,9725,9730
6390,8481,8505
7471,9725,9729
6389,8480,8504
7470,9726,9728
6388,8479,8504
6387,8478,8503
6386,8478,8502
6385,8477,8501
6384,8476,8500
6383,8476,8499
6382,8475,8499
6381,8474,8498
6380,8473,8497
6379,8473,8496
9624,7159,7192
6378,8472,8495
9623,7140,7216
6377,8471,8494
9622,7129,7230
6376,8470,8493
9621,7122,7242
6375,8470,8493
9620,7117,7252
6374,8469,8492
9619,7113,7260
6373,8468,8491
9618,7111,7268
6372,8467,8490
9617,7110,7275
6371,8467,8489
9616,7109,7282
6370,8466,8488
9615,7110,7288
6369,8465,8487
9614,7112,7294
6368,8465,8486
9613,7115,7299
6367,8464,8486
9612,7118,7304
6366,8463,8485
9611,7123,7308
6365,8462,8484
9610,7128,7313
6364,8462,8483
9609,7135,7317
6363,8461,8482
9608,7143,7320
6362,8460,8481
9607,7151,7324
6361,8460,8480
9606,7160,7327
6360,8459,8479
