5665,7049,7079
5666,7001,7126
5667,6977,7151
5668,6958,7171
5669,6941,7187
5670,6927,7201
5671,6914,7214
5672,6902,7226
5673,6891,7237
5674,6881,7248
5675,6871,7258
5676,6862,7267
5677,6853,7276
5678,6845,7285
5679,6837,7293
5680,6829,7301
5681,6821,7309
5682,6814,7317
5683,6807,7324
5684,6800,7331
5685,7115,7338
5685,6793,6993
5686,7141,7345
5686,6787,6966
5687,7161,7351
5687,6780,6946
5688,7178,7358
5688,6774,6929
5689,7193,7364
5689,6768,6914
5690,7206,7370
5690,6762,6900
5691,7219,7376
5691,6756,6888
5692,7230,7382
5692,6750,6876
5693,7241,7388
5693,6745,6865
5694,7251,7393
5694,6739,6855
5695,7260,7399
5695,6734,6845
5696,7270,7405
5696,6728,6836
5697,7278,7410
5697,6723,6826
5698,7287,7415
5698,6718,6818
5699,7295,7421
5699,6713,6809
5700,7303,7426
5700,6708,6801
5701,7310,7431
5701,6703,6793
5702,7318,7436
5702,6698,6786
5703,7325,7441
5703,6694,6778
5704,7332,7446
5704,6689,6771
5705,7339,7450
5705,6684,6764
5706,7345,7455
5706,6680,6757
5707,7352,7460
5707,6675,6750
5708,7358,7465
5708,6671,6744
5709,7364,7469
5709,6667,6737
5710,7370,7474
5710,6662,6731
5711,7376,7478
5711,6658,6724
5712,7382,7483
5712,6654,6718
5713,7388,7487
5713,6650,6712
5714,7394,7491
5714,6646,6706
5715,7399,7496
5715,6642,6700
5716,7405,7500
5716,6638,6695
5717,7410,7504
5717,6634,6689
5718,7415,7508
5718,6630,6683
5719,7421,7512
5719,6626,6678
5720,7426,7516
5720,6623,6672
5864,7872,7899
5865,7874,7901
5866,7877,7903
5867,7879,7905
5868,7881,7907
5873,7892,7916
5874,7894,7917
5731,7478,7559
5731,6584,6615
5875,7897,7919
5732,7482,7562
5732,6581,6610
5755,7573,7640
9542,6841,6970
5876,7899,7921
5733,7487,7566
5733,6578,6605
5756,7577,7643
9543,6842,7005
5877,7901,7922
5878,7903,7924
5879,7906,7926
5736,7499,7577
5736,6570,6590
5759,7587,7652
9546,6851,7157
5737,7504,7580
5737,6567,6585
5738,7508,7584
5738,6564,6580
5739,7512,7587
5739,6562,6574
5740,7516,7591
5740,6560,6568
5849,7838,7871
5741,7520,7594
5850,7840,7873
5764,7604,7667
9551,6874,7189
5745,7536,7607
5854,7849,7880
5768,7617,7678
7391,8706,8706
9555,6899,7179
5746,7540,7611
5855,7851,7882
5769,7621,7681
7392,8704,8708
9556,6906,7174
5747,7543,7614
5856,7854,7884
5748,7547,7617
5857,7856,7886
5749,7551,7621
5858,7858,7888
5880,7908,7928
7503,9729,9730
5750,7555,7624
5859,7861,7890
5773,7634,7692
7396,8702,8710
9560,6942,7147
5881,7910,7929
7504,9728,9732
5751,7558,7627
5860,7863,7892
5774,7637,7695
7397,8702,8710
9561,6953,7137
5882,7912,7931
7505,9728,9732
5861,7865,7894
5775,7640,7698
7398,8701,8711
9562,6966,7125
5883,7915,7932
7506,9727,9733
5862,7867,7896
5776,7643,7701
7399,8701,8711
9563,6982,7111
5884,7917,7934
7507,9727,9733
9541,6840,6941
5754,7569,7636
5863,7870,7897
5885,7919,7936
7508,9727,9733
5744,7532,7604
5772,7630,7690
9559,6932,7155
7395,8703,8710
5853,7847,7878
5767,7614,7675
9554,6892,7183
7511,9728,9733
5888,7926,7940
5743,7528,7601
5771,7627,7687
9558,6923,7162
7394,8703,8709
5852,7845,7877
5766,7611,7672
9553,6886,7186
7510,9727,9733
5887,7924,7939
5742,7524,7597
5770,7624,7684
9557,6914,7169
7393,8704,8709
5851,7842,7875
5765,7608,7670
9552,6880,7188
7400,8701,8711
9564,7003,7092
5777,7646,7703
7509,9727,9733
5886,7921,7937
5734,7491,7570
5734,6575,6600
5757,7580,7646
9544,6844,7050
5889,7928,7942
7512,9728,9732
5735,7495,7573
5735,6572,6595
5758,7584,7649
9545,6847,7114
5890,7930,7943
7513,9729,9732
5730,7473,7555
5730,6588,6620
5753,7566,7633
9540,6842,6913
5752,7562,7630
9539,6849,6882
9549,6864,7187
5762,7597,7661
5871,7888,7912
9550,6869,7189
5763,7601,7664
5872,7890,7914
9548,6859,7183
5761,7594,7658
5870,7886,7910
9547,6855,7174
5760,7591,7655
5869,7883,7908
7401,8701,8711
5778,7649,7706
7402,8700,8711
5779,7652,7709
7403,8700,8712
5780,7655,7712
7404,8700,8712
5781,7658,7714
7405,8700,8712
5782,7662,7717
7406,8700,8712
5783,7665,7720
7407,8700,8712
5784,7668,7722
7408,8700,8712
5785,7671,7725
7409,8700,8712
5786,7673,7728
7410,8700,8712
5787,7676,7730
7411,8700,8712
5788,7679,7733
7412,8699,8712
5789,7682,7735
7413,8699,8712
5790,7685,7738
7414,8699,8712
5791,7688,7740
7415,8700,8712
5792,7691,7743
7416,8700,8712
5793,7694,7746
7417,8700,8712
5794,7697,7748
7418,8700,8712
5795,7700,7751
7419,8700,8712
5796,7702,7753
7420,8700,8711
5797,7705,7756
7421,8700,8711
5798,7708,7758
7422,8700,8711
5799,7711,7760
7423,8700,8711
5800,7714,7763
7424,8700,8711
5801,7716,7765
7425,8701,8710
5802,7719,7768
7426,8701,8710
5803,7722,7770
7427,8701,8710
5804,7725,7773
7428,8702,8709
5805,7727,7775
7429,8702,8709
5806,7730,7777
7430,8702,8708
5807,7733,7780
7431,8703,8708
5808,7735,7782
7432,8704,8707
5809,7738,7784
5810,7741,7787
5811,7743,7789
5812,7746,7791
5813,7749,7794
5814,7751,7796
5815,7754,7798
5816,7756,7801
5817,7759,7803
5818,7762,7805
5819,7764,7807
5820,7767,7810
5821,7769,7812
5822,7772,7814
5823,7774,7816
5824,7777,7819
5825,7779,7821
5826,7782,7823
5827,7784,7825
5828,7787,7827
5829,7789,7829
5830,7792,7832
5831,7794,7834
5832,7797,7836
5833,7799,7838
5834,7802,7840
5835,7804,7842
5836,7807,7844
5837,7809,7846
5838,7811,7848
5839,7814,7850
5840,7816,7853
5841,7819,7855
5842,7821,7857
5843,7823,7859
5844,7826,7861
5845,7828,7863
5846,7831,7865
5847,7833,7867
5848,7835,7869
5891,7933,7945
5892,7935,7946
5893,7938,7948
5894,7940,7949
5895,7942,7950
5896,7945,7951
5897,7948,7952
5898,7951,7953
5729,7469,7551
5729,6591,6625
5728,7464,7548
5728,6594,6630
5727,7460,7544
5727,6598,6635
5726,7455,7540
5726,6601,6640
5725,7450,7536
5725,6604,6646
5724,7445,7532
5724,6608,6651
5723,7441,7528
5723,6612,6656
5722,7436,7524
5722,6615,6661
5721,7431,7520
5721,6619,6667
