7473,8696,8698
7474,8695,8699
7475,8694,8700
7476,8694,8700
7477,8693,8701
7478,8693,8701
7479,8693,8701
7480,8692,8702
7481,8692,8702
7482,8692,8702
7483,8692,8702
7484,8691,8702
7485,8691,8703
7486,8691,8703
7487,8691,8703
7488,8691,8703
7489,8691,8703
7490,8691,8703
7491,8691,8703
7492,8691,8703
7511,8696,8698
7510,8695,8699
7509,8694,8700
7508,8693,8700
7507,8693,8701
7506,8693,8701
7505,8692,8701
7504,8692,8702
7503,8692,8702
7502,8692,8702
7501,8691,8702
7500,8691,8702
7499,8691,8703
7498,8691,8703
7497,8691,8703
7496,8691,8703
7495,8691,8703
7494,8691,8703
7493,8691,8703
7526,9727,9730
7527,9727,9731
7528,9726,9731
7529,9726,9732
7530,9726,9732
7535,9728,9730
7534,9727,9731
7533,9726,9732
7532,9726,9732
7531,9726,9732
9375,6339,6340
9376,6339,6345
9377,6340,6349
9378,6342,6352
9379,6343,6356
9380,6345,6359
9381,6347,6362
9382,6349,6365
9383,6351,6369
9384,6353,6372
9385,6355,6375
9386,6357,6378
9455,6548,6629
9456,6552,6633
9457,6555,6638
9458,6559,6643
9459,6563,6647
9460,6566,6652
9461,6570,6657
9462,6574,6662
9463,6578,6667
9464,6581,6672
9465,6585,6677
9466,6589,6682
9467,6593,6687
9468,6597,6692
9469,6601,6697
9470,6605,6702
9471,6609,6708
9472,6613,6713
9473,6617,6719
9474,6622,6724
9475,6626,6730
9513,6896,6953
9512,6876,6962
9511,6860,6965
9510,6847,6965
9509,6836,6963
9508,6825,6959
9507,6815,6954
9506,6806,6948
9505,6797,6942
9488,6688,6811
9487,6682,6804
9486,6677,6798
9485,6672,6791
9484,6667,6784
9483,6662,6778
9482,6658,6772
9481,6653,6765
9480,6648,6759
9479,6644,6753
9478,6639,6747
9477,6635,6741
9476,6630,6736
9489,6693,6818
9490,6698,6825
9491,6704,6833
9492,6709,6840
9493,6715,6847
9494,6721,6855
9495,6727,6863
9496,6733,6871
9497,6739,6878
9498,6746,6886
9499,6752,6895
9500,6759,6903
9501,6766,6911
9502,6774,6919
9503,6781,6927
9504,6789,6934
9454,6545,6624
9453,6541,6620
9452,6538,6615
9451,6534,6611
9450,6531,6607
9449,6528,6602
9448,6524,6598
9447,6521,6594
9446,6518,6590
9445,6514,6586
9444,6511,6581
9443,6508,6577
9442,6505,6573
9441,6502,6569
9440,6498,6565
9439,6495,6561
9438,6492,6557
9437,6489,6553
9436,6486,6549
9435,6483,6545
9434,6480,6542
9433,6477,6538
9432,6474,6534
9431,6471,6530
9430,6468,6526
9429,6465,6523
9428,6462,6519
9427,6460,6515
9426,6457,6512
9425,6454,6508
9424,6451,6504
9423,6448,6501
9422,6445,6497
9421,6443,6494
9420,6440,6490
9419,6437,6487
9418,6435,6483
9417,6432,6480
9416,6429,6476
9415,6427,6473
9414,6424,6469
9413,6421,6466
9412,6419,6463
9411,6416,6459
9410,6413,6456
9409,6411,6452
9408,6408,6449
9407,6406,6446
9406,6403,6442
9405,6401,6439
9404,6398,6436
9403,6396,6433
9402,6393,6429
9401,6391,6426
9400,6389,6423
9399,6386,6420
9398,6384,6416
9397,6382,6413
9396,6379,6410
9395,6377,6407
9394,6375,6404
9393,6372,6400
9392,6370,6397
9391,6368,6394
9390,6366,6391
9389,6363,6388
9388,6361,6385
9387,6359,6381
