5627,6507,6516
5628,6500,6515
5629,6495,6514
5630,6490,6512
5631,6485,6511
5632,6480,6508
5633,6476,6506
5634,6472,6504
5635,6468,6502
5636,6464,6499
5637,6460,6497
5786,6104,6138
5785,6106,6140
5784,6107,6142
5783,6109,6144
5782,6111,6146
5781,6113,6148
5780,6114,6150
5779,6116,6152
5778,6118,6154
5777,6120,6156
5776,6121,6158
5775,6123,6160
7574,9720,9721
5774,6125,6162
7573,9719,9722
5773,6127,6165
7572,9718,9723
5772,6128,6167
7571,9718,9723
5771,6130,6169
7570,9718,9724
5770,6132,6171
7569,9718,9724
5769,6134,6173
7568,9718,9724
5768,6136,6175
7567,9718,9723
5767,6138,6177
7566,9719,9723
5766,6139,6179
7565,9720,9722
5765,6141,6181
5764,6143,6183
5763,6145,6185
5762,6147,6188
5761,6149,6190
5760,6150,6192
5759,6152,6194
5758,6154,6196
5757,6156,6198
5756,6158,6200
5755,6160,6203
5754,6162,6205
5725,6220,6270
7630,8678,8689
5831,6034,6049
5726,6218,6267
7631,8678,8689
5832,6032,6047
5727,6216,6265
7632,8678,8689
5833,6031,6045
5728,6214,6263
7633,8677,8689
5834,6030,6043
5729,6212,6260
7634,8677,8689
5835,6028,6041
5730,6210,6258
7635,8677,8689
5836,6027,6039
5731,6208,6256
7636,8677,8690
5837,6026,6037
5732,6206,6254
7637,8677,8690
5838,6025,6035
5733,6203,6251
7638,8677,8690
5839,6023,6033
5753,6164,6207
7658,8683,8685
5752,6166,6209
7657,8681,8686
5751,6168,6211
7656,8681,8686
5750,6169,6213
7655,8680,8687
5749,6171,6216
7654,8680,8687
5748,6173,6218
7653,8679,8688
5747,6175,6220
7652,8679,8688
5734,6201,6249
7639,8677,8690
5840,6022,6031
5735,6199,6247
7640,8677,8690
5841,6021,6029
5736,6197,6244
7641,8677,8690
5842,6020,6027
5737,6195,6242
7642,8677,8690
5843,6019,6024
5738,6193,6240
7643,8677,8689
5844,6019,6022
5739,6191,6238
7644,8678,8689
5740,6189,6235
7645,8678,8689
5741,6187,6233
7646,8678,8689
5742,6185,6231
7647,8678,8689
5743,6183,6229
7648,8678,8689
5744,6181,6227
7649,8678,8689
5745,6179,6224
7650,8679,8688
5746,6177,6222
7651,8679,8688
5724,6222,6272
7629,8678,8689
5830,6035,6051
5723,6224,6274
7628,8678,8689
5829,6037,6053
5722,6227,6277
7627,8678,8688
5828,6038,6055
5789,6099,6132
5788,6101,6134
5787,6102,6136
5713,6246,6298
7619,8682,8685
5820,6050,6071
5714,6244,6296
7620,8681,8686
5821,6048,6069
5715,6242,6293
7621,8680,8686
5822,6047,6067
5716,6240,6291
7622,8680,8687
5823,6045,6065
5717,6238,6288
7623,8679,8687
5824,6044,6063
5718,6235,6286
7624,8679,8688
5825,6042,6061
5719,6233,6284
7625,8679,8688
5826,6041,6059
5720,6231,6281
7626,8679,8688
5827,6039,6057
5721,6229,6279
5790,6097,6130
5791,6096,6128
5792,6094,6126
5793,6092,6124
5794,6091,6122
5795,6089,6120
5796,6087,6118
5797,6086,6116
5798,6084,6114
5799,6082,6112
5800,6081,6110
5801,6079,6108
5802,6077,6106
5803,6076,6104
5804,6074,6102
5805,6073,6100
5806,6071,6098
5807,6069,6096
5808,6068,6094
5809,6066,6092
5810,6065,6090
5811,6063,6088
5812,6062,6086
5813,6060,6084
5814,6059,6083
5815,6057,6081
5816,6056,6079
5817,6054,6077
5818,6053,6075
5819,6051,6073
5712,6249,6300
5711,6251,6303
5710,6253,6305
5709,6255,6308
5708,6258,6310
5707,6260,6312
5706,6262,6315
5705,6265,6317
5704,6267,6320
5703,6269,6322
5702,6272,6325
5701,6274,6327
5700,6276,6330
5699,6279,6332
5698,6281,6335
5697,6284,6337
5696,6286,6340
5695,6288,6342
5694,6291,6345
5693,6293,6347
5692,6296,6350
5691,6298,6352
5690,6301,6355
5689,6303,6357
5688,6306,6360
5687,6308,6363
5686,6311,6365
5685,6313,6368
5684,6316,6370
5683,6318,6373
5682,6321,6376
5681,6324,6378
5680,6326,6381
5679,6329,6383
5678,6332,6386
5677,6334,6389
5676,6337,6391
5675,6340,6394
5674,6342,6397
5673,6345,6399
5672,6348,6402
5671,6351,6405
5670,6353,6407
5669,6356,6410
5668,6359,6413
5667,6362,6415
5666,6365,6418
5665,6368,6421
5664,6370,6424
5663,6373,6426
5662,6376,6429
5661,6379,6432
5660,6382,6434
5659,6385,6437
5658,6388,6440
5657,6391,6443
5656,6394,6445
5655,6398,6448
5654,6401,6451
5653,6404,6454
5652,6407,6456
5651,6410,6459
5650,6414,6462
5649,6417,6465
5648,6420,6467
5647,6424,6470
5646,6427,6473
5645,6430,6475
5644,6434,6478
5643,6437,6481
5642,6441,6484
5641,6445,6486
5640,6448,6489
5639,6452,6491
5638,6456,6494
