5584,6494,6506
5585,6487,6506
5586,6481,6505
5587,6476,6504
5588,6471,6502
5589,6467,6501
5590,6462,6499
7742,8673,8681
5686,6211,6246
7591,9712,9716
7741,8673,8681
5685,6213,6249
7590,9711,9716
7740,8672,8681
5684,6215,6251
7589,9711,9716
7739,8672,8682
5683,6217,6254
7588,9711,9717
7738,8672,8682
5682,6219,6256
7587,9711,9717
7737,8672,8682
5681,6220,6259
7586,9711,9716
7736,8672,8682
5680,6222,6262
7585,9712,9716
7735,8671,8682
5679,6224,6264
7584,9713,9716
7734,8671,8683
5678,6226,6267
7583,9714,9714
7733,8671,8683
5677,6228,6269
7732,8671,8683
5676,6230,6272
7731,8671,8683
5675,6232,6274
7730,8671,8683
5674,6234,6277
7729,8671,8683
5673,6236,6280
7728,8671,8683
5672,6238,6282
7727,8670,8683
5671,6240,6285
7726,8670,8683
5670,6242,6287
7725,8670,8683
5669,6244,6290
7724,8670,8683
5668,6246,6293
7723,8670,8683
5667,6248,6295
7722,8670,8683
5666,6250,6298
7721,8670,8683
5665,6252,6300
7720,8670,8683
5664,6254,6303
7719,8670,8683
5663,6256,6306
7718,8671,8683
5662,6258,6308
7717,8671,8683
5661,6261,6311
7716,8671,8683
5660,6263,6314
7715,8671,8683
5659,6265,6316
7714,8671,8682
5658,6267,6319
7713,8671,8682
5657,6269,6321
5640,6309,6367
7705,8673,8680
5649,6287,6343
5644,6299,6356
7704,8674,8679
5648,6290,6345
5643,6301,6359
7703,8675,8679
5647,6292,6348
5639,6311,6369
5642,6304,6361
7702,8675,8678
5646,6294,6351
5638,6314,6372
5641,6306,6364
7592,9712,9715
7743,8674,8680
5687,6210,6243
5645,6297,6353
7706,8673,8680
5650,6285,6340
7707,8673,8681
5651,6283,6337
7708,8672,8681
5652,6280,6335
7709,8672,8681
5653,6278,6332
7710,8672,8682
5654,6276,6329
7711,8671,8682
5655,6274,6327
7712,8671,8682
5656,6271,6324
7744,8674,8680
5688,6208,6241
7745,8675,8679
5689,6206,6238
7746,8676,8678
5690,6204,6236
5691,6203,6233
5692,6201,6230
5693,6199,6228
5694,6198,6225
5695,6196,6222
5696,6194,6220
5697,6193,6217
5698,6191,6214
5699,6190,6212
5700,6188,6209
5701,6187,6206
5702,6186,6203
5703,6185,6200
5704,6183,6197
5705,6182,6194
5706,6182,6191
5707,6181,6187
5637,6316,6375
5636,6319,6378
5635,6321,6380
5634,6324,6383
5633,6326,6386
5632,6329,6388
5631,6331,6391
5630,6334,6394
5629,6337,6397
5628,6339,6399
5627,6342,6402
5626,6345,6405
5625,6347,6408
5624,6350,6410
5623,6353,6413
5622,6355,6416
5621,6358,6419
5620,6361,6421
5619,6364,6424
5618,6367,6427
5617,6370,6430
5616,6373,6432
5615,6376,6435
5614,6378,6438
5613,6381,6440
5612,6384,6443
5611,6388,6446
5610,6391,6449
5609,6394,6451
5608,6397,6454
5607,6400,6457
5606,6403,6459
5605,6407,6462
5604,6410,6465
5603,6413,6467
5602,6417,6470
5601,6420,6473
5600,6423,6475
5599,6427,6478
5598,6431,6480
5597,6434,6483
5596,6438,6485
5595,6442,6488
5594,6446,6490
5593,6450,6492
5592,6454,6495
5591,6458,6497
