5646,6510,6519
5647,6504,6518
5648,6499,6517
5649,6494,6515
5650,6489,6513
5651,6485,6510
5652,6481,6508
5653,6477,6505
5654,6473,6503
5655,6469,6500
5656,6465,6498
5657,6461,6495
5658,6457,6492
5659,6453,6490
5660,6450,6487
5661,6446,6484
5662,6443,6481
5663,6439,6479
5664,6436,6476
5665,6432,6473
5666,6429,6470
5667,6425,6468
5668,6422,6465
5669,6419,6462
5670,6416,6459
5671,6412,6457
5672,6409,6454
5673,6406,6451
5674,6403,6448
5675,6400,6446
5676,6397,6443
5677,6394,6440
5678,6390,6437
5679,6387,6435
5680,6384,6432
5681,6381,6429
5682,6378,6426
5683,6376,6424
5684,6373,6421
5685,6370,6418
5686,6367,6416
5687,6364,6413
5688,6361,6410
5689,6358,6408
5690,6355,6405
5691,6353,6402
5692,6350,6400
5693,6347,6397
5694,6344,6394
5695,6342,6392
5696,6339,6389
5697,6336,6386
5698,6334,6384
5699,6331,6381
5700,6328,6379
5701,6326,6376
5702,6323,6373
5703,6320,6371
5704,6318,6368
5705,6315,6366
5706,6313,6363
5707,6310,6361
5708,6308,6358
5709,6305,6356
5710,6302,6353
5711,6300,6351
5712,6297,6348
5713,6295,6346
5714,6293,6343
5715,6290,6341
5716,6288,6338
5717,6285,6336
5718,6283,6333
5719,6280,6331
5720,6278,6328
5721,6276,6326
5722,6273,6323
5723,6271,6321
5724,6268,6319
5725,6266,6316
5726,6264,6314
5727,6261,6311
5728,6259,6309
5729,6257,6307
5730,6254,6304
5731,6252,6302
5732,6250,6300
5733,6248,6297
5734,6245,6295
5735,6243,6293
5736,6241,6290
5737,6239,6288
5738,6236,6286
5739,6234,6283
5740,6232,6281
5741,6230,6279
5742,6227,6276
5743,6225,6274
5744,6223,6272
5745,6221,6270
5746,6219,6267
5747,6217,6265
5748,6214,6263
5749,6212,6261
5750,6210,6258
5751,6208,6256
5752,6206,6254
5753,6204,6252
5754,6202,6249
5755,6200,6247
5756,6198,6245
5757,6195,6243
5758,6193,6241
5759,6191,6239
5760,6189,6236
5761,6187,6234
5762,6185,6232
5763,6183,6230
5764,6181,6228
5852,6024,6058
5851,6026,6060
5850,6027,6062
5849,6029,6063
5848,6030,6065
5847,6032,6067
5846,6034,6069
5805,6103,6144
5804,6105,6146
5803,6107,6148
5802,6108,6150
5801,6110,6152
5800,6112,6154
5799,6114,6156
5798,6116,6158
5797,6118,6160
5796,6119,6162
5795,6121,6164
5794,6123,6166
5793,6125,6168
5792,6127,6170
5791,6129,6172
5790,6130,6174
5789,6132,6176
5788,6134,6178
5787,6136,6180
5786,6138,6182
5785,6140,6184
5817,6082,6121
7616,8682,8691
5766,6177,6223
5818,6080,6120
7617,8682,8691
5767,6175,6221
5819,6078,6118
7618,8682,8690
5768,6173,6219
5820,6077,6116
7619,8683,8690
5769,6171,6217
5821,6075,6114
7620,8683,8689
5770,6169,6215
5822,6073,6112
7621,8684,8689
5771,6167,6213
5823,6072,6110
7622,8685,8688
5772,6165,6211
5824,6070,6108
7623,8686,8686
5773,6163,6209
5825,6068,6106
5774,6161,6207
5845,6035,6070
5844,6037,6072
5843,6038,6074
5842,6040,6076
5841,6042,6077
5840,6043,6079
5839,6045,6081
5826,6067,6105
5775,6159,6204
5827,6065,6103
7605,8680,8692
5806,6101,6142
5776,6157,6202
5828,6063,6101
7606,8680,8692
5807,6099,6140
5777,6155,6200
5829,6061,6099
7607,8680,8692
5808,6098,6138
5778,6153,6198
5830,6060,6097
7608,8680,8692
5809,6096,6137
5779,6151,6196
5831,6058,6095
7609,8681,8692
5810,6094,6135
5780,6149,6194
5832,6056,6094
7610,8681,8692
5811,6092,6133
5781,6148,6192
5833,6055,6092
7611,8681,8692
5812,6091,6131
5782,6146,6190
5834,6053,6090
7612,8681,8692
5813,6089,6129
5783,6144,6188
5835,6051,6088
7613,8681,8692
5814,6087,6127
5784,6142,6186
5836,6050,6086
7614,8681,8691
5815,6085,6125
5837,6048,6085
7615,8682,8691
5816,6084,6123
5838,6047,6083
5853,6022,6056
5854,6021,6055
5855,6019,6053
5856,6018,6051
5857,6016,6049
5858,6015,6048
5859,6013,6046
5860,6011,6044
5861,6010,6043
5862,6008,6041
5863,6007,6039
5864,6005,6037
5865,6004,6036
5866,6002,6034
5867,6001,6032
5868,5999,6031
5869,5998,6029
5870,5996,6027
5871,5995,6026
5872,5993,6024
5873,5992,6022
5874,5990,6021
5875,5989,6019
5876,5987,6017
5877,5986,6016
5878,5984,6014
5879,5983,6012
5880,5981,6011
5881,5980,6009
5882,5978,6007
5883,5977,6006
5884,5975,6004
5885,5974,6002
5886,5972,6001
5887,5971,5999
5888,5969,5998
5889,5968,5996
5890,5967,5994
5891,5965,5993
5892,5964,5991
5893,5962,5989
5894,5961,5988
5895,5959,5986
5896,5958,5985
5897,5957,5983
5898,5955,5981
5899,5954,5980
5900,5952,5978
5901,5951,5977
5902,5950,5975
5903,5948,5973
5904,5947,5972
5905,5945,5970
5906,5944,5969
5907,5943,5967
5908,5941,5966
5909,5940,5964
5910,5938,5962
5911,5937,5961
5912,5936,5959
5913,5934,5958
5914,5933,5956
5915,5932,5955
5916,5930,5953
5917,5929,5952
5918,5928,5950
5919,5926,5948
5920,5925,5947
5921,5924,5945
5922,5922,5944
5923,5921,5942
5924,5920,5941
5925,5918,5939
5926,5917,5938
5927,5916,5936
5928,5914,5935
5929,5913,5933
5930,5912,5932
5931,5910,5930
5932,5909,5928
7556,9722,9724
5933,5908,5927
7557,9722,9725
5934,5906,5925
7558,9721,9726
5935,5905,5924
7559,9721,9726
5936,5904,5922
7560,9720,9726
5937,5903,5921
7561,9720,9726
5938,5901,5919
7562,9721,9726
5939,5900,5918
7563,9721,9726
5940,5899,5916
7564,9721,9725
5941,5897,5915
7565,9722,9725
5942,5896,5913
5943,5895,5912
5944,5894,5910
5945,5892,5909
5946,5891,5907
5947,5890,5906
5948,5889,5904
5949,5887,5903
5950,5886,5901
5951,5885,5900
5952,5884,5898
5953,5883,5897
5954,5881,5895
5955,5880,5894
5956,5879,5892
5957,5878,5891
5958,5877,5889
5959,5875,5888
5960,5874,5886
7584,8686,8687
5961,5873,5885
7585,8684,8688
5962,5872,5883
7586,8684,8689
5963,5871,5882
7587,8683,8689
5964,5869,5880
7588,8683,8690
5965,5868,5879
7589,8682,8690
5966,5867,5877
7590,8682,8691
5967,5866,5876
7591,8682,8691
5968,5865,5874
7592,8681,8691
5969,5864,5873
7593,8681,8691
5970,5863,5871
7594,8681,8692
5971,5862,5870
7595,8681,8692
5972,5860,5868
7596,8681,8692
5973,5859,5867
7597,8681,8692
5974,5858,5865
7598,8680,8692
5975,5857,5864
7599,8680,8692
5976,5856,5862
7600,8680,8692
5977,5855,5860
7601,8680,8692
5978,5854,5859
7602,8680,8692
5979,5853,5857
7603,8680,8692
5980,5853,5855
7604,8680,8692
5981,5852,5853
5765,6179,6226
