9617,7344,7357
9618,7321,7368
9619,7306,7372
9620,7293,7373
9632,7193,7348
9646,7204,7241
9645,7191,7260
9644,7183,7272
9643,7178,7283
9642,7175,7292
9641,7173,7299
9640,7172,7307
9639,7172,7313
9638,7173,7319
9637,7175,7325
9636,7177,7330
9635,7180,7335
9634,7184,7340
9633,7188,7344
5760,6847,6879
5761,6831,6884
5762,6819,6884
5763,6809,6883
5764,6800,6881
5765,6791,6878
5766,6783,6875
5767,6776,6871
5768,6769,6866
5769,6762,6862
5770,6755,6857
5771,6749,6852
5772,6743,6847
5773,6737,6841
5774,6732,6836
5775,6726,6830
5776,6721,6825
5777,6716,6819
5778,6710,6814
5779,6705,6808
5780,6701,6803
5781,6696,6797
5782,6691,6792
5783,6687,6786
5784,6682,6780
5820,6575,6584
5819,6574,6592
5818,6575,6598
5817,6576,6604
5816,6578,6610
5815,6580,6616
5814,6582,6621
5813,6584,6626
5812,6586,6632
5811,6589,6637
5810,6591,6642
5809,6594,6647
5808,6597,6653
5807,6600,6658
5806,6602,6663
5805,6605,6668
5804,6608,6673
5803,6611,6679
5802,6615,6684
5801,6618,6689
5800,6621,6694
5799,6624,6699
5798,6628,6705
5797,6631,6710
5796,6635,6715
5795,6638,6720
5794,6642,6726
5793,6646,6731
5792,6649,6737
5791,6653,6742
5790,6657,6747
5789,6661,6753
5788,6665,6758
5787,6669,6764
5786,6674,6769
5785,6678,6775
6548,8591,8594
6549,8591,8595
6550,8591,8596
6551,8591,8597
6552,8591,8598
6553,8591,8599
6554,8592,8600
6555,8592,8601
6556,8592,8602
6557,8592,8603
6558,8593,8604
6559,8593,8605
6560,8593,8605
6561,8594,8606
6562,8594,8607
6563,8595,8608
6564,8595,8609
6638,8628,8652
7179,8723,8736
6639,8629,8652
7180,8723,8736
6640,8629,8653
7181,8723,8736
6641,8630,8653
7182,8723,8736
6642,8630,8654
7183,8722,8736
6714,8666,8677
6713,8665,8677
6712,8665,8677
6711,8664,8677
6710,8664,8677
6709,8663,8676
6708,8662,8676
6707,8662,8676
6706,8661,8676
6705,8661,8676
6704,8660,8675
6703,8660,8675
6702,8659,8675
6701,8659,8675
6700,8658,8674
9631,7198,7352
7467,9724,9727
6669,8643,8665
7210,8722,8736
6696,8656,8673
6699,8658,8674
6659,8638,8661
7200,8722,8737
9621,7281,7374
7457,9723,9725
7227,8723,8733
6686,8651,8670
6660,8639,8661
7201,8722,8737
9622,7271,7373
7458,9722,9726
7228,8724,8733
6687,8652,8671
6661,8639,8662
7202,8722,8736
9623,7261,7372
7459,9722,9727
6662,8640,8662
7203,8722,8736
9624,7251,7371
7460,9722,9727
6663,8640,8662
7204,8722,8736
9625,7242,7369
7461,9722,9728
6664,8641,8663
7205,8722,8736
9626,7233,7367
7462,9722,9728
6665,8641,8663
7206,8722,8736
9627,7225,7364
7463,9722,9728
6666,8641,8663
7207,8722,8736
9628,7218,7362
7464,9722,9728
6667,8642,8664
7208,8722,8736
9629,7211,7359
7465,9723,9728
6668,8642,8664
7209,8722,8736
9630,7204,7355
7466,9723,9728
6697,8657,8674
6698,8657,8674
6688,8652,8671
7229,8724,8733
6715,8666,8678
6689,8653,8671
7230,8724,8732
6716,8667,8678
6690,8653,8672
7231,8725,8732
6717,8668,8678
6691,8654,8672
7232,8725,8732
6718,8668,8678
6692,8654,8672
7233,8725,8731
6719,8669,8678
6693,8655,8673
7234,8726,8731
6720,8669,8678
6694,8655,8673
7235,8726,8730
6721,8670,8678
6695,8656,8673
7236,8727,8729
6722,8671,8678
6658,8638,8660
7199,8722,8737
7226,8723,8734
6685,8651,8670
6657,8637,8660
7198,8722,8737
7225,8723,8734
6684,8650,8670
6656,8637,8660
7197,8722,8737
7224,8723,8734
6683,8650,8669
6655,8636,8659
7196,8722,8737
7223,8723,8734
6682,8649,8669
6654,8636,8659
7195,8722,8737
7222,8723,8734
6681,8649,8669
6653,8635,8658
7194,8722,8737
7221,8723,8735
6680,8648,8668
6652,8635,8658
7193,8722,8737
7220,8722,8735
6679,8648,8668
6651,8634,8657
7192,8722,8737
7219,8722,8735
6678,8647,8668
6650,8634,8657
7191,8722,8737
7218,8722,8735
6677,8647,8667
6649,8633,8657
7190,8722,8737
7217,8722,8735
6676,8646,8667
6648,8633,8656
7189,8722,8737
7216,8722,8735
6675,8646,8667
6647,8632,8656
7188,8722,8737
7215,8722,8735
6674,8645,8666
6646,8632,8655
7187,8722,8737
7214,8722,8736
6673,8645,8666
6645,8631,8655
7186,8722,8737
7213,8722,8736
6672,8644,8666
6644,8631,8654
7185,8722,8736
7212,8722,8736
6671,8644,8665
6643,8631,8654
7184,8722,8736
7211,8722,8736
6670,8643,8665
6723,8671,8678
6724,8672,8678
6725,8673,8678
6726,8674,8678
6727,8675,8678
6728,8676,8677
7178,8723,8736
6637,8628,8651
7177,8723,8736
6636,8627,8651
7176,8723,8736
6635,8627,8650
7175,8723,8736
6634,8626,8650
7174,8724,8736
6633,8626,8649
7173,8724,8736
6632,8625,8649
7172,8724,8735
6631,8625,8648
7171,8724,8735
6630,8624,8648
7170,8724,8735
6629,8624,8647
7169,8724,8735
6628,8623,8647
7168,8725,8735
6627,8623,8647
7167,8725,8735
6626,8622,8646
7166,8725,8735
6625,8622,8646
7165,8725,8734
6624,8622,8645
7164,8725,8734
6623,8621,8645
7163,8726,8734
6622,8621,8644
7162,8726,8734
6621,8620,8644
7161,8726,8733
6620,8620,8643
7160,8727,8733
6619,8619,8642
7159,8727,8733
6618,8619,8642
7158,8727,8732
6617,8618,8641
7157,8728,8732
6616,8618,8641
7156,8728,8731
6615,8617,8640
7155,8729,8731
6614,8617,8640
6613,8616,8639
6612,8616,8639
6611,8615,8638
6610,8615,8638
6609,8615,8637
6608,8614,8637
6607,8614,8636
6606,8613,8636
6605,8613,8635
6604,8612,8634
6603,8612,8634
6602,8611,8633
6601,8611,8633
6600,8610,8632
6599,8610,8632
6598,8609,8631
6597,8609,8630
6596,8609,8630
6595,8608,8629
6594,8608,8629
6593,8607,8628
6592,8607,8627
6591,8606,8627
6590,8606,8626
6589,8605,8626
6588,8605,8625
6587,8604,8624
6586,8604,8624
6585,8604,8623
6584,8603,8622
6583,8603,8622
6582,8602,8621
6581,8602,8620
6580,8601,8620
6579,8601,8619
6578,8601,8619
6577,8600,8618
6576,8600,8617
6575,8599,8616
6574,8599,8616
6573,8598,8615
6572,8598,8614
6571,8598,8614
6570,8597,8613
6569,8597,8612
6568,8596,8612
6567,8596,8611
6566,8596,8610
6565,8595,8609
