7760,8671,8674
7761,8670,8674
7762,8669,8675
7763,8669,8676
7764,8669,8676
7765,8668,8676
7766,8668,8677
7767,8668,8677
7768,8667,8677
7769,8667,8677
7770,8667,8678
7771,8667,8678
7772,8666,8678
7773,8666,8678
7774,8666,8678
7775,8666,8678
7776,8666,8679
7777,8666,8679
7778,8666,8679
7779,8666,8679
7780,8666,8679
7781,8666,8679
7782,8666,8679
7783,8666,8679
7784,8666,8679
7811,8672,8673
7810,8671,8674
7809,8670,8675
7808,8669,8675
7807,8669,8676
7806,8668,8676
7805,8668,8676
7804,8668,8677
7803,8668,8677
5646,6239,6267
5645,6240,6270
5644,6242,6273
5643,6244,6276
7802,8667,8677
5642,6245,6279
7801,8667,8678
5641,6247,6282
7800,8667,8678
5640,6249,6284
7799,8667,8678
5639,6251,6287
7798,8667,8678
5638,6252,6290
7797,8666,8678
5637,6254,6293
7796,8666,8678
5636,6256,6296
7795,8666,8678
5635,6258,6299
7794,8666,8679
5634,6260,6302
7793,8666,8679
5633,6262,6304
7792,8666,8679
5632,6264,6307
7791,8666,8679
5631,6265,6310
7790,8666,8679
5630,6267,6313
7789,8666,8679
5629,6269,6316
7788,8666,8679
5628,6271,6319
7787,8666,8679
5627,6273,6321
7786,8666,8679
5626,6276,6324
7785,8666,8679
5625,6278,6327
5624,6280,6330
5623,6282,6333
5622,6284,6335
5621,6286,6338
5620,6288,6341
5603,6328,6389
5602,6330,6391
7603,9707,9709
5571,6421,6475
5647,6237,6264
7594,9709,9709
5562,6457,6495
5648,6236,6261
7595,9707,9711
5563,6453,6493
5649,6235,6257
7596,9707,9711
5564,6448,6491
7597,9706,9711
5565,6444,6489
7598,9706,9711
5566,6440,6487
5601,6333,6394
7602,9707,9710
5570,6425,6478
7601,9706,9711
5569,6429,6480
7600,9706,9711
5568,6432,6482
7599,9706,9711
5567,6436,6485
5604,6325,6386
5605,6323,6383
5606,6320,6380
5607,6318,6377
5608,6316,6375
5609,6313,6372
5610,6311,6369
5611,6309,6366
5612,6306,6363
5613,6304,6361
5614,6302,6358
5615,6299,6355
5616,6297,6352
5617,6295,6349
5618,6293,6347
5619,6290,6344
5650,6233,6254
5651,6232,6251
5652,6231,6247
5653,6230,6244
5654,6230,6240
5655,6230,6235
5600,6335,6397
5599,6338,6400
5598,6341,6403
5597,6343,6405
5596,6346,6408
5595,6348,6411
5594,6351,6414
5593,6354,6417
5592,6357,6419
5591,6359,6422
5590,6362,6425
5589,6365,6428
5588,6368,6430
5587,6371,6433
5586,6374,6436
5585,6377,6439
5584,6379,6441
5583,6382,6444
5582,6385,6447
5581,6389,6449
5580,6392,6452
5579,6395,6455
5578,6398,6457
5577,6401,6460
5576,6404,6463
5575,6408,6465
5574,6411,6468
5573,6415,6470
5572,6418,6473
5561,6461,6496
5560,6466,6498
5559,6472,6499
5558,6477,6499
5557,6484,6499
