6736,8678,8679
6737,8677,8681
6738,8677,8682
6739,8677,8682
6740,8677,8683
6741,8677,8684
6742,8677,8685
6743,8677,8685
6744,8677,8686
6745,8677,8686
6746,8677,8687
6747,8677,8688
6748,8678,8688
6749,8678,8689
6750,8678,8689
6751,8678,8690
6752,8678,8690
6753,8678,8691
6754,8679,8691
6755,8679,8692
6756,8679,8692
6757,8679,8693
6758,8679,8693
6759,8679,8694
6760,8680,8694
6761,8680,8695
6762,8680,8695
6763,8680,8696
6764,8680,8696
6765,8681,8696
6766,8681,8697
6767,8681,8697
6768,8681,8698
6769,8682,8698
6770,8682,8698
6771,8682,8699
6772,8682,8699
6773,8682,8700
6774,8683,8700
6775,8683,8700
6776,8683,8701
6777,8683,8701
6778,8684,8702
6779,8684,8702
6780,8684,8702
6781,8684,8703
6782,8685,8703
6783,8685,8704
6784,8685,8704
6785,8685,8704
6786,8686,8705
6787,8686,8705
6788,8686,8705
6789,8686,8706
6790,8687,8706
6791,8687,8706
6792,8687,8707
6793,8687,8707
6794,8687,8707
6795,8688,8708
6796,8688,8708
6797,8688,8708
6798,8688,8709
6799,8689,8709
6800,8689,8709
6801,8689,8710
6802,8689,8710
6803,8690,8710
6804,8690,8710
6805,8690,8711
6806,8690,8711
6807,8691,8711
6808,8691,8712
6809,8691,8712
6810,8691,8712
6811,8692,8712
6812,8692,8713
6813,8692,8713
6814,8692,8713
6815,8693,8714
6816,8693,8714
6817,8693,8714
6818,8693,8714
6819,8694,8715
6820,8694,8715
6821,8694,8715
6822,8694,8715
6823,8695,8716
6824,8695,8716
6825,8695,8716
6826,8695,8717
6827,8696,8717
6828,8696,8717
6829,8696,8717
6830,8696,8717
6831,8696,8718
6832,8697,8718
6833,8697,8718
6834,8697,8718
6835,8697,8719
6836,8698,8719
6837,8698,8719
6838,8698,8719
6839,8698,8720
6840,8699,8720
6841,8699,8720
6842,8699,8720
6843,8699,8720
6844,8700,8721
6845,8700,8721
6846,8700,8721
6847,8700,8721
6848,8700,8722
6849,8701,8722
6850,8701,8722
6851,8701,8722
6852,8701,8722
6853,8702,8723
6854,8702,8723
6855,8702,8723
6856,8702,8723
6857,8702,8723
6858,8703,8724
6859,8703,8724
6860,8703,8724
6861,8703,8724
6862,8704,8724
6863,8704,8724
6864,8704,8725
6865,8704,8725
6866,8704,8725
6922,8715,8733
6923,8715,8733
6924,8716,8733
6925,8716,8733
6926,8716,8733
6927,8716,8733
6928,8716,8733
6929,8716,8733
6930,8717,8734
6962,8721,8736
6963,8721,8736
6964,8721,8737
6965,8721,8737
6966,8721,8737
6967,8721,8737
6968,8722,8737
6969,8722,8737
6970,8722,8737
6971,8722,8737
6972,8722,8737
6973,8722,8737
6974,8722,8737
6975,8722,8737
6976,8722,8738
6977,8722,8738
6978,8722,8738
6979,8723,8738
6980,8723,8738
6981,8723,8738
6982,8723,8738
6983,8723,8738
6984,8723,8738
6985,8723,8738
6986,8723,8738
6987,8723,8738
6988,8723,8738
6989,8723,8739
6990,8723,8739
6991,8724,8739
6992,8724,8739
6993,8724,8739
6994,8724,8739
6867,8705,8725
5785,6807,6831
6935,8717,8734
9640,7318,7402
7070,8726,8743
6868,8705,8725
5786,6793,6835
6936,8718,8734
9641,7309,7402
7071,8726,8743
6869,8705,8725
5787,6783,6835
6937,8718,8734
9642,7300,7401
7072,8726,8743
6870,8705,8726
5788,6773,6834
6938,8718,8734
9643,7292,7399
7073,8726,8743
6871,8706,8726
5789,6765,6833
6939,8718,8734
9644,7284,7398
7074,8726,8743
6872,8706,8726
5790,6758,6830
6940,8718,8734
9645,7276,7396
7075,8726,8743
6873,8706,8726
5791,6751,6827
6941,8718,8735
9646,7269,7394
7076,8726,8743
6874,8706,8726
5792,6744,6824
6942,8718,8735
9647,7263,7391
7077,8726,8743
6875,8706,8726
5793,6738,6821
6943,8719,8735
9648,7257,7388
7078,8726,8743
6876,8707,8727
5794,6732,6817
6944,8719,8735
9649,7251,7385
7079,8726,8743
6877,8707,8727
5795,6726,6813
6945,8719,8735
9650,7246,7382
7080,8726,8743
6878,8707,8727
5796,6720,6809
6946,8719,8735
9651,7241,7379
7081,8726,8743
6879,8707,8727
5797,6715,6805
6947,8719,8735
9652,7236,7375
7082,8726,8743
6880,8707,8727
5798,6709,6800
6948,8719,8735
9653,7232,7371
7083,8726,8743
6881,8708,8727
5799,6704,6796
6949,8719,8735
9654,7228,7367
7084,8726,8743
6882,8708,8728
5800,6699,6791
6950,8719,8735
9655,7225,7363
7085,8726,8743
6883,8708,8728
5801,6695,6786
6951,8720,8735
9656,7223,7358
7086,8726,8743
6884,8708,8728
5802,6690,6782
6952,8720,8736
9657,7221,7353
7087,8726,8743
6885,8708,8728
5803,6685,6777
7088,8726,8743
6953,8720,8736
9658,7219,7347
6886,8709,8728
5804,6681,6772
7089,8726,8743
6954,8720,8736
9659,7218,7342
6887,8709,8728
5805,6676,6767
7090,8726,8743
6955,8720,8736
9660,7218,7335
6888,8709,8728
5806,6672,6763
7091,8727,8743
6956,8720,8736
9661,7219,7329
6889,8709,8729
5807,6668,6758
7092,8727,8743
6957,8720,8736
9662,7220,7321
6890,8709,8729
5808,6664,6753
7093,8727,8743
6958,8720,8736
9663,7223,7313
6891,8710,8729
5809,6660,6748
7094,8727,8743
6959,8721,8736
9664,7227,7303
6892,8710,8729
5810,6656,6743
7095,8727,8743
6960,8721,8736
9665,7234,7290
6893,8710,8729
5811,6652,6738
6961,8721,8736
9666,7250,7269
7096,8727,8743
7107,8727,8743
6904,8712,8731
5822,6614,6683
6919,8715,8732
5837,6579,6604
7122,8728,8742
6894,8710,8729
5812,6648,6733
7097,8727,8743
7108,8727,8743
6905,8712,8731
7446,9720,9723
5823,6611,6678
6920,8715,8732
5838,6578,6597
7123,8728,8742
6895,8710,8729
5813,6644,6728
7098,8727,8743
7109,8727,8743
6906,8713,8731
7447,9719,9724
5824,6608,6673
6921,8715,8733
5839,6580,6589
7124,8728,8742
6896,8711,8730
5814,6641,6723
7099,8727,8743
7110,8727,8743
6907,8713,8731
7448,9719,9724
5825,6605,6668
6897,8711,8730
5815,6637,6718
7100,8727,8743
7111,8727,8743
6908,8713,8731
7449,9719,9725
5826,6602,6663
6898,8711,8730
5816,6634,6713
7101,8727,8743
7112,8727,8743
6909,8713,8731
7450,9719,9725
5827,6600,6658
6899,8711,8730
5817,6630,6708
7102,8727,8743
6913,8714,8732
7454,9720,9725
5831,6590,6638
7116,8727,8743
7113,8727,8743
6910,8713,8731
7451,9719,9725
5828,6597,6653
6900,8711,8730
5818,6627,6703
7103,8727,8743
7114,8727,8743
6911,8713,8731
7452,9719,9725
5829,6595,6648
6901,8712,8730
5819,6624,6698
7104,8727,8743
7115,8727,8743
6912,8714,8732
7453,9719,9725
5830,6592,6643
6902,8712,8730
5820,6620,6693
7105,8727,8743
6903,8712,8730
5821,6617,6688
7106,8727,8743
7117,8727,8743
6914,8714,8732
7455,9721,9725
5832,6587,6632
6933,8717,8734
9638,7339,7400
7068,8726,8743
6934,8717,8734
9639,7328,7402
7069,8726,8743
6932,8717,8734
9637,7352,7397
7067,8726,8743
6931,8717,8734
9636,7372,7387
7066,8726,8743
6915,8714,8732
7456,9722,9724
5833,6585,6627
7118,8728,8743
6916,8714,8732
5834,6583,6621
7119,8728,8743
6917,8714,8732
5835,6582,6616
7120,8728,8743
6918,8715,8732
5836,6580,6610
7121,8728,8743
7125,8728,8742
7126,8728,8742
7127,8728,8742
7128,8728,8742
7129,8728,8742
7130,8728,8742
7131,8729,8742
7132,8729,8741
7133,8729,8741
7134,8729,8741
7135,8729,8741
7136,8729,8741
7137,8729,8741
7138,8729,8741
7139,8730,8741
7140,8730,8740
7141,8730,8740
7142,8730,8740
7143,8730,8740
7144,8730,8740
7145,8731,8739
7146,8731,8739
7147,8731,8739
7148,8731,8739
7149,8732,8738
7150,8732,8738
7151,8732,8738
7152,8733,8737
7153,8733,8737
7154,8734,8736
7065,8726,8743
7064,8726,8743
7063,8726,8743
7062,8726,8743
7061,8726,8743
7060,8726,8743
7059,8726,8743
7058,8726,8743
7057,8726,8743
7056,8726,8743
7055,8726,8743
7054,8726,8743
7053,8726,8743
7052,8726,8743
7051,8726,8742
7050,8726,8742
7049,8726,8742
7048,8726,8742
7047,8726,8742
7046,8726,8742
7045,8726,8742
7044,8726,8742
7043,8726,8742
7042,8726,8742
7041,8726,8742
7040,8726,8742
7039,8726,8742
7038,8726,8742
7037,8726,8742
7036,8726,8742
7035,8726,8742
7034,8726,8742
7033,8725,8742
7032,8725,8741
7031,8725,8741
7030,8725,8741
7029,8725,8741
7028,8725,8741
7027,8725,8741
7026,8725,8741
7025,8725,8741
7024,8725,8741
7023,8725,8741
7022,8725,8741
7021,8725,8741
7020,8725,8741
7019,8725,8741
7018,8725,8741
7017,8725,8741
7016,8725,8740
7015,8725,8740
7014,8725,8740
7013,8725,8740
7012,8725,8740
7011,8725,8740
7010,8725,8740
7009,8725,8740
7008,8725,8740
7007,8725,8740
7006,8724,8740
7005,8724,8740
7004,8724,8740
7003,8724,8740
7002,8724,8739
7001,8724,8739
7000,8724,8739
6999,8724,8739
6998,8724,8739
6997,8724,8739
6996,8724,8739
6995,8724,8739
