5528,6466,6492
7841,8662,8671
5529,6461,6491
7842,8661,8671
5530,6456,6490
7843,8661,8671
5531,6451,6489
7844,8661,8672
5532,6446,6488
7845,8661,8672
5533,6442,6486
7846,8660,8672
5534,6438,6484
7847,8660,8672
5535,6434,6482
7848,8660,8672
5536,6430,6480
7849,8660,8672
5537,6426,6478
7850,8660,8672
5538,6422,6476
7851,8660,8673
5539,6419,6474
7852,8660,8673
5540,6415,6471
7853,8659,8673
5541,6412,6469
7854,8659,8673
5542,6408,6467
7855,8659,8673
5543,6405,6464
7856,8659,8673
5544,6402,6462
7857,8659,8673
5545,6398,6459
7858,8659,8673
5546,6395,6457
7859,8659,8673
5547,6392,6454
7860,8659,8673
5564,6344,6408
7877,8659,8672
5591,6285,6328
5563,6347,6410
7876,8659,8672
5590,6286,6331
5562,6349,6413
7875,8659,8673
5589,6288,6335
5561,6352,6416
7874,8659,8673
5588,6290,6338
5560,6355,6419
7873,8659,8673
5587,6292,6341
5559,6357,6422
7872,8659,8673
7899,8665,8666
5586,6294,6344
7614,9701,9703
5558,6360,6424
7871,8659,8673
7898,8664,8667
5585,6296,6347
7613,9700,9704
5557,6363,6427
7870,8659,8673
7897,8663,8667
5584,6298,6350
7612,9700,9704
5556,6365,6430
7869,8659,8673
7896,8663,8668
5583,6300,6353
7611,9700,9705
5555,6368,6433
7868,8659,8673
7895,8662,8668
5582,6302,6355
7894,8662,8669
5581,6304,6358
5565,6342,6405
7878,8659,8672
5592,6283,6325
5566,6339,6402
7879,8659,8672
5593,6281,6322
5567,6337,6399
7880,8659,8672
5594,6279,6319
5568,6334,6396
7881,8659,8672
5595,6277,6316
5569,6332,6393
7882,8659,8672
5596,6276,6313
5570,6329,6390
7883,8660,8672
5597,6274,6310
5571,6327,6388
7884,8660,8671
5598,6273,6306
5572,6325,6385
7885,8660,8671
5599,6271,6303
5573,6322,6382
7886,8660,8671
5600,6270,6300
5574,6320,6379
7887,8660,8671
5601,6268,6296
5575,6318,6376
7888,8660,8671
5602,6267,6293
5576,6315,6373
7889,8661,8670
5603,6266,6289
5577,6313,6370
7890,8661,8670
5604,6265,6286
5578,6311,6367
7891,8661,8670
5605,6264,6282
5579,6309,6364
7892,8661,8670
5606,6263,6278
5580,6307,6361
7893,8661,8669
5607,6263,6273
5527,6472,6492
7840,8662,8671
7610,9700,9705
7867,8659,8673
5554,6371,6435
5526,6481,6489
7839,8662,8670
7609,9700,9705
7866,8659,8673
5553,6374,6438
7838,8663,8670
7608,9700,9705
7865,8659,8673
5552,6377,6441
7837,8663,8670
7607,9701,9705
7864,8659,8673
5551,6380,6444
7836,8663,8669
7606,9701,9704
7863,8659,8673
5550,6383,6446
7835,8664,8669
7862,8659,8673
5549,6386,6449
7834,8665,8668
7861,8659,8673
5548,6389,6451
7833,8666,8666
