5997,8074,8077
5998,8075,8079
5999,8076,8081
6000,8077,8083
6001,8078,8085
6002,8079,8087
6003,8080,8089
6004,8081,8091
6005,8083,8093
6006,8084,8095
6007,8085,8097
6008,8086,8098
6009,8088,8100
6010,8089,8102
6011,8090,8104
6012,8092,8105
6013,8093,8107
6014,8094,8109
6015,8095,8111
6016,8097,8112
6017,8098,8114
6018,8099,8116
6019,8101,8117
6020,8102,8119
6021,8103,8121
6022,8105,8122
6023,8106,8124
6024,8107,8126
6025,8109,8127
6026,8110,8129
6027,8111,8130
6028,8113,8132
6029,8114,8134
6030,8115,8135
6031,8117,8137
6032,8118,8138
6033,8119,8140
6034,8121,8141
6035,8122,8143
6036,8123,8145
6037,8125,8146
6038,8126,8148
6039,8127,8149
6040,8129,8151
6041,8130,8152
6042,8131,8154
6043,8132,8155
6044,8134,8157
6045,8135,8158
6046,8136,8160
6047,8138,8161
6048,8139,8163
6049,8140,8164
6050,8142,8166
6051,8143,8167
6052,8144,8169
6053,8146,8170
6054,8147,8172
6055,8148,8173
6056,8149,8175
6057,8151,8176
6058,8152,8178
6059,8153,8179
6060,8155,8181
6061,8156,8182
6062,8157,8183
6063,8159,8185
6064,8160,8186
6065,8161,8188
6066,8162,8189
6067,8164,8191
6068,8165,8192
6069,8166,8193
6070,8168,8195
6071,8169,8196
6072,8170,8198
6073,8171,8199
6074,8173,8200
6075,8174,8202
6076,8175,8203
6077,8176,8204
6078,8178,8206
6079,8179,8207
6080,8180,8209
6081,8181,8210
6082,8183,8211
6083,8184,8213
6084,8185,8214
6085,8187,8215
6086,8188,8217
6087,8189,8218
6088,8190,8219
6089,8192,8221
6090,8193,8222
6091,8194,8223
6092,8195,8225
6093,8197,8226
6094,8198,8227
6095,8199,8229
6096,8200,8230
6097,8201,8231
6098,8203,8233
6099,8204,8234
6100,8205,8235
6101,8206,8236
6102,8208,8238
6103,8209,8239
6104,8210,8240
6105,8211,8242
6106,8213,8243
6107,8214,8244
6108,8215,8245
6109,8216,8247
6110,8217,8248
6111,8219,8249
6112,8220,8250
6113,8221,8252
6114,8222,8253
6115,8223,8254
6116,8225,8255
6117,8226,8257
6118,8227,8258
6119,8228,8259
6120,8230,8260
6121,8231,8262
6122,8232,8263
6123,8233,8264
6124,8234,8265
6125,8236,8267
6126,8237,8268
6127,8238,8269
6128,8239,8270
6129,8240,8271
6130,8241,8273
6131,8243,8274
6132,8244,8275
6133,8245,8276
6134,8246,8277
6135,8247,8279
6136,8249,8280
6137,8250,8281
6138,8251,8282
6139,8252,8283
6140,8253,8284
6141,8254,8286
6142,8256,8287
6143,8257,8288
6144,8258,8289
6145,8259,8290
6146,8260,8291
6147,8261,8293
6148,8263,8294
6149,8264,8295
6150,8265,8296
6151,8266,8297
6152,8267,8298
6153,8268,8299
6154,8270,8300
6155,8271,8302
7491,9726,9732
6206,8328,8355
6227,8351,8375
7492,9727,9732
6207,8329,8356
6228,8352,8376
6229,8353,8377
6230,8354,8378
6231,8356,8378
6232,8357,8379
6233,8358,8380
5774,6565,6568
5773,6564,6576
5772,6565,6583
5771,6567,6589
5770,6569,6594
5769,6571,6600
5768,6574,6605
5767,6576,6610
5766,6579,6615
5765,6582,6621
5764,6585,6626
5763,6588,6631
5762,6591,6636
5761,6594,6642
5760,6597,6647
5759,6600,6652
5758,6603,6657
5757,6606,6663
5756,6610,6668
5755,6613,6674
5754,6616,6679
5753,6620,6685
5752,6623,6690
5751,6627,6696
5750,6631,6701
5749,6634,6707
5748,6638,6713
5747,6642,6719
5746,6646,6725
5745,6650,6731
5744,6653,6737
9599,7100,7141
5743,6657,6743
9598,7075,7167
5742,6662,6750
9597,7061,7183
5741,6666,6756
9596,7051,7195
9595,7042,7206
9594,7036,7215
9593,7030,7223
9592,7026,7231
9591,7022,7238
9590,7020,7244
9589,7019,7250
9588,7019,7255
9587,7020,7260
9586,7023,7265
6254,8381,8398
5713,6817,7198
7336,8708,8721
6255,8382,8398
5714,6810,7055
7337,8708,8721
6256,8383,8399
5715,6803,7025
7338,8708,8721
6257,8384,8400
5716,6796,7002
7339,8708,8721
6258,8386,8401
5717,6789,6983
7340,8708,8721
7490,9726,9732
6205,8327,8354
6253,8380,8397
7335,8708,8721
5712,6825,7207
6226,8350,8374
5740,6670,6763
7363,8712,8715
6225,8349,8373
5739,6674,6769
7362,8712,8716
6224,8348,8372
5738,6678,6776
7361,8711,8716
6223,8347,8371
5737,6683,6783
7360,8710,8717
6222,8346,8370
5736,6687,6790
7359,8710,8717
6221,8345,8369
6276,8409,8410
5735,6692,6797
7358,8710,8718
6220,8343,8368
6275,8407,8411
5734,6696,6805
7357,8709,8718
6219,8342,8368
6274,8406,8410
5733,6701,6812
7356,8709,8719
6218,8341,8367
6273,8404,8410
5732,6706,6820
7355,8709,8719
6217,8340,8366
6272,8403,8410
5731,6711,6828
7354,8709,8719
6259,8387,8401
5718,6783,6966
7341,8708,8721
6260,8388,8402
5719,6776,6951
7342,8708,8721
6213,8336,8362
6214,8337,8363
6215,8338,8364
6216,8339,8365
6252,8379,8396
5711,6833,7206
7334,8708,8721
6251,8378,8395
5710,6841,7203
7333,8708,8721
6250,8376,8395
5709,6850,7198
7332,8708,8721
6249,8375,8394
5708,6859,7191
7331,8708,8721
6248,8374,8393
5707,6869,7184
7330,8708,8720
6247,8373,8392
5706,6879,7175
7329,8709,8720
6246,8372,8391
5705,6890,7166
7328,8709,8720
6245,8371,8390
5704,6902,7156
7327,8709,8720
6271,8401,8409
7353,8708,8719
5730,6715,6836
9585,7027,7269
5703,6915,7144
7326,8709,8720
6244,8370,8390
6270,8400,8409
7352,8708,8720
5729,6720,6845
9584,7033,7273
5702,6930,7130
7325,8709,8720
6243,8369,8389
6269,8399,8408
7351,8708,8720
5728,6726,6853
9583,7042,7276
5701,6948,7113
7324,8710,8719
6242,8368,8388
6268,8397,8408
7350,8708,8720
5727,6731,6862
9582,7054,7279
5700,6970,7092
7323,8710,8719
6241,8367,8387
6267,8396,8407
7349,8708,8720
5726,6736,6872
9581,7068,7281
5699,7006,7056
7322,8710,8719
6240,8365,8386
6266,8395,8406
7348,8708,8720
5725,6741,6881
9580,7086,7283
7321,8711,8719
6239,8364,8385
6265,8394,8406
7347,8708,8720
5724,6747,6892
9579,7107,7284
7320,8711,8718
6238,8363,8385
6264,8393,8405
7346,8708,8720
5723,6753,6902
9578,7130,7285
7319,8712,8718
6237,8362,8384
6261,8389,8403
7343,8708,8721
5720,6770,6938
9575,7208,7275
7316,8714,8716
6234,8359,8381
6262,8390,8404
7344,8708,8721
5721,6764,6925
9576,7179,7281
7317,8713,8717
6235,8360,8382
6263,8391,8404
7345,8708,8721
5722,6758,6913
9577,7154,7284
7318,8712,8717
6236,8361,8383
7493,9727,9732
6208,8330,8357
7494,9728,9731
6209,8331,8358
7495,9729,9730
6210,8332,8359
7489,9726,9732
6204,8326,8353
7488,9726,9732
6203,8325,8352
7487,9726,9732
6202,8324,8351
7486,9727,9731
6201,8323,8350
7485,9727,9730
6200,8321,8349
6156,8272,8303
6157,8273,8304
6158,8274,8305
6159,8275,8306
6160,8276,8307
6161,8278,8308
6162,8279,8309
6163,8280,8311
6164,8281,8312
6165,8282,8313
6166,8283,8314
6167,8284,8315
6168,8286,8316
6169,8287,8317
6170,8288,8318
6171,8289,8319
6172,8290,8320
6173,8291,8321
6174,8292,8322
6175,8294,8324
6176,8295,8325
6177,8296,8326
6178,8297,8327
6179,8298,8328
6180,8299,8329
6181,8300,8330
6182,8301,8331
6183,8303,8332
6184,8304,8333
6185,8305,8334
6186,8306,8335
6187,8307,8336
6188,8308,8337
6189,8309,8338
6190,8310,8339
6191,8311,8340
6192,8313,8341
6193,8314,8342
6194,8315,8343
6195,8316,8344
6196,8317,8345
6197,8318,8346
6198,8319,8347
6199,8320,8348
6211,8334,8360
6212,8335,8361
