9712,7381,7473
9713,7375,7472
9714,7370,7470
9715,7366,7468
9716,7361,7466
9717,7357,7464
9718,7354,7461
9719,7350,7458
9734,7345,7380
9733,7339,7391
9732,7335,7400
9731,7333,7407
9730,7332,7413
9729,7332,7419
9728,7332,7424
9708,7405,7476
5898,6595,6630
9707,7412,7475
5897,6596,6636
9706,7421,7474
5896,6597,6641
9705,7430,7472
5895,6599,6646
9727,7332,7429
9726,7333,7434
9725,7335,7438
9724,7337,7442
9723,7339,7446
9722,7341,7449
9721,7344,7452
9720,7347,7455
9704,7443,7466
5894,6601,6651
7418,9707,9709
5883,6629,6699
5893,6603,6656
7417,9706,9710
5890,6610,6670
7414,9704,9711
5880,6639,6711
5891,6607,6665
7415,9704,9711
5881,6636,6707
5892,6605,6660
7416,9705,9711
5882,6632,6703
5889,6612,6674
7413,9704,9710
5879,6642,6715
5888,6615,6678
7412,9704,9710
5878,6646,6719
5887,6618,6683
7411,9704,9710
5877,6649,6722
5886,6620,6687
7410,9704,9709
5876,6653,6726
5885,6623,6691
7409,9704,9708
5875,6657,6729
5884,6626,6695
7408,9705,9707
5874,6661,6732
9709,7398,7476
5899,6594,6624
9710,7392,7475
5900,6594,6618
9711,7386,7474
5901,6595,6610
5873,6665,6735
5872,6669,6738
5871,6674,6741
5870,6678,6744
5869,6683,6747
5868,6688,6749
5867,6694,6751
5866,6699,6752
5865,6705,6754
5864,6712,6754
5863,6719,6754
5862,6729,6752
