7210,8725,8727
7211,8724,8728
7212,8723,8728
7213,8723,8729
7214,8722,8729
7215,8722,8729
7216,8722,8730
7217,8721,8730
7218,8721,8730
7219,8721,8730
7220,8721,8731
7221,8720,8731
7222,8720,8731
7223,8720,8731
7224,8720,8731
7225,8719,8731
7226,8719,8731
7227,8719,8732
7228,8719,8732
7229,8719,8732
7230,8719,8732
7231,8719,8732
7232,8719,8732
7233,8718,8732
7234,8718,8732
7235,8718,8732
7236,8718,8732
7237,8718,8732
7238,8718,8732
7239,8718,8732
7240,8718,8732
7241,8718,8732
7242,8718,8732
7243,8718,8732
7244,8718,8732
7275,8723,8725
7274,8722,8726
7273,8722,8727
7272,8721,8727
7271,8721,8728
7270,8720,8728
7269,8720,8728
7268,8720,8729
7267,8720,8729
7266,8719,8729
7265,8719,8730
7264,8719,8730
7263,8719,8730
7262,8719,8730
7261,8718,8730
7260,8718,8731
7259,8718,8731
7258,8718,8731
7257,8718,8731
7256,8718,8731
7255,8718,8731
7254,8718,8731
7253,8718,8731
7252,8718,8732
7251,8718,8732
7250,8718,8732
7249,8718,8732
7248,8718,8732
7247,8718,8732
7246,8718,8732
7245,8718,8732
7475,9727,9727
7474,9725,9729
7473,9725,9729
7472,9724,9730
7471,9724,9730
6426,8515,8517
6427,8515,8518
6428,8515,8520
6429,8515,8521
6430,8515,8522
6431,8516,8523
6432,8516,8525
6433,8516,8526
6434,8517,8527
6435,8517,8528
6436,8518,8529
6437,8518,8530
6438,8519,8531
6439,8519,8532
6440,8520,8533
6441,8520,8533
6442,8521,8534
6443,8521,8535
6444,8522,8536
6445,8522,8537
6446,8523,8538
6447,8523,8539
6448,8524,8540
5744,6876,6923
6515,8564,8589
5745,6860,6927
6516,8564,8589
5746,6847,6928
6517,8565,8590
5747,6836,6927
6518,8566,8590
5748,6826,6924
6519,8566,8591
5749,6816,6921
6520,8567,8592
5750,6808,6916
6521,8567,8592
5751,6799,6911
6522,8568,8593
9606,7306,7345
5752,6792,6906
6523,8569,8593
9607,7287,7351
5753,6784,6900
6524,8569,8594
9608,7273,7353
5754,6777,6894
6525,8570,8595
9609,7259,7354
5755,6771,6888
6526,8570,8595
9610,7247,7354
5756,6764,6882
6527,8571,8596
9611,7235,7353
5757,6758,6876
6528,8572,8596
9612,7224,7352
5758,6752,6869
6529,8572,8597
9613,7214,7350
5759,6746,6863
6530,8573,8598
9614,7204,7348
5760,6740,6857
6531,8574,8598
9615,7194,7345
5761,6734,6850
9616,7186,7342
6532,8574,8599
5762,6729,6844
6533,8575,8599
9617,7178,7339
5763,6724,6837
6534,8575,8600
9618,7171,7336
5764,6719,6831
6535,8576,8600
9619,7164,7332
5765,6713,6824
6536,8577,8601
9620,7158,7328
5766,6708,6818
6537,8577,8602
9621,7153,7324
5767,6704,6812
6538,8578,8602
9622,7149,7319
5768,6699,6806
6539,8578,8603
9623,7145,7314
5769,6694,6799
6540,8579,8603
9624,7142,7309
5771,6685,6787
6542,8580,8604
9626,7139,7298
5772,6681,6781
6543,8581,8605
9627,7139,7291
5773,6676,6775
6544,8582,8605
7464,9725,9726
9628,7140,7284
5774,6672,6769
6545,8582,8606
7465,9724,9728
9629,7142,7276
5800,6584,6628
6571,8598,8619
5775,6668,6763
6546,8583,8606
7466,9724,9728
9630,7145,7268
5801,6582,6623
6572,8599,8619
5776,6664,6758
6547,8583,8607
7467,9723,9729
9631,7149,7258
5802,6580,6617
6573,8600,8620
5777,6660,6752
6548,8584,8607
7468,9723,9729
9632,7156,7247
5803,6577,6612
6574,8600,8620
5778,6656,6746
6549,8585,8608
7469,9723,9730
9633,7165,7232
5804,6575,6606
6575,8601,8620
6541,8580,8604
9625,7140,7304
5770,6690,6793
5779,6652,6740
7470,9723,9730
9634,7187,7206
6550,8585,8609
5805,6574,6601
6576,8602,8621
5780,6648,6735
6551,8586,8609
5806,6572,6595
6577,8602,8621
5781,6644,6729
6552,8586,8610
5807,6571,6588
6578,8603,8622
5782,6641,6724
6553,8587,8610
5808,6572,6580
6579,8604,8622
5783,6637,6718
6554,8588,8611
5784,6633,6713
6555,8588,8611
5785,6630,6707
6556,8589,8612
5799,6587,6633
6570,8598,8618
5786,6626,6702
6557,8590,8612
5787,6623,6696
6558,8590,8613
5788,6620,6691
6559,8591,8613
5789,6616,6686
6560,8591,8614
5790,6613,6680
6561,8592,8614
5791,6610,6675
6562,8593,8615
5792,6607,6670
6563,8593,8615
5793,6604,6665
6564,8594,8615
5794,6601,6659
6565,8595,8616
5795,6598,6654
6566,8595,8616
5796,6595,6649
6567,8596,8617
5797,6592,6644
6568,8597,8617
5798,6589,6638
6569,8597,8618
6580,8604,8622
6581,8605,8623
6582,8605,8623
6583,8606,8624
6584,8607,8624
6585,8607,8624
6586,8608,8625
6587,8609,8625
6588,8609,8626
6589,8610,8626
6590,8611,8626
6591,8611,8627
6592,8612,8627
6593,8613,8627
6594,8614,8628
6595,8614,8628
6596,8615,8628
6597,8616,8629
6598,8616,8629
6599,8617,8629
6600,8618,8629
6601,8619,8630
6602,8619,8630
6603,8620,8630
6604,8621,8630
6605,8622,8630
6606,8623,8631
6607,8624,8631
6608,8624,8631
6609,8625,8631
6610,8627,8631
6611,8628,8630
6514,8563,8588
6513,8563,8587
6512,8562,8587
6511,8561,8586
6510,8561,8585
6509,8560,8585
6508,8559,8584
6507,8559,8584
6506,8558,8583
6505,8558,8582
6504,8557,8582
6503,8556,8581
6502,8556,8580
6501,8555,8580
6500,8555,8579
6499,8554,8578
6498,8553,8578
6497,8553,8577
6496,8552,8576
6495,8552,8576
6494,8551,8575
6493,8550,8574
6492,8550,8574
6491,8549,8573
6490,8549,8572
6489,8548,8571
6488,8547,8571
6487,8547,8570
6486,8546,8569
6485,8546,8569
6484,8545,8568
6483,8544,8567
6482,8544,8567
6481,8543,8566
6480,8543,8565
6479,8542,8564
6478,8541,8564
6477,8541,8563
6476,8540,8562
6475,8540,8561
6474,8539,8561
6473,8538,8560
6472,8538,8559
6471,8537,8558
6470,8537,8558
6469,8536,8557
6468,8535,8556
6467,8535,8555
6466,8534,8555
6465,8534,8554
6464,8533,8553
6463,8532,8552
6462,8532,8551
6461,8531,8551
6460,8531,8550
6459,8530,8549
6458,8530,8548
6457,8529,8547
6456,8528,8547
6455,8528,8546
6454,8527,8545
6453,8527,8544
6452,8526,8543
6451,8526,8542
6450,8525,8541
6449,8524,8541
