6173,8296,8297
6174,8296,8299
6175,8296,8301
6176,8297,8303
6177,8297,8304
6178,8298,8306
6179,8299,8307
6180,8300,8309
6181,8300,8310
6182,8301,8311
6183,8302,8313
6184,8303,8314
6185,8304,8316
6186,8305,8317
6187,8306,8318
6188,8306,8320
6189,8307,8321
6190,8308,8322
6191,8309,8324
6192,8310,8325
6193,8311,8326
6194,8312,8327
6195,8313,8329
6196,8314,8330
6197,8314,8331
6198,8315,8332
6199,8316,8334
9605,7070,7251
6359,8463,8485
9604,7068,7258
6358,8463,8485
9603,7068,7264
6357,8462,8484
9602,7068,7270
6356,8461,8483
9601,7069,7276
6355,8460,8482
9600,7072,7281
6354,8459,8482
9599,7076,7286
6353,8458,8481
9598,7081,7290
6352,8457,8480
9597,7087,7294
6351,8456,8480
9596,7095,7298
6350,8455,8479
9595,7105,7301
6349,8454,8478
9594,7116,7304
6348,8454,8477
9593,7128,7307
6347,8453,8477
9592,7142,7309
6346,8452,8476
6333,8440,8466
6332,8439,8465
6331,8438,8464
6330,8437,8463
6329,8436,8463
6328,8436,8462
5786,6567,6575
6327,8435,8461
5785,6567,6582
6326,8434,8460
5784,6568,6589
6325,8433,8459
5783,6570,6594
6324,8432,8459
5782,6572,6600
6323,8431,8458
5781,6574,6605
6322,8430,8457
5780,6576,6611
6321,8429,8456
5779,6579,6616
6320,8428,8455
5778,6581,6621
6319,8427,8454
6334,8441,8467
6335,8442,8467
6336,8443,8468
6337,8444,8469
6338,8445,8470
6339,8445,8471
5737,6743,6880
6278,8390,8418
9586,7248,7304
6340,8446,8471
5738,6738,6871
6279,8391,8419
9587,7226,7309
6341,8447,8472
5739,6732,6862
6280,8392,8420
9588,7206,7312
6342,8448,8473
7485,9726,9731
5740,6727,6854
6281,8393,8421
9589,7189,7312
6343,8449,8474
7486,9727,9731
5777,6584,6627
6318,8427,8454
5765,6622,6691
6306,8416,8443
5776,6587,6632
6317,8426,8453
5764,6625,6696
6305,8415,8443
5775,6590,6637
6316,8425,8452
5763,6629,6702
6304,8414,8442
5774,6593,6642
6315,8424,8451
5762,6632,6707
6303,8413,8441
5773,6596,6648
6314,8423,8450
5761,6636,6713
6302,8412,8440
5772,6599,6653
6313,8422,8449
5760,6640,6719
6301,8411,8439
5771,6602,6658
6312,8421,8449
5759,6643,6725
6300,8410,8438
5770,6605,6663
6311,8420,8448
5758,6647,6731
6299,8409,8437
5769,6608,6669
6310,8419,8447
5757,6651,6737
6298,8408,8436
5768,6611,6674
6309,8418,8446
5756,6655,6743
6297,8408,8435
5767,6615,6680
6308,8418,8445
5755,6659,6749
6296,8407,8435
5766,6618,6685
6307,8417,8444
5754,6663,6755
6295,8406,8434
5741,6722,6846
6282,8394,8422
9590,7172,7312
6344,8450,8474
7487,9727,9731
5742,6717,6838
6283,8395,8423
9591,7156,7311
6345,8451,8475
7488,9729,9729
5743,6712,6831
6284,8396,8424
5744,6707,6823
6285,8397,8425
5745,6702,6816
6286,8398,8425
5746,6698,6808
6287,8398,8426
5747,6693,6801
6288,8399,8427
5748,6689,6794
6289,8400,8428
5749,6684,6788
6290,8401,8429
5750,6680,6781
6291,8402,8430
5751,6675,6774
6292,8403,8431
5752,6671,6768
6293,8404,8432
5753,6667,6761
6294,8405,8433
5736,6749,6889
6277,8389,8417
5735,6755,6898
6276,8388,8416
5734,6761,6907
6275,8387,8415
5733,6767,6917
6274,8387,8414
5732,6773,6927
6273,8386,8413
5731,6779,6938
6272,8385,8412
5730,6786,6949
6271,8384,8411
5729,6793,6960
6270,8383,8410
5728,6800,6972
6269,8382,8409
5727,6807,6984
6268,8381,8408
5726,6814,6996
6267,8380,8407
5725,6822,7008
6266,8379,8406
5724,6830,7021
6265,8378,8405
6210,8327,8347
7292,8713,8723
5723,6839,7032
6264,8377,8404
6209,8326,8346
7291,8713,8723
5722,6848,7043
6263,8376,8404
6208,8325,8344
7290,8714,8723
5721,6858,7051
6262,8375,8403
6207,8324,8343
7289,8714,8723
5720,6868,7057
6261,8374,8402
6206,8323,8342
7288,8714,8722
5719,6879,7060
6260,8374,8401
6205,8322,8341
7287,8715,8722
5718,6892,7059
6259,8373,8400
6204,8321,8340
7286,8715,8722
5717,6905,7055
6258,8372,8399
6203,8320,8338
7285,8716,8721
5716,6922,7048
6257,8371,8398
6202,8319,8337
7284,8716,8721
5715,6942,7034
6256,8370,8397
6201,8318,8336
7283,8717,8720
5714,6981,7002
6255,8369,8396
6200,8317,8335
7282,8718,8719
6254,8368,8395
9606,7073,7243
6360,8464,8486
9607,7077,7235
6361,8465,8487
9608,7083,7225
6362,8466,8487
9609,7090,7214
6363,8467,8488
9610,7100,7201
6364,8468,8489
9611,7115,7183
6365,8469,8489
6366,8470,8490
6367,8471,8491
6368,8472,8492
6369,8473,8492
6370,8473,8493
6371,8474,8494
6372,8475,8494
6373,8476,8495
6374,8477,8495
6375,8478,8496
6376,8479,8497
6377,8480,8497
6378,8481,8498
6379,8482,8499
6380,8483,8499
6381,8484,8500
6382,8485,8500
6383,8486,8501
6384,8487,8502
6385,8488,8502
6386,8488,8503
6387,8489,8503
6388,8490,8504
6389,8491,8504
6390,8492,8505
6391,8493,8505
6392,8494,8506
6393,8496,8506
6394,8497,8507
7477,9728,9728
6395,8498,8507
7478,9726,9730
6396,8499,8508
7479,9726,9730
6397,8500,8508
7480,9725,9731
6398,8501,8508
7481,9725,9731
6399,8502,8509
7482,9725,9732
6400,8503,8509
7483,9725,9732
6401,8505,8509
7484,9726,9732
6402,8507,8509
6253,8367,8393
7334,8716,8718
6252,8366,8392
7333,8715,8719
6251,8365,8391
7332,8715,8720
6250,8364,8390
7331,8714,8720
6249,8363,8389
7330,8714,8721
6248,8362,8388
7329,8713,8721
6247,8361,8387
7328,8713,8722
6246,8360,8386
7327,8713,8722
6245,8360,8385
7326,8712,8722
6244,8359,8384
7325,8712,8723
6243,8358,8383
7324,8712,8723
6242,8357,8382
7323,8712,8723
6241,8356,8381
7322,8712,8723
6240,8355,8380
7321,8712,8723
6239,8354,8379
7320,8712,8724
6238,8353,8378
7319,8711,8724
6237,8352,8377
7318,8711,8724
6236,8351,8376
7317,8711,8724
6235,8350,8375
7316,8711,8724
6234,8349,8374
7315,8711,8724
6233,8348,8373
7314,8711,8724
6232,8347,8371
7313,8711,8724
6231,8346,8370
7312,8711,8724
6230,8345,8369
7311,8711,8724
6229,8344,8368
7310,8711,8725
6228,8344,8367
7309,8711,8725
6227,8343,8366
7308,8711,8725
6226,8342,8365
7307,8711,8725
6225,8341,8364
7306,8711,8725
6224,8340,8363
7305,8711,8725
6223,8339,8362
7304,8711,8725
6222,8338,8360
7303,8711,8725
6221,8337,8359
7302,8712,8725
6220,8336,8358
7301,8712,8724
6219,8335,8357
7300,8712,8724
6218,8334,8356
7299,8712,8724
6217,8333,8355
7298,8712,8724
6216,8332,8354
7297,8712,8724
6215,8331,8353
7296,8712,8724
6214,8330,8351
7295,8712,8724
6213,8329,8350
7294,8713,8724
6212,8328,8349
7293,8713,8724
6211,8328,8348
