5597,6503,6507
5598,6494,6509
5599,6488,6509
5600,6483,6508
5601,6478,6506
5602,6473,6504
5603,6469,6502
5604,6464,6500
5605,6460,6498
5606,6456,6496
5607,6452,6493
5608,6448,6491
5609,6444,6489
5610,6440,6486
5611,6437,6484
5612,6433,6481
5613,6430,6478
5614,6426,6476
5615,6423,6473
5616,6419,6471
5617,6416,6468
5618,6412,6465
5739,6146,6152
5738,6147,6155
5737,6148,6158
5736,6149,6161
5735,6150,6164
5734,6151,6167
5733,6153,6169
5732,6154,6172
5663,6288,6344
5639,6349,6408
7695,8673,8685
5662,6291,6347
5638,6352,6411
7694,8673,8685
5637,6355,6414
7693,8673,8685
5636,6358,6416
7692,8673,8685
5635,6360,6419
7691,8673,8685
5634,6363,6422
7690,8673,8685
5619,6409,6463
7675,8678,8680
5620,6406,6460
7676,8677,8681
5621,6403,6457
7677,8676,8682
5622,6399,6455
7678,8675,8682
5623,6396,6452
7679,8675,8683
5624,6393,6449
7680,8675,8683
5625,6390,6446
7681,8674,8683
5626,6387,6444
7682,8674,8684
5627,6384,6441
7683,8674,8684
5628,6381,6438
7684,8674,8684
5629,6378,6435
7685,8673,8684
5630,6375,6433
7686,8673,8684
5631,6372,6430
7687,8673,8685
5632,6369,6427
7688,8673,8685
5652,6315,6373
7708,8674,8684
7581,9714,9719
5676,6259,6310
5651,6318,6376
7707,8674,8684
7580,9714,9719
5675,6261,6313
5650,6320,6378
7706,8673,8685
7579,9714,9718
5674,6263,6316
7587,9716,9716
5658,6300,6357
7714,8676,8682
5682,6246,6295
5649,6323,6381
7705,8673,8685
7578,9715,9718
5673,6265,6318
7586,9714,9718
5657,6303,6360
7713,8675,8683
5681,6248,6298
5648,6325,6384
7704,8673,8685
5672,6268,6321
7585,9714,9718
5656,6305,6362
7712,8675,8683
5680,6250,6300
5647,6328,6386
7703,8673,8685
5671,6270,6323
7584,9713,9719
5655,6308,6365
7711,8675,8684
5679,6252,6303
5646,6330,6389
7702,8673,8685
5670,6272,6326
7583,9713,9719
5654,6310,6368
7710,8674,8684
5678,6254,6305
5645,6333,6392
7701,8673,8685
5669,6274,6328
7582,9713,9719
5653,6313,6370
7709,8674,8684
5677,6256,6308
5644,6336,6395
7700,8673,8685
5668,6277,6331
5643,6338,6397
7699,8673,8685
5667,6279,6334
5642,6341,6400
7698,8673,8685
5666,6281,6336
5641,6344,6403
7697,8673,8685
5665,6284,6339
5640,6347,6405
7696,8673,8685
5664,6286,6341
5659,6298,6354
7715,8676,8682
5683,6244,6293
5660,6295,6352
7716,8677,8681
5684,6241,6290
5661,6293,6349
7717,8678,8680
5685,6239,6288
5633,6366,6424
7689,8673,8685
5686,6237,6285
5687,6235,6283
5688,6233,6280
5689,6231,6278
5690,6229,6275
5691,6227,6273
5692,6225,6270
5693,6223,6268
5694,6221,6265
5695,6219,6263
5696,6217,6260
5697,6215,6258
5698,6213,6255
5699,6211,6253
5700,6209,6251
5701,6207,6248
5702,6205,6246
5703,6203,6243
5704,6201,6241
5705,6200,6238
5706,6198,6236
5707,6196,6234
5708,6194,6231
5709,6192,6229
5710,6190,6226
5711,6189,6224
5712,6187,6221
5713,6185,6219
5714,6183,6217
5715,6181,6214
5716,6180,6212
5717,6178,6209
5718,6176,6207
5719,6175,6204
5720,6173,6202
5721,6171,6199
5722,6169,6197
5723,6168,6195
5724,6166,6192
5725,6165,6190
5726,6163,6187
5727,6161,6185
5728,6160,6182
5729,6158,6180
5730,6157,6177
5731,6155,6175
