7589,9711,9713
7590,9710,9713
7591,9709,9714
7592,9709,9714
7593,9709,9714
7598,9711,9711
7597,9709,9713
7596,9709,9713
7595,9709,9714
7594,9708,9714
5570,6494,6501
5571,6486,6503
5572,6479,6502
5573,6474,6502
5574,6469,6500
5575,6464,6499
5576,6460,6497
5577,6455,6495
5578,6451,6493
5579,6447,6491
5580,6443,6489
5581,6439,6486
5582,6435,6484
5583,6432,6482
5584,6428,6479
5585,6424,6477
5586,6421,6474
5587,6417,6472
5588,6414,6469
5589,6411,6466
5590,6407,6464
5591,6404,6461
5592,6401,6459
5593,6398,6456
5594,6394,6453
5595,6391,6451
5596,6388,6448
5597,6385,6445
5598,6382,6442
5599,6379,6440
5600,6376,6437
7736,8670,8679
7737,8670,8679
7738,8670,8679
7739,8669,8680
7740,8669,8680
7741,8669,8680
7742,8669,8680
5619,6324,6385
7743,8669,8680
5620,6322,6382
7744,8669,8681
5621,6319,6379
7745,8668,8681
5622,6317,6376
7746,8668,8681
5623,6315,6374
7747,8668,8681
5624,6312,6371
7748,8668,8681
7766,8669,8680
5607,6356,6418
7765,8669,8680
5606,6359,6420
7764,8669,8681
5605,6362,6423
7763,8669,8681
5604,6364,6426
7762,8669,8681
5603,6367,6429
7761,8668,8681
5602,6370,6431
7760,8668,8681
5601,6373,6434
7759,8668,8681
7758,8668,8681
7757,8668,8681
7756,8668,8681
7755,8668,8681
7754,8668,8681
7767,8669,8680
5608,6353,6415
7768,8670,8680
5609,6351,6412
7769,8670,8680
5610,6348,6409
7770,8670,8679
5611,6345,6407
7771,8670,8679
5612,6343,6404
7772,8671,8679
5613,6340,6401
7773,8671,8678
5614,6337,6398
7774,8671,8678
5615,6335,6396
7775,8672,8678
5616,6332,6393
7776,8673,8677
5617,6330,6390
7777,8673,8676
5618,6327,6387
5629,6300,6357
7753,8668,8681
5628,6303,6360
7752,8668,8681
5627,6305,6363
7751,8668,8681
5626,6307,6365
7750,8668,8681
5625,6310,6368
7749,8668,8681
5630,6298,6354
5631,6296,6352
5632,6293,6349
5633,6291,6346
5634,6289,6343
5635,6287,6341
5636,6284,6338
5637,6282,6335
5638,6280,6333
5639,6278,6330
5640,6276,6327
5641,6273,6324
5642,6271,6322
5643,6269,6319
5644,6267,6316
5645,6265,6314
5646,6263,6311
5647,6261,6308
5648,6259,6305
5649,6257,6303
5650,6255,6300
5651,6253,6297
5652,6251,6295
5653,6249,6292
5654,6247,6289
5655,6245,6286
5656,6243,6284
5657,6241,6281
5658,6239,6278
5659,6237,6275
5660,6236,6273
5661,6234,6270
5662,6232,6267
5663,6230,6264
5664,6229,6262
5665,6227,6259
5666,6225,6256
5667,6224,6253
5668,6222,6251
5669,6220,6248
5670,6219,6245
5671,6217,6242
5672,6216,6239
5673,6214,6236
7730,8673,8676
5674,6213,6233
7731,8672,8677
5675,6212,6230
7732,8672,8677
5676,6211,6227
7733,8671,8678
5677,6210,6223
7734,8671,8678
5678,6209,6220
7735,8670,8679
5679,6208,6216
