5442,6451,6469
5443,6444,6470
5444,6438,6471
5445,6433,6470
5446,6428,6470
5447,6424,6469
5448,6419,6467
5449,6415,6466
5450,6412,6465
5451,6408,6463
5452,6404,6461
5453,6401,6459
5454,6397,6457
5455,6394,6455
5456,6391,6453
5457,6388,6451
5458,6384,6449
5459,6381,6446
5460,6379,6444
5461,6376,6442
5462,6373,6439
5463,6370,6437
5464,6367,6434
5465,6365,6432
5466,6362,6429
5467,6359,6426
8922,8056,8085
8923,8055,8084
8924,8054,8083
8925,8052,8081
8926,8051,8080
8927,8049,8079
8928,8048,8077
8929,8046,8076
8930,8045,8075
8931,8044,8074
8932,8042,8072
8933,8041,8071
8934,8039,8070
8935,8038,8068
8936,8036,8067
8937,8035,8066
8938,8033,8064
8939,8032,8063
8940,8031,8062
8941,8029,8060
8942,8028,8059
8943,8026,8058
8944,8025,8056
8945,8023,8055
8946,8022,8053
8947,8020,8052
8948,8019,8051
8949,8017,8049
8950,8016,8048
8951,8014,8046
8952,8013,8045
8953,8012,8044
8954,8010,8042
8955,8009,8041
8956,8007,8039
8957,8006,8038
8958,8004,8037
8959,8003,8035
8960,8001,8034
8961,8000,8032
8962,7998,8031
9048,7874,7878
9047,7874,7881
9046,7875,7884
9045,7876,7887
9044,7877,7889
9043,7878,7892
9042,7879,7894
9041,7880,7896
9040,7882,7898
9039,7883,7901
9038,7884,7903
9037,7886,7905
9036,7887,7907
9035,7888,7909
9034,7890,7911
9033,7891,7913
9032,7893,7915
9031,7894,7917
9030,7896,7919
9029,7897,7921
9028,7898,7923
9027,7900,7925
9026,7901,7927
9025,7903,7929
9024,7904,7930
9023,7906,7932
9022,7907,7934
8991,7954,7987
8990,7956,7989
8989,7958,7990
8988,7959,7992
8987,7961,7993
8986,7962,7995
8985,7964,7996
8984,7965,7998
8983,7967,8000
8982,7968,8001
8981,7970,8003
8980,7971,8004
8979,7973,8006
8978,7974,8007
8977,7976,8009
8976,7977,8010
8963,7997,8029
8964,7995,8028
8965,7994,8027
8966,7992,8025
8967,7991,8024
8968,7989,8022
8969,7988,8021
8970,7986,8019
8971,7985,8018
8972,7983,8016
8973,7982,8015
8974,7980,8013
8975,7979,8012
8992,7953,7985
8993,7951,7984
8994,7950,7982
8995,7948,7981
8996,7947,7979
8997,7945,7977
8998,7944,7976
8999,7942,7974
9000,7941,7972
9001,7939,7971
9002,7938,7969
9003,7936,7967
9004,7935,7966
9005,7933,7964
9006,7932,7962
9007,7930,7961
9008,7929,7959
9009,7927,7957
9010,7925,7956
9011,7924,7954
9012,7922,7952
9013,7921,7950
9014,7919,7949
9015,7918,7947
9016,7916,7945
9017,7915,7943
9018,7913,7941
9019,7912,7940
9020,7910,7938
9021,7909,7936
8921,8058,8087
8920,8059,8088
8919,8061,8089
8918,8062,8090
8917,8063,8092
5468,6357,6424
7632,9682,9685
8916,8065,8093
8915,8066,8094
8914,8068,8095
8913,8069,8097
8912,8071,8098
8911,8072,8099
8910,8073,8100
8909,8075,8102
8908,8076,8103
8907,8078,8104
8906,8079,8105
8905,8080,8107
8904,8082,8108
8903,8083,8109
8902,8084,8110
8901,8086,8111
8900,8087,8113
8899,8089,8114
8898,8090,8115
8897,8091,8116
8896,8093,8117
8895,8094,8119
8894,8096,8120
8893,8097,8121
8892,8098,8122
8891,8100,8123
8890,8101,8124
8889,8102,8126
8888,8104,8127
8887,8105,8128
8886,8107,8129
8885,8108,8130
8884,8109,8131
8883,8111,8133
8882,8112,8134
8881,8113,8135
8880,8115,8136
8879,8116,8137
8878,8117,8138
8877,8119,8139
8876,8120,8140
8875,8121,8142
8874,8123,8143
8873,8124,8144
8872,8126,8145
8871,8127,8146
8870,8128,8147
8869,8130,8148
8868,8131,8149
8867,8132,8150
8866,8134,8151
8865,8135,8153
8864,8136,8154
8863,8138,8155
8862,8139,8156
8861,8140,8157
8860,8142,8158
8859,8143,8159
8858,8144,8160
8857,8146,8161
8856,8147,8162
8855,8148,8163
8854,8150,8164
8853,8151,8165
8852,8153,8166
8851,8154,8167
8850,8155,8168
8849,8157,8169
8848,8158,8170
8847,8159,8171
8846,8161,8172
8845,8162,8173
8844,8163,8174
8843,8165,8175
8842,8166,8176
8841,8168,8177
8840,8169,8178
5499,6308,6316
8839,8170,8179
5498,6306,6323
8838,8172,8180
5497,6306,6328
8837,8173,8180
5496,6306,6333
8836,8175,8181
5495,6307,6337
8835,8176,8182
5494,6307,6341
8834,8178,8183
5493,6309,6345
8833,8179,8184
5492,6310,6349
8832,8181,8184
5491,6311,6352
8831,8183,8185
5490,6312,6356
7633,9681,9685
5469,6354,6421
7634,9681,9686
5470,6352,6418
7635,9681,9686
5471,6349,6415
7636,9680,9685
5472,6347,6413
7637,9680,9685
5473,6345,6410
7638,9681,9685
5474,6342,6407
7639,9681,9684
5475,6340,6404
5476,6338,6401
5477,6336,6398
5478,6334,6395
5479,6332,6392
5480,6330,6389
5481,6328,6386
5482,6326,6383
5483,6324,6379
5484,6322,6376
5485,6320,6373
5486,6319,6370
5487,6317,6366
5488,6315,6363
5489,6314,6359
