5715,6573,6583
5714,6576,6588
5713,6579,6592
5712,6582,6597
5711,6585,6602
5710,6589,6607
5709,6592,6611
5708,6596,6616
5707,6599,6621
5706,6603,6626
5705,6606,6631
5704,6610,6636
5703,6614,6641
5702,6618,6646
5701,6622,6651
5700,6626,6656
5699,6630,6661
5698,6634,6666
5697,6638,6672
5696,6642,6677
5695,6646,6683
5694,6650,6688
5693,6655,6694
5692,6659,6699
5691,6663,6705
5690,6668,6711
5689,6672,6717
5688,6677,6723
5687,6682,6729
5684,6696,6748
9539,6924,7070
5683,6701,6755
9538,6910,7080
5682,6706,6762
9537,6897,7088
5681,6711,6769
9536,6885,7093
7524,9729,9731
7523,9728,9732
7522,9727,9733
7521,9727,9733
5685,6691,6742
9540,6942,7056
5686,6687,6735
9541,6967,7035
7520,9727,9733
7519,9727,9733
7518,9727,9733
7517,9727,9732
5717,6567,6572
7516,9727,9732
5716,6570,6578
7515,9728,9731
5654,6914,7185
9509,6714,6824
7453,8695,8707
9530,6832,7092
5675,6744,6814
5675,7312,7345
5655,6901,7198
9510,6719,6833
7454,8695,8707
9531,6839,7098
5676,6738,6806
5676,7321,7350
5656,6889,7209
9511,6723,6843
7455,8695,8707
9532,6848,7101
5677,6733,6798
5677,7330,7354
5657,6879,7220
9512,6728,6853
7456,8695,8707
9533,6856,7101
5678,6727,6790
5678,7340,7358
5658,6869,7229
9513,6732,6863
7457,8695,8707
9534,6865,7100
5679,6722,6783
5679,7350,7360
5659,6859,7239
9514,6737,6874
7458,8695,8707
9535,6875,7098
5680,6717,6776
5653,6928,7172
9508,6710,6815
7452,8695,8707
9529,6824,7084
5674,6750,6823
5674,7302,7340
5652,6943,7156
9507,6706,6806
7451,8695,8707
7472,8700,8702
9528,6817,7073
5673,6756,6832
5673,7293,7335
5651,6962,7138
9506,6702,6797
7450,8695,8707
7471,8699,8703
9527,6810,7060
5672,6762,6841
5672,7283,7330
5650,6985,7115
9505,6698,6789
7449,8695,8707
7470,8698,8704
9526,6803,7044
5671,6768,6850
5671,7273,7324
5649,7024,7077
9504,6694,6781
7448,8695,8707
7469,8698,8704
9525,6797,7027
5670,6775,6860
5670,7262,7318
9503,6691,6772
7447,8695,8707
7468,8697,8705
9524,6791,7010
5669,6781,6871
5669,7251,7312
9502,6687,6764
7446,8695,8707
7467,8697,8705
9523,6785,6993
5668,6788,6882
5668,7239,7306
9501,6683,6756
7445,8696,8707
7466,8696,8706
9522,6779,6977
5667,6795,6894
5667,7227,7300
9500,6680,6748
7444,8696,8707
7465,8696,8706
9521,6773,6962
5666,6802,6907
5666,7214,7293
9499,6677,6740
7443,8696,8707
7464,8696,8706
9520,6768,6947
5665,6809,6921
5665,7199,7286
9498,6674,6733
7442,8696,8706
7463,8696,8706
9519,6762,6933
5664,6817,6937
5664,7183,7279
9497,6671,6725
7441,8696,8706
7462,8696,8706
9518,6757,6920
5663,6825,6955
5663,7165,7272
9496,6668,6717
7440,8697,8706
7461,8695,8707
9517,6752,6908
5662,6833,6977
5662,7143,7264
9495,6665,6709
7439,8697,8706
7460,8695,8707
9516,6747,6896
5661,6841,7007
5661,7112,7256
9494,6663,6701
7438,8697,8705
7459,8695,8707
9515,6742,6885
5660,6850,7248
9493,6661,6693
7437,8698,8705
9492,6660,6685
7436,8698,8704
9491,6659,6675
7435,8699,8704
7434,8700,8703
7433,8701,8702
