5681,6518,6522
5682,6513,6521
5683,6508,6519
5684,6503,6516
5685,6499,6514
5686,6495,6511
5687,6491,6508
5688,6487,6506
5689,6483,6503
5690,6479,6500
5691,6475,6497
5692,6472,6494
5693,6468,6492
5694,6465,6489
5695,6461,6486
5696,6457,6483
5697,6454,6480
5698,6451,6477
5699,6447,6474
5700,6444,6471
5701,6440,6469
5702,6437,6466
5703,6434,6463
5704,6431,6460
5705,6427,6457
5706,6424,6454
5707,6421,6452
5708,6418,6449
5709,6415,6446
5710,6412,6443
5711,6409,6440
5712,6406,6438
5713,6402,6435
5714,6399,6432
5715,6396,6429
5716,6394,6427
5717,6391,6424
5718,6388,6421
5719,6385,6418
5720,6382,6416
5721,6379,6413
5722,6376,6410
5723,6373,6408
5724,6370,6405
5725,6368,6402
5726,6365,6400
5727,6362,6397
5728,6359,6394
5729,6356,6392
5730,6354,6389
5731,6351,6386
5732,6348,6384
5733,6346,6381
5734,6343,6379
5735,6340,6376
5736,6338,6373
5737,6335,6371
5738,6332,6368
5739,6330,6366
5740,6327,6363
5741,6324,6361
5742,6322,6358
5743,6319,6356
5744,6317,6353
5745,6314,6351
5746,6312,6348
5747,6309,6346
5748,6307,6343
5749,6304,6341
5750,6302,6338
5751,6299,6336
5752,6297,6334
5753,6294,6331
5754,6292,6329
5755,6289,6326
5756,6287,6324
5757,6284,6322
5758,6282,6319
5759,6280,6317
5760,6277,6314
5761,6275,6312
5762,6273,6310
5763,6270,6307
5764,6268,6305
5765,6265,6303
5766,6263,6300
5767,6261,6298
5768,6259,6296
5769,6256,6294
5770,6254,6291
5771,6252,6289
5772,6249,6287
5773,6247,6284
5774,6245,6282
5775,6243,6280
5776,6240,6278
5777,6238,6275
5778,6236,6273
5779,6234,6271
5780,6231,6269
5781,6229,6267
5782,6227,6264
5783,6225,6262
5784,6223,6260
5785,6220,6258
5786,6218,6256
5787,6216,6253
5788,6214,6251
5789,6212,6249
5790,6210,6247
5791,6208,6245
5792,6205,6243
5793,6203,6241
5794,6201,6238
5795,6199,6236
5796,6197,6234
5797,6195,6232
5798,6193,6230
5799,6191,6228
5800,6189,6226
5801,6187,6224
5802,6185,6222
5803,6183,6220
5804,6180,6218
5805,6178,6216
5806,6176,6213
5807,6174,6211
5808,6172,6209
5809,6170,6207
5810,6168,6205
5811,6166,6203
5812,6164,6201
5813,6162,6199
5814,6160,6197
5815,6158,6195
5816,6156,6193
5817,6154,6191
5818,6153,6189
5819,6151,6187
5820,6149,6185
5821,6147,6183
5822,6145,6181
5823,6143,6179
5824,6141,6177
5825,6139,6176
5826,6137,6174
5827,6135,6172
5828,6133,6170
5829,6131,6168
5830,6129,6166
5831,6128,6164
5832,6126,6162
5833,6124,6160
5834,6122,6158
5835,6120,6156
5836,6118,6154
5837,6116,6153
5838,6114,6151
5839,6113,6149
5840,6111,6147
5841,6109,6145
5842,6107,6143
5843,6105,6141
5844,6103,6140
5845,6102,6138
5846,6100,6136
5847,6098,6134
5848,6096,6132
5849,6094,6130
5850,6093,6128
5851,6091,6127
5852,6089,6125
5853,6087,6123
5854,6085,6121
5855,6084,6119
5856,6082,6118
5857,6080,6116
5858,6078,6114
5859,6077,6112
5860,6075,6110
5861,6073,6109
5862,6071,6107
5863,6070,6105
5864,6068,6103
5865,6066,6102
5866,6065,6100
5867,6063,6098
5868,6061,6096
5869,6059,6095
5870,6058,6093
5871,6056,6091
5872,6054,6089
5873,6053,6088
5874,6051,6086
5875,6049,6084
5876,6047,6083
5877,6046,6081
5878,6044,6079
5879,6042,6077
5880,6041,6076
5881,6039,6074
5882,6037,6072
5883,6036,6071
5884,6034,6069
5885,6033,6067
5886,6031,6066
5887,6029,6064
5888,6028,6062
5889,6026,6061
5890,6024,6059
5891,6023,6057
5892,6021,6056
5893,6019,6054
5894,6018,6052
5895,6016,6051
5896,6015,6049
5897,6013,6047
5898,6011,6046
5899,6010,6044
5900,6008,6042
5901,6007,6041
5902,6005,6039
5903,6003,6038
5904,6002,6036
5905,6000,6034
5906,5999,6033
5907,5997,6031
5908,5996,6030
5909,5994,6028
5910,5992,6026
5911,5991,6025
5912,5989,6023
5913,5988,6022
5914,5986,6020
5915,5985,6018
5916,5983,6017
5917,5982,6015
5918,5980,6014
5919,5979,6012
5920,5977,6011
5921,5976,6009
5922,5974,6008
5923,5972,6006
5924,5971,6004
5925,5969,6003
5926,5968,6001
5927,5966,6000
5928,5965,5998
5929,5963,5997
5930,5962,5995
5931,5960,5994
5932,5959,5992
5933,5957,5991
5934,5956,5989
5935,5954,5988
5936,5953,5986
5937,5952,5985
5938,5950,5983
5939,5949,5982
5940,5947,5980
5941,5946,5979
5942,5944,5977
5943,5943,5976
5944,5941,5974
5945,5940,5973
5946,5938,5971
5947,5937,5970
5948,5935,5968
5949,5934,5967
5950,5933,5965
5951,5931,5964
5952,5930,5962
5953,5928,5961
5954,5927,5959
5955,5925,5958
5956,5924,5957
5957,5923,5955
5958,5921,5954
5959,5920,5952
5960,5918,5951
5961,5917,5949
5962,5916,5948
5963,5914,5946
5964,5913,5945
5965,5911,5944
5966,5910,5942
5967,5909,5941
5968,5907,5939
5969,5906,5938
5970,5904,5936
5971,5903,5935
5972,5902,5934
5973,5900,5932
5974,5899,5931
5975,5898,5929
5976,5896,5928
5977,5895,5927
5978,5893,5925
5979,5892,5924
5980,5891,5922
5981,5889,5921
5982,5888,5920
5983,5887,5918
5984,5885,5917
5985,5884,5916
5986,5883,5914
5987,5881,5913
5988,5880,5911
5989,5879,5910
5990,5877,5909
5991,5876,5907
5992,5875,5906
5993,5873,5905
5994,5872,5903
5995,5871,5902
5996,5869,5901
5997,5868,5899
5998,5867,5898
5999,5865,5897
6000,5864,5895
6001,5863,5894
6002,5861,5893
6003,5860,5891
6004,5859,5890
6005,5858,5889
6006,5856,5887
6007,5855,5886
6008,5854,5885
6009,5852,5883
6010,5851,5882
6011,5850,5881
6012,5849,5879
6013,5847,5878
6014,5846,5877
6015,5845,5875
6016,5843,5874
6017,5842,5873
6018,5841,5872
6019,5840,5870
6020,5838,5869
6021,5837,5868
6022,5836,5866
6023,5835,5865
6024,5833,5864
6025,5832,5863
6026,5831,5861
6027,5830,5860
6028,5828,5859
6029,5827,5857
6030,5826,5856
6031,5825,5855
6032,5823,5854
6033,5822,5852
6034,5821,5851
6035,5820,5850
6036,5818,5849
6037,5817,5847
6038,5816,5846
6039,5815,5845
6040,5813,5844
6041,5812,5842
6042,5811,5841
6043,5810,5840
6044,5809,5839
6045,5807,5837
6046,5806,5836
6047,5805,5835
6048,5804,5834
6049,5803,5832
6050,5801,5831
6051,5800,5830
6052,5799,5829
6053,5798,5828
6054,5797,5826
6055,5795,5825
6056,5794,5824
6057,5793,5823
6058,5792,5821
6059,5791,5820
6060,5789,5819
6061,5788,5818
6062,5787,5817
6063,5786,5815
6064,5785,5814
6065,5784,5813
6066,5782,5812
6067,5781,5811
6068,5780,5809
6069,5779,5808
6070,5778,5807
6071,5777,5806
6072,5775,5805
6073,5774,5804
6074,5773,5802
6075,5772,5801
6076,5771,5800
6077,5770,5799
6078,5768,5798
6079,5767,5796
6080,5766,5795
6081,5765,5794
6082,5764,5793
6083,5763,5792
6084,5762,5791
6085,5760,5789
6086,5759,5788
6087,5758,5787
6088,5757,5786
6089,5756,5785
6090,5755,5784
6091,5754,5783
6092,5753,5781
6093,5751,5780
6094,5750,5779
6095,5749,5778
6096,5748,5777
6097,5747,5776
6098,5746,5775
6099,5745,5773
6100,5744,5772
6101,5743,5771
6102,5741,5770
6103,5740,5769
6104,5739,5768
6105,5738,5767
6106,5737,5766
6107,5736,5764
6108,5735,5763
6109,5734,5762
6110,5733,5761
6111,5732,5760
6112,5730,5759
6113,5729,5758
6114,5728,5757
6115,5727,5756
6116,5726,5754
6117,5725,5753
6118,5724,5752
6119,5723,5751
6120,5722,5750
6121,5721,5749
6122,5720,5748
6123,5719,5747
6124,5717,5746
6125,5716,5745
6126,5715,5743
6127,5714,5742
6128,5713,5741
6129,5712,5740
6130,5711,5739
6131,5710,5738
6132,5709,5737
6133,5708,5736
6134,5707,5735
6135,5706,5734
6136,5705,5733
6137,5704,5732
6138,5703,5731
6139,5702,5729
6140,5701,5728
6141,5700,5727
6142,5698,5726
6143,5697,5725
6144,5696,5724
6145,5695,5723
6146,5694,5722
6147,5693,5721
6148,5692,5720
6149,5691,5719
6150,5690,5718
6151,5689,5717
6152,5688,5716
6153,5687,5715
6154,5686,5714
6155,5685,5713
6156,5684,5712
6157,5683,5711
6158,5682,5709
6159,5681,5708
6160,5680,5707
6161,5679,5706
6162,5678,5705
6163,5677,5704
6164,5676,5703
6165,5675,5702
6166,5674,5701
6167,5673,5700
6168,5672,5699
6169,5671,5698
6170,5670,5697
6171,5669,5696
6172,5668,5695
6173,5667,5694
6174,5666,5693
6175,5665,5692
6176,5664,5691
6177,5663,5690
6178,5662,5689
6179,5661,5688
6180,5660,5687
6181,5659,5686
6182,5658,5685
6183,5657,5684
6184,5656,5683
6185,5655,5682
6186,5654,5681
6187,5653,5680
6188,5652,5679
6189,5651,5678
6190,5650,5677
6191,5649,5676
6192,5648,5675
6193,5647,5674
6194,5646,5673
6195,5645,5672
6196,5644,5671
6197,5643,5670
6198,5643,5669
6199,5642,5668
6200,5641,5667
6201,5640,5666
6202,5639,5665
6203,5638,5664
6204,5637,5663
6205,5636,5662
6206,5635,5661
6207,5634,5660
6208,5633,5660
6209,5632,5659
6210,5631,5658
6211,5630,5657
6212,5629,5656
6213,5628,5655
6214,5627,5654
6215,5626,5653
6216,5625,5652
6217,5625,5651
6218,5624,5650
6219,5623,5649
6220,5622,5648
6221,5621,5647
6222,5620,5646
6223,5619,5645
6224,5618,5644
6225,5617,5643
6226,5616,5642
6227,5615,5641
6228,5614,5641
6229,5613,5640
6230,5613,5639
6231,5612,5638
6232,5611,5637
6233,5610,5636
6234,5609,5635
6235,5608,5634
6236,5607,5633
6237,5606,5632
6238,5605,5631
6239,5604,5630
6240,5603,5629
6241,5603,5628
6242,5602,5628
6243,5601,5627
6244,5600,5626
6245,5599,5625
6246,5598,5624
6247,5597,5623
6248,5596,5622
6249,5595,5621
6250,5594,5620
6251,5594,5619
6252,5593,5618
6253,5592,5618
6254,5591,5617
6255,5590,5616
6256,5589,5615
6257,5588,5614
6258,5587,5613
6259,5586,5612
6260,5586,5611
6261,5585,5610
6262,5584,5609
6263,5583,5609
6264,5582,5608
6265,5581,5607
6266,5580,5606
6267,5579,5605
6268,5579,5604
6269,5578,5603
6270,5577,5602
6271,5576,5601
6272,5575,5601
6273,5574,5600
6274,5573,5599
6275,5573,5598
6276,5572,5597
6277,5571,5596
6278,5570,5595
6279,5569,5594
6280,5568,5594
6281,5567,5593
6282,5567,5592
6283,5566,5591
6284,5565,5590
6285,5564,5589
6286,5563,5588
6287,5562,5588
6288,5561,5587
6289,5561,5586
6290,5560,5585
6291,5559,5584
6292,5558,5583
6293,5557,5582
6294,5556,5582
6295,5556,5581
6296,5555,5580
6297,5554,5579
6298,5553,5578
6299,5552,5577
6300,5551,5576
6301,5551,5576
6302,5550,5575
6303,5549,5574
6304,5548,5573
6305,5547,5572
6306,5546,5571
6307,5546,5571
6308,5545,5570
6309,5544,5569
6310,5543,5568
6311,5542,5567
6312,5541,5566
6313,5541,5565
6314,5540,5565
6315,5539,5564
6316,5538,5563
6317,5537,5562
6318,5537,5561
6319,5536,5561
6320,5535,5560
6321,5534,5559
6322,5533,5558
6323,5533,5557
6324,5532,5556
6325,5531,5556
6326,5530,5555
6327,5529,5554
6328,5528,5553
6329,5528,5552
6330,5527,5552
6331,5526,5551
6332,5525,5550
6333,5524,5549
6334,5524,5548
6335,5523,5547
6336,5522,5547
6337,5521,5546
6338,5521,5545
6339,5520,5544
6340,5519,5543
6341,5518,5543
6342,5517,5542
6343,5517,5541
6344,5516,5540
6345,5515,5539
6346,5514,5539
6347,5513,5538
6348,5513,5537
6349,5512,5536
6350,5511,5535
6351,5510,5535
6352,5510,5534
6353,5509,5533
6354,5508,5532
6355,5507,5532
6356,5506,5531
6357,5506,5530
6358,5505,5529
6359,5504,5528
6360,5503,5528
6361,5503,5527
6362,5502,5526
6363,5501,5525
6364,5500,5525
6365,5500,5524
6366,5499,5523
6367,5498,5522
6368,5497,5521
6369,5497,5521
6370,5496,5520
6371,5495,5519
6372,5494,5518
6373,5493,5518
6374,5493,5517
6375,5492,5516
6376,5491,5515
6377,5490,5515
6378,5490,5514
6379,5489,5513
6380,5488,5512
6381,5487,5511
6382,5487,5511
6383,5486,5510
6384,5485,5509
6385,5485,5508
6386,5484,5508
6387,5483,5507
6388,5482,5506
6389,5482,5505
6390,5481,5505
6391,5480,5504
6392,5479,5503
6393,5479,5502
6394,5478,5502
6395,5477,5501
6396,5476,5500
6397,5476,5499
6398,5475,5499
6399,5474,5498
6400,5473,5497
6401,5473,5497
6402,5472,5496
6403,5471,5495
6404,5471,5494
6405,5470,5494
6406,5469,5493
6407,5468,5492
6408,5468,5491
6409,5467,5491
6410,5466,5490
6411,5466,5489
6412,5465,5488
6413,5464,5488
6414,5463,5487
6415,5463,5486
6416,5462,5486
6417,5461,5485
6418,5461,5484
6419,5460,5483
6420,5459,5483
6421,5458,5482
6422,5458,5481
6423,5457,5480
6424,5456,5480
6425,5456,5479
6426,5455,5478
6427,5454,5478
6428,5453,5477
6429,5453,5476
6430,5452,5476
6431,5451,5475
6432,5451,5474
6433,5450,5473
6434,5449,5473
6435,5449,5472
6436,5448,5471
6437,5447,5471
6438,5447,5470
6439,5446,5469
6440,5445,5468
6441,5444,5468
6442,5444,5467
6443,5443,5466
6444,5442,5466
6445,5442,5465
6446,5441,5464
6447,5440,5464
6448,5440,5463
6449,5439,5462
6450,5438,5461
6451,5438,5461
6452,5437,5460
6453,5436,5459
6454,5436,5459
6455,5435,5458
6456,5434,5457
6457,5434,5457
6458,5433,5456
6459,5432,5455
6460,5432,5455
6461,5431,5454
6462,5430,5453
6463,5429,5453
6464,5429,5452
6465,5428,5451
6466,5427,5451
6467,5427,5450
6468,5426,5449
6469,5426,5449
6470,5425,5448
6471,5424,5447
6472,5424,5447
6473,5423,5446
6474,5422,5445
6475,5422,5444
6476,5421,5444
6477,5420,5443
6478,5420,5442
6479,5419,5442
6480,5418,5441
6481,5418,5441
6482,5417,5440
6483,5416,5439
6484,5416,5439
6485,5415,5438
6486,5414,5437
6487,5414,5437
6488,5413,5436
6489,5412,5435
6490,5412,5435
6491,5411,5434
6492,5410,5433
6493,5410,5433
6494,5409,5432
6495,5409,5431
6496,5408,5431
6497,5407,5430
6498,5407,5429
6499,5406,5429
6500,5405,5428
6501,5405,5427
6502,5404,5427
6503,5403,5426
6504,5403,5425
6505,5402,5425
6506,5402,5424
6507,5401,5424
6508,5400,5423
6509,5400,5422
6510,5399,5422
6511,5398,5421
6512,5398,5420
6513,5397,5420
6514,5397,5419
6515,5396,5418
6516,5395,5418
6517,5395,5417
6518,5394,5417
6519,5393,5416
6520,5393,5415
6521,5392,5415
6522,5392,5414
6523,5391,5413
6524,5390,5413
6525,5390,5412
6526,5389,5412
6527,5388,5411
6528,5388,5410
6529,5387,5410
6530,5387,5409
6531,5386,5408
6532,5385,5408
6533,5385,5407
6534,5384,5407
6535,5384,5406
6536,5383,5405
6537,5382,5405
6538,5382,5404
6539,5381,5404
6540,5381,5403
6541,5380,5402
6542,5379,5402
6543,5379,5401
6544,5378,5400
6545,5378,5400
6546,5377,5399
6547,5376,5399
6548,5376,5398
6549,5375,5397
6550,5375,5397
6551,5374,5396
6552,5373,5396
6553,5373,5395
6554,5372,5394
6555,5372,5394
6556,5371,5393
6557,5370,5393
6558,5370,5392
6559,5369,5391
6560,5369,5391
6561,5368,5390
6562,5367,5390
6563,5367,5389
6564,5366,5388
6565,5366,5388
6566,5365,5387
6567,5365,5387
6568,5364,5386
6569,5363,5386
6570,5363,5385
6571,5362,5384
6572,5362,5384
6573,5361,5383
6574,5361,5383
6575,5360,5382
6576,5359,5381
6577,5359,5381
6578,5358,5380
6579,5358,5380
6580,5357,5379
6581,5356,5379
6582,5356,5378
6583,5355,5377
6584,5355,5377
6585,5354,5376
6586,5354,5376
6587,5353,5375
6588,5353,5374
6589,5352,5374
6590,5351,5373
6591,5351,5373
6592,5350,5372
6593,5350,5372
6594,5349,5371
6595,5349,5370
6596,5348,5370
6597,5347,5369
6598,5347,5369
6599,5346,5368
6600,5346,5368
6601,5345,5367
6602,5345,5367
6603,5344,5366
6604,5344,5365
6605,5343,5365
6606,5342,5364
6607,5342,5364
6608,5341,5363
6609,5341,5363
6610,5340,5362
6611,5340,5362
6612,5339,5361
6613,5339,5360
6614,5338,5360
6615,5338,5359
6616,5337,5359
6617,5336,5358
6618,5336,5358
6619,5335,5357
6620,5335,5357
6621,5334,5356
6622,5334,5355
6623,5333,5355
6624,5333,5354
6625,5332,5354
6626,5332,5353
6627,5331,5353
6628,5331,5352
6629,5330,5352
6630,5329,5351
6631,5329,5351
6632,5328,5350
6633,5328,5349
6634,5327,5349
6635,5327,5348
6636,5326,5348
6637,5326,5347
6638,5325,5347
6639,5325,5346
6640,5324,5346
6641,5324,5345
6642,5323,5345
6643,5323,5344
6644,5322,5344
6645,5322,5343
6646,5321,5343
6647,5321,5342
6648,5320,5341
6649,5319,5341
6650,5319,5340
6651,5318,5340
6652,5318,5339
6653,5317,5339
6654,5317,5338
6655,5316,5338
6656,5316,5337
6657,5315,5337
6658,5315,5336
6659,5314,5336
6660,5314,5335
6661,5313,5335
6662,5313,5334
6663,5312,5334
6664,5312,5333
6665,5311,5333
6666,5311,5332
6667,5310,5332
6668,5310,5331
6669,5309,5331
6670,5309,5330
6671,5308,5330
6672,5308,5329
6673,5307,5329
6674,5307,5328
6675,5306,5328
6676,5306,5327
6677,5305,5327
6678,5305,5326
6679,5304,5326
6680,5304,5325
6681,5303,5325
6682,5303,5324
6683,5302,5324
6684,5302,5323
6685,5301,5323
6686,5301,5322
6687,5300,5322
6688,5300,5321
6689,5299,5321
6690,5299,5320
6691,5298,5320
6692,5298,5319
6693,5297,5319
6694,5297,5318
6695,5296,5318
6696,5296,5317
6697,5295,5317
6698,5295,5316
6699,5294,5316
6700,5294,5315
6701,5293,5315
6702,5293,5314
6703,5292,5314
6704,5292,5313
6705,5292,5313
6706,5291,5312
6707,5291,5312
6708,5290,5311
6709,5290,5311
6710,5289,5310
6711,5289,5310
6712,5288,5309
6713,5288,5309
6714,5287,5308
6715,5287,5308
6716,5286,5307
6717,5286,5307
6718,5285,5306
6719,5285,5306
6720,5284,5305
6721,5284,5305
6722,5283,5305
6723,5283,5304
6724,5283,5304
6725,5282,5303
6726,5282,5303
6727,5281,5302
6728,5281,5302
6729,5280,5301
6730,5280,5301
6731,5279,5300
6732,5279,5300
6733,5278,5299
6734,5278,5299
6735,5277,5298
6736,5277,5298
6737,5277,5297
6738,5276,5297
6739,5276,5297
6740,5275,5296
6741,5275,5296
6742,5274,5295
6743,5274,5295
6744,5273,5294
6745,5273,5294
6746,5272,5293
6747,5272,5293
6748,5272,5292
6749,5271,5292
6750,5271,5292
6751,5270,5291
6752,5270,5291
6753,5269,5290
6754,5269,5290
6755,5268,5289
6756,5268,5289
6757,5268,5288
6758,5267,5288
6759,5267,5287
6760,5266,5287
6761,5266,5287
6762,5265,5286
6763,5265,5286
6764,5264,5285
6765,5264,5285
6766,5264,5284
6767,5263,5284
6768,5263,5283
6769,5262,5283
6770,5262,5283
6771,5261,5282
6772,5261,5282
6773,5261,5281
6774,5260,5281
6775,5260,5280
6776,5259,5280
6777,5259,5280
6778,5258,5279
6779,5258,5279
6780,5258,5278
6781,5257,5278
6782,5257,5277
6783,5256,5277
6784,5256,5277
6785,5255,5276
6786,5255,5276
6787,5255,5275
6788,5254,5275
6789,5254,5274
6790,5253,5274
6791,5253,5274
6792,5252,5273
6793,5252,5273
6794,5252,5272
6795,5251,5272
6796,5251,5271
6797,5250,5271
6798,5250,5271
6799,5250,5270
6800,5249,5270
6801,5249,5269
6802,5248,5269
6803,5248,5268
6804,5247,5268
6805,5247,5268
6806,5247,5267
6807,5246,5267
6808,5246,5266
6809,5245,5266
6810,5245,5266
6811,5245,5265
6812,5244,5265
6813,5244,5264
6814,5243,5264
6815,5243,5263
6816,5243,5263
6817,5242,5263
6818,5242,5262
6819,5241,5262
6820,5241,5261
6821,5241,5261
6822,5240,5261
6823,5240,5260
6824,5239,5260
6825,5239,5259
6826,5239,5259
6827,5238,5259
6828,5238,5258
6829,5237,5258
6830,5237,5257
6831,5237,5257
6832,5236,5257
6833,5236,5256
6834,5235,5256
6835,5235,5255
6836,5235,5255
6837,5234,5255
6838,5234,5254
6839,5233,5254
6840,5233,5253
6841,5233,5253
6842,5232,5253
6843,5232,5252
6844,5231,5252
6845,5231,5251
6846,5231,5251
6847,5230,5251
6848,5230,5250
6849,5230,5250
6850,5229,5250
6851,5229,5249
6852,5228,5249
6853,5228,5248
6854,5228,5248
6855,5227,5248
6856,5227,5247
6857,5227,5247
6858,5226,5246
6859,5226,5246
6860,5225,5246
6861,5225,5245
6862,5225,5245
6863,5224,5245
6864,5224,5244
6865,5224,5244
6866,5223,5243
6867,5223,5243
6868,5222,5243
6869,5222,5242
6870,5222,5242
6871,5221,5241
6872,5221,5241
6873,5221,5241
6874,5220,5240
6875,5220,5240
6876,5219,5240
6877,5219,5239
6878,5219,5239
6879,5218,5239
6880,5218,5238
6881,5218,5238
6882,5217,5237
6883,5217,5237
6884,5217,5237
6885,5216,5236
6886,5216,5236
6887,5215,5236
6888,5215,5235
6889,5215,5235
6890,5214,5234
6891,5214,5234
6892,5214,5234
6893,5213,5233
6894,5213,5233
6895,5213,5233
6896,5212,5232
6897,5212,5232
6898,5212,5232
6899,5211,5231
6900,5211,5231
6901,5210,5231
6902,5210,5230
6903,5210,5230
6904,5209,5229
6905,5209,5229
6906,5209,5229
6907,5208,5228
6908,5208,5228
6909,5208,5228
6910,5207,5227
6911,5207,5227
6912,5207,5227
6913,5206,5226
6914,5206,5226
6915,5206,5226
6916,5205,5225
6917,5205,5225
6918,5205,5225
6919,5204,5224
6920,5204,5224
6921,5204,5224
6922,5203,5223
6923,5203,5223
6924,5203,5223
6925,5202,5222
6926,5202,5222
6927,5202,5222
6928,5201,5221
6929,5201,5221
6930,5201,5220
6931,5200,5220
6932,5200,5220
6933,5200,5219
6934,5199,5219
6935,5199,5219
6936,5199,5218
6937,5198,5218
6938,5198,5218
6939,5198,5217
6940,5197,5217
6941,5197,5217
6942,5197,5216
6943,5196,5216
6944,5196,5216
6945,5196,5215
6946,5195,5215
6947,5195,5215
6948,5195,5215
6949,5194,5214
6950,5194,5214
6951,5194,5214
6952,5193,5213
6953,5193,5213
6954,5193,5213
6955,5192,5212
6956,5192,5212
6957,5192,5212
6958,5191,5211
6959,5191,5211
6960,5191,5211
6961,5190,5210
6962,5190,5210
6963,5190,5210
6964,5190,5209
6965,5189,5209
6966,5189,5209
6967,5189,5208
6968,5188,5208
6969,5188,5208
6970,5188,5207
6971,5187,5207
6972,5187,5207
6973,5187,5207
6974,5186,5206
6975,5186,5206
6976,5186,5206
6977,5186,5205
6978,5185,5205
6979,5185,5205
6980,5185,5204
6981,5184,5204
6982,5184,5204
6983,5184,5203
6984,5183,5203
6985,5183,5203
6986,5183,5203
6987,5182,5202
6988,5182,5202
6989,5182,5202
6990,5182,5201
6991,5181,5201
6992,5181,5201
6993,5181,5200
6994,5180,5200
6995,5180,5200
6996,5180,5200
6997,5180,5199
6998,5179,5199
6999,5179,5199
7000,5179,5198
7001,5178,5198
7002,5178,5198
7003,5178,5197
7004,5177,5197
7005,5177,5197
7006,5177,5197
7007,5177,5196
7008,5176,5196
7009,5176,5196
7010,5176,5195
7011,5175,5195
7012,5175,5195
7013,5175,5195
7014,5175,5194
7015,5174,5194
7016,5174,5194
7017,5174,5193
7018,5173,5193
7019,5173,5193
7020,5173,5193
7021,5173,5192
7022,5172,5192
7023,5172,5192
7024,5172,5191
7025,5172,5191
7026,5171,5191
7027,5171,5191
7028,5171,5190
7029,5170,5190
7030,5170,5190
7031,5170,5189
7032,5170,5189
7033,5169,5189
7034,5169,5189
7035,5169,5188
7036,5168,5188
7037,5168,5188
7038,5168,5187
7039,5168,5187
7040,5167,5187
7041,5167,5187
7042,5167,5186
7043,5167,5186
7044,5166,5186
7045,5166,5186
7046,5166,5185
7047,5166,5185
7048,5165,5185
7049,5165,5185
7050,5165,5184
7051,5164,5184
7052,5164,5184
7053,5164,5183
7054,5164,5183
7055,5163,5183
7056,5163,5183
7057,5163,5182
7058,5163,5182
7059,5162,5182
7060,5162,5182
7061,5162,5181
7062,5162,5181
7063,5161,5181
7064,5161,5181
7065,5161,5180
7066,5161,5180
7067,5160,5180
7068,5160,5180
7069,5160,5179
7070,5160,5179
7071,5159,5179
7072,5159,5178
7073,5159,5178
7074,5159,5178
7075,5158,5178
7076,5158,5177
8363,5279,5299
8364,5280,5299
8365,5280,5300
8366,5281,5300
8367,5281,5301
8368,5282,5301
8369,5282,5302
8370,5283,5302
8371,5283,5303
8372,5284,5303
8373,5284,5304
8374,5285,5304
8375,5285,5304
8376,5285,5305
8377,5286,5305
8378,5286,5306
8379,5287,5306
8380,5287,5307
8381,5288,5307
8382,5288,5308
8383,5289,5308
8384,5289,5309
8385,5290,5309
8386,5290,5310
8387,5291,5310
8388,5291,5311
8389,5292,5311
8390,5292,5312
8391,5293,5312
8392,5293,5313
8393,5294,5313
8394,5294,5314
8395,5295,5314
8396,5295,5315
8397,5295,5315
8398,5296,5316
8399,5296,5316
8400,5297,5317
8401,5297,5317
8402,5298,5318
8403,5298,5318
8404,5299,5319
8405,5299,5319
8406,5300,5319
8407,5300,5320
8408,5301,5320
8409,5301,5321
8410,5302,5321
8411,5302,5322
8412,5303,5322
8413,5303,5323
8414,5304,5323
8415,5304,5324
8416,5305,5324
8417,5305,5325
8418,5306,5326
8419,5306,5326
8420,5307,5327
8421,5307,5327
8422,5308,5328
8423,5308,5328
8424,5309,5329
8425,5309,5329
8426,5310,5330
8427,5310,5330
8428,5311,5331
8429,5311,5331
8430,5312,5332
8431,5312,5332
8432,5313,5333
8433,5313,5333
8434,5314,5334
8435,5314,5334
8436,5315,5335
8437,5315,5335
8438,5316,5336
8439,5316,5336
8440,5317,5337
8441,5317,5337
8442,5318,5338
8443,5318,5338
8444,5319,5339
8445,5320,5339
8446,5320,5340
8447,5321,5340
8448,5321,5341
8449,5322,5342
8450,5322,5342
8451,5323,5343
8452,5323,5343
8453,5324,5344
8454,5324,5344
8455,5325,5345
8456,5325,5345
8457,5326,5346
8458,5326,5346
8459,5327,5347
8460,5327,5347
8461,5328,5348
8462,5328,5348
8463,5329,5349
8464,5330,5350
8465,5330,5350
8466,5331,5351
8467,5331,5351
8468,5332,5352
8469,5332,5352
8470,5333,5353
8471,5333,5353
8472,5334,5354
8473,5334,5354
8474,5335,5355
8475,5335,5356
8476,5336,5356
8477,5336,5357
8478,5337,5357
8479,5338,5358
8480,5338,5358
8481,5339,5359
8482,5339,5359
8483,5340,5360
8484,5340,5360
8485,5341,5361
8486,5341,5362
8487,5342,5362
8488,5342,5363
8489,5343,5363
8490,5344,5364
8491,5344,5364
8492,5345,5365
8493,5345,5365
8494,5346,5366
8495,5346,5367
8496,5347,5367
8497,5347,5368
8498,5348,5368
8499,5349,5369
8500,5349,5369
8501,5350,5370
8502,5350,5371
8503,5351,5371
8504,5351,5372
8505,5352,5372
8506,5353,5373
8507,5353,5373
8508,5354,5374
8509,5354,5375
8510,5355,5375
8511,5355,5376
8512,5356,5376
8513,5356,5377
8514,5357,5377
8515,5358,5378
8516,5358,5379
8517,5359,5379
8518,5359,5380
8519,5360,5380
8520,5360,5381
8521,5361,5382
8522,5362,5382
8523,5362,5383
8524,5363,5383
8525,5363,5384
8526,5364,5384
8527,5365,5385
8528,5365,5386
8529,5366,5386
8530,5366,5387
8531,5367,5387
8532,5367,5388
8533,5368,5389
8534,5369,5389
8535,5369,5390
8536,5370,5390
8537,5370,5391
8538,5371,5392
8539,5372,5392
8540,5372,5393
8541,5373,5393
8542,5373,5394
8543,5374,5395
8544,5374,5395
8545,5375,5396
8546,5376,5396
8547,5376,5397
8548,5377,5398
8549,5377,5398
8550,5378,5399
8551,5379,5399
8552,5379,5400
8553,5380,5401
8554,5380,5401
8555,5381,5402
8556,5382,5402
8557,5382,5403
8558,5383,5404
8559,5383,5404
8560,5384,5405
8561,5385,5406
8562,5385,5406
8563,5386,5407
8564,5387,5407
8565,5387,5408
8566,5388,5409
8567,5388,5409
8568,5389,5410
8569,5390,5411
8570,5390,5411
8571,5391,5412
8572,5391,5412
8573,5392,5413
8574,5393,5414
8575,5393,5414
8576,5394,5415
8577,5395,5416
8578,5395,5416
8579,5396,5417
8580,5396,5417
8581,5397,5418
8582,5398,5419
8583,5398,5419
8584,5399,5420
8585,5400,5421
8586,5400,5421
8587,5401,5422
8588,5401,5423
8589,5402,5423
8590,5403,5424
8591,5403,5424
8592,5404,5425
8593,5405,5426
8594,5405,5426
8595,5406,5427
8596,5406,5428
8597,5407,5428
8598,5408,5429
8599,5408,5430
8600,5409,5430
8601,5410,5431
8602,5410,5432
8603,5411,5432
8604,5412,5433
8605,5412,5434
8606,5413,5434
8607,5414,5435
8608,5414,5436
8609,5415,5436
8610,5415,5437
8611,5416,5437
8612,5417,5438
8613,5417,5439
8614,5418,5439
8615,5419,5440
8616,5419,5441
8617,5420,5441
8618,5421,5442
8619,5421,5443
8620,5422,5443
8621,5423,5444
8622,5423,5445
8623,5424,5445
8624,5425,5446
8625,5425,5447
8626,5426,5448
8627,5427,5448
8628,5427,5449
8629,5428,5450
8630,5429,5450
8669,5455,5477
8670,5456,5478
8671,5457,5479
8672,5457,5480
8673,5458,5480
8674,5459,5481
8675,5459,5482
8676,5460,5482
8677,5461,5483
8678,5462,5484
8679,5462,5485
8680,5463,5485
8681,5464,5486
8682,5464,5487
8683,5465,5487
8684,5466,5488
8685,5467,5489
8686,5467,5490
8687,5468,5490
8688,5469,5491
8689,5469,5492
8690,5470,5493
8691,5471,5493
8692,5472,5494
8693,5472,5495
8694,5473,5496
8695,5474,5496
8696,5475,5497
8697,5475,5498
8698,5476,5498
8699,5477,5499
8700,5477,5500
8701,5478,5501
8702,5479,5501
8703,5480,5502
8704,5480,5503
8705,5481,5504
8706,5482,5504
8707,5483,5505
8708,5483,5506
8709,5484,5507
8710,5485,5507
8711,5486,5508
8712,5486,5509
8713,5487,5510
8714,5488,5511
8715,5489,5511
8716,5489,5512
8717,5490,5513
8718,5491,5514
8719,5492,5514
8720,5492,5515
8721,5493,5516
8722,5494,5517
8723,5495,5517
8724,5495,5518
8725,5496,5519
8726,5497,5520
8727,5498,5520
8728,5498,5521
8729,5499,5522
8730,5500,5523
8731,5501,5524
8732,5501,5524
8733,5502,5525
8734,5503,5526
8735,5504,5527
8736,5504,5527
8737,5505,5528
8738,5506,5529
8739,5507,5530
8740,5507,5531
8741,5508,5531
8742,5509,5532
8743,5510,5533
8744,5511,5534
8745,5511,5535
8746,5512,5535
8747,5513,5536
8748,5514,5537
8749,5514,5538
8750,5515,5539
8751,5516,5539
8752,5517,5540
8753,5518,5541
8754,5518,5542
8755,5519,5543
8756,5520,5543
8757,5521,5544
8758,5522,5545
8759,5522,5546
8760,5523,5547
8761,5524,5547
8762,5525,5548
8763,5525,5549
8764,5526,5550
8765,5527,5551
8766,5528,5551
8767,5529,5552
8768,5529,5553
8769,5530,5554
8770,5531,5555
8771,5532,5556
8772,5533,5556
8773,5533,5557
8774,5534,5558
8775,5535,5559
8776,5536,5560
8777,5537,5560
8778,5538,5561
8779,5538,5562
8780,5539,5563
8781,5540,5564
8782,5541,5565
8783,5542,5565
8784,5542,5566
8785,5543,5567
8786,5544,5568
8787,5545,5569
8788,5546,5570
8789,5547,5570
8790,5547,5571
8791,5548,5572
8792,5549,5573
8793,5550,5574
8794,5551,5575
8795,5551,5576
8796,5552,5576
8797,5553,5577
8798,5554,5578
8799,5555,5579
8800,5556,5580
8801,5556,5581
8802,5557,5582
8803,5558,5582
8804,5559,5583
8805,5560,5584
8806,5561,5585
8807,5562,5586
8808,5562,5587
8809,5563,5588
8810,5564,5588
8811,5565,5589
8812,5566,5590
8813,5567,5591
8814,5567,5592
8815,5568,5593
8816,5569,5594
8817,5570,5595
8818,5571,5595
8819,5572,5596
8820,5573,5597
8821,5573,5598
8822,5574,5599
8823,5575,5600
8824,5576,5601
8825,5577,5602
8826,5578,5602
8827,5579,5603
8828,5579,5604
8829,5580,5605
8830,5581,5606
8831,5582,5607
8832,5583,5608
8833,5584,5609
8834,5585,5610
8835,5586,5610
8836,5586,5611
8837,5587,5612
8838,5588,5613
8839,5589,5614
8840,5590,5615
8841,5591,5616
8842,5592,5617
8843,5593,5618
8844,5594,5619
8845,5594,5619
8846,5595,5620
8847,5596,5621
8848,5597,5622
8849,5598,5623
8850,5599,5624
8851,5600,5625
8852,5601,5626
8853,5602,5627
8854,5602,5628
8855,5603,5629
8856,5604,5630
8857,5605,5630
8858,5606,5631
8859,5607,5632
8860,5608,5633
8861,5609,5634
8862,5610,5635
8863,5611,5636
8864,5612,5637
8865,5612,5638
8866,5613,5639
8867,5614,5640
8868,5615,5641
8869,5616,5642
8870,5617,5643
8871,5618,5644
8872,5619,5645
8873,5620,5645
8874,5621,5646
8875,5622,5647
8876,5623,5648
8877,5624,5649
8878,5624,5650
8879,5625,5651
8880,5626,5652
8881,5627,5653
8882,5628,5654
8883,5629,5655
8884,5630,5656
8885,5631,5657
8886,5632,5658
8887,5633,5659
8888,5634,5660
8889,5635,5661
8890,5636,5662
8891,5637,5663
8892,5638,5664
8893,5639,5665
8894,5639,5666
8895,5640,5667
8896,5641,5668
8897,5642,5669
8898,5643,5670
8899,5644,5671
8900,5645,5672
8901,5646,5672
8902,5647,5673
8903,5648,5674
8904,5649,5675
8905,5650,5676
8906,5651,5677
8907,5652,5678
8908,5653,5679
8909,5654,5680
8910,5655,5681
8911,5656,5682
8912,5657,5683
8913,5658,5684
8914,5659,5685
8915,5660,5686
8916,5661,5687
8917,5662,5688
8918,5663,5689
8919,5664,5690
8920,5665,5691
8921,5666,5692
8922,5667,5694
8923,5668,5695
8924,5669,5696
8925,5670,5697
8926,5671,5698
8927,5672,5699
8928,5673,5700
8929,5674,5701
8930,5675,5702
9320,6238,6282
9319,6236,6280
9318,6234,6278
9317,6232,6275
9316,6230,6273
9315,6227,6271
9314,6225,6269
9313,6223,6267
9312,6221,6264
9311,6219,6262
9310,6217,6260
9309,6214,6258
9308,6212,6255
9307,6210,6253
9306,6208,6251
9305,6206,6249
9304,6204,6247
9303,6202,6245
9302,6200,6243
9301,6197,6240
9300,6195,6238
9299,6193,6236
9298,6191,6234
9297,6189,6232
9296,6187,6230
9295,6185,6228
9294,6183,6226
9293,6181,6223
9292,6179,6221
9291,6177,6219
9290,6175,6217
9289,6173,6215
9288,6171,6213
9287,6169,6211
9286,6167,6209
9285,6165,6207
9284,6163,6205
9283,6161,6203
9282,6159,6201
9281,6157,6199
9280,6155,6197
9279,6153,6195
9278,6151,6193
9277,6149,6191
9276,6147,6189
9275,6145,6187
9274,6144,6185
9273,6142,6183
9272,6140,6181
9271,6138,6179
9270,6136,6177
9269,6134,6175
9268,6132,6173
9267,6130,6171
9266,6128,6169
9265,6126,6167
9264,6125,6165
9263,6123,6163
9262,6121,6161
9261,6119,6160
9260,6117,6158
9259,6115,6156
9258,6113,6154
9257,6112,6152
9256,6110,6150
9255,6108,6148
9254,6106,6146
9253,6104,6144
9252,6102,6143
9251,6101,6141
9250,6099,6139
9249,6097,6137
9248,6095,6135
9247,6093,6133
9246,6092,6131
9245,6090,6130
9244,6088,6128
9243,6086,6126
9242,6085,6124
9241,6083,6122
9240,6081,6120
9239,6079,6119
9238,6078,6117
9237,6076,6115
9236,6074,6113
9235,6072,6111
9234,6071,6110
9233,6069,6108
9232,6067,6106
9231,6065,6104
9230,6064,6103
9229,6062,6101
9228,6060,6099
9227,6059,6097
9226,6057,6096
9225,6055,6094
9224,6054,6092
9223,6052,6090
9222,6050,6089
9221,6048,6087
9220,6047,6085
9219,6045,6083
9218,6043,6082
9217,6042,6080
9216,6040,6078
9215,6039,6077
9214,6037,6075
9213,6035,6073
9212,6034,6071
9211,6032,6070
9321,6241,6284
8631,5429,5451
7522,8691,8693
7522,5101,5119
9145,5931,5966
9173,5972,6008
8659,5448,5470
7550,8687,8697
7550,5100,5119
9322,6243,6287
8632,5430,5452
7523,8690,8694
7523,5101,5119
9146,5932,5967
9174,5974,6010
8660,5449,5471
7551,8687,8697
7551,5100,5119
9323,6245,6289
8633,5431,5452
7524,8689,8695
7524,5101,5119
9147,5934,5969
9175,5975,6011
8661,5450,5472
7552,8687,8697
7552,5100,5119
9324,6247,6291
8634,5431,5453
7525,8689,8696
7525,5101,5119
9148,5935,5970
9176,5977,6013
8662,5450,5472
7553,8688,8697
7553,5100,5119
9325,6250,6294
8635,5432,5454
7526,8688,8696
7526,5101,5119
9149,5937,5971
9177,5978,6014
8663,5451,5473
7554,8688,8696
7554,5100,5119
9326,6252,6296
8636,5433,5454
7527,8688,8696
7527,5101,5119
9150,5938,5973
9178,5980,6016
8664,5452,5474
7555,8688,8696
7555,5100,5119
9327,6254,6298
8637,5433,5455
7528,8688,8697
7528,5101,5119
9151,5940,5974
9179,5981,6017
8665,5452,5475
7556,8689,8695
7556,5100,5119
9122,5899,5932
9328,6256,6301
8638,5434,5456
7529,8687,8697
7529,5101,5119
9152,5941,5976
9180,5983,6019
8666,5453,5475
7557,8689,8695
7557,5100,5119
9123,5900,5934
9329,6259,6303
8639,5435,5456
7530,8687,8697
7530,5101,5119
9153,5943,5977
9181,5984,6021
8667,5454,5476
7558,8690,8694
7558,5100,5119
9204,6021,6058
9203,6019,6056
9202,6017,6055
9201,6016,6053
9142,5927,5961
8658,5448,5470
7549,8687,8697
7549,5100,5119
7549,9727,9727
9172,5971,6006
9200,6014,6051
9141,5925,5960
8657,5447,5469
7548,8687,8698
7548,5100,5119
7548,9725,9729
9171,5969,6005
9199,6013,6050
9140,5924,5958
8656,5446,5468
7547,8686,8698
7547,5100,5119
7547,9725,9729
9170,5968,6003
9198,6011,6048
9139,5923,5957
8655,5446,5467
7546,8686,8698
7546,5100,5119
7546,9724,9730
9169,5966,6002
9197,6009,6046
9138,5921,5955
8654,5445,5467
7545,8686,8698
7545,5100,5119
7545,9724,9730
9168,5965,6000
9196,6008,6045
9137,5920,5954
8653,5444,5466
7544,8686,8698
7544,5100,5119
7544,9724,9730
9167,5963,5999
9195,6006,6043
9136,5918,5952
8652,5443,5465
7543,8686,8698
7543,5100,5119
7543,9724,9730
9166,5962,5997
9194,6005,6041
9135,5917,5951
8651,5443,5465
7542,8686,8698
7542,5100,5119
7542,9724,9730
9165,5960,5996
9193,6003,6040
9134,5916,5950
9340,6284,6329
8650,5442,5464
7541,8686,8698
7541,5100,5119
7541,9725,9729
9164,5959,5994
9192,6001,6038
9205,6022,6060
9206,6024,6061
9207,6025,6063
9208,6027,6065
9209,6029,6066
8668,5455,5477
7559,8691,8693
7559,5100,5119
9182,5986,6022
9210,6030,6068
9133,5914,5948
9339,6282,6327
8649,5441,5463
7540,8686,8698
7540,5100,5119
7540,9725,9729
9163,5957,5993
9191,6000,6037
9132,5913,5947
9338,6280,6324
8648,5441,5463
7539,8686,8698
7539,5100,5119
7539,9726,9728
9162,5956,5991
9190,5998,6035
9131,5911,5945
9337,6277,6322
8647,5440,5462
7538,8686,8698
7538,5100,5119
9161,5954,5990
9189,5997,6033
9130,5910,5944
9336,6275,6320
8646,5439,5461
7537,8686,8698
7537,5100,5119
9160,5953,5988
9188,5995,6032
9129,5909,5942
9335,6273,6317
8645,5439,5460
7536,8686,8698
7536,5100,5119
9159,5951,5986
9187,5994,6030
9128,5907,5941
9334,6270,6315
8644,5438,5460
7535,8686,8698
7535,5100,5119
9158,5950,5985
9186,5992,6029
9127,5906,5940
9333,6268,6312
8643,5437,5459
7534,8686,8698
7534,5100,5119
9157,5948,5983
9185,5991,6027
9126,5904,5938
9332,6266,6310
8642,5437,5458
7533,8687,8698
7533,5100,5119
9156,5947,5982
9184,5989,6025
9125,5903,5937
9331,6263,6308
8641,5436,5458
7532,8687,8697
7532,5100,5119
9155,5945,5980
9183,5987,6024
9124,5902,5935
9330,6261,6305
8640,5435,5457
7531,8687,8697
7531,5100,5119
9154,5944,5979
9143,5928,5963
9144,5930,5964
9341,6287,6332
9342,6289,6334
9343,6292,6336
9344,6294,6339
9345,6296,6341
9346,6299,6344
9347,6301,6346
9348,6304,6349
9349,6306,6351
9350,6309,6354
9351,6311,6356
9352,6314,6359
9353,6316,6362
9354,6319,6364
9355,6321,6367
9356,6324,6369
9357,6327,6372
9358,6329,6374
9359,6332,6377
9360,6334,6380
9361,6337,6382
9362,6340,6385
9363,6342,6387
9364,6345,6390
9365,6348,6393
9366,6350,6395
9367,6353,6398
9368,6356,6401
9369,6358,6404
9370,6361,6406
9371,6364,6409
9372,6367,6412
9373,6369,6414
9374,6372,6417
9375,6375,6420
9376,6378,6423
9377,6381,6426
9378,6383,6428
9379,6386,6431
9380,6389,6434
9381,6392,6437
9382,6395,6440
9383,6398,6443
9384,6401,6445
9385,6404,6448
9386,6407,6451
9387,6410,6454
9388,6413,6457
9389,6416,6460
9390,6419,6463
9391,6422,6466
9392,6425,6469
9393,6428,6472
9394,6432,6475
9395,6435,6478
9396,6438,6481
9397,6441,6484
9398,6444,6487
9399,6448,6490
9400,6451,6493
9401,6454,6496
9402,6458,6499
9403,6461,6502
9404,6464,6505
9405,6468,6509
9406,6471,6512
9407,6475,6515
9408,6478,6518
9409,6482,6521
9410,6485,6524
9411,6489,6528
9412,6493,6531
9413,6496,6534
9414,6500,6537
9415,6504,6540
9416,6508,6544
9417,6512,6547
9418,6516,6550
9419,6519,6553
9420,6524,6557
9421,6528,6560
9422,6532,6563
9423,6536,6566
9424,6540,6569
9425,6545,6572
9426,6549,6576
9427,6554,6579
9428,6558,6582
9429,6563,6585
9430,6568,6587
9431,6573,6590
9432,6579,6592
9433,6585,6594
9121,5898,5931
9120,5896,5930
9119,5895,5928
9118,5893,5927
9117,5892,5925
9116,5891,5924
9115,5889,5923
9114,5888,5921
9113,5887,5920
9112,5885,5918
9111,5884,5917
9110,5883,5916
9109,5881,5914
9108,5880,5913
9107,5879,5912
9106,5877,5910
9105,5876,5909
9104,5875,5907
9103,5873,5906
9102,5872,5905
9101,5871,5903
9100,5869,5902
9099,5868,5901
9098,5867,5899
9097,5866,5898
9096,5864,5897
9095,5863,5895
9094,5862,5894
9093,5860,5893
9092,5859,5891
9091,5858,5890
9090,5856,5889
9089,5855,5887
9088,5854,5886
9087,5853,5885
9086,5851,5883
9085,5850,5882
9084,5849,5881
9083,5847,5879
9082,5846,5878
9081,5845,5877
9080,5844,5875
9079,5842,5874
9078,5841,5873
9077,5840,5872
9076,5839,5870
9075,5837,5869
9074,5836,5868
9073,5835,5866
9072,5834,5865
9071,5832,5864
9070,5831,5862
9069,5830,5861
9068,5829,5860
9067,5827,5859
9066,5826,5857
9065,5825,5856
9064,5824,5855
9063,5822,5854
9062,5821,5852
9061,5820,5851
9060,5819,5850
9059,5817,5848
9058,5816,5847
9057,5815,5846
9056,5814,5845
9055,5813,5843
9054,5811,5842
9053,5810,5841
9052,5809,5840
9051,5808,5838
9050,5807,5837
9049,5805,5836
9048,5804,5835
9047,5803,5833
9046,5802,5832
9045,5801,5831
9044,5799,5830
9043,5798,5829
9042,5797,5827
9041,5796,5826
9040,5795,5825
9039,5793,5824
9038,5792,5822
9037,5791,5821
9036,5790,5820
9035,5789,5819
9034,5787,5818
9033,5786,5816
9032,5785,5815
9031,5784,5814
9030,5783,5813
9029,5782,5812
9028,5780,5810
9027,5779,5809
9026,5778,5808
9025,5777,5807
9024,5776,5806
9023,5775,5804
9022,5774,5803
9021,5772,5802
9020,5771,5801
9019,5770,5800
9018,5769,5799
9017,5768,5797
9016,5767,5796
9015,5765,5795
9014,5764,5794
9013,5763,5793
9012,5762,5791
9011,5761,5790
9010,5760,5789
9009,5759,5788
9008,5758,5787
9007,5756,5786
9006,5755,5785
9005,5754,5783
9004,5753,5782
9003,5752,5781
9002,5751,5780
9001,5750,5779
9000,5749,5778
8999,5747,5776
8998,5746,5775
8997,5745,5774
8996,5744,5773
8995,5743,5772
8994,5742,5771
8993,5741,5770
8992,5740,5769
8991,5739,5767
8990,5738,5766
8989,5736,5765
8988,5735,5764
8987,5734,5763
8986,5733,5762
8985,5732,5761
8984,5731,5760
8983,5730,5758
8982,5729,5757
8981,5728,5756
8980,5727,5755
8979,5726,5754
8978,5725,5753
8977,5723,5752
8976,5722,5751
8975,5721,5750
8974,5720,5748
8973,5719,5747
8972,5718,5746
8971,5717,5745
8970,5716,5744
8969,5715,5743
8968,5714,5742
8967,5713,5741
8966,5712,5740
8965,5711,5739
8964,5710,5738
8963,5709,5736
8962,5707,5735
8961,5706,5734
8960,5705,5733
8959,5704,5732
8958,5703,5731
8957,5702,5730
8956,5701,5729
8955,5700,5728
8954,5699,5727
8953,5698,5726
8952,5697,5725
8951,5696,5724
8950,5695,5723
8949,5694,5722
8948,5693,5720
8947,5692,5719
8946,5691,5718
8945,5690,5717
8944,5689,5716
8943,5688,5715
8942,5687,5714
8941,5686,5713
8940,5685,5712
8939,5684,5711
8938,5683,5710
8937,5682,5709
8936,5681,5708
8935,5680,5707
8934,5679,5706
8933,5678,5705
8932,5677,5704
8931,5676,5703
8362,5279,5298
8361,5279,5298
8360,5278,5297
8359,5278,5297
8358,5277,5296
8357,5277,5296
8356,5276,5296
8355,5276,5295
8354,5275,5295
8353,5275,5294
8352,5274,5294
8351,5274,5293
8350,5274,5293
8349,5273,5292
8348,5273,5292
8347,5272,5291
8346,5272,5291
8345,5271,5291
8344,5271,5290
8343,5270,5290
8342,5270,5289
8341,5269,5289
8340,5269,5288
8339,5269,5288
8338,5268,5287
8337,5268,5287
8336,5267,5286
8335,5267,5286
8334,5266,5286
8333,5266,5285
8332,5266,5285
8331,5265,5284
8330,5265,5284
8329,5264,5283
8328,5264,5283
8327,5263,5283
8326,5263,5282
8325,5262,5282
8324,5262,5281
8323,5262,5281
8322,5261,5280
8321,5261,5280
8320,5260,5279
8319,5260,5279
8318,5259,5279
8317,5259,5278
8316,5259,5278
8315,5258,5277
8314,5258,5277
8313,5257,5276
8312,5257,5276
8311,5256,5276
8310,5256,5275
8309,5256,5275
8308,5255,5274
8307,5255,5274
8306,5254,5273
8305,5254,5273
8304,5253,5273
8303,5253,5272
8302,5253,5272
8301,5252,5271
8300,5252,5271
8299,5251,5270
8298,5251,5270
8297,5251,5270
8296,5250,5269
8295,5250,5269
8294,5249,5268
8293,5249,5268
8292,5248,5267
8291,5248,5267
8290,5248,5267
8289,5247,5266
8288,5247,5266
8287,5246,5265
8286,5246,5265
8285,5246,5265
8284,5245,5264
8283,5245,5264
8282,5244,5263
8281,5244,5263
8280,5244,5263
8279,5243,5262
8278,5243,5262
8277,5242,5261
8276,5242,5261
8275,5242,5260
8274,5241,5260
8273,5241,5260
8272,5240,5259
8271,5240,5259
8270,5240,5258
8269,5239,5258
8268,5239,5258
8267,5238,5257
8266,5238,5257
8265,5238,5256
8264,5237,5256
8263,5237,5256
8262,5236,5255
8261,5236,5255
8260,5236,5254
8259,5235,5254
8258,5235,5254
8257,5234,5253
8256,5234,5253
8255,5234,5252
8254,5233,5252
8253,5233,5252
8252,5232,5251
8251,5232,5251
8250,5232,5251
8249,5231,5250
8248,5231,5250
8247,5231,5249
8246,5230,5249
8245,5230,5249
8244,5229,5248
8243,5229,5248
8242,5229,5247
8241,5228,5247
8240,5228,5247
8239,5227,5246
8238,5227,5246
8237,5227,5246
8236,5226,5245
8235,5226,5245
8234,5226,5244
8233,5225,5244
8232,5225,5244
8231,5224,5243
8230,5224,5243
8229,5224,5242
8228,5223,5242
8227,5223,5242
8226,5223,5241
8225,5222,5241
8224,5222,5241
8223,5221,5240
8222,5221,5240
8221,5221,5239
8220,5220,5239
8219,5220,5239
8218,5220,5238
8217,5219,5238
8216,5219,5238
8215,5219,5237
8214,5218,5237
8213,5218,5237
8212,5217,5236
8211,5217,5236
8210,5217,5235
8209,5216,5235
8208,5216,5235
8207,5216,5234
8206,5215,5234
8205,5215,5234
8204,5215,5233
8203,5214,5233
8202,5214,5233
8201,5214,5232
8200,5213,5232
8199,5213,5231
8198,5212,5231
8197,5212,5231
8196,5212,5230
8195,5211,5230
8194,5211,5230
8193,5211,5229
8192,5210,5229
8191,5210,5229
8190,5210,5228
8189,5209,5228
8188,5209,5228
8187,5209,5227
8186,5208,5227
8185,5208,5227
8184,5208,5226
8183,5207,5226
8182,5207,5225
8181,5207,5225
8180,5206,5225
8179,5206,5224
8178,5205,5224
8177,5205,5224
8176,5205,5223
8175,5204,5223
8174,5204,5223
8173,5204,5222
8172,5203,5222
8171,5203,5222
8170,5203,5221
8169,5202,5221
8168,5202,5221
8167,5202,5220
8166,5201,5220
8165,5201,5220
8164,5201,5219
8163,5200,5219
8162,5200,5219
8161,5200,5218
8160,5199,5218
8159,5199,5218
8158,5199,5217
8157,5198,5217
8156,5198,5217
8155,5198,5216
8154,5197,5216
8153,5197,5216
8152,5197,5215
8151,5196,5215
8150,5196,5215
8149,5196,5214
8148,5196,5214
8147,5195,5214
8146,5195,5213
8145,5195,5213
8144,5194,5213
8143,5194,5212
8142,5194,5212
8141,5193,5212
8140,5193,5211
8139,5193,5211
8138,5192,5211
8137,5192,5210
8136,5192,5210
8135,5191,5210
8134,5191,5209
8133,5191,5209
8132,5190,5209
8131,5190,5209
8130,5190,5208
8129,5189,5208
8128,5189,5208
8127,5189,5207
8126,5189,5207
8125,5188,5207
8124,5188,5206
8123,5188,5206
8122,5187,5206
8121,5187,5205
8120,5187,5205
8119,5186,5205
8118,5186,5204
8117,5186,5204
8116,5185,5204
8115,5185,5204
8114,5185,5203
8113,5185,5203
8112,5184,5203
8111,5184,5202
8110,5184,5202
8109,5183,5202
8108,5183,5201
8107,5183,5201
8106,5182,5201
8105,5182,5201
8104,5182,5200
8103,5182,5200
8102,5181,5200
8101,5181,5199
8100,5181,5199
8099,5180,5199
8098,5180,5198
8097,5180,5198
8096,5179,5198
8095,5179,5198
8094,5179,5197
8093,5179,5197
8092,5178,5197
8091,5178,5196
8090,5178,5196
8089,5177,5196
8088,5177,5195
8087,5177,5195
8086,5177,5195
8085,5176,5195
8084,5176,5194
8083,5176,5194
8082,5175,5194
8081,5175,5193
8080,5175,5193
8079,5175,5193
8078,5174,5193
8077,5174,5192
8076,5174,5192
8075,5173,5192
8074,5173,5191
8073,5173,5191
8072,5173,5191
8071,5172,5191
8070,5172,5190
8069,5172,5190
8068,5171,5190
8067,5171,5190
8066,5171,5189
8065,5171,5189
8064,5170,5189
8063,5170,5188
8062,5170,5188
8061,5170,5188
8060,5169,5188
8059,5169,5187
8058,5169,5187
8057,5168,5187
8056,5168,5186
8055,5168,5186
8054,5168,5186
8053,5167,5186
8052,5167,5185
8051,5167,5185
8050,5167,5185
8049,5166,5185
8048,5166,5184
8047,5166,5184
8046,5165,5184
8045,5165,5184
8044,5165,5183
8043,5165,5183
8042,5164,5183
8041,5164,5182
8040,5164,5182
8039,5164,5182
8038,5163,5182
8037,5163,5181
8036,5163,5181
8035,5163,5181
8034,5162,5181
8033,5162,5180
8032,5162,5180
8031,5162,5180
8030,5161,5180
8029,5161,5179
8028,5161,5179
8027,5161,5179
8026,5160,5179
8025,5160,5178
8024,5160,5178
8023,5160,5178
8022,5159,5178
8021,5159,5177
8020,5159,5177
8019,5159,5177
8018,5158,5177
8017,5158,5176
8016,5158,5176
8015,5158,5176
8014,5157,5176
8013,5157,5175
8012,5157,5175
8011,5157,5175
8010,5156,5175
8009,5156,5174
8008,5156,5174
8007,5156,5174
8006,5155,5174
8005,5155,5173
8004,5155,5173
8003,5155,5173
8002,5154,5173
8001,5154,5172
8000,5154,5172
7999,5154,5172
7998,5153,5172
7997,5153,5171
7996,5153,5171
7995,5153,5171
7994,5152,5171
7993,5152,5170
7992,5152,5170
7991,5152,5170
7990,5152,5170
7989,5151,5170
7988,5151,5169
7987,5151,5169
7986,5151,5169
7985,5150,5169
7984,5150,5168
7983,5150,5168
7982,5150,5168
7981,5149,5168
7980,5149,5167
7979,5149,5167
7978,5149,5167
7977,5149,5167
7976,5148,5167
7975,5148,5166
7974,5148,5166
7973,5148,5166
7972,5147,5166
7971,5147,5165
7970,5147,5165
7969,5147,5165
7968,5147,5165
7967,5146,5165
7966,5146,5164
7965,5146,5164
7964,5146,5164
7963,5145,5164
7962,5145,5163
7961,5145,5163
7960,5145,5163
7959,5145,5163
7958,5144,5163
7957,5144,5162
7956,5144,5162
7955,5144,5162
7954,5144,5162
7953,5143,5161
7952,5143,5161
7951,5143,5161
7950,5143,5161
7949,5142,5161
7948,5142,5160
7947,5142,5160
7946,5142,5160
7945,5142,5160
7944,5141,5160
7943,5141,5159
7942,5141,5159
7941,5141,5159
7940,5141,5159
7939,5140,5159
7938,5140,5158
7937,5140,5158
7936,5140,5158
7935,5140,5158
7934,5139,5158
7933,5139,5157
7932,5139,5157
7931,5139,5157
7930,5139,5157
7929,5138,5156
7928,5138,5156
7927,5138,5156
7926,5138,5156
7925,5138,5156
7924,5137,5155
7923,5137,5155
7922,5137,5155
7921,5137,5155
7920,5137,5155
7919,5136,5155
7918,5136,5154
7917,5136,5154
7916,5136,5154
7915,5136,5154
7914,5135,5154
7913,5135,5153
7912,5135,5153
7911,5135,5153
7910,5135,5153
7909,5134,5153
7908,5134,5152
7907,5134,5152
7906,5134,5152
7905,5134,5152
7904,5134,5152
7903,5133,5151
7902,5133,5151
7901,5133,5151
7900,5133,5151
7899,5133,5151
7898,5132,5151
7897,5132,5150
7896,5132,5150
7895,5132,5150
7894,5132,5150
7893,5131,5150
7892,5131,5149
7891,5131,5149
7890,5131,5149
7889,5131,5149
7888,5131,5149
7887,5130,5149
7886,5130,5148
7885,5130,5148
7884,5130,5148
7883,5130,5148
7882,5130,5148
7881,5129,5147
7880,5129,5147
7879,5129,5147
7878,5129,5147
7877,5129,5147
7876,5128,5147
7875,5128,5146
7874,5128,5146
7873,5128,5146
7872,5128,5146
7871,5128,5146
7870,5127,5146
7869,5127,5145
7868,5127,5145
7867,5127,5145
7866,5127,5145
7865,5127,5145
7864,5126,5145
7863,5126,5144
7862,5126,5144
7861,5126,5144
7860,5126,5144
7859,5126,5144
7858,5125,5144
7857,5125,5143
7856,5125,5143
7855,5125,5143
7854,5125,5143
7853,5125,5143
7852,5125,5143
7851,5124,5142
7850,5124,5142
7849,5124,5142
7848,5124,5142
7847,5124,5142
7846,5124,5142
7845,5123,5142
7844,5123,5141
7843,5123,5141
7842,5123,5141
7841,5123,5141
7840,5123,5141
7839,5123,5141
7838,5122,5140
7837,5122,5140
7836,5122,5140
7835,5122,5140
7834,5122,5140
7833,5122,5140
7832,5121,5140
7831,5121,5139
7830,5121,5139
7829,5121,5139
7828,5121,5139
7827,5121,5139
7826,5121,5139
7825,5120,5139
7824,5120,5138
7823,5120,5138
7822,5120,5138
7821,5120,5138
7820,5120,5138
7819,5120,5138
7818,5119,5138
7817,5119,5137
7816,5119,5137
7815,5119,5137
7814,5119,5137
7813,5119,5137
7812,5119,5137
7811,5118,5137
7810,5118,5136
7809,5118,5136
7808,5118,5136
7807,5118,5136
7806,5118,5136
7805,5118,5136
7804,5118,5136
7803,5117,5136
7802,5117,5135
7801,5117,5135
7800,5117,5135
7799,5117,5135
7798,5117,5135
7797,5117,5135
7796,5116,5135
7795,5116,5134
7794,5116,5134
7793,5116,5134
7792,5116,5134
7791,5116,5134
7790,5116,5134
7789,5116,5134
7788,5115,5134
7787,5115,5133
7786,5115,5133
7785,5115,5133
7784,5115,5133
7783,5115,5133
7782,5115,5133
7781,5115,5133
7780,5114,5133
7779,5114,5132
7778,5114,5132
7777,5114,5132
7776,5114,5132
7775,5114,5132
7774,5114,5132
7773,5114,5132
7772,5114,5132
7771,5113,5132
7770,5113,5131
7769,5113,5131
7768,5113,5131
7767,5113,5131
7766,5113,5131
7765,5113,5131
7764,5113,5131
7763,5113,5131
7762,5112,5131
7761,5112,5130
7760,5112,5130
7759,5112,5130
7758,5112,5130
7757,5112,5130
7756,5112,5130
7755,5112,5130
7754,5112,5130
7753,5111,5130
7752,5111,5129
7751,5111,5129
7750,5111,5129
7749,5111,5129
7748,5111,5129
7747,5111,5129
7746,5111,5129
7745,5111,5129
7744,5110,5129
7743,5110,5129
7742,5110,5128
7741,5110,5128
7740,5110,5128
7739,5110,5128
7738,5110,5128
7737,5110,5128
7736,5110,5128
7735,5110,5128
7734,5109,5128
7733,5109,5128
7732,5109,5127
7731,5109,5127
7730,5109,5127
7729,5109,5127
7728,5109,5127
7727,5109,5127
7726,5109,5127
7725,5109,5127
7724,5109,5127
7723,5108,5127
7722,5108,5127
7721,5108,5126
7720,5108,5126
7719,5108,5126
7718,5108,5126
7717,5108,5126
7716,5108,5126
7715,5108,5126
7714,5108,5126
7713,5108,5126
7712,5107,5126
7711,5107,5126
7710,5107,5125
7709,5107,5125
7708,5107,5125
7707,5107,5125
7706,5107,5125
7705,5107,5125
7704,5107,5125
7703,5107,5125
7702,5107,5125
7701,5107,5125
7700,5106,5125
7699,5106,5125
7698,5106,5124
7697,5106,5124
7696,5106,5124
7695,5106,5124
7694,5106,5124
7693,5106,5124
7692,5106,5124
7691,5106,5124
7690,5106,5124
7689,5106,5124
7688,5106,5124
7687,5106,5124
7686,5105,5124
7685,5105,5124
7684,5105,5123
7683,5105,5123
7682,5105,5123
7681,5105,5123
7680,5105,5123
7679,5105,5123
7678,5105,5123
7677,5105,5123
7676,5105,5123
7675,5105,5123
7674,5105,5123
7673,5105,5123
7672,5104,5123
7671,5104,5123
7670,5104,5123
7669,5104,5122
7668,5104,5122
7667,5104,5122
7666,5104,5122
7665,5104,5122
7664,5104,5122
7663,5104,5122
7662,5104,5122
7661,5104,5122
7660,5104,5122
7659,5104,5122
7658,5104,5122
7657,5104,5122
7656,5104,5122
7655,5103,5122
7654,5103,5122
7653,5103,5122
7652,5103,5121
7651,5103,5121
7650,5103,5121
7649,5103,5121
7648,5103,5121
7647,5103,5121
7646,5103,5121
7645,5103,5121
7644,5103,5121
7643,5103,5121
7642,5103,5121
7641,5103,5121
7640,5103,5121
7639,5103,5121
7638,5103,5121
7637,5103,5121
7636,5102,5121
7635,5102,5121
7634,5102,5121
7633,5102,5121
7632,5102,5121
7631,5102,5120
7630,5102,5120
7629,5102,5120
7628,5102,5120
7627,5102,5120
7626,5102,5120
7625,5102,5120
7624,5102,5120
7623,5102,5120
7622,5102,5120
7621,5102,5120
7620,5102,5120
7619,5102,5120
7618,5102,5120
7617,5102,5120
7616,5102,5120
7615,5102,5120
7614,5102,5120
7613,5102,5120
7612,5102,5120
7611,5102,5120
7610,5101,5120
7609,5101,5120
7608,5101,5120
7607,5101,5120
7606,5101,5120
7605,5101,5120
7604,5101,5120
7603,5101,5120
7602,5101,5119
7601,5101,5119
7600,5101,5119
7599,5101,5119
7598,5101,5119
7597,5101,5119
7596,5101,5119
7595,5101,5119
7594,5101,5119
7593,5101,5119
7592,5101,5119
7591,5101,5119
7590,5101,5119
7589,5101,5119
7588,5101,5119
7587,5101,5119
7586,5101,5119
7585,5101,5119
7584,5101,5119
7583,5101,5119
7582,5101,5119
7581,5101,5119
7580,5101,5119
7579,5101,5119
7578,5101,5119
7577,5101,5119
7576,5101,5119
7575,5101,5119
7574,5101,5119
7573,5101,5119
7572,5101,5119
7571,5101,5119
7570,5101,5119
7569,5101,5119
7568,5101,5119
7567,5101,5119
7566,5101,5119
7565,5101,5119
7564,5101,5119
7563,5101,5119
7562,5100,5119
7561,5100,5119
7560,5100,5119
7521,5101,5119
7520,5101,5119
7519,5101,5119
7518,5101,5119
7517,5101,5119
7516,5101,5119
7515,5101,5119
7514,5101,5119
7513,5101,5119
7512,5101,5119
7511,5101,5119
7510,5101,5119
7509,5101,5119
7508,5101,5119
7507,5101,5119
7506,5101,5119
7505,5101,5119
7504,5101,5119
7503,5101,5119
7502,5101,5119
7501,5101,5119
7500,5101,5119
7499,5101,5119
7498,5101,5119
7497,5101,5119
7496,5101,5119
7495,5101,5119
7494,5101,5120
7493,5101,5120
7492,5101,5120
7491,5101,5120
7490,5101,5120
7489,5101,5120
7488,5101,5120
7487,5101,5120
7486,5101,5120
7485,5101,5120
7484,5101,5120
7483,5101,5120
7482,5102,5120
7481,5102,5120
7480,5102,5120
7479,5102,5120
7478,5102,5120
7477,5102,5120
7476,5102,5120
7475,5102,5120
7474,5102,5120
7473,5102,5120
7472,5102,5120
7471,5102,5120
7470,5102,5120
7469,5102,5120
7468,5102,5120
7467,5102,5120
7466,5102,5121
7465,5102,5121
7464,5102,5121
7463,5102,5121
7462,5102,5121
7461,5102,5121
7460,5102,5121
7459,5102,5121
7458,5102,5121
7457,5102,5121
7456,5103,5121
7455,5103,5121
7454,5103,5121
7453,5103,5121
7452,5103,5121
7451,5103,5121
7450,5103,5121
7449,5103,5121
7448,5103,5121
7447,5103,5121
7446,5103,5121
7445,5103,5122
7444,5103,5122
7443,5103,5122
7442,5103,5122
7441,5103,5122
7440,5103,5122
7439,5103,5122
7438,5103,5122
7437,5104,5122
7436,5104,5122
7435,5104,5122
7434,5104,5122
7433,5104,5122
7432,5104,5122
7431,5104,5122
7430,5104,5122
7429,5104,5122
7428,5104,5123
7427,5104,5123
7426,5104,5123
7425,5104,5123
7424,5104,5123
7423,5104,5123
7422,5104,5123
7421,5104,5123
7420,5105,5123
7419,5105,5123
7418,5105,5123
7417,5105,5123
7416,5105,5123
7415,5105,5123
7414,5105,5123
7413,5105,5124
7412,5105,5124
7411,5105,5124
7410,5105,5124
7409,5105,5124
7408,5105,5124
7407,5105,5124
7406,5106,5124
7405,5106,5124
7404,5106,5124
7403,5106,5124
7402,5106,5124
7401,5106,5124
7400,5106,5124
7399,5106,5125
7398,5106,5125
7397,5106,5125
7396,5106,5125
7395,5106,5125
7394,5106,5125
7393,5106,5125
7392,5107,5125
7391,5107,5125
7390,5107,5125
7389,5107,5125
7388,5107,5125
7387,5107,5126
7386,5107,5126
7385,5107,5126
7384,5107,5126
7383,5107,5126
7382,5107,5126
7381,5107,5126
7380,5108,5126
7379,5108,5126
7378,5108,5126
7377,5108,5126
7376,5108,5126
7375,5108,5127
7374,5108,5127
7373,5108,5127
7372,5108,5127
7371,5108,5127
7370,5108,5127
7369,5109,5127
7368,5109,5127
7367,5109,5127
7366,5109,5127
7365,5109,5128
7364,5109,5128
7363,5109,5128
7362,5109,5128
7361,5109,5128
7360,5109,5128
7359,5109,5128
7358,5110,5128
7357,5110,5128
7356,5110,5128
7355,5110,5129
7354,5110,5129
7353,5110,5129
7352,5110,5129
7351,5110,5129
7350,5110,5129
7349,5110,5129
7348,5111,5129
7347,5111,5129
7346,5111,5129
7345,5111,5130
7344,5111,5130
7343,5111,5130
7342,5111,5130
7341,5111,5130
7340,5111,5130
7339,5112,5130
7338,5112,5130
7337,5112,5130
7336,5112,5131
7335,5112,5131
7334,5112,5131
7333,5112,5131
7332,5112,5131
7331,5112,5131
7330,5112,5131
7329,5113,5131
7328,5113,5131
7327,5113,5132
7326,5113,5132
7325,5113,5132
7324,5113,5132
7323,5113,5132
7322,5113,5132
7321,5114,5132
7320,5114,5132
7319,5114,5132
7318,5114,5133
7317,5114,5133
7316,5114,5133
7315,5114,5133
7314,5114,5133
7313,5114,5133
7312,5115,5133
7311,5115,5133
7310,5115,5134
7309,5115,5134
7308,5115,5134
7307,5115,5134
7306,5115,5134
7305,5115,5134
7304,5116,5134
7303,5116,5134
7302,5116,5135
7301,5116,5135
7300,5116,5135
7299,5116,5135
7298,5116,5135
7297,5116,5135
7296,5117,5135
7295,5117,5135
7294,5117,5136
7293,5117,5136
7292,5117,5136
7291,5117,5136
7290,5117,5136
7289,5118,5136
7288,5118,5136
7287,5118,5137
7286,5118,5137
7285,5118,5137
7284,5118,5137
7283,5118,5137
7282,5118,5137
7281,5119,5137
7280,5119,5138
7279,5119,5138
7278,5119,5138
7277,5119,5138
7276,5119,5138
7275,5119,5138
7274,5120,5138
7273,5120,5139
7272,5120,5139
7271,5120,5139
7270,5120,5139
7269,5120,5139
7268,5120,5139
7267,5121,5139
7266,5121,5140
7265,5121,5140
7264,5121,5140
7263,5121,5140
7262,5121,5140
7261,5121,5140
7260,5122,5140
7259,5122,5141
7258,5122,5141
7257,5122,5141
7256,5122,5141
7255,5122,5141
7254,5123,5141
7253,5123,5142
7252,5123,5142
7251,5123,5142
7250,5123,5142
7249,5123,5142
7248,5123,5142
7247,5124,5142
7246,5124,5143
7245,5124,5143
7244,5124,5143
7243,5124,5143
7242,5124,5143
7241,5125,5143
7240,5125,5144
7239,5125,5144
7238,5125,5144
7237,5125,5144
7236,5125,5144
7235,5125,5144
7234,5126,5145
7233,5126,5145
7232,5126,5145
7231,5126,5145
7230,5126,5145
7229,5126,5145
7228,5127,5146
7227,5127,5146
7226,5127,5146
7225,5127,5146
7224,5127,5146
7223,5127,5146
7222,5128,5147
7221,5128,5147
7220,5128,5147
7219,5128,5147
7218,5128,5147
7217,5128,5147
7216,5129,5148
7215,5129,5148
7214,5129,5148
7213,5129,5148
7212,5129,5148
7211,5130,5149
7210,5130,5149
7209,5130,5149
7208,5130,5149
7207,5130,5149
7206,5130,5149
7205,5131,5150
7204,5131,5150
7203,5131,5150
7202,5131,5150
7201,5131,5150
7200,5131,5150
7199,5132,5151
7198,5132,5151
7197,5132,5151
7196,5132,5151
7195,5132,5151
7194,5133,5152
7193,5133,5152
7192,5133,5152
7191,5133,5152
7190,5133,5152
7189,5134,5153
7188,5134,5153
7187,5134,5153
7186,5134,5153
7185,5134,5153
7184,5134,5154
7183,5135,5154
7182,5135,5154
7181,5135,5154
7180,5135,5154
7179,5135,5154
7178,5136,5155
7177,5136,5155
7176,5136,5155
7175,5136,5155
7174,5136,5155
7173,5137,5156
7172,5137,5156
7171,5137,5156
7170,5137,5156
7169,5137,5156
7168,5138,5157
7167,5138,5157
7166,5138,5157
7165,5138,5157
7164,5138,5157
7163,5139,5158
7162,5139,5158
7161,5139,5158
7160,5139,5158
7159,5139,5158
7158,5140,5159
7157,5140,5159
7156,5140,5159
7155,5140,5159
7154,5140,5160
7153,5141,5160
7152,5141,5160
7151,5141,5160
7150,5141,5160
7149,5141,5161
7148,5142,5161
7147,5142,5161
7146,5142,5161
7145,5142,5161
7144,5142,5162
7143,5143,5162
7142,5143,5162
7141,5143,5162
7140,5143,5162
7139,5144,5163
7138,5144,5163
7137,5144,5163
7136,5144,5163
7135,5144,5164
7134,5145,5164
7133,5145,5164
7132,5145,5164
7131,5145,5164
7130,5145,5165
7129,5146,5165
7128,5146,5165
7127,5146,5165
7126,5146,5166
7125,5147,5166
7124,5147,5166
7123,5147,5166
7122,5147,5166
7121,5147,5167
7120,5148,5167
7119,5148,5167
7118,5148,5167
7117,5148,5168
7116,5149,5168
7115,5149,5168
7114,5149,5168
7113,5149,5169
7112,5149,5169
7111,5150,5169
7110,5150,5169
7109,5150,5169
7108,5150,5170
7107,5151,5170
7106,5151,5170
7105,5151,5170
7104,5151,5171
7103,5152,5171
7102,5152,5171
7101,5152,5171
7100,5152,5172
7099,5153,5172
7098,5153,5172
7097,5153,5172
7096,5153,5173
7095,5153,5173
7094,5154,5173
7093,5154,5173
7092,5154,5174
7091,5154,5174
7090,5155,5174
7089,5155,5174
7088,5155,5174
7087,5155,5175
7086,5156,5175
7085,5156,5175
7084,5156,5175
7083,5156,5176
7082,5157,5176
7081,5157,5176
7080,5157,5176
7079,5157,5177
7078,5158,5177
7077,5158,5177
