9680,7314,7429
9681,7309,7427
9682,7305,7424
9683,7300,7421
9684,7297,7418
9698,7295,7333
9697,7288,7346
9696,7283,7356
9695,7281,7364
9694,7279,7371
9693,7279,7377
9692,7279,7383
9691,7280,7388
9690,7281,7393
9689,7282,7398
9688,7285,7403
9687,7287,7407
9686,7290,7411
9670,7383,7439
5860,6599,6653
9669,7394,7436
5859,6601,6658
9668,7410,7428
5858,6604,6663
5857,6606,6667
5856,6609,6672
5855,6611,6677
5854,6614,6682
5853,6617,6686
5852,6620,6691
5851,6623,6695
5850,6626,6700
9685,7293,7414
5849,6630,6704
5848,6633,6709
5847,6636,6713
7433,9713,9719
5840,6662,6743
7434,9713,9719
5841,6658,6739
7435,9713,9719
5842,6655,6735
7436,9714,9719
5843,6651,6731
7437,9715,9718
5844,6647,6726
7432,9712,9719
5839,6667,6747
5846,6640,6718
7431,9712,9719
5838,6671,6751
5845,6643,6722
7430,9712,9718
5837,6675,6755
7429,9712,9718
5836,6680,6759
9672,7365,7441
5862,6594,6643
7428,9713,9717
5835,6684,6762
9671,7374,7440
5861,6596,6648
7427,9714,9715
5834,6689,6766
9673,7357,7441
5863,6592,6637
9674,7350,7440
5864,6590,6632
9675,7343,7439
5865,6589,6627
9676,7337,7437
5866,6587,6621
9677,7330,7436
5867,6586,6615
9678,7325,7434
5868,6586,6609
9679,7319,7432
5869,6586,6601
5833,6694,6769
5832,6699,6772
5831,6704,6775
5830,6710,6778
5829,6716,6780
5828,6722,6783
5827,6729,6784
5826,6736,6785
5825,6744,6786
5824,6753,6785
5823,6768,6779
