7089,8732,8733
7090,8731,8734
7091,8731,8734
7092,8731,8735
7093,8730,8735
7094,8730,8735
7095,8730,8736
7096,8729,8736
7097,8729,8736
7098,8729,8736
7099,8729,8736
7100,8729,8737
7101,8728,8737
7102,8728,8737
7103,8728,8737
7104,8728,8737
7105,8728,8737
7106,8728,8738
7107,8728,8738
7108,8727,8738
7109,8727,8738
7110,8727,8738
7111,8727,8738
7112,8727,8738
7113,8727,8739
7114,8727,8739
7115,8727,8739
7116,8727,8739
7117,8726,8739
7118,8726,8739
7119,8726,8739
7120,8726,8739
7121,8726,8739
7122,8726,8739
7123,8726,8739
7124,8726,8740
7125,8726,8740
7126,8726,8740
7127,8726,8740
7128,8726,8740
7129,8725,8740
7130,8725,8740
7131,8725,8740
7132,8725,8740
7133,8725,8740
7134,8725,8740
7135,8725,8740
7136,8725,8740
7137,8725,8740
7138,8725,8740
7139,8725,8740
7140,8725,8740
7141,8725,8740
7142,8725,8740
7143,8725,8740
7144,8725,8740
7145,8725,8740
7146,8725,8740
7147,8725,8740
7148,8725,8740
7149,8725,8740
7150,8725,8740
7151,8725,8740
7152,8725,8740
7153,8724,8740
7154,8724,8740
7181,8726,8738
7180,8725,8738
7179,8725,8739
7178,8725,8739
7177,8725,8739
7176,8725,8739
7175,8725,8739
7174,8725,8739
7173,8725,8739
7172,8725,8739
7171,8725,8739
7170,8725,8740
7169,8725,8740
7168,8725,8740
7167,8725,8740
7166,8725,8740
7165,8725,8740
7164,8725,8740
7163,8725,8740
7162,8725,8740
7161,8725,8740
7160,8724,8740
7159,8724,8740
7158,8724,8740
7157,8724,8740
7156,8724,8740
7155,8724,8740
7453,9721,9725
7454,9720,9726
7455,9720,9726
7456,9720,9727
7462,9724,9724
7461,9723,9726
7460,9722,9726
7459,9721,9727
7458,9721,9727
7457,9720,9727
7182,8726,8738
6641,8639,8641
7183,8726,8738
6642,8638,8642
7184,8726,8738
6643,8638,8643
7185,8726,8738
6644,8638,8644
7186,8726,8737
6645,8638,8645
7187,8726,8737
6646,8638,8646
7188,8727,8737
6647,8639,8647
7189,8727,8737
6648,8639,8648
7190,8727,8737
6649,8639,8648
7191,8727,8736
6650,8639,8649
7192,8727,8736
6651,8639,8650
7193,8728,8736
6652,8639,8651
7194,8728,8735
6653,8640,8651
7195,8728,8735
6654,8640,8652
7196,8729,8735
6655,8640,8653
7197,8729,8734
6656,8640,8653
7198,8729,8734
6657,8641,8654
7199,8730,8733
6658,8641,8655
7200,8731,8732
6659,8641,8655
6660,8642,8656
6661,8642,8656
6662,8642,8657
6663,8642,8658
6664,8643,8658
6665,8643,8659
6666,8643,8659
6667,8644,8660
6771,8680,8701
6770,8680,8700
6769,8680,8700
6768,8679,8700
6767,8679,8700
6766,8679,8699
6765,8678,8699
6764,8678,8699
6763,8677,8698
6762,8677,8698
6761,8677,8698
6760,8676,8698
6759,8676,8697
6758,8676,8697
6757,8675,8697
6756,8675,8697
6755,8675,8696
6754,8674,8696
6753,8674,8696
6752,8674,8695
6751,8673,8695
6750,8673,8695
6749,8672,8694
6748,8672,8694
6747,8672,8694
6746,8671,8694
6745,8671,8693
6744,8671,8693
6743,8670,8693
6742,8670,8692
6741,8670,8692
6740,8669,8692
6739,8669,8691
6738,8668,8691
6737,8668,8691
6736,8668,8690
5773,6819,6855
9628,7329,7385
6801,8691,8707
5774,6806,6857
9629,7316,7387
6802,8692,8707
5775,6796,6857
9630,7305,7388
6803,8692,8707
5776,6787,6856
9631,7295,7388
6804,8692,8707
5777,6778,6854
9632,7285,7388
6805,8693,8707
5778,6771,6851
9633,7276,7386
6806,8693,8707
5779,6763,6847
9634,7268,7385
6807,8693,8708
5780,6756,6844
9635,7260,7383
6808,8694,8708
5781,6750,6840
9636,7252,7381
6809,8694,8708
5782,6744,6836
9637,7245,7378
6810,8695,8708
5783,6737,6831
9638,7238,7375
6811,8695,8708
5784,6732,6827
9639,7232,7372
6812,8695,8708
5785,6726,6822
9640,7226,7369
6813,8696,8708
5786,6720,6817
9641,7220,7366
6814,8696,8709
5787,6715,6812
9642,7215,7362
6815,8697,8709
5788,6710,6807
9643,7211,7358
6816,8697,8709
5789,6705,6802
9644,7207,7354
6817,8697,8709
5790,6700,6797
9645,7204,7349
6818,8698,8709
5791,6695,6792
9646,7201,7344
6819,8698,8709
5792,6691,6787
9647,7199,7339
6820,8699,8709
5793,6686,6782
9648,7197,7334
6821,8699,8709
5794,6682,6777
9649,7196,7328
6822,8699,8709
5795,6677,6771
9650,7196,7321
6823,8700,8709
5796,6673,6766
9651,7197,7314
6824,8700,8709
5797,6669,6761
9652,7198,7306
6825,8701,8709
5798,6665,6756
9653,7201,7298
6826,8701,8709
5799,6661,6751
9654,7206,7288
6827,8701,8709
5800,6657,6745
9655,7213,7275
6828,8702,8709
5826,6579,6610
5801,6653,6740
9656,7228,7255
6829,8702,8709
5827,6577,6604
5802,6649,6735
6830,8703,8709
7451,9722,9723
5828,6576,6598
5803,6645,6730
6831,8703,8709
7452,9721,9725
5829,6576,6591
5804,6641,6725
6832,8704,8709
5805,6638,6719
6833,8704,8709
5806,6634,6714
6834,8705,8709
5807,6631,6709
6835,8706,8709
6735,8667,8690
5821,6589,6637
5808,6627,6704
6836,8706,8709
5809,6624,6699
6837,8707,8708
5810,6621,6694
5811,6618,6689
5812,6614,6684
5813,6611,6679
5814,6608,6673
5815,6605,6668
5816,6602,6663
6732,8666,8689
5818,6597,6653
6733,8667,8689
5819,6594,6648
6734,8667,8690
5820,6592,6643
5817,6600,6658
9627,7344,7380
6800,8691,8707
5822,6587,6632
5823,6585,6627
5824,6583,6622
5825,6581,6616
6772,8681,8701
6773,8681,8701
6774,8681,8701
6775,8682,8701
6776,8682,8702
6777,8683,8702
6778,8683,8702
6779,8683,8702
6780,8684,8703
6781,8684,8703
6782,8684,8703
6783,8685,8703
6784,8685,8704
6785,8685,8704
6786,8686,8704
6787,8686,8704
6788,8687,8704
6789,8687,8705
6790,8687,8705
6791,8688,8705
6792,8688,8705
6793,8688,8705
6794,8689,8706
6795,8689,8706
6796,8689,8706
6797,8690,8706
6798,8690,8706
6799,8691,8706
6731,8666,8689
6730,8666,8688
6729,8665,8688
6728,8665,8687
6727,8665,8687
6726,8664,8687
6725,8664,8686
6724,8663,8686
6723,8663,8686
6722,8663,8685
6721,8662,8685
6720,8662,8685
6719,8662,8684
6718,8661,8684
6717,8661,8683
6716,8661,8683
6715,8660,8683
6714,8660,8682
6713,8659,8682
6712,8659,8681
6711,8659,8681
6710,8658,8681
6709,8658,8680
6708,8658,8680
6707,8657,8679
6706,8657,8679
6705,8657,8679
6704,8656,8678
6703,8656,8678
6702,8656,8677
6701,8655,8677
6700,8655,8676
6699,8654,8676
6698,8654,8675
6697,8654,8675
6696,8653,8675
6695,8653,8674
6694,8653,8674
6693,8652,8673
6692,8652,8673
6691,8652,8672
6690,8651,8672
6689,8651,8671
6688,8651,8671
6687,8650,8670
6686,8650,8670
6685,8650,8669
6684,8649,8669
6683,8649,8668
6682,8649,8668
6681,8648,8667
6680,8648,8667
6679,8648,8666
6678,8647,8666
6677,8647,8665
6676,8647,8665
6675,8646,8664
6674,8646,8664
6673,8646,8663
6672,8645,8663
6671,8645,8662
6670,8645,8662
6669,8644,8661
6668,8644,8660
