8187,8610,8610
8188,8609,8610
8189,8609,8610
8190,8608,8610
8191,8608,8610
8192,8607,8610
8193,8607,8610
8194,8606,8610
8195,8606,8610
8196,8605,8610
8197,8605,8610
8198,8605,8610
8199,8604,8610
8200,8604,8609
8201,8604,8609
8202,8603,8609
8203,8603,8609
8204,8602,8609
8205,8602,8609
8206,8602,8608
8207,8601,8608
8208,8601,8608
8209,8601,8608
8210,8600,8608
8211,8600,8608
8212,8600,8607
8213,8599,8607
8214,8599,8607
8215,8599,8607
8216,8598,8607
8217,8598,8606
8218,8598,8606
8219,8597,8606
8220,8597,8606
8221,8597,8605
8222,8596,8605
8223,8596,8605
8224,8596,8605
8225,8595,8605
8226,8595,8604
8227,8595,8604
8228,8594,8604
8229,8594,8604
8230,8594,8603
8231,8593,8603
8232,8593,8603
8233,8593,8603
8234,8592,8602
8235,8592,8602
8236,8592,8602
8237,8591,8602
8238,8591,8601
8239,8591,8601
8240,8590,8601
8241,8590,8601
8242,8590,8600
8243,8589,8600
8244,8589,8600
8245,8589,8599
8246,8588,8599
8247,8588,8599
8248,8588,8599
8249,8587,8598
8250,8587,8598
8251,8587,8598
8252,8586,8598
8253,8586,8597
8254,8586,8597
8255,8585,8597
8256,8585,8596
8257,8584,8596
8258,8584,8596
8259,8584,8596
8260,8583,8595
8261,8583,8595
8262,8583,8595
8263,8582,8594
8264,8582,8594
8265,8582,8594
8266,8581,8593
8267,8581,8593
8268,8581,8593
8269,8580,8592
8270,8580,8592
8271,8580,8592
8272,8579,8592
8273,8579,8591
8274,8579,8591
8275,8578,8591
8276,8578,8590
8277,8577,8590
8278,8577,8590
8279,8577,8589
8280,8576,8589
8281,8576,8589
8282,8576,8588
8283,8575,8588
8284,8575,8588
8285,8575,8587
8286,8574,8587
8287,8574,8587
8288,8574,8586
8289,8573,8586
8290,8573,8586
8291,8572,8585
8292,8572,8585
8293,8572,8585
8294,8571,8584
8295,8571,8584
8296,8571,8584
8297,8570,8583
8298,8570,8583
8299,8569,8583
8300,8569,8582
8301,8569,8582
8302,8568,8581
8303,8568,8581
8304,8568,8581
8305,8567,8580
8306,8567,8580
8307,8566,8580
8308,8566,8579
8309,8566,8579
8310,8565,8579
8311,8565,8578
8312,8565,8578
8313,8564,8577
8314,8564,8577
8315,8563,8577
8316,8563,8576
8317,8563,8576
8318,8562,8576
8319,8562,8575
8320,8561,8575
8321,8561,8574
8322,8561,8574
8323,8560,8574
8324,8560,8573
8325,8559,8573
8326,8559,8573
8327,8559,8572
8328,8558,8572
8329,8558,8571
8330,8557,8571
8331,8557,8571
8332,8557,8570
8333,8556,8570
8334,8556,8569
8335,8555,8569
8336,8555,8569
8337,8555,8568
8338,8554,8568
8339,8554,8567
8340,8553,8567
8341,8553,8567
8342,8553,8566
8343,8552,8566
8344,8552,8565
8345,8551,8565
8346,8551,8564
8347,8550,8564
8348,8550,8564
8349,8550,8563
8350,8549,8563
8351,8549,8562
8352,8548,8562
8353,8548,8562
8354,8547,8561
8355,8547,8561
8356,8547,8560
8357,8546,8560
8358,8546,8559
8359,8545,8559
8360,8545,8558
8361,8544,8558
8362,8544,8558
8363,8544,8557
8364,8543,8557
8365,8543,8556
8366,8542,8556
8367,8542,8555
8368,8541,8555
8369,8541,8555
8370,8541,8554
8371,8540,8554
8372,8540,8553
8373,8539,8553
8374,8539,8552
8375,8538,8552
8376,8538,8551
8377,8537,8551
8378,8537,8550
8379,8537,8550
8380,8536,8550
8381,8536,8549
8382,8535,8549
8383,8535,8548
8384,8534,8548
8385,8534,8547
8386,8533,8547
8387,8533,8546
8388,8532,8546
8389,8532,8545
8390,8532,8545
8391,8531,8544
8392,8531,8544
8393,8530,8543
8394,8530,8543
8395,8529,8542
8396,8529,8542
8397,8528,8541
8398,8528,8541
8399,8527,8541
8400,8527,8540
8401,8526,8540
8402,8526,8539
8403,8525,8539
8404,8525,8538
8405,8524,8538
8406,8524,8537
8407,8524,8537
8408,8523,8536
8409,8523,8536
8410,8522,8535
8411,8522,8535
8412,8521,8534
8413,8521,8534
8414,8520,8533
8415,8520,8533
8416,8519,8532
8417,8519,8532
8418,8518,8531
8419,8518,8531
8420,8517,8530
8421,8517,8529
8422,8516,8529
8423,8516,8528
8424,8515,8528
8425,8515,8527
8426,8514,8527
8427,8514,8526
8428,8513,8526
8429,8513,8525
8430,8512,8525
8431,8512,8524
8432,8511,8524
8433,8511,8523
8434,8510,8523
8435,8510,8522
8436,8509,8522
8437,8509,8521
8438,8508,8521
8439,8508,8520
8440,8507,8519
8441,8507,8519
8442,8506,8518
8443,8505,8518
8444,8505,8517
8445,8504,8517
8446,8504,8516
8447,8503,8516
8448,8503,8515
8449,8502,8515
8450,8502,8514
8451,8501,8513
8452,8501,8513
8453,8500,8512
8454,8500,8512
8455,8499,8511
8456,8499,8511
8457,8498,8510
8458,8498,8509
8459,8497,8509
8460,8496,8508
8461,8496,8508
8462,8495,8507
8463,8495,8507
8464,8494,8506
8465,8494,8506
8466,8493,8505
8467,8493,8504
8468,8492,8504
8469,8492,8503
8470,8491,8503
8471,8490,8502
8472,8490,8501
8473,8489,8501
8474,8489,8500
8475,8488,8500
8476,8488,8499
8477,8487,8499
8478,8487,8498
8479,8486,8497
8480,8485,8497
8481,8485,8496
8482,8484,8496
8483,8484,8495
8484,8483,8494
8485,8483,8494
8486,8482,8493
8487,8481,8493
8488,8481,8492
8489,8480,8491
8490,8480,8491
8491,8479,8490
8492,8479,8490
8777,8249,8268
8778,8247,8267
8779,8246,8266
8780,8245,8266
8781,8244,8265
8782,8243,8264
5456,6457,6472
8783,8242,8263
5457,6450,6474
8784,8241,8262
5458,6444,6474
8785,8240,8261
5459,6438,6474
8786,8239,8260
5460,6433,6473
8787,8238,8259
5461,6429,6472
8788,8237,8258
5462,6425,6471
8789,8236,8257
5463,6421,6470
8790,8235,8256
5464,6417,6468
8791,8234,8255
5465,6413,6467
8792,8232,8254
5466,6409,6465
8793,8231,8253
5467,6405,6463
8794,8230,8252
5468,6402,6461
8795,8229,8251
5469,6399,6459
8796,8228,8250
5470,6395,6457
8797,8227,8249
5471,6392,6455
8798,8226,8248
5472,6389,6452
8799,8225,8247
5473,6386,6450
8800,8224,8246
5474,6383,6448
8801,8223,8245
5475,6380,6445
8802,8222,8244
5476,6377,6443
8803,8220,8243
5477,6374,6440
8804,8219,8242
5478,6371,6438
8805,8218,8241
5479,6368,6435
8806,8217,8240
5480,6366,6433
8807,8216,8239
5481,6363,6430
8808,8215,8238
5482,6360,6427
8809,8214,8237
5483,6358,6425
8810,8213,8236
5484,6355,6422
8811,8211,8234
5485,6353,6419
8812,8210,8233
5486,6350,6416
8813,8209,8232
5487,6348,6413
8814,8208,8231
5488,6346,6411
8815,8207,8230
5489,6343,6408
8816,8206,8229
5490,6341,6405
8817,8205,8228
5491,6339,6402
8818,8204,8227
5492,6336,6399
8819,8202,8226
5493,6334,6396
8820,8201,8225
5494,6332,6393
8821,8200,8224
5495,6330,6390
8822,8199,8223
5496,6328,6387
8823,8198,8222
5497,6326,6384
8824,8197,8221
5498,6324,6381
8825,8196,8220
5499,6322,6377
8826,8194,8219
5500,6320,6374
8827,8193,8218
5501,6318,6371
8828,8192,8217
5502,6317,6368
8829,8191,8216
5503,6315,6364
8830,8190,8215
5504,6313,6361
8831,8189,8213
5505,6312,6358
8832,8188,8212
5506,6310,6354
8833,8186,8211
5507,6309,6351
8834,8185,8210
5508,6307,6347
8835,8184,8209
5509,6306,6343
8836,8183,8208
5510,6305,6340
8837,8182,8207
5511,6304,6336
8838,8181,8206
5512,6303,6332
8839,8179,8205
5513,6302,6328
8840,8178,8204
5514,6302,6323
8841,8177,8203
5515,6302,6318
8842,8176,8202
5516,6304,6311
8843,8175,8200
8844,8173,8199
8845,8172,8198
8846,8171,8197
8847,8170,8196
8848,8169,8195
8849,8168,8194
8850,8166,8193
8851,8165,8192
8852,8164,8190
8853,8163,8189
8854,8162,8188
8855,8160,8187
8856,8159,8186
8857,8158,8185
8858,8157,8184
8859,8155,8183
8860,8154,8181
8861,8153,8180
8862,8152,8179
8863,8151,8178
8864,8149,8177
8865,8148,8176
8866,8147,8175
8867,8146,8173
8868,8144,8172
8869,8143,8171
8870,8142,8170
8871,8141,8169
8872,8140,8168
8873,8138,8167
8874,8137,8165
8875,8136,8164
8876,8135,8163
8877,8133,8162
8878,8132,8161
8879,8131,8159
8880,8130,8158
8881,8128,8157
8882,8127,8156
8883,8126,8155
8884,8125,8154
8885,8123,8152
8886,8122,8151
8887,8121,8150
8888,8119,8149
8889,8118,8148
8890,8117,8146
8891,8116,8145
8892,8114,8144
8893,8113,8143
8894,8112,8141
8895,8111,8140
8896,8109,8139
8897,8108,8138
8898,8107,8137
8899,8105,8135
8900,8104,8134
8901,8103,8133
8902,8102,8132
8903,8100,8130
8904,8099,8129
8905,8098,8128
8906,8096,8127
8976,8000,8030
8975,8002,8032
8974,8003,8033
8973,8005,8035
8972,8006,8036
8971,8008,8038
8970,8009,8039
8969,8010,8041
8968,8012,8042
8967,8013,8044
8966,8015,8045
8965,8016,8047
8964,8017,8048
8963,8019,8049
8962,8020,8051
8961,8022,8052
8960,8023,8054
8959,8024,8055
8958,8026,8057
8957,8027,8058
8956,8029,8060
8955,8030,8061
8954,8031,8062
8953,8033,8064
8952,8034,8065
8951,8036,8067
8950,8037,8068
8949,8038,8069
8948,8040,8071
8947,8041,8072
8930,8064,8095
8929,8066,8097
8928,8067,8098
8927,8068,8099
8926,8070,8101
8925,8071,8102
8924,8072,8103
8923,8074,8105
8922,8075,8106
8921,8076,8107
8920,8078,8109
8919,8079,8110
8918,8080,8111
8931,8063,8094
8932,8062,8093
8933,8060,8091
8934,8059,8090
8935,8058,8089
8936,8056,8087
8937,8055,8086
8938,8054,8085
8939,8052,8083
8940,8051,8082
8941,8049,8081
8942,8048,8079
8943,8047,8078
8944,8045,8076
8945,8044,8075
8946,8043,8074
8977,7999,8029
8978,7998,8027
8979,7996,8025
8980,7995,8024
8981,7993,8022
8982,7992,8021
8983,7991,8019
8984,7989,8018
8985,7988,8016
8986,7986,8015
8987,7985,8013
8988,7983,8011
8989,7982,8010
8990,7981,8008
8991,7979,8007
8992,7978,8005
8993,7976,8003
8994,7975,8002
8995,7973,8000
8996,7972,7998
8997,7970,7997
8998,7969,7995
8999,7968,7993
9000,7966,7992
9001,7965,7990
9002,7963,7988
9003,7962,7987
9004,7961,7985
9005,7959,7983
9006,7958,7982
9007,7956,7980
9008,7955,7978
9009,7953,7976
9010,7952,7975
9011,7951,7973
9012,7949,7971
9013,7948,7969
9014,7946,7967
9015,7945,7966
9016,7944,7964
9017,7942,7962
9018,7941,7960
9019,7940,7958
9020,7938,7956
9021,7937,7954
9022,7936,7952
9023,7934,7950
9024,7933,7948
9025,7932,7946
9026,7931,7944
9027,7929,7942
9028,7928,7940
9029,7927,7938
9030,7926,7936
9031,7925,7933
9032,7924,7931
9033,7924,7928
8917,8082,8113
8916,8083,8114
8915,8084,8115
8914,8086,8116
8913,8087,8118
8912,8088,8119
8911,8090,8120
8910,8091,8121
8909,8092,8123
8908,8094,8124
8907,8095,8125
8776,8250,8269
8775,8251,8270
8774,8252,8271
8773,8253,8272
8772,8254,8273
8771,8255,8274
8770,8256,8275
8769,8257,8276
8768,8258,8277
8767,8259,8278
8766,8260,8279
8765,8261,8280
8764,8262,8281
8763,8263,8282
8762,8264,8283
8761,8265,8284
8760,8266,8285
8759,8267,8286
8758,8268,8286
8757,8269,8287
8756,8270,8288
8755,8271,8289
8754,8272,8290
8753,8273,8291
8752,8274,8292
8751,8275,8293
8750,8276,8294
8749,8277,8295
8748,8278,8296
8747,8279,8297
8746,8280,8298
8745,8281,8299
7635,9685,9687
8744,8282,8299
7634,9684,9688
8743,8283,8300
7633,9684,9689
8742,8284,8301
7632,9684,9689
8741,8285,8302
7631,9684,9689
8740,8286,8303
7630,9684,9689
8739,8287,8304
7629,9685,9689
8738,8288,8305
7628,9686,9688
8737,8289,8306
8736,8290,8307
8735,8291,8308
8734,8292,8308
8733,8293,8309
8732,8294,8310
8731,8295,8311
8730,8296,8312
8729,8297,8313
8728,8298,8314
8727,8299,8315
8726,8300,8316
8725,8301,8316
8724,8302,8317
8723,8303,8318
8722,8304,8319
8721,8305,8320
8720,8306,8321
8719,8307,8322
8718,8308,8323
8717,8309,8323
8716,8310,8324
8715,8311,8325
8714,8312,8326
8713,8313,8327
8712,8314,8328
8711,8314,8329
8710,8315,8330
8709,8316,8330
8708,8317,8331
8707,8318,8332
8706,8319,8333
8705,8320,8334
8704,8321,8335
8703,8322,8336
8702,8323,8336
8701,8324,8337
8700,8325,8338
8699,8326,8339
8698,8327,8340
8697,8327,8341
8696,8328,8341
8695,8329,8342
8694,8330,8343
8693,8331,8344
8692,8332,8345
8691,8333,8346
8690,8334,8347
8689,8335,8347
8688,8336,8348
8687,8336,8349
8686,8337,8350
8685,8338,8351
8684,8339,8352
8683,8340,8352
8682,8341,8353
8681,8342,8354
8680,8343,8355
8679,8344,8356
8678,8344,8356
8677,8345,8357
8676,8346,8358
8675,8347,8359
8674,8348,8360
8673,8349,8361
8672,8350,8361
8671,8351,8362
8670,8351,8363
8669,8352,8364
8668,8353,8365
8667,8354,8365
8666,8355,8366
8665,8356,8367
8664,8357,8368
8663,8357,8369
8662,8358,8369
8661,8359,8370
8660,8360,8371
8659,8361,8372
8658,8362,8373
8657,8363,8373
8656,8363,8374
8655,8364,8375
8654,8365,8376
8653,8366,8377
8652,8367,8377
8651,8368,8378
8650,8368,8379
8649,8369,8380
8648,8370,8380
8647,8371,8381
8646,8372,8382
8645,8373,8383
8644,8373,8384
8643,8374,8384
8642,8375,8385
8641,8376,8386
8640,8377,8387
8639,8377,8387
8638,8378,8388
8637,8379,8389
8636,8380,8390
8635,8381,8391
8634,8381,8391
8633,8382,8392
8632,8383,8393
8631,8384,8394
8630,8385,8394
8629,8385,8395
8628,8386,8396
8627,8387,8397
8626,8388,8397
8625,8389,8398
8624,8389,8399
8623,8390,8400
8622,8391,8400
8621,8392,8401
8620,8393,8402
8619,8393,8403
8618,8394,8404
8617,8395,8404
8616,8396,8405
8615,8396,8406
8614,8397,8407
8613,8398,8407
8612,8399,8408
8611,8399,8409
8610,8400,8409
8609,8401,8410
8608,8402,8411
8607,8402,8412
8606,8403,8412
8605,8404,8413
8604,8405,8414
8603,8405,8415
8602,8406,8415
8601,8407,8416
8600,8408,8417
8599,8408,8418
8598,8409,8418
8597,8410,8419
8596,8411,8420
8595,8411,8421
8594,8412,8421
8593,8413,8422
8592,8414,8423
8591,8414,8423
8590,8415,8424
8589,8416,8425
8588,8416,8426
8587,8417,8426
8586,8418,8427
8585,8419,8428
8584,8419,8428
8583,8420,8429
8582,8421,8430
8581,8421,8431
8580,8422,8431
8579,8423,8432
8578,8424,8433
8577,8424,8433
8576,8425,8434
8575,8426,8435
8574,8426,8436
8573,8427,8436
8572,8428,8437
8571,8428,8438
8570,8429,8438
8569,8430,8439
8568,8431,8440
8567,8431,8440
8566,8432,8441
8565,8433,8442
8564,8433,8443
8563,8434,8443
8562,8435,8444
8561,8435,8445
8560,8436,8445
8559,8437,8446
8558,8437,8447
8557,8438,8447
8556,8439,8448
8555,8439,8449
8554,8440,8449
8553,8441,8450
8552,8441,8451
8551,8442,8452
8550,8443,8452
8549,8443,8453
8548,8444,8454
8547,8445,8454
8546,8445,8455
8545,8446,8456
8544,8447,8456
8543,8447,8457
8542,8448,8458
8541,8449,8458
8540,8449,8459
8539,8450,8460
8538,8450,8460
8537,8451,8461
8536,8452,8462
8535,8452,8462
8534,8453,8463
8533,8454,8464
8532,8454,8464
8531,8455,8465
8530,8456,8466
8529,8456,8466
8528,8457,8467
8527,8457,8467
8526,8458,8468
8525,8459,8469
8524,8459,8469
8523,8460,8470
8522,8461,8471
8521,8461,8471
8520,8462,8472
8519,8462,8473
8518,8463,8473
8517,8464,8474
8516,8464,8475
8515,8465,8475
8514,8465,8476
8513,8466,8476
8512,8467,8477
8511,8467,8478
8510,8468,8478
8509,8469,8479
8508,8469,8480
8507,8470,8480
8506,8470,8481
8505,8471,8482
8504,8472,8482
8503,8472,8483
8502,8473,8483
8501,8473,8484
8500,8474,8485
8499,8474,8485
8498,8475,8486
8497,8476,8486
8496,8476,8487
8495,8477,8488
8494,8477,8488
8493,8478,8489
