9676,7301,7421
9677,7297,7418
9678,7292,7415
9679,7288,7412
9693,7288,7325
9692,7280,7338
9691,7275,7348
9690,7273,7357
9689,7271,7364
9688,7270,7370
9687,7270,7376
9686,7271,7382
9685,7272,7387
9684,7274,7392
9683,7276,7396
9682,7278,7400
9681,7281,7404
9680,7285,7408
9666,7367,7435
5856,6596,6648
9665,7377,7433
5855,6599,6653
9664,7388,7430
5854,6601,6658
9663,7405,7423
5853,6604,6663
5852,6606,6668
5851,6609,6673
5850,6612,6678
5849,6615,6682
5848,6618,6687
5847,6621,6692
7440,9716,9719
5846,6624,6696
7439,9715,9720
5841,6640,6719
7434,9713,9720
7436,9714,9720
5843,6633,6710
5842,6637,6715
7435,9713,9720
7437,9714,9720
5844,6630,6706
7438,9715,9720
5845,6627,6701
5840,6644,6724
7433,9713,9719
5839,6648,6728
7432,9714,9719
7431,9714,9718
5838,6651,6732
7430,9715,9717
5837,6655,6737
9667,7359,7435
5857,6594,6643
9668,7351,7435
5858,6592,6638
9669,7343,7434
5859,6590,6633
9670,7336,7433
5860,6588,6627
9671,7329,7432
5861,6587,6622
9672,7323,7430
5862,6586,6616
9673,7317,7428
5863,6585,6610
9674,7311,7426
5864,6585,6603
9675,7306,7423
5865,6588,6593
5836,6659,6741
5835,6663,6745
5834,6667,6749
5833,6671,6753
5832,6676,6757
5831,6680,6761
5830,6685,6765
5829,6690,6768
5828,6695,6772
5827,6700,6775
5826,6705,6779
5825,6710,6782
5824,6716,6784
5823,6722,6787
5822,6729,6789
5821,6736,6791
5820,6743,6792
5819,6752,6792
5818,6762,6790
