6571,8604,8606
6572,8604,8607
6573,8604,8609
6574,8604,8610
6575,8604,8611
6576,8604,8612
6577,8604,8613
6578,8604,8613
6579,8605,8614
6580,8605,8615
6581,8605,8616
6582,8606,8617
6583,8606,8618
6584,8606,8618
6585,8606,8619
5763,6845,6870
5764,6828,6876
5765,6816,6877
7456,9722,9725
9620,7331,7370
5766,6806,6876
7457,9722,9726
9621,7315,7375
5767,6797,6874
7458,9721,9727
9622,7302,7377
5768,6788,6872
7459,9721,9727
9623,7290,7377
5769,6780,6868
7460,9721,9728
9624,7279,7377
5770,6773,6864
7461,9721,9728
9625,7269,7377
5771,6766,6860
7462,9722,9728
9626,7260,7375
7202,8723,8737
6661,8638,8662
5772,6759,6856
7463,9722,9728
9627,7251,7374
7203,8723,8737
6662,8639,8662
5773,6752,6851
7464,9723,9728
9628,7242,7372
7204,8723,8737
6663,8639,8663
5774,6746,6846
7465,9723,9727
9629,7234,7369
7205,8723,8736
6664,8640,8663
5775,6740,6841
7466,9724,9726
9630,7227,7367
7206,8723,8736
6665,8640,8663
5776,6734,6836
9631,7219,7364
7207,8723,8736
6666,8641,8664
5777,6729,6831
9632,7213,7361
7208,8723,8736
6667,8641,8664
5778,6723,6826
9633,7207,7357
7209,8723,8736
6668,8641,8665
5779,6718,6820
9634,7201,7353
7210,8723,8736
6669,8642,8665
5780,6713,6815
9635,7196,7350
7211,8723,8736
6670,8642,8665
5781,6708,6810
9636,7192,7345
7212,8723,8735
6671,8643,8666
5782,6703,6804
9637,7188,7341
7213,8723,8735
6672,8643,8666
5783,6698,6799
9638,7185,7336
7214,8724,8735
6673,8644,8667
5784,6693,6793
9639,7182,7331
7215,8724,8735
6674,8644,8667
5785,6689,6788
9640,7180,7326
7216,8724,8735
6675,8645,8667
5786,6684,6782
9641,7179,7320
7217,8724,8734
6676,8645,8668
5787,6680,6777
9642,7178,7314
7218,8724,8734
6677,8646,8668
5788,6676,6771
9643,7179,7307
7219,8724,8734
6678,8646,8669
5789,6671,6766
9644,7180,7299
7220,8725,8734
6679,8646,8669
5790,6667,6760
9645,7182,7291
7221,8725,8733
6680,8647,8669
5791,6663,6755
9646,7186,7282
7222,8725,8733
6681,8647,8670
5792,6659,6750
9647,7192,7270
5818,6579,6613
6589,8608,8622
7223,8726,8733
6682,8648,8670
5793,6655,6744
9648,7202,7256
5819,6577,6607
6590,8608,8623
7224,8726,8732
6683,8648,8671
5794,6651,6739
5820,6576,6601
6591,8609,8623
7225,8726,8732
6684,8649,8671
5795,6647,6734
5821,6575,6595
6592,8609,8624
7226,8727,8731
6685,8649,8671
5796,6644,6728
5822,6575,6588
6593,8609,8625
7227,8728,8730
6686,8650,8672
5797,6640,6723
7228,8729,8729
6687,8650,8672
5798,6636,6718
6688,8650,8672
5799,6633,6712
6689,8651,8673
5800,6629,6707
6690,8651,8673
5801,6626,6702
6691,8652,8673
5802,6623,6697
6692,8652,8674
5803,6619,6692
6693,8653,8674
5804,6616,6686
6694,8653,8674
5805,6613,6681
6695,8654,8675
5806,6610,6676
6696,8654,8675
5807,6607,6671
6697,8655,8675
5808,6604,6666
6698,8655,8676
5809,6601,6661
5810,6598,6655
5811,6595,6650
5812,6593,6645
5813,6590,6640
5814,6588,6635
5815,6585,6629
6586,8607,8620
5816,6583,6624
6587,8607,8621
5817,6581,6619
6588,8607,8621
6699,8655,8676
6700,8656,8676
6701,8656,8677
6702,8657,8677
6703,8657,8677
6704,8658,8678
6705,8658,8678
6706,8659,8678
6707,8659,8679
6708,8660,8679
6709,8660,8679
6710,8660,8679
6711,8661,8680
6712,8661,8680
6713,8662,8680
6714,8662,8681
6715,8663,8681
6716,8663,8681
6717,8664,8681
6718,8664,8682
6719,8665,8682
6720,8665,8682
6721,8666,8682
6722,8666,8683
6723,8667,8683
6724,8667,8683
6725,8668,8683
6726,8668,8684
6727,8669,8684
6728,8669,8684
6729,8670,8684
6730,8670,8684
6731,8671,8685
6732,8671,8685
6733,8672,8685
6734,8672,8685
6735,8673,8685
6736,8673,8685
6737,8674,8686
6738,8674,8686
6739,8675,8686
6740,8675,8686
6741,8676,8686
6742,8676,8686
6743,8677,8686
6744,8677,8686
6745,8678,8686
6746,8679,8686
6747,8679,8686
6748,8680,8686
6749,8681,8686
6750,8681,8686
6751,8682,8686
6752,8683,8686
6753,8685,8685
7201,8722,8737
6660,8638,8661
7200,8722,8737
6659,8637,8661
7199,8722,8737
6658,8637,8660
7198,8722,8737
6657,8637,8660
7197,8722,8737
6656,8636,8660
7196,8722,8737
6655,8636,8659
7195,8722,8737
6654,8635,8659
7194,8722,8737
6653,8635,8658
7193,8722,8737
6652,8634,8658
7192,8722,8737
6651,8634,8657
7191,8722,8737
6650,8633,8657
7190,8722,8737
6649,8633,8656
7189,8722,8738
6648,8633,8656
7188,8722,8738
6647,8632,8655
7187,8722,8738
6646,8632,8655
7186,8722,8738
6645,8631,8654
7185,8722,8738
6644,8631,8654
7184,8722,8738
6643,8630,8653
7183,8722,8738
6642,8630,8653
7182,8723,8738
6641,8629,8652
7181,8723,8738
6640,8629,8652
7180,8723,8738
6639,8629,8651
7179,8723,8738
6638,8628,8651
7178,8723,8738
6637,8628,8650
7177,8723,8738
6636,8627,8650
7176,8723,8737
6635,8627,8649
7175,8723,8737
6634,8626,8649
7174,8723,8737
6633,8626,8648
7173,8723,8737
6632,8626,8648
7172,8723,8737
6631,8625,8647
7171,8723,8737
6630,8625,8647
7170,8723,8737
6629,8624,8646
7169,8723,8737
6628,8624,8646
7168,8724,8737
6627,8623,8645
7167,8724,8737
6626,8623,8645
7166,8724,8737
6625,8622,8644
7165,8724,8737
6624,8622,8644
7164,8724,8737
6623,8622,8643
7163,8724,8737
6622,8621,8643
7162,8724,8737
6621,8621,8642
7161,8724,8736
6620,8620,8641
7160,8725,8736
6619,8620,8641
7159,8725,8736
6618,8619,8640
7158,8725,8736
6617,8619,8640
7157,8725,8736
6616,8619,8639
7156,8725,8736
6615,8618,8639
7155,8725,8736
6614,8618,8638
7154,8726,8735
6613,8617,8637
7153,8726,8735
6612,8617,8637
7152,8726,8735
6611,8617,8636
7151,8726,8735
6610,8616,8636
7150,8726,8735
6609,8616,8635
7149,8727,8735
6608,8615,8634
7148,8727,8734
6607,8615,8634
7147,8727,8734
6606,8614,8633
7146,8728,8734
6605,8614,8633
7145,8728,8733
6604,8614,8632
7144,8728,8733
6603,8613,8631
7143,8729,8733
6602,8613,8631
7142,8729,8732
6601,8612,8630
7141,8730,8731
6600,8612,8629
6599,8612,8629
6598,8611,8628
6597,8611,8628
6596,8610,8627
6595,8610,8626
6594,8610,8626
