9434,6486,6491
9435,6486,6497
9436,6488,6502
9437,6489,6507
9438,6491,6512
9439,6493,6516
9440,6496,6521
9441,6498,6525
9442,6500,6530
9443,6503,6534
9444,6505,6539
9445,6508,6543
9446,6511,6548
9447,6513,6552
9448,6516,6556
9508,6760,6930
7476,8692,8705
9507,6754,6920
7475,8692,8705
9506,6748,6910
7474,8692,8705
9505,6742,6900
7473,8693,8704
9504,6736,6891
7472,8693,8704
9490,6665,6779
9491,6669,6786
9492,6674,6793
9493,6679,6800
9494,6683,6808
7522,9728,9731
9495,6688,6815
7523,9727,9731
9496,6693,6823
7524,9727,9732
9497,6698,6831
7525,9726,9732
9498,6703,6839
7526,9726,9732
9499,6708,6847
7527,9726,9732
9500,6714,6855
7490,8694,8703
7466,8694,8703
9522,6883,7020
7489,8693,8703
7465,8694,8703
9521,6870,7024
7488,8693,8704
7464,8694,8703
9520,6858,7025
7487,8693,8704
7463,8695,8703
9519,6847,7024
7486,8693,8704
7462,8695,8702
9518,6837,7020
7485,8693,8704
7461,8696,8702
9517,6828,7015
7484,8693,8704
7460,8696,8701
9516,6819,7009
7483,8693,8704
7459,8697,8700
9515,6810,7001
7482,8692,8704
7458,8698,8699
9514,6802,6992
7481,8692,8704
9513,6795,6982
7480,8692,8705
9512,6787,6972
7479,8692,8705
9511,6780,6962
7478,8692,8705
9510,6773,6951
7491,8694,8703
7467,8693,8704
9523,6898,7014
7492,8694,8702
7468,8693,8704
9524,6918,7002
7493,8695,8702
7494,8695,8701
9501,6719,6864
9525,6953,6974
7469,8693,8704
7495,8696,8701
9502,6724,6873
7470,8693,8704
7496,8697,8700
9503,6730,6882
7471,8693,8704
7497,8698,8699
7477,8692,8705
9509,6767,6941
7531,9728,9731
7530,9727,9732
7529,9727,9732
7528,9727,9732
9489,6660,6772
9488,6656,6766
9487,6651,6759
9486,6647,6753
9485,6643,6746
9484,6639,6740
9483,6635,6734
9482,6631,6728
9481,6627,6722
9480,6623,6716
9479,6619,6710
9478,6615,6704
9477,6611,6699
9476,6607,6693
9475,6603,6688
9474,6600,6682
9473,6596,6677
9472,6592,6671
9471,6589,6666
9470,6585,6661
9469,6582,6656
9468,6578,6651
9467,6575,6646
9466,6571,6640
9465,6568,6636
9464,6565,6631
9463,6561,6626
9462,6558,6621
9461,6555,6616
9460,6552,6611
9459,6548,6607
9458,6545,6602
9457,6542,6597
9456,6539,6593
9455,6536,6588
9454,6533,6583
9453,6530,6579
9452,6527,6574
9451,6524,6570
9450,6522,6565
9449,6519,6561
