5498,6475,6481
5499,6465,6484
5500,6458,6485
5501,6453,6485
5502,6448,6484
5503,6443,6483
5504,6439,6482
5505,6434,6480
5506,6430,6478
5507,6426,6477
5508,6422,6475
5509,6419,6473
5510,6415,6471
5511,6411,6468
5512,6408,6466
5513,6404,6464
5514,6401,6462
5515,6398,6459
5516,6395,6457
5517,6391,6454
5518,6388,6452
5519,6385,6449
5520,6382,6447
5521,6379,6444
5522,6376,6442
5523,6374,6439
5524,6371,6436
5525,6368,6434
5526,6365,6431
5527,6362,6428
5528,6360,6425
5529,6357,6423
5530,6354,6420
5569,6284,6292
5568,6283,6298
7623,9695,9697
5567,6283,6302
7622,9694,9698
5566,6284,6307
7621,9694,9698
5565,6285,6310
7620,9694,9699
5564,6286,6314
7619,9694,9699
5563,6287,6318
7618,9694,9699
5562,6288,6322
7617,9694,9699
5561,6290,6325
7616,9695,9698
5560,6291,6328
7615,9696,9698
5559,6293,6332
5558,6294,6335
5557,6296,6339
7960,8648,8664
5547,6315,6370
7961,8648,8664
5548,6313,6367
8018,8652,8653
8017,8651,8653
8016,8651,8654
8015,8650,8655
8014,8650,8655
8013,8650,8655
8012,8649,8656
8011,8649,8656
8010,8649,8657
8009,8649,8657
8008,8649,8657
8007,8649,8657
8006,8649,8658
8005,8648,8658
8004,8648,8658
8003,8648,8658
8002,8648,8659
8001,8648,8659
8000,8648,8659
7999,8648,8659
7998,8648,8660
7997,8648,8660
7996,8648,8660
7995,8648,8660
7994,8648,8660
7993,8648,8660
7992,8648,8661
7991,8648,8661
7974,8648,8663
7973,8648,8663
7972,8648,8663
7971,8648,8663
7970,8648,8663
7969,8648,8663
5556,6298,6342
7968,8648,8664
5555,6299,6345
7967,8648,8664
5554,6301,6348
7966,8648,8664
5553,6303,6351
7965,8648,8664
5552,6305,6355
7964,8648,8664
5551,6307,6358
7963,8648,8664
5550,6309,6361
7962,8648,8664
5549,6311,6364
7975,8648,8663
7976,8648,8663
7977,8648,8663
7978,8648,8663
7979,8648,8662
7980,8648,8662
7981,8648,8662
7982,8648,8662
7983,8648,8662
7984,8648,8662
7985,8648,8662
7986,8648,8662
7987,8648,8661
7988,8648,8661
7989,8648,8661
7990,8648,8661
7959,8648,8664
5546,6317,6373
7958,8649,8664
5545,6319,6376
7957,8649,8664
5544,6321,6379
7956,8649,8664
5543,6323,6382
7955,8649,8664
5542,6326,6385
7954,8649,8664
5541,6328,6388
7953,8649,8664
5540,6330,6391
7952,8649,8664
5539,6332,6394
7951,8649,8664
5538,6335,6397
7950,8649,8664
5537,6337,6400
7949,8649,8664
5536,6339,6403
7948,8649,8664
5535,6342,6406
7947,8650,8664
5534,6344,6408
7946,8650,8664
5533,6347,6411
7945,8650,8664
5532,6349,6414
7944,8650,8664
5531,6352,6417
7943,8650,8664
7942,8650,8664
7941,8650,8664
7940,8650,8664
7939,8651,8664
7938,8651,8664
7937,8651,8664
7936,8651,8664
7935,8651,8664
7934,8652,8664
7933,8652,8663
7932,8652,8663
7931,8652,8663
7930,8652,8663
7929,8653,8663
7928,8653,8663
7927,8653,8663
7926,8653,8662
7925,8654,8662
7924,8654,8662
7923,8654,8662
7922,8655,8661
7921,8655,8661
7920,8656,8660
7919,8657,8660
7918,8658,8659
