5592,6497,6507
5593,6490,6508
5594,6484,6507
5595,6479,6506
5596,6474,6504
5597,6470,6502
5598,6465,6500
5599,6461,6498
5600,6457,6496
5601,6453,6494
5602,6449,6492
5603,6445,6489
5604,6441,6487
5605,6437,6484
5606,6434,6482
5607,6430,6479
5608,6426,6477
5609,6423,6474
5610,6419,6471
5611,6416,6469
5612,6413,6466
5613,6409,6464
5614,6406,6461
5615,6403,6458
5616,6400,6455
5617,6396,6453
5618,6393,6450
5619,6390,6447
5620,6387,6445
5621,6384,6442
5622,6381,6439
5623,6378,6436
5624,6375,6434
5625,6372,6431
5626,6369,6428
5627,6366,6425
5628,6364,6423
5629,6361,6420
5726,6162,6165
5725,6162,6169
5724,6162,6172
5723,6163,6175
5630,6358,6417
7686,8676,8679
5631,6355,6414
7687,8676,8680
5632,6352,6412
7688,8675,8681
5633,6350,6409
7689,8674,8681
5634,6347,6406
7690,8674,8682
5635,6344,6404
7691,8674,8682
5636,6341,6401
7692,8673,8683
5637,6339,6398
7693,8673,8683
5638,6336,6395
7694,8673,8683
5639,6333,6393
7695,8673,8683
5640,6331,6390
7696,8673,8683
5641,6328,6387
7697,8672,8684
7580,9715,9716
5675,6249,6298
5642,6326,6385
7698,8672,8684
7581,9714,9717
5676,6247,6295
5643,6323,6382
7699,8672,8684
7582,9713,9718
5677,6244,6293
5644,6321,6379
7700,8672,8684
5663,6275,6329
7719,8673,8683
5687,6224,6267
7709,8672,8684
5653,6298,6355
5662,6277,6331
7718,8673,8684
5686,6226,6270
7708,8672,8684
5652,6301,6358
5661,6280,6334
7717,8673,8684
5685,6228,6273
7707,8672,8684
5651,6303,6360
5660,6282,6337
7716,8672,8684
7589,9714,9716
5684,6230,6275
5659,6284,6339
7715,8672,8684
7588,9713,9717
5683,6232,6278
5658,6286,6342
7714,8672,8684
7587,9713,9717
5682,6234,6280
5657,6289,6345
7713,8672,8684
7586,9712,9718
5681,6236,6283
5656,6291,6347
7712,8672,8684
7585,9712,9718
5680,6238,6285
5655,6293,6350
7711,8672,8684
7584,9712,9718
5679,6240,6288
5654,6296,6352
7710,8672,8684
7583,9713,9718
5678,6242,6290
5664,6273,6326
7720,8673,8683
5688,6222,6265
5665,6270,6324
7721,8673,8683
5689,6220,6262
5666,6268,6321
7722,8674,8683
5690,6218,6260
5667,6266,6318
7723,8674,8682
5691,6216,6257
5668,6264,6316
7724,8674,8682
5692,6214,6255
5693,6212,6252
5694,6211,6250
5695,6209,6247
5696,6207,6245
5697,6205,6242
5650,6306,6363
7706,8672,8684
5674,6251,6300
5649,6308,6366
7705,8672,8684
7729,8678,8679
5673,6253,6303
5648,6310,6368
7704,8672,8684
7728,8676,8680
5672,6255,6306
5647,6313,6371
7703,8672,8684
7727,8676,8681
5671,6257,6308
5646,6315,6374
7702,8672,8684
7726,8675,8681
5670,6259,6311
5645,6318,6377
7701,8672,8684
7725,8675,8682
5669,6262,6313
5698,6203,6240
5699,6201,6237
5700,6199,6235
5701,6198,6232
5702,6196,6230
5703,6194,6227
5704,6192,6225
5705,6191,6222
5706,6189,6220
5707,6187,6217
5708,6185,6215
5709,6184,6212
5710,6182,6210
5711,6180,6207
5712,6179,6205
5713,6177,6202
5714,6176,6200
5715,6174,6197
5716,6173,6195
5717,6171,6192
5718,6170,6189
5719,6168,6187
5720,6167,6184
5721,6166,6181
5722,6164,6178
