7742,8669,8681
7743,8669,8681
7744,8669,8682
7745,8669,8682
7746,8669,8682
7747,8669,8682
7771,8674,8676
7770,8673,8677
7769,8673,8678
7768,8672,8678
7767,8672,8679
7766,8671,8679
7765,8671,8679
7764,8671,8680
7763,8670,8680
7762,8670,8680
7761,8670,8680
7760,8670,8681
7759,8669,8681
7758,8669,8681
7757,8669,8681
7756,8669,8681
7755,8669,8681
7754,8669,8681
7753,8669,8681
7752,8669,8682
7726,8672,8677
5670,6222,6254
7725,8673,8677
5669,6224,6257
7724,8674,8676
5668,6226,6260
5667,6228,6262
5666,6229,6265
5665,6231,6268
5664,6233,6270
5663,6235,6273
5662,6237,6276
5661,6239,6279
5660,6240,6281
5659,6242,6284
5658,6244,6287
5657,6246,6289
5656,6248,6292
5655,6250,6295
5654,6252,6297
5653,6254,6300
5652,6256,6303
5651,6258,6305
5624,6319,6379
5649,6262,6311
7596,9710,9713
5623,6322,6382
5648,6265,6314
7595,9709,9714
5622,6324,6384
5647,6267,6316
7594,9709,9714
5641,6280,6332
7588,9711,9713
7739,8669,8681
5683,6204,6216
5642,6277,6330
7589,9710,9714
7740,8669,8681
5684,6204,6212
5643,6275,6327
7590,9710,9714
7741,8669,8681
5685,6204,6207
5644,6273,6324
7591,9709,9715
5645,6271,6322
7592,9709,9715
5650,6260,6308
7597,9711,9711
5625,6317,6376
5646,6269,6319
7593,9709,9714
5626,6314,6373
5627,6312,6371
5628,6310,6368
5629,6307,6365
5630,6305,6362
5631,6302,6360
5632,6300,6357
5633,6298,6354
5634,6295,6351
5635,6293,6349
5636,6291,6346
5637,6288,6343
5638,6286,6341
5639,6284,6338
5640,6282,6335
7727,8672,8678
5671,6221,6251
7728,8671,8679
5672,6219,6249
7729,8671,8679
5673,6217,6246
7730,8671,8679
5674,6216,6243
7731,8670,8680
5675,6214,6240
7732,8670,8680
5676,6213,6237
7733,8670,8680
5677,6211,6234
7734,8670,8680
5678,6210,6231
7735,8669,8681
5679,6208,6228
7736,8669,8681
5680,6207,6225
7737,8669,8681
5681,6206,6222
7738,8669,8681
5682,6205,6219
5621,6327,6387
5620,6329,6390
5619,6332,6393
5618,6335,6395
5617,6337,6398
5616,6340,6401
5615,6342,6404
5614,6345,6406
5613,6348,6409
5612,6350,6412
5611,6353,6415
5610,6356,6417
5609,6359,6420
5608,6362,6423
5607,6364,6426
5606,6367,6428
5605,6370,6431
5604,6373,6434
5603,6376,6437
5602,6379,6439
5601,6382,6442
5600,6385,6445
5599,6388,6447
5598,6391,6450
5597,6394,6453
5596,6397,6456
5595,6401,6458
5594,6404,6461
5593,6407,6463
5592,6410,6466
7751,8669,8682
5591,6414,6469
7750,8669,8682
5590,6417,6471
7749,8669,8682
5589,6421,6474
7748,8669,8682
5588,6424,6476
5587,6428,6479
5586,6431,6481
5585,6435,6484
5584,6439,6486
5583,6443,6488
5582,6447,6491
5581,6451,6493
5580,6455,6495
5579,6459,6497
5578,6464,6499
5577,6468,6500
5576,6473,6502
5575,6479,6503
5574,6485,6503
5573,6492,6503
