7634,8681,8683
7635,8680,8684
7636,8679,8685
7637,8679,8685
7638,8678,8686
7639,8678,8686
7640,8678,8687
7641,8677,8687
7642,8677,8687
7643,8677,8687
7644,8677,8688
7645,8677,8688
7646,8676,8688
7647,8676,8688
7648,8676,8688
7649,8676,8688
7650,8676,8688
7651,8676,8688
7652,8676,8688
7653,8676,8688
7674,8682,8683
7673,8681,8684
7672,8680,8685
7671,8679,8685
7670,8679,8686
7669,8678,8686
7668,8678,8687
7667,8678,8687
7666,8677,8687
7665,8677,8687
7664,8677,8688
7663,8677,8688
7662,8677,8688
7661,8676,8688
7660,8676,8688
7659,8676,8688
7658,8676,8688
7657,8676,8688
7656,8676,8688
7655,8676,8688
7654,8676,8688
5619,6504,6514
5620,6498,6514
5621,6492,6513
5622,6487,6511
5623,6482,6509
5624,6478,6507
5625,6473,6505
5626,6469,6503
5627,6465,6500
5628,6461,6498
5629,6457,6495
5630,6453,6493
5631,6449,6490
5632,6446,6488
5633,6442,6485
5634,6438,6483
5635,6435,6480
5636,6431,6477
5637,6428,6475
5638,6424,6472
5639,6421,6469
5640,6417,6466
5641,6414,6464
5642,6411,6461
5643,6408,6458
5644,6404,6456
5645,6401,6453
5646,6398,6450
5647,6395,6447
5648,6392,6445
5649,6389,6442
5650,6386,6439
5651,6383,6436
5652,6380,6434
5653,6377,6431
5654,6374,6428
5655,6371,6425
5656,6368,6423
5657,6365,6420
5658,6362,6417
5659,6359,6415
5660,6356,6412
5661,6354,6409
5662,6351,6407
5663,6348,6404
5664,6345,6401
5665,6343,6398
5666,6340,6396
5667,6337,6393
5668,6335,6390
5669,6332,6388
5670,6329,6385
5671,6327,6383
5672,6324,6380
5673,6321,6377
5674,6319,6375
5675,6316,6372
5676,6314,6369
5677,6311,6367
5678,6309,6364
5679,6306,6362
5680,6304,6359
5681,6301,6356
5754,6147,6184
5753,6149,6187
5752,6151,6189
5751,6152,6191
5750,6154,6193
5749,6156,6195
5748,6158,6198
5747,6160,6200
5746,6162,6202
5745,6164,6204
5744,6165,6206
5743,6167,6209
5742,6169,6211
5741,6171,6213
5740,6173,6215
5739,6175,6217
5738,6177,6220
5737,6179,6222
5736,6181,6224
5735,6183,6226
5734,6185,6229
5733,6187,6231
5732,6189,6233
5731,6191,6235
5730,6193,6238
5729,6195,6240
5728,6197,6242
5727,6199,6245
5726,6201,6247
5725,6203,6249
5708,6238,6289
5707,6241,6292
5706,6243,6294
5705,6245,6296
5704,6247,6299
5703,6249,6301
5702,6252,6304
5701,6254,6306
5700,6256,6309
5699,6258,6311
5698,6261,6314
5697,6263,6316
5696,6265,6319
5709,6236,6287
5710,6234,6284
5711,6232,6282
5712,6230,6280
5713,6228,6277
5714,6225,6275
5715,6223,6273
5716,6221,6270
5717,6219,6268
5718,6217,6265
5719,6215,6263
5720,6213,6261
5721,6211,6258
5722,6209,6256
5723,6207,6254
5724,6205,6252
5755,6145,6182
5756,6143,6180
5757,6142,6178
5758,6140,6176
5759,6138,6174
5760,6136,6171
5761,6135,6169
5762,6133,6167
5763,6131,6165
5764,6129,6163
5765,6128,6161
5766,6126,6159
5767,6124,6157
5768,6122,6154
7568,9720,9720
5769,6121,6152
7569,9718,9721
5770,6119,6150
7570,9718,9722
5771,6117,6148
7571,9717,9722
5772,6116,6146
7572,9717,9722
5773,6114,6144
7573,9717,9722
5774,6112,6142
7574,9717,9722
5775,6111,6140
7575,9717,9722
5776,6109,6138
7576,9717,9722
5777,6107,6135
7577,9718,9721
5778,6106,6133
5779,6104,6131
5780,6102,6129
5781,6101,6127
5782,6099,6125
5783,6098,6123
5784,6096,6121
5785,6095,6119
5786,6093,6117
5787,6091,6114
5788,6090,6112
5789,6088,6110
5790,6087,6108
5791,6085,6106
5792,6084,6104
5793,6082,6102
5794,6081,6100
5795,6079,6097
5796,6078,6095
5797,6077,6093
5798,6075,6091
5799,6074,6089
5800,6073,6087
5801,6071,6084
5802,6070,6082
5803,6069,6080
5804,6067,6078
5805,6066,6075
5806,6065,6073
5807,6064,6070
5808,6064,6068
5695,6268,6321
5694,6270,6323
5693,6272,6326
5692,6275,6328
5691,6277,6331
5690,6279,6334
5689,6282,6336
5688,6284,6339
5687,6286,6341
5686,6289,6344
5685,6291,6346
5684,6294,6349
5683,6296,6351
5682,6299,6354
