5643,6512,6519
5644,6505,6518
5645,6500,6517
5646,6495,6515
5647,6490,6513
5648,6486,6511
5649,6481,6508
5650,6477,6506
5651,6473,6503
5652,6469,6501
5653,6465,6498
5654,6461,6496
5655,6457,6493
5656,6454,6490
5657,6450,6488
5658,6446,6485
5659,6443,6482
5660,6439,6479
5661,6436,6477
5662,6432,6474
5663,6429,6471
5664,6426,6468
5665,6422,6466
5666,6419,6463
5667,6416,6460
5668,6413,6457
5669,6409,6455
5670,6406,6452
5671,6403,6449
5672,6400,6446
5673,6397,6444
5674,6394,6441
5675,6391,6438
5676,6388,6435
5677,6385,6433
5678,6382,6430
5679,6379,6427
5680,6376,6424
5681,6373,6422
5682,6370,6419
5683,6367,6416
5684,6364,6414
5685,6361,6411
5686,6358,6408
5687,6356,6406
5688,6353,6403
5689,6350,6400
5690,6347,6398
5691,6344,6395
5692,6342,6392
5693,6339,6390
5694,6336,6387
5695,6334,6385
5696,6331,6382
5697,6328,6379
5698,6326,6377
5699,6323,6374
5700,6320,6372
5701,6318,6369
5702,6315,6366
5703,6313,6364
5704,6310,6361
5705,6308,6359
5706,6305,6356
5707,6303,6354
5708,6300,6351
5709,6298,6349
5710,6295,6346
5711,6293,6344
5712,6290,6341
5713,6288,6339
5714,6285,6336
5715,6283,6334
5716,6280,6331
5717,6278,6329
5718,6276,6326
5719,6273,6324
5720,6271,6322
5721,6268,6319
5722,6266,6317
5723,6264,6314
5724,6261,6312
5725,6259,6310
5726,6257,6307
5727,6254,6305
5728,6252,6302
5729,6250,6300
5730,6248,6298
5731,6245,6295
5732,6243,6293
5733,6241,6291
5734,6239,6288
5735,6236,6286
5736,6234,6284
5737,6232,6281
5738,6230,6279
5739,6228,6277
5740,6225,6275
5741,6223,6272
5742,6221,6270
5743,6219,6268
5744,6217,6265
5745,6215,6263
5746,6212,6261
5747,6210,6259
5810,6089,6129
7609,8680,8692
5809,6091,6131
7608,8680,8692
5808,6093,6133
7607,8680,8692
5807,6095,6134
7606,8680,8692
5806,6096,6136
7605,8680,8692
5805,6098,6138
7604,8680,8692
5804,6100,6140
7603,8680,8692
5803,6102,6142
7602,8680,8692
5802,6103,6144
7601,8680,8692
5801,6105,6146
7600,8680,8691
5800,6107,6148
7599,8681,8691
5799,6109,6150
7598,8681,8691
5798,6111,6152
7597,8681,8691
5797,6112,6154
7596,8681,8690
5796,6114,6156
7595,8681,8690
5795,6116,6158
7594,8682,8690
5794,6118,6160
7593,8682,8689
5793,6120,6162
7592,8683,8689
5792,6122,6164
7591,8683,8688
5791,6123,6166
7590,8684,8688
5790,6125,6168
7589,8685,8686
5789,6127,6170
5778,6148,6192
5777,6150,6194
5776,6152,6196
5775,6154,6198
5774,6156,6200
5773,6157,6203
5772,6159,6205
5771,6161,6207
5770,6163,6209
5769,6165,6211
5768,6167,6213
5767,6169,6215
5766,6171,6217
5822,6069,6106
7621,8681,8691
5823,6067,6104
7622,8682,8690
5824,6065,6102
7623,8682,8690
5825,6064,6101
7624,8682,8690
5826,6062,6099
7625,8683,8689
5827,6060,6097
7626,8684,8688
5828,6059,6095
7627,8684,8688
5829,6057,6093
7628,8686,8686
5830,6055,6091
5788,6129,6172
5787,6131,6174
5786,6133,6176
5765,6173,6219
5785,6135,6178
5764,6175,6222
5831,6054,6090
5832,6052,6088
7610,8680,8692
5811,6088,6127
5833,6050,6086
7611,8680,8692
5812,6086,6125
7612,8680,8692
5813,6084,6123
7613,8680,8692
5814,6082,6121
7614,8680,8692
5815,6081,6119
7615,8680,8692
5816,6079,6117
7616,8680,8692
5817,6077,6116
5779,6146,6190
5758,6187,6234
7617,8681,8691
5818,6076,6114
5780,6144,6188
5759,6185,6232
7618,8681,8691
5819,6074,6112
5781,6142,6186
5760,6183,6230
7619,8681,8691
5820,6072,6110
5782,6140,6184
5761,6181,6228
7620,8681,8691
5821,6070,6108
5783,6138,6182
5762,6179,6226
5784,6136,6180
5763,6177,6224
5757,6189,6237
5834,6049,6084
5835,6047,6082
5836,6046,6081
5837,6044,6079
5838,6042,6077
5839,6041,6075
5840,6039,6073
5841,6038,6072
5842,6036,6070
5843,6034,6068
5844,6033,6066
5845,6031,6065
5846,6030,6063
5847,6028,6061
5848,6026,6059
5849,6025,6057
5850,6023,6056
5851,6022,6054
5852,6020,6052
5853,6019,6050
5854,6017,6049
5855,6015,6047
5856,6014,6045
5857,6012,6044
5858,6011,6042
5859,6009,6040
5860,6008,6038
5861,6006,6037
5862,6005,6035
5863,6003,6033
5864,6002,6032
5865,6000,6030
5866,5999,6028
5867,5997,6026
5868,5996,6025
5869,5994,6023
5870,5993,6021
5871,5991,6020
5872,5990,6018
5873,5988,6016
5874,5987,6015
5875,5985,6013
5876,5984,6011
5877,5982,6010
5878,5981,6008
5879,5979,6006
5880,5978,6005
5881,5976,6003
5882,5975,6001
5883,5974,6000
5884,5972,5998
5885,5971,5996
5886,5969,5995
5887,5968,5993
5888,5966,5991
5889,5965,5990
5890,5964,5988
5891,5962,5987
5892,5961,5985
5893,5959,5983
5894,5958,5982
5895,5957,5980
5896,5955,5978
5897,5954,5977
5898,5952,5975
5899,5951,5974
5900,5950,5972
5901,5948,5970
5902,5947,5969
5903,5946,5967
5904,5944,5966
5905,5943,5964
5906,5941,5962
5907,5940,5961
5908,5939,5959
5909,5937,5958
5910,5936,5956
5911,5935,5954
5912,5933,5953
5913,5932,5951
5914,5931,5950
5915,5929,5948
5916,5928,5946
5917,5927,5945
5918,5925,5943
5919,5924,5942
5920,5923,5940
5921,5922,5939
5922,5920,5937
5923,5919,5935
5924,5918,5934
5925,5916,5932
5926,5915,5931
5927,5914,5929
5928,5913,5928
5929,5911,5926
5930,5910,5924
5931,5909,5923
5932,5908,5921
5933,5906,5920
7557,9723,9724
5934,5905,5918
7558,9721,9725
5935,5904,5917
7559,9721,9725
5936,5903,5915
7560,9720,9726
5937,5902,5913
7561,9720,9726
5938,5900,5912
7562,9720,9726
5939,5899,5910
7563,9720,9726
5940,5898,5909
7564,9720,9726
5941,5897,5907
7565,9721,9725
5942,5896,5905
7566,9721,9724
5943,5895,5904
5944,5893,5902
5945,5892,5901
5946,5891,5899
5947,5890,5897
5948,5889,5896
5949,5888,5894
5950,5887,5892
5951,5886,5891
5952,5885,5889
5953,5884,5887
5954,5884,5885
5756,6191,6239
5755,6194,6241
5754,6196,6243
5753,6198,6245
5752,6200,6248
5751,6202,6250
5750,6204,6252
5749,6206,6254
5748,6208,6257
