5678,7001,7119
5679,6976,7144
5680,6956,7164
5681,6940,7181
5682,6926,7195
5683,6913,7208
5684,6901,7220
5685,6890,7232
5686,6880,7242
5687,6870,7252
6051,8176,8177
6050,8173,8177
6049,8171,8176
6048,8169,8175
6047,8167,8175
6046,8165,8174
6045,8164,8173
6044,8162,8172
6043,8160,8171
6042,8158,8170
6041,8157,8169
6040,8155,8168
6039,8153,8167
6038,8152,8166
6037,8150,8164
6036,8148,8163
6035,8147,8162
6034,8145,8161
6033,8143,8160
6032,8142,8159
6031,8140,8158
6030,8139,8156
6029,8137,8155
6028,8135,8154
6027,8134,8153
6026,8132,8152
6025,8131,8150
6024,8129,8149
6023,8127,8148
6022,8126,8147
6021,8124,8145
6020,8123,8144
6019,8121,8143
6018,8119,8142
6017,8118,8140
6016,8116,8139
6015,8115,8138
6014,8113,8137
6013,8111,8135
6012,8110,8134
6011,8108,8133
6010,8107,8131
6009,8105,8130
6008,8103,8129
6007,8102,8127
6006,8100,8126
6005,8099,8125
6004,8097,8123
6003,8095,8122
6002,8094,8121
6001,8092,8119
6000,8091,8118
5999,8089,8117
5998,8087,8115
5997,8086,8114
5996,8084,8112
5995,8083,8111
5994,8081,8110
5993,8079,8108
5992,8078,8107
5991,8076,8105
5990,8074,8104
5989,8073,8103
5988,8071,8101
5987,8069,8100
5986,8068,8098
5985,8066,8097
5984,8065,8095
5983,8063,8094
5982,8061,8093
5981,8060,8091
5980,8058,8090
5979,8056,8088
5978,8055,8087
5977,8053,8085
5976,8051,8084
5975,8050,8082
5974,8048,8081
5973,8046,8079
5972,8045,8078
5971,8043,8076
5970,8041,8075
5969,8040,8073
5968,8038,8072
5967,8036,8070
5966,8035,8069
5965,8033,8067
5964,8031,8066
5963,8029,8064
5962,8028,8063
5961,8026,8061
5960,8024,8060
5959,8023,8058
5958,8021,8056
5957,8019,8055
5956,8017,8053
5955,8016,8052
5954,8014,8050
5953,8012,8049
5952,8010,8047
5951,8009,8045
5950,8007,8044
5949,8005,8042
5948,8003,8041
5947,8002,8039
5946,8000,8037
5945,7998,8036
5944,7996,8034
5943,7995,8032
5942,7993,8031
5941,7991,8029
5940,7989,8028
5939,7988,8026
5938,7986,8024
5937,7984,8023
5936,7982,8021
5935,7980,8019
5934,7979,8018
5933,7977,8016
5932,7975,8014
5931,7973,8013
5930,7971,8011
5929,7969,8009
5928,7968,8007
5927,7966,8006
5926,7964,8004
5925,7962,8002
5924,7960,8001
5923,7958,7999
5922,7957,7997
5921,7955,7995
5920,7953,7994
5919,7951,7992
5918,7949,7990
5917,7947,7988
5916,7945,7987
5915,7943,7985
5914,7942,7983
5913,7940,7981
5912,7938,7979
5911,7936,7978
5910,7934,7976
5909,7932,7974
5908,7930,7972
5907,7928,7970
5906,7926,7969
5905,7924,7967
5904,7922,7965
5903,7920,7963
5902,7918,7961
5901,7916,7959
5712,6708,6814
5712,7308,7422
5711,6713,6823
5711,7300,7416
5710,6718,6831
5710,7292,7411
5709,6723,6840
5709,7283,7406
5708,6728,6850
5708,7274,7400
5707,6733,6859
5707,7265,7395
5706,6739,6870
5706,7255,7389
5705,6744,6880
5705,7245,7383
5704,6750,6892
5704,7234,7377
5703,6755,6904
5703,7222,7371
5728,6639,6705
5728,7411,7497
5837,7778,7828
5729,6635,6699
5729,7416,7501
5757,7541,7607
7380,8703,8715
5838,7780,7830
5730,6631,6693
5730,7421,7505
5758,7544,7610
7381,8703,8715
5839,7783,7832
5731,6627,6688
5731,7426,7510
5759,7548,7614
7382,8703,8715
5840,7785,7835
5732,6624,6682
5732,7431,7514
5760,7552,7617
7383,8703,8715
5841,7787,7837
5733,6620,6677
5733,7437,7518
5761,7556,7620
7384,8703,8715
5842,7790,7839
5734,6617,6671
5734,7441,7522
5762,7559,7624
7385,8703,8715
5843,7792,7841
7379,8703,8715
5756,7537,7604
5865,7842,7889
5696,6799,7326
5864,7840,7887
5695,6806,7319
5863,7838,7885
5694,6813,7311
5862,7836,7883
5693,6820,7304
5861,7833,7880
5692,6828,7296
5860,7831,7878
5691,6835,7288
5859,7829,7876
5690,6844,7280
5858,7827,7874
5689,6852,7271
5857,7824,7872
5688,6861,7262
5735,6613,6666
5735,7446,7526
5763,7563,7627
7386,8702,8715
5844,7795,7844
5736,6610,6660
5736,7451,7530
5764,7566,7630
7387,8702,8715
5845,7797,7846
5737,6606,6655
5737,7456,7534
5765,7570,7633
7388,8702,8715
5846,7799,7848
5738,6603,6650
5738,7461,7538
5766,7574,7637
7389,8703,8715
5847,7802,7850
5739,6599,6644
5739,7465,7542
5767,7577,7640
7390,8703,8715
5848,7804,7852
5740,6596,6639
5740,7470,7546
5768,7581,7643
7391,8703,8715
5849,7806,7855
5769,7584,7646
7392,8703,8715
5850,7809,7857
9557,7101,7204
5770,7588,7649
7393,8703,8715
5851,7811,7859
5852,7813,7861
5853,7815,7863
5854,7818,7866
5855,7820,7868
5856,7822,7870
5727,6643,6711
5727,7405,7493
5755,7533,7600
7378,8703,8715
5836,7775,7825
5726,6647,6717
5726,7400,7488
5754,7529,7597
7377,8703,8715
5835,7773,7823
5725,6651,6723
5725,7394,7484
5753,6561,6571
5753,7525,7593
7376,8703,8715
5834,7771,7821
5724,6655,6729
5724,7388,7479
5752,6563,6577
5752,7521,7590
7375,8704,8715
5833,7768,7818
5723,6659,6736
5723,7382,7475
5751,6565,6582
5751,7517,7586
7374,8704,8714
5832,7766,7816
5722,6663,6742
5722,7376,7470
5750,6567,6588
5750,7513,7583
7373,8704,8714
5831,7763,7814
5721,6667,6749
5721,7370,7466
5749,6569,6593
5749,7509,7579
7372,8704,8714
5830,7761,7811
5720,6671,6755
5720,7364,7461
5748,6572,6598
5748,7505,7575
7371,8704,8714
5829,7758,7809
5719,6676,6762
5719,7358,7456
5747,6575,6603
5747,7500,7572
7370,8705,8714
5828,7756,7807
5718,6680,6769
5718,7351,7452
5746,6578,6608
5746,7496,7568
7369,8705,8713
5827,7753,7804
5717,6685,6776
5717,7344,7447
5745,6580,6613
5745,7492,7564
7368,8705,8713
5826,7751,7802
5716,6689,6783
5716,7338,7442
5744,6583,6619
5744,7488,7561
7367,8706,8713
5825,7748,7799
5715,6694,6791
5715,7330,7437
5743,6587,6624
5743,7483,7557
7366,8706,8712
5824,7746,7797
5714,6698,6798
5714,7323,7432
5742,6590,6629
5742,7479,7553
7365,8707,8711
5823,7743,7795
5713,6703,6806
5713,7316,7427
5741,6593,6634
5741,7474,7549
7364,8708,8711
5822,7741,7792
5697,6792,7027
5697,7101,7333
5698,6786,6991
5698,7137,7340
5699,6779,6967
5699,7160,7346
5700,6773,6948
5700,7179,7353
5701,6767,6932
5701,7195,7359
5702,6761,6917
5702,7209,7365
9558,6948,7221
7394,8703,8715
5771,7591,7652
9559,6931,7227
7395,8703,8714
5772,7594,7655
9560,6924,7230
7396,8703,8714
5773,7598,7659
9561,6921,7231
7397,8703,8714
5774,7601,7662
9562,6920,7231
7398,8703,8714
5775,7604,7665
9563,6921,7229
7399,8704,8713
5776,7608,7668
9564,6923,7227
7400,8704,8713
5777,7611,7671
9565,6925,7224
7401,8704,8713
5778,7614,7674
9566,6929,7221
7402,8705,8713
5779,7618,7677
9567,6933,7216
7403,8705,8712
5780,7621,7680
9568,6938,7212
7404,8705,8712
5781,7624,7683
9569,6943,7206
7405,8706,8711
5782,7627,7686
9570,6949,7200
7406,8707,8710
5783,7630,7689
9571,6956,7194
7407,8708,8709
5784,7633,7691
9572,6963,7187
5785,7637,7694
9573,6971,7178
5786,7640,7697
9574,6981,7169
5787,7643,7700
9575,6991,7159
5788,7646,7703
9576,7004,7146
5789,7649,7706
9577,7020,7130
5790,7652,7709
9578,7043,7107
5791,7655,7711
5792,7658,7714
5793,7661,7717
5794,7664,7720
5795,7667,7722
5796,7670,7725
5797,7673,7728
5798,7675,7731
5799,7678,7733
5800,7681,7736
5801,7684,7739
5802,7687,7741
5803,7690,7744
5804,7692,7747
5805,7695,7749
5806,7698,7752
5807,7701,7754
5808,7703,7757
5809,7706,7760
5810,7709,7762
5811,7712,7765
5812,7714,7767
5813,7717,7770
5814,7720,7772
5815,7722,7775
5816,7725,7777
5817,7728,7780
5818,7730,7782
5819,7733,7785
5820,7735,7787
5821,7738,7790
5866,7844,7891
5867,7846,7893
5868,7849,7895
5869,7851,7897
5870,7853,7899
5871,7855,7901
5872,7857,7903
7496,9729,9730
5873,7859,7905
7497,9728,9732
5874,7861,7907
7498,9727,9732
5875,7864,7909
7499,9727,9733
5876,7866,7911
7500,9727,9733
5877,7868,7913
7501,9727,9733
5878,7870,7915
7502,9727,9733
5879,7872,7917
7503,9727,9733
5880,7874,7919
7504,9728,9733
5881,7876,7921
7505,9728,9732
5882,7878,7923
7506,9729,9732
5883,7880,7925
5884,7882,7927
5885,7884,7929
5886,7886,7931
5887,7888,7933
5888,7890,7935
5889,7893,7937
5890,7895,7939
5891,7897,7941
5892,7899,7943
5893,7901,7944
5894,7903,7946
5895,7905,7948
5896,7907,7950
5897,7909,7952
5898,7911,7954
5899,7913,7956
5900,7914,7958
