8732,8341,8341
8733,8339,8341
8734,8338,8340
8735,8337,8339
8736,8336,8338
8737,8335,8337
8738,8335,8337
8032,8644,8655
8031,8644,8655
8030,8644,8655
8029,8644,8656
8028,8644,8656
8027,8644,8656
8026,8644,8656
8025,8643,8656
8024,8643,8656
8023,8643,8657
8022,8644,8657
8021,8644,8657
8020,8644,8657
8019,8644,8657
8018,8644,8658
8017,8644,8658
8016,8644,8658
8015,8644,8658
8014,8644,8658
8013,8644,8658
8012,8644,8658
8011,8644,8659
8010,8644,8659
8009,8644,8659
8008,8644,8659
8007,8644,8659
7997,8644,8660
7996,8644,8660
7995,8644,8660
7994,8644,8660
7993,8645,8661
7992,8645,8661
7991,8645,8661
7990,8645,8661
7989,8645,8661
7988,8645,8661
8033,8644,8655
8739,8334,8336
5493,6466,6482
8034,8644,8654
8740,8333,8335
5494,6459,6483
8035,8644,8654
8741,8332,8334
5495,6453,6483
8742,8331,8333
5496,6448,6483
8743,8330,8332
5497,6443,6482
8744,8329,8332
5498,6439,6481
8745,8328,8331
5499,6434,6479
8746,8327,8330
5500,6430,6478
8747,8326,8329
5501,6426,6476
8748,8325,8328
5502,6422,6474
8749,8324,8327
5503,6418,6472
8750,8323,8326
5504,6415,6470
8751,8322,8326
5505,6411,6468
8752,8321,8325
5506,6408,6466
8753,8320,8324
5507,6404,6464
8754,8319,8323
5508,6401,6461
8755,8318,8322
5509,6398,6459
8756,8317,8321
5510,6394,6457
8757,8316,8320
5511,6391,6454
8758,8315,8319
5512,6388,6452
8790,8285,8289
5544,6309,6361
8789,8286,8290
5543,6311,6364
8788,8287,8291
5542,6313,6367
8787,8288,8292
5541,6315,6370
8786,8288,8293
5540,6317,6373
8785,8289,8294
5539,6319,6376
8784,8290,8295
5538,6321,6379
8779,8295,8300
5533,6332,6394
8002,8644,8660
7621,9692,9698
8802,8273,8277
5556,6290,6320
8780,8294,8299
5534,6330,6391
8003,8644,8660
5528,6344,6408
8774,8300,8305
7622,9692,9697
8803,8272,8276
5557,6289,6317
8781,8293,8298
5535,6328,6388
8004,8644,8659
7623,9692,9697
8804,8271,8275
5558,6288,6313
8782,8292,8297
5536,6326,6385
8005,8644,8659
7624,9693,9696
8805,8270,8274
5559,6287,6309
8783,8291,8296
5537,6324,6382
8006,8644,8659
7625,9694,9695
8806,8269,8273
5560,6286,6304
8778,8296,8301
5532,6335,6397
8001,8644,8660
7620,9693,9698
8801,8274,8278
5555,6291,6324
8773,8301,8305
5527,6347,6411
8777,8297,8302
5531,6337,6400
8000,8644,8660
7619,9693,9698
8800,8275,8279
5554,6292,6328
8772,8302,8306
5526,6349,6414
8776,8298,8303
5530,6339,6403
7999,8644,8660
7618,9693,9697
8799,8276,8280
5553,6294,6331
8771,8303,8307
5525,6352,6417
8775,8299,8304
5529,6342,6406
7998,8644,8660
7617,9694,9697
8798,8277,8281
5552,6295,6335
8791,8284,8288
5545,6307,6357
8792,8283,8287
5546,6305,6354
8793,8282,8286
5547,6304,6351
8794,8281,8285
5548,6302,6348
8795,8280,8284
5549,6300,6345
8796,8279,8283
5550,6298,6341
8797,8278,8282
5551,6297,6338
8770,8304,8308
5524,6354,6420
8769,8305,8309
5523,6357,6423
8768,8306,8310
5522,6360,6425
8767,8307,8311
5521,6362,6428
8766,8308,8312
5520,6365,6431
8765,8309,8313
5519,6368,6434
8764,8310,8314
5518,6371,6436
8763,8311,8315
5517,6373,6439
8762,8312,8316
5516,6376,6442
8761,8312,8317
5515,6379,6444
8760,8313,8317
5514,6382,6447
8759,8314,8318
5513,6385,6449
8036,8644,8654
5561,6287,6299
8807,8268,8272
8037,8644,8654
5562,6289,6292
8808,8267,8271
8038,8644,8654
8809,8266,8269
8039,8644,8653
8810,8265,8268
8040,8644,8653
8811,8264,8267
8041,8644,8653
8812,8263,8266
8042,8644,8652
8813,8262,8265
8043,8644,8652
8814,8261,8264
8044,8644,8652
8815,8260,8263
8045,8644,8652
8816,8260,8262
8046,8644,8651
8817,8259,8261
8047,8645,8651
8818,8258,8260
8048,8645,8651
8819,8257,8258
8049,8645,8650
8820,8256,8257
8050,8645,8650
8821,8255,8256
8051,8645,8649
8822,8254,8255
8052,8646,8649
8823,8253,8254
8053,8646,8648
8824,8252,8253
8054,8647,8647
7987,8645,8661
7986,8645,8661
7985,8645,8661
7984,8645,8661
7983,8645,8661
7982,8645,8661
7981,8645,8661
7980,8646,8661
7979,8646,8661
7978,8646,8661
7977,8646,8661
7976,8646,8661
7975,8646,8662
7974,8646,8662
7973,8646,8662
7972,8646,8662
7971,8647,8662
7970,8647,8662
7969,8647,8662
7968,8647,8662
7967,8647,8662
7966,8647,8662
7965,8647,8662
7964,8648,8661
7963,8648,8661
7962,8648,8661
7961,8648,8661
7960,8648,8661
7959,8648,8661
7958,8649,8661
7957,8649,8661
7956,8649,8661
7955,8649,8661
7954,8649,8661
7953,8650,8661
7952,8650,8661
7951,8650,8661
7950,8650,8660
7949,8650,8660
7948,8651,8660
7947,8651,8660
7946,8651,8660
7945,8652,8659
7944,8652,8659
7943,8652,8659
7942,8653,8659
7941,8653,8658
7940,8654,8658
7939,8655,8657
