5648,6516,6519
5649,6509,6519
5650,6503,6518
5651,6498,6516
5652,6493,6514
5653,6489,6512
5654,6484,6510
5655,6480,6507
5656,6476,6505
5657,6472,6502
5658,6468,6500
5659,6464,6497
5660,6461,6494
5661,6457,6492
5662,6453,6489
5663,6449,6486
5664,6446,6483
5665,6442,6481
5666,6439,6478
5667,6435,6475
5668,6432,6472
5669,6429,6470
5670,6425,6467
5671,6422,6464
5672,6419,6461
5673,6415,6459
5674,6412,6456
5675,6409,6453
5676,6406,6450
5677,6403,6447
5678,6400,6445
5679,6396,6442
5680,6393,6439
5681,6390,6436
5682,6387,6434
5683,6384,6431
5684,6381,6428
5685,6378,6426
5686,6375,6423
5687,6373,6420
5688,6370,6417
5689,6367,6415
5690,6364,6412
5691,6361,6409
5692,6358,6407
5693,6355,6404
5694,6353,6401
5695,6350,6399
5696,6347,6396
5697,6344,6393
5698,6342,6391
5699,6339,6388
5700,6336,6386
5701,6334,6383
5702,6331,6380
5703,6328,6378
5704,6326,6375
5705,6323,6373
5706,6320,6370
5707,6318,6368
5708,6315,6365
5709,6313,6362
5710,6310,6360
5711,6307,6357
5712,6305,6355
5713,6302,6352
5714,6300,6350
5715,6297,6347
5716,6295,6345
5717,6292,6342
5718,6290,6340
5719,6288,6337
5720,6285,6335
5721,6283,6333
5722,6280,6330
5723,6278,6328
5724,6275,6325
5725,6273,6323
5726,6271,6320
5727,6268,6318
5728,6266,6316
5729,6264,6313
5730,6261,6311
5731,6259,6308
5732,6257,6306
5733,6254,6304
5734,6252,6301
5735,6250,6299
5736,6247,6297
5737,6245,6294
5738,6243,6292
5739,6241,6290
5740,6238,6287
5741,6236,6285
5742,6234,6283
5743,6232,6280
5744,6230,6278
5745,6227,6276
5746,6225,6274
5747,6223,6271
5748,6221,6269
5749,6219,6267
5750,6216,6265
5751,6214,6262
5752,6212,6260
5753,6210,6258
5754,6208,6256
5755,6206,6253
5756,6204,6251
5757,6202,6249
5758,6199,6247
5759,6197,6245
5760,6195,6242
5761,6193,6240
5762,6191,6238
5763,6189,6236
5764,6187,6234
5765,6185,6232
5766,6183,6230
5892,5967,5997
5891,5968,5999
5890,5970,6000
5889,5971,6002
5888,5973,6003
5887,5974,6005
5886,5976,6007
5885,5977,6008
5884,5979,6010
5883,5980,6012
5882,5982,6013
5881,5983,6015
5880,5985,6016
5879,5986,6018
5878,5988,6020
5877,5989,6021
5876,5991,6023
5875,5992,6025
5874,5994,6026
5873,5995,6028
5872,5997,6030
5871,5998,6031
5870,6000,6033
5869,6001,6035
5868,6003,6036
5867,6005,6038
5866,6006,6040
5865,6008,6041
5864,6009,6043
5863,6011,6045
5862,6012,6047
5861,6014,6048
5860,6015,6050
5859,6017,6052
5858,6019,6053
5857,6020,6055
5856,6022,6057
5855,6023,6059
5854,6025,6060
5853,6027,6062
5852,6028,6064
5851,6030,6066
5850,6031,6067
5849,6033,6069
5848,6035,6071
5847,6036,6073
5846,6038,6074
5845,6039,6076
5844,6041,6078
5843,6043,6080
5842,6044,6081
5841,6046,6083
5840,6048,6085
5839,6049,6087
5838,6051,6089
5837,6053,6090
5836,6054,6092
5835,6056,6094
5834,6058,6096
5833,6059,6098
5832,6061,6099
5831,6063,6101
5830,6064,6103
5829,6066,6105
5828,6068,6107
5827,6069,6109
5826,6071,6110
5825,6073,6112
5791,6134,6178
5783,6149,6194
5782,6151,6196
5790,6136,6180
5792,6132,6176
5784,6147,6192
5793,6130,6174
5785,6145,6190
5794,6128,6172
5781,6153,6198
5789,6138,6182
5780,6155,6200
5788,6140,6184
6013,5816,5817
5777,6161,6206
5779,6157,6202
5787,6142,6186
5776,6163,6208
5778,6159,6204
5786,6143,6188
5795,6126,6170
5796,6125,6168
5797,6123,6166
5798,6121,6164
5799,6119,6162
5800,6117,6160
5801,6115,6158
5802,6114,6156
5803,6112,6154
5804,6110,6152
5805,6108,6150
5806,6106,6148
5807,6104,6146
5808,6103,6144
5809,6101,6142
5810,6099,6140
5811,6097,6139
5812,6096,6137
5813,6094,6135
5814,6092,6133
5815,6090,6131
5816,6088,6129
5817,6087,6127
5818,6085,6125
5819,6083,6123
5820,6081,6122
5821,6080,6120
5822,6078,6118
5823,6076,6116
5824,6075,6114
5893,5966,5995
5894,5964,5994
5895,5963,5992
5896,5961,5990
5897,5960,5989
5898,5958,5987
5899,5957,5986
5900,5955,5984
5901,5954,5983
5902,5953,5981
5903,5951,5979
5904,5950,5978
5905,5948,5976
5906,5947,5975
5907,5946,5973
5908,5944,5972
5909,5943,5970
5910,5941,5968
5911,5940,5967
5912,5938,5965
5913,5937,5964
5914,5936,5962
5915,5934,5961
5916,5933,5959
5917,5932,5958
5918,5930,5956
5919,5929,5955
5920,5927,5953
5921,5926,5951
5922,5925,5950
5923,5923,5948
5924,5922,5947
5925,5921,5945
5926,5919,5944
5927,5918,5942
5928,5917,5941
5929,5915,5939
5930,5914,5938
5931,5913,5936
7555,9722,9725
5932,5911,5935
7556,9722,9726
5933,5910,5933
7557,9721,9726
5934,5909,5932
7558,9721,9726
5935,5907,5930
7559,9721,9727
5936,5906,5929
7560,9721,9727
5937,5905,5927
7561,9721,9726
5938,5903,5926
7562,9721,9726
5939,5902,5924
7563,9722,9725
5940,5901,5923
7564,9723,9725
5941,5899,5921
5942,5898,5920
5943,5897,5918
5944,5895,5917
5945,5894,5915
5946,5893,5914
5947,5892,5913
5948,5890,5911
5949,5889,5910
5950,5888,5908
5951,5886,5907
5952,5885,5905
5953,5884,5904
5954,5883,5902
5955,5881,5901
5956,5880,5899
7580,8685,8688
5957,5879,5898
7581,8684,8689
5958,5878,5896
7582,8684,8690
5959,5876,5895
7583,8683,8690
5960,5875,5894
7584,8683,8691
5961,5874,5892
7585,8682,8691
5962,5873,5891
7586,8682,8691
5963,5871,5889
7587,8682,8692
5964,5870,5888
7588,8682,8692
5965,5869,5886
7589,8681,8692
5966,5868,5885
7590,8681,8692
5967,5866,5884
7591,8681,8692
5968,5865,5882
7592,8681,8692
5969,5864,5881
7593,8681,8693
5970,5863,5879
7594,8681,8693
5971,5862,5878
7595,8681,8693
5972,5860,5876
7596,8681,8693
5973,5859,5875
7597,8681,8693
5974,5858,5874
7598,8681,8693
5975,5857,5872
7599,8681,8693
5976,5856,5871
7600,8681,8693
5977,5854,5869
7601,8681,8693
5978,5853,5868
7602,8681,8693
5979,5852,5866
7603,8681,8693
5980,5851,5865
7604,8681,8693
5981,5850,5864
7605,8681,8693
5982,5848,5862
7606,8681,8692
5983,5847,5861
7607,8681,8692
5984,5846,5859
7608,8682,8692
5985,5845,5858
7609,8682,8692
5986,5844,5857
7610,8682,8692
5987,5843,5855
7611,8682,8691
5988,5841,5854
7612,8683,8691
5989,5840,5852
7613,8683,8691
5990,5839,5851
7614,8683,8690
5991,5838,5849
7615,8684,8690
5992,5837,5848
7616,8684,8689
5993,5836,5847
7617,8685,8689
5994,5835,5845
7618,8687,8687
5995,5834,5844
5996,5832,5842
5997,5831,5841
5998,5830,5840
5999,5829,5838
6000,5828,5837
6001,5827,5835
6002,5826,5834
6003,5825,5832
6004,5824,5831
6005,5823,5829
6006,5822,5828
6007,5821,5826
6008,5820,5825
6009,5819,5823
6010,5818,5822
6011,5817,5820
6012,5816,5819
5775,6165,6210
5774,6167,6213
5773,6169,6215
5772,6171,6217
5771,6173,6219
5770,6175,6221
5769,6177,6223
5768,6179,6225
5767,6181,6227
