7581,9714,9716
7582,9713,9717
7583,9713,9717
7584,9712,9718
7585,9712,9718
7590,9713,9715
7589,9713,9716
7588,9712,9717
7587,9712,9717
7586,9712,9718
5589,6499,6506
5590,6491,6507
5591,6485,6507
5592,6480,6506
5704,6188,6217
5703,6190,6219
5702,6192,6222
5701,6193,6224
5700,6195,6227
5699,6197,6229
5698,6199,6232
5697,6200,6234
5696,6202,6237
5695,6204,6239
5694,6206,6242
5693,6208,6244
5692,6210,6247
5691,6211,6250
5690,6213,6252
5689,6215,6255
5688,6217,6257
5687,6219,6260
5686,6221,6262
5685,6223,6265
5684,6225,6267
5683,6227,6270
5682,6229,6272
5681,6231,6275
5680,6233,6277
7735,8678,8678
5679,6235,6280
7734,8676,8679
5678,6237,6283
7733,8675,8680
5677,6239,6285
7732,8675,8681
5676,6241,6288
7731,8674,8681
5675,6243,6290
7714,8671,8684
5658,6280,6334
7713,8671,8684
5657,6282,6337
7712,8671,8684
5656,6284,6340
7711,8671,8684
5655,6287,6342
7710,8671,8684
5654,6289,6345
7709,8671,8684
5653,6291,6347
7708,8671,8684
5652,6294,6350
7707,8671,8684
5651,6296,6353
7706,8672,8684
5650,6299,6355
7705,8672,8684
5649,6301,6358
7704,8672,8683
5648,6303,6361
7703,8672,8683
5647,6306,6363
7702,8672,8683
5646,6308,6366
7715,8671,8684
5659,6278,6332
7716,8671,8684
5660,6275,6329
7717,8671,8684
5661,6273,6326
7718,8672,8684
5662,6271,6324
7719,8672,8684
5663,6269,6321
7720,8672,8684
5664,6266,6319
7721,8672,8684
5665,6264,6316
7722,8672,8684
5666,6262,6313
7723,8672,8683
5667,6260,6311
7724,8672,8683
5668,6258,6308
7725,8673,8683
5669,6255,6306
7726,8673,8683
5670,6253,6303
7727,8673,8683
5671,6251,6300
7728,8673,8682
5672,6249,6298
7729,8674,8682
5673,6247,6295
7730,8674,8682
5674,6245,6293
5705,6187,6214
5706,6185,6211
5707,6184,6209
5708,6182,6206
5709,6180,6204
5710,6179,6201
5711,6177,6198
5712,6176,6196
5713,6175,6193
5714,6173,6190
5715,6172,6187
5716,6171,6184
5717,6170,6181
5718,6169,6178
5719,6169,6175
7701,8672,8683
5645,6311,6369
7700,8672,8683
5644,6313,6371
7699,8673,8683
5643,6316,6374
7698,8673,8682
5642,6318,6377
7697,8673,8682
5641,6321,6380
7696,8673,8682
5640,6323,6382
7695,8674,8681
5639,6326,6385
7694,8674,8681
5638,6328,6388
7693,8675,8680
5637,6331,6390
7692,8675,8680
5636,6334,6393
7691,8676,8679
5635,6336,6396
5634,6339,6399
5633,6342,6401
5632,6344,6404
5631,6347,6407
5630,6350,6409
5629,6352,6412
5628,6355,6415
5627,6358,6418
5626,6361,6420
5625,6364,6423
5624,6367,6426
5623,6369,6429
5622,6372,6431
5621,6375,6434
5620,6378,6437
5619,6381,6440
5618,6384,6442
5617,6387,6445
5616,6390,6448
5615,6393,6450
5614,6397,6453
5613,6400,6456
5612,6403,6459
5611,6406,6461
5610,6410,6464
5609,6413,6467
5608,6416,6469
5607,6420,6472
5606,6423,6474
5605,6427,6477
5604,6430,6480
5603,6434,6482
5602,6437,6485
5601,6441,6487
5600,6445,6490
5599,6449,6492
5598,6453,6494
5597,6457,6496
5596,6461,6499
5595,6466,6501
5594,6470,6502
5593,6475,6504
