7642,9673,9675
7643,9672,9675
7644,9671,9676
7645,9671,9676
7649,9672,9673
7648,9671,9675
7647,9671,9675
7646,9671,9676
5404,6424,6460
9002,7871,7906
5405,6419,6460
9003,7869,7904
5406,6415,6459
9004,7867,7903
5407,6411,6458
9005,7865,7901
5408,6407,6457
9006,7864,7899
5409,6403,6456
9007,7862,7898
5410,6399,6455
9008,7860,7896
9060,7780,7784
9059,7780,7789
9058,7780,7792
9057,7781,7795
9056,7782,7798
9055,7783,7801
9054,7784,7804
9053,7786,7806
9052,7787,7809
9051,7788,7811
5452,6315,6330
9050,7790,7814
5451,6313,6335
9049,7791,7816
5450,6313,6340
9048,7793,7818
5449,6314,6345
9047,7794,7821
5448,6314,6349
9046,7796,7823
5447,6315,6353
9045,7797,7825
5446,6316,6357
9044,7799,7827
5445,6317,6361
9043,7800,7830
5444,6318,6365
9042,7802,7832
5443,6320,6368
9041,7803,7834
5442,6321,6372
9040,7805,7836
5441,6323,6375
9039,7807,7838
5440,6324,6378
9038,7808,7840
5423,6360,6428
9021,7837,7873
5422,6363,6430
9020,7839,7875
5421,6365,6432
9019,7841,7877
5420,6368,6435
9018,7842,7879
5419,6371,6437
9017,7844,7880
5418,6374,6439
9016,7846,7882
5417,6376,6442
9015,7848,7884
5416,6379,6444
9014,7849,7886
5415,6382,6446
9013,7851,7888
5414,6386,6448
9012,7853,7889
5413,6389,6450
9011,7855,7891
5412,6392,6451
9010,7856,7893
5411,6396,6453
9009,7858,7894
5424,6358,6425
9022,7835,7871
5425,6355,6422
9023,7834,7870
5438,6328,6385
9036,7812,7844
5439,6326,6382
9037,7810,7842
5403,6429,6460
9001,7872,7908
5402,6436,6459
9000,7874,7909
5401,6444,6455
8999,7876,7911
8998,7878,7913
8997,7880,7914
8996,7881,7916
8995,7883,7917
8994,7885,7919
8993,7887,7921
9035,7813,7846
5437,6329,6388
8992,7888,7922
9034,7815,7848
5436,6331,6391
8991,7890,7924
9033,7817,7850
5435,6333,6394
8990,7892,7925
9032,7818,7852
5434,6335,6397
8989,7894,7927
9031,7820,7854
5433,6337,6400
8988,7896,7928
9030,7822,7856
5432,6339,6403
8987,7897,7930
9029,7823,7858
5431,6341,6406
8986,7899,7931
9028,7825,7860
5430,6343,6409
8985,7901,7933
9027,7827,7862
5429,6346,6412
8984,7903,7934
9026,7829,7864
5428,6348,6414
8983,7905,7936
9025,7830,7866
5427,6350,6417
8982,7906,7937
9024,7832,7868
5426,6353,6420
8981,7908,7939
8980,7910,7940
8979,7912,7941
8978,7914,7943
8977,7915,7944
8976,7917,7946
8975,7919,7947
8974,7921,7949
8973,7923,7950
8972,7925,7951
8971,7926,7953
8970,7928,7954
8969,7930,7955
8968,7932,7957
8967,7934,7958
8966,7936,7959
8965,7937,7961
8964,7939,7962
8963,7941,7963
8962,7943,7964
8961,7945,7966
8960,7947,7967
8959,7949,7968
8958,7951,7969
8957,7953,7970
8956,7955,7971
8955,7957,7973
8954,7959,7974
8953,7961,7975
8952,7963,7976
8951,7965,7977
8950,7967,7977
8949,7969,7978
8948,7972,7979
8947,7974,7979
8946,7978,7978
