7772,8671,8672
7773,8669,8673
7774,8669,8674
7775,8668,8674
7776,8668,8675
7777,8667,8675
7778,8667,8676
7779,8667,8676
7780,8666,8676
7781,8666,8676
7782,8666,8677
7783,8666,8677
7784,8666,8677
7785,8665,8677
7786,8665,8677
7787,8665,8677
7788,8665,8678
7789,8665,8678
7790,8665,8678
7791,8665,8678
7792,8665,8678
7793,8665,8678
7794,8665,8678
7795,8665,8678
7796,8665,8678
7797,8664,8678
7825,8670,8672
7824,8669,8673
7823,8669,8674
7822,8668,8674
7821,8668,8675
7820,8667,8675
7819,8667,8675
5642,6239,6258
7801,8665,8678
5641,6240,6261
7800,8665,8678
5640,6242,6265
7799,8664,8678
5639,6243,6268
7798,8664,8678
5638,6244,6271
5637,6246,6274
5636,6247,6277
5635,6249,6280
5634,6251,6283
5633,6252,6286
5632,6254,6289
5631,6256,6292
5630,6257,6295
5629,6259,6298
5628,6261,6301
5627,6263,6304
5626,6265,6307
5625,6267,6310
5624,6269,6313
5623,6270,6315
5622,6272,6318
5621,6274,6321
5620,6276,6324
5619,6278,6327
5618,6281,6330
5617,6283,6333
5616,6285,6335
5615,6287,6338
5614,6289,6341
5613,6291,6344
7596,9708,9708
5564,6425,6478
7597,9706,9709
5565,6422,6475
7598,9706,9710
5566,6418,6473
7599,9705,9710
5567,6415,6471
5594,6336,6397
7600,9705,9710
5568,6411,6468
5599,6323,6383
7605,9706,9708
5573,6395,6455
5604,6311,6369
5598,6326,6386
7604,9705,9709
5572,6398,6458
5603,6314,6372
5597,6328,6389
7603,9705,9710
5571,6401,6460
5602,6316,6375
5596,6331,6392
7602,9705,9710
5570,6405,6463
5601,6318,6378
5595,6333,6395
7601,9705,9710
5569,6408,6466
5600,6321,6381
5605,6309,6367
5606,6307,6364
5607,6304,6361
5608,6302,6358
5609,6300,6355
5610,6298,6352
5611,6295,6350
5612,6293,6347
5643,6238,6255
7802,8665,8678
5644,6237,6251
7803,8665,8678
5645,6237,6247
7804,8665,8678
5646,6238,6241
7805,8665,8678
5593,6338,6400
5592,6341,6403
5591,6343,6406
5590,6346,6409
5589,6349,6411
5588,6351,6414
5587,6354,6417
5586,6357,6420
5585,6360,6423
5584,6362,6425
5583,6365,6428
5582,6368,6431
5581,6371,6434
5580,6374,6436
5579,6377,6439
5578,6380,6442
5577,6383,6444
5576,6386,6447
5575,6389,6450
5574,6392,6453
5563,6429,6480
5562,6433,6482
5561,6437,6485
5560,6441,6487
5559,6445,6489
5558,6449,6491
5557,6453,6493
5556,6458,6494
5555,6462,6496
5554,6467,6497
5553,6473,6498
5552,6479,6498
5551,6487,6496
7806,8665,8678
7807,8665,8678
7808,8665,8678
7809,8665,8677
7810,8665,8677
7811,8665,8677
7812,8665,8677
7813,8666,8677
7814,8666,8677
7815,8666,8676
7816,8666,8676
7817,8666,8676
7818,8667,8676
