7785,8669,8671
7786,8668,8672
7787,8668,8673
7788,8667,8673
7789,8667,8674
7790,8666,8674
7791,8666,8675
7792,8666,8675
7793,8665,8675
7794,8665,8675
7795,8665,8676
7796,8665,8676
7797,8665,8676
7798,8664,8676
7799,8664,8676
7800,8664,8676
7801,8664,8677
7802,8664,8677
7803,8664,8677
7804,8664,8677
7805,8664,8677
7806,8664,8677
7807,8663,8677
7808,8663,8677
7809,8663,8677
7810,8663,8677
7811,8663,8677
7840,8669,8671
7839,8668,8672
7838,8668,8673
5636,6244,6254
5635,6244,6258
5634,6245,6262
5633,6246,6266
5632,6247,6269
5631,6248,6272
5630,6250,6276
5629,6251,6279
5628,6252,6282
5627,6254,6285
5626,6256,6288
5625,6257,6291
5624,6259,6294
5623,6261,6297
5622,6262,6300
5621,6264,6303
5620,6266,6306
5619,6268,6309
5618,6270,6312
5617,6272,6315
5616,6273,6318
5615,6275,6321
5614,6277,6324
5613,6279,6327
5612,6281,6330
5611,6283,6332
5610,6285,6335
5609,6288,6338
5608,6290,6341
5607,6292,6344
5587,6338,6401
5601,6305,6361
5575,6371,6434
5606,6294,6347
5600,6307,6364
5574,6374,6437
5605,6296,6350
5590,6331,6392
5599,6309,6367
5573,6377,6440
5604,6298,6353
5589,6333,6395
5598,6312,6370
5572,6380,6442
5603,6300,6355
5588,6336,6398
5602,6303,6358
5591,6328,6389
5592,6326,6387
7599,9705,9708
5567,6395,6456
5593,6324,6384
7600,9705,9709
5568,6392,6453
5594,6321,6381
7601,9704,9709
5569,6389,6450
5595,6319,6378
5570,6386,6448
5596,6316,6375
5571,6383,6445
5597,6314,6372
5637,6245,6249
5586,6341,6404
5585,6344,6406
5584,6346,6409
5583,6349,6412
5582,6352,6415
5581,6354,6418
5580,6357,6420
5579,6360,6423
5578,6362,6426
5577,6365,6429
5576,6368,6431
5566,6398,6458
5565,6401,6461
5564,6405,6463
5563,6408,6466
5562,6411,6468
5561,6415,6471
5560,6418,6473
5559,6422,6476
5558,6426,6478
5557,6429,6480
5556,6433,6483
5555,6437,6485
5554,6441,6487
5553,6445,6489
5552,6449,6491
7607,9705,9707
5551,6454,6492
7837,8667,8673
7606,9704,9708
5550,6458,6494
7836,8667,8674
7605,9704,9709
5549,6463,6495
7835,8666,8674
7604,9704,9709
5548,6468,6496
7834,8666,8674
7603,9704,9709
5547,6474,6497
7833,8666,8675
7602,9704,9709
5546,6481,6496
7832,8665,8675
7812,8663,8677
7813,8663,8677
7814,8663,8677
7815,8663,8677
7816,8663,8677
7817,8663,8677
7818,8664,8677
7819,8664,8677
7820,8664,8677
7821,8664,8677
7822,8664,8677
7823,8664,8676
7824,8664,8676
7825,8664,8676
7826,8664,8676
7827,8664,8676
7828,8665,8676
7829,8665,8676
7830,8665,8675
7831,8665,8675
