5676,6514,6522
5677,6509,6520
5678,6505,6518
5679,6500,6515
5680,6496,6513
5681,6492,6510
5682,6488,6508
5683,6484,6505
5684,6480,6502
5685,6476,6499
5686,6472,6497
5687,6469,6494
5688,6465,6491
5689,6461,6488
5690,6458,6485
5691,6454,6482
5692,6451,6480
5693,6447,6477
5694,6444,6474
5695,6441,6471
5696,6437,6468
5697,6434,6465
5698,6431,6463
5699,6427,6460
5700,6424,6457
5701,6421,6454
5702,6418,6451
5703,6415,6448
5704,6412,6446
5705,6408,6443
5706,6405,6440
5707,6402,6437
5708,6399,6435
5709,6396,6432
5710,6393,6429
5711,6390,6426
5712,6387,6424
5713,6384,6421
5714,6381,6418
5715,6379,6415
5716,6376,6413
5717,6373,6410
5718,6370,6407
5719,6367,6405
5720,6364,6402
5721,6361,6399
5722,6359,6397
5723,6356,6394
5724,6353,6391
5725,6350,6389
5726,6348,6386
5727,6345,6384
5728,6342,6381
5729,6340,6378
5730,6337,6376
5731,6334,6373
5732,6332,6371
5733,6329,6368
5734,6326,6366
5735,6324,6363
5736,6321,6361
5737,6319,6358
5738,6316,6356
5739,6314,6353
5740,6311,6351
5741,6308,6348
5742,6306,6346
5743,6303,6343
5744,6301,6341
5745,6298,6338
5746,6296,6336
5747,6294,6334
5748,6291,6331
5749,6289,6329
5750,6286,6326
5751,6284,6324
5752,6281,6321
5753,6279,6319
5754,6277,6317
5755,6274,6314
5756,6272,6312
5757,6269,6310
5758,6267,6307
5759,6265,6305
5760,6262,6303
5761,6260,6300
5762,6258,6298
5763,6255,6296
5764,6253,6293
5765,6251,6291
5766,6249,6289
5767,6246,6287
5768,6244,6284
5769,6242,6282
5770,6240,6280
5771,6237,6278
5772,6235,6275
5773,6233,6273
5774,6231,6271
5775,6228,6269
5776,6226,6266
5777,6224,6264
5778,6222,6262
5779,6220,6260
5780,6217,6258
5781,6215,6256
5782,6213,6253
5783,6211,6251
5784,6209,6249
5785,6207,6247
5786,6205,6245
5787,6203,6243
5788,6200,6240
5789,6198,6238
5790,6196,6236
5791,6194,6234
5792,6192,6232
5793,6190,6230
5794,6188,6228
5795,6186,6226
5796,6184,6224
5797,6182,6222
5798,6180,6219
5799,6178,6217
5800,6176,6215
5801,6174,6213
5802,6172,6211
5803,6170,6209
5804,6168,6207
5805,6166,6205
5806,6164,6203
5807,6162,6201
5808,6160,6199
5809,6158,6197
5810,6156,6195
5811,6154,6193
5812,6152,6191
5813,6150,6189
5814,6148,6187
5815,6146,6185
5816,6144,6183
5817,6142,6181
5818,6140,6179
5819,6138,6177
5820,6136,6175
5821,6134,6173
5822,6132,6171
5823,6130,6169
5824,6129,6168
5825,6127,6166
5826,6125,6164
5827,6123,6162
5828,6121,6160
5829,6119,6158
5830,6117,6156
5831,6115,6154
5832,6114,6152
5833,6112,6150
5834,6110,6149
5835,6108,6147
5836,6106,6145
5837,6104,6143
5838,6103,6141
5839,6101,6139
5840,6099,6137
5841,6097,6136
5842,6095,6134
5843,6094,6132
5844,6092,6130
5845,6090,6128
5846,6088,6126
5847,6086,6125
5848,6085,6123
5849,6083,6121
5850,6081,6119
5851,6079,6117
5852,6078,6115
5853,6076,6114
5854,6074,6112
5855,6072,6110
5856,6071,6108
5857,6069,6107
5858,6067,6105
5859,6065,6103
5860,6064,6101
5861,6062,6099
5862,6060,6098
5863,6059,6096
5864,6057,6094
5865,6055,6092
5866,6053,6091
5867,6052,6089
5868,6050,6087
5869,6048,6086
5870,6047,6084
5871,6045,6082
5872,6043,6080
5873,6042,6079
5874,6040,6077
5875,6038,6075
5876,6037,6074
5877,6035,6072
5878,6033,6070
5879,6032,6068
5880,6030,6067
5881,6028,6065
5882,6027,6063
5883,6025,6062
5884,6023,6060
5885,6022,6058
5886,6020,6057
5887,6019,6055
5888,6017,6053
5889,6015,6052
5890,6014,6050
5891,6012,6048
5892,6011,6047
5893,6009,6045
5894,6007,6044
5895,6006,6042
5896,6004,6040
5897,6003,6039
5898,6001,6037
5899,5999,6035
5900,5998,6034
5901,5996,6032
5902,5995,6031
5903,5993,6029
5904,5992,6027
5905,5990,6026
5906,5989,6024
5907,5987,6023
5908,5985,6021
5909,5984,6019
5910,5982,6018
5911,5981,6016
5912,5979,6015
5913,5978,6013
5914,5976,6012
5915,5975,6010
5916,5973,6008
5917,5972,6007
5918,5970,6005
5919,5969,6004
5920,5967,6002
5921,5966,6001
5922,5964,5999
5923,5963,5998
5924,5961,5996
5925,5960,5995
5926,5958,5993
5927,5957,5992
5928,5955,5990
5929,5954,5989
5930,5952,5987
5931,5951,5985
5932,5949,5984
5933,5948,5982
5934,5946,5981
5935,5945,5979
5936,5943,5978
5937,5942,5976
5938,5941,5975
5939,5939,5973
5940,5938,5972
5941,5936,5971
5942,5935,5969
5943,5933,5968
5944,5932,5966
5945,5930,5965
5946,5929,5963
5947,5928,5962
5948,5926,5960
5949,5925,5959
5950,5923,5957
5951,5922,5956
5952,5920,5954
5953,5919,5953
5954,5918,5951
5955,5916,5950
5956,5915,5949
5957,5913,5947
5958,5912,5946
5959,5911,5944
5960,5909,5943
5961,5908,5941
5962,5906,5940
5963,5905,5939
5964,5904,5937
5965,5902,5936
5966,5901,5934
5967,5900,5933
5968,5898,5932
5969,5897,5930
5970,5895,5929
5971,5894,5927
5972,5893,5926
5973,5891,5924
5974,5890,5923
5975,5889,5922
5976,5887,5920
5977,5886,5919
5978,5885,5918
5979,5883,5916
5980,5882,5915
5981,5881,5913
5982,5879,5912
5983,5878,5911
5984,5877,5909
5985,5875,5908
5986,5874,5907
5987,5873,5905
5988,5871,5904
5989,5870,5902
5990,5869,5901
5991,5867,5900
5992,5866,5898
5993,5865,5897
5994,5863,5896
5995,5862,5894
5996,5861,5893
5997,5859,5892
5998,5858,5890
5999,5857,5889
6000,5856,5888
6001,5854,5886
6002,5853,5885
6003,5852,5884
6004,5850,5882
6005,5849,5881
6006,5848,5880
6007,5847,5878
6008,5845,5877
6009,5844,5876
6010,5843,5875
6011,5841,5873
6012,5840,5872
6013,5839,5871
6014,5838,5869
6015,5836,5868
6016,5835,5867
6017,5834,5865
6018,5833,5864
6019,5831,5863
6020,5830,5862
6021,5829,5860
6022,5828,5859
6023,5826,5858
6024,5825,5857
6025,5824,5855
6026,5823,5854
6027,5821,5853
6028,5820,5851
6029,5819,5850
6030,5818,5849
6031,5817,5848
6032,5815,5846
6033,5814,5845
6034,5813,5844
6035,5812,5843
6036,5810,5841
6037,5809,5840
6038,5808,5839
6039,5807,5838
6040,5806,5836
6041,5804,5835
6042,5803,5834
6043,5802,5833
6044,5801,5831
6045,5800,5830
6046,5798,5829
6047,5797,5828
6048,5796,5827
6049,5795,5825
6050,5794,5824
6051,5792,5823
6052,5791,5822
6053,5790,5820
9383,6433,6434
9382,6428,6433
9381,6424,6431
9380,6420,6429
9379,6416,6427
9378,6413,6425
9377,6409,6422
9376,6406,6420
9375,6402,6417
9374,6399,6415
9373,6396,6412
9372,6393,6410
9371,6390,6408
9370,6386,6405
9369,6383,6403
9368,6380,6400
9367,6377,6398
9366,6374,6395
9365,6371,6393
9364,6368,6390
9363,6365,6388
9362,6363,6385
9361,6360,6383
9360,6357,6380
9359,6354,6378
9358,6351,6375
9357,6348,6373
9356,6346,6370
9355,6343,6368
9354,6340,6365
9353,6337,6363
9352,6335,6360
9351,6332,6358
9350,6329,6356
9349,6327,6353
9348,6324,6351
9347,6321,6348
9346,6319,6346
9345,6316,6343
9344,6313,6341
9343,6311,6339
9342,6308,6336
9341,6306,6334
9340,6303,6332
9339,6301,6329
9338,6298,6327
9337,6296,6324
9336,6293,6322
9335,6291,6320
9334,6288,6317
9333,6286,6315
9332,6283,6313
9331,6281,6310
9330,6278,6308
9329,6276,6306
9328,6274,6304
9327,6271,6301
9326,6269,6299
9325,6266,6297
9324,6264,6294
9323,6262,6292
9322,6259,6290
9321,6257,6288
9320,6255,6285
9319,6252,6283
9318,6250,6281
9317,6248,6279
9316,6245,6276
9315,6243,6274
9314,6241,6272
9313,6239,6270
9312,6236,6268
9311,6234,6266
9310,6232,6263
9309,6230,6261
9308,6227,6259
9307,6225,6257
9306,6223,6255
9305,6221,6253
9304,6219,6250
9303,6216,6248
9302,6214,6246
9301,6212,6244
9300,6210,6242
9299,6208,6240
9298,6206,6238
9297,6203,6236
9296,6201,6233
9295,6199,6231
9294,6197,6229
9293,6195,6227
9292,6193,6225
9291,6191,6223
9290,6189,6221
9289,6187,6219
9288,6185,6217
9287,6182,6215
9286,6180,6213
9285,6178,6211
9284,6176,6209
9283,6174,6207
9282,6172,6205
9281,6170,6203
9280,6168,6201
9279,6166,6199
9278,6164,6197
9277,6162,6195
9276,6160,6193
9275,6158,6191
9274,6156,6189
9273,6154,6187
9272,6152,6185
9271,6150,6183
9270,6148,6181
9269,6146,6179
9268,6144,6177
9267,6142,6175
9266,6140,6173
9265,6139,6171
9264,6137,6169
9263,6135,6167
9262,6133,6166
9261,6131,6164
9260,6129,6162
9259,6127,6160
9258,6125,6158
9257,6123,6156
9256,6121,6154
9255,6120,6152
9254,6118,6150
9253,6116,6149
9252,6114,6147
9251,6112,6145
9250,6110,6143
9249,6108,6141
9248,6107,6139
9247,6105,6137
9246,6103,6136
9245,6101,6134
9244,6099,6132
9243,6097,6130
9242,6096,6128
9241,6094,6126
9240,6092,6125
9239,6090,6123
9238,6088,6121
9237,6087,6119
9236,6085,6117
9235,6083,6116
9234,6081,6114
9233,6079,6112
9232,6078,6110
9231,6076,6109
9230,6074,6107
9229,6072,6105
9228,6071,6103
9227,6069,6101
9226,6067,6100
9225,6065,6098
9224,6064,6096
9223,6062,6094
9222,6060,6093
9221,6059,6091
9220,6057,6089
9219,6055,6088
9218,6053,6086
9217,6052,6084
9216,6050,6082
9215,6048,6081
9214,6047,6079
9213,6045,6077
9212,6043,6076
9211,6042,6074
9210,6040,6072
9209,6038,6071
9208,6037,6069
9207,6035,6067
9206,6033,6065
9205,6032,6064
9204,6030,6062
9203,6028,6060
9202,6027,6059
9201,6025,6057
9200,6023,6056
9199,6022,6054
9198,6020,6052
9197,6018,6051
9196,6017,6049
9195,6015,6047
9194,6014,6046
9193,6012,6044
9192,6010,6042
9191,6009,6041
9190,6007,6039
9189,6006,6038
9188,6004,6036
9187,6002,6034
9186,6001,6033
9185,5999,6031
9184,5998,6030
9183,5996,6028
9182,5994,6026
9181,5993,6025
9180,5991,6023
9179,5990,6022
9178,5988,6020
9177,5987,6018
9176,5985,6017
9175,5984,6015
9174,5982,6014
9173,5980,6012
9172,5979,6011
9171,5977,6009
9170,5976,6008
9169,5974,6006
9168,5973,6004
9167,5971,6003
9166,5970,6001
9165,5968,6000
9164,5967,5998
9163,5965,5997
9162,5964,5995
9161,5962,5994
9160,5961,5992
9159,5959,5991
9158,5958,5989
9157,5956,5988
9156,5955,5986
9155,5953,5985
9154,5952,5983
9153,5950,5982
9152,5949,5980
9151,5947,5979
9150,5946,5977
9149,5944,5976
9148,5943,5974
9147,5942,5973
9146,5940,5971
9145,5939,5970
9144,5937,5968
9143,5936,5967
9142,5934,5965
9141,5933,5964
9140,5931,5962
9139,5930,5961
9138,5928,5959
9137,5927,5958
9136,5926,5957
9135,5924,5955
9134,5923,5954
9133,5921,5952
9132,5920,5951
9131,5919,5949
9130,5917,5948
9129,5916,5946
9128,5914,5945
9127,5913,5944
9126,5911,5942
9125,5910,5941
9124,5909,5939
9123,5907,5938
9122,5906,5937
9121,5905,5935
9120,5903,5934
9119,5902,5932
9118,5900,5931
9117,5899,5929
9116,5898,5928
9115,5896,5927
9114,5895,5925
9113,5893,5924
9112,5892,5923
9111,5891,5921
9110,5889,5920
9109,5888,5918
9108,5887,5917
9107,5885,5916
9106,5884,5914
9105,5883,5913
9104,5881,5912
9103,5880,5910
9102,5879,5909
9101,5877,5907
9100,5876,5906
9099,5875,5905
9098,5873,5903
9097,5872,5902
9096,5871,5901
9095,5869,5899
9094,5868,5898
9093,5867,5897
9092,5865,5895
9091,5864,5894
9090,5863,5893
9089,5861,5891
9088,5860,5890
9087,5859,5889
9086,5857,5887
9085,5856,5886
9084,5855,5885
9083,5854,5883
9082,5852,5882
9081,5851,5881
9080,5850,5879
9079,5848,5878
9078,5847,5877
9077,5846,5876
9076,5845,5874
9075,5843,5873
9074,5842,5872
9073,5841,5870
9072,5839,5869
9071,5838,5868
9070,5837,5866
9069,5836,5865
9068,5834,5864
9067,5833,5863
9066,5832,5861
9065,5831,5860
9064,5829,5859
9063,5828,5857
9062,5827,5856
9061,5826,5855
9060,5824,5854
9059,5823,5852
9058,5822,5851
9057,5821,5850
9056,5819,5849
9055,5818,5847
9054,5817,5846
9053,5816,5845
9052,5814,5844
9051,5813,5842
9050,5812,5841
9049,5811,5840
9048,5810,5839
9047,5808,5837
9046,5807,5836
9045,5806,5835
9044,5805,5834
9043,5804,5832
9042,5802,5831
9041,5801,5830
9040,5800,5829
9039,5799,5828
9038,5797,5826
9037,5796,5825
9036,5795,5824
9035,5794,5823
9034,5793,5821
9033,5792,5820
9032,5790,5819
9031,5789,5818
9030,5788,5817
9029,5787,5815
9028,5786,5814
9027,5784,5813
9026,5783,5812
9025,5782,5811
9024,5781,5809
9023,5780,5808
9022,5779,5807
9021,5777,5806
9020,5776,5805
9019,5775,5804
9018,5774,5802
9017,5773,5801
9016,5772,5800
9015,5770,5799
9014,5769,5798
9013,5768,5796
9012,5767,5795
9011,5766,5794
9010,5765,5793
9009,5764,5792
9008,5762,5791
9007,5761,5789
9006,5760,5788
9005,5759,5787
9004,5758,5786
9003,5757,5785
9002,5756,5784
9001,5754,5783
9000,5753,5781
8999,5752,5780
8998,5751,5779
8997,5750,5778
8996,5749,5777
8995,5748,5776
8994,5747,5775
8993,5745,5773
8992,5744,5772
8991,5743,5771
8990,5742,5770
8989,5741,5769
8988,5740,5768
8987,5739,5767
8986,5738,5766
8985,5737,5764
8984,5735,5763
8983,5734,5762
8982,5733,5761
8981,5732,5760
8980,5731,5759
8979,5730,5758
8978,5729,5757
8977,5728,5755
8976,5727,5754
8975,5726,5753
8974,5725,5752
8973,5723,5751
8972,5722,5750
8971,5721,5749
8970,5720,5748
8969,5719,5747
8968,5718,5746
8967,5717,5744
8966,5716,5743
8965,5715,5742
8964,5714,5741
8963,5713,5740
8962,5712,5739
8961,5711,5738
8960,5710,5737
8959,5708,5736
8958,5707,5735
8957,5706,5734
8956,5705,5733
8955,5704,5732
8954,5703,5730
8953,5702,5729
8952,5701,5728
8951,5700,5727
8950,5699,5726
8949,5698,5725
8948,5697,5724
8947,5696,5723
8946,5695,5722
8945,5694,5721
8944,5693,5720
8943,5692,5719
8942,5691,5718
8941,5690,5717
8940,5689,5716
8939,5688,5715
8938,5687,5714
8937,5686,5713
8936,5685,5711
8935,5684,5710
8934,5682,5709
8933,5681,5708
8932,5680,5707
8931,5679,5706
8930,5678,5705
8929,5677,5704
8928,5676,5703
8927,5675,5702
8926,5674,5701
8925,5673,5700
8924,5672,5699
8923,5671,5698
8922,5670,5697
8921,5669,5696
8920,5668,5695
8919,5667,5694
8918,5666,5693
8917,5665,5692
8916,5664,5691
8915,5663,5690
8914,5662,5689
8913,5661,5688
8912,5660,5687
8911,5659,5686
8910,5658,5685
8909,5657,5684
8908,5656,5683
8907,5655,5682
8906,5655,5681
8905,5654,5680
8904,5653,5679
8903,5652,5678
8902,5651,5677
8901,5650,5676
8900,5649,5675
8899,5648,5674
8898,5647,5673
8897,5646,5672
8896,5645,5671
8895,5644,5670
8894,5643,5669
8893,5642,5668
8892,5641,5667
8891,5640,5666
8890,5639,5665
8889,5638,5664
8888,5637,5663
8887,5636,5662
8886,5635,5661
8885,5634,5660
8884,5633,5659
8883,5632,5658
8882,5631,5657
8881,5630,5657
8880,5630,5656
8879,5629,5655
8878,5628,5654
8877,5627,5653
8876,5626,5652
8875,5625,5651
8874,5624,5650
8873,5623,5649
8872,5622,5648
8871,5621,5647
8870,5620,5646
8869,5619,5645
8868,5618,5644
8867,5617,5643
8866,5616,5642
8865,5616,5641
8864,5615,5640
8863,5614,5639
8862,5613,5639
8861,5612,5638
8860,5611,5637
8859,5610,5636
8858,5609,5635
8857,5608,5634
8856,5607,5633
8855,5606,5632
8854,5605,5631
8853,5605,5630
8852,5604,5629
8851,5603,5628
8850,5602,5627
8849,5601,5626
8848,5600,5626
8847,5599,5625
8846,5598,5624
8845,5597,5623
8844,5596,5622
8843,5596,5621
8842,5595,5620
8841,5594,5619
8840,5593,5618
8839,5592,5617
8838,5591,5616
8837,5590,5616
8836,5589,5615
8835,5588,5614
8834,5588,5613
8833,5587,5612
8832,5586,5611
8831,5585,5610
8830,5584,5609
8829,5583,5608
8828,5582,5607
8827,5581,5607
8826,5580,5606
8825,5580,5605
8824,5579,5604
8823,5578,5603
8822,5577,5602
8821,5576,5601
8820,5575,5600
8819,5574,5599
8818,5574,5599
8817,5573,5598
8816,5572,5597
8815,5571,5596
8814,5570,5595
8813,5569,5594
8812,5568,5593
8811,5567,5592
8810,5567,5592
8809,5566,5591
8808,5565,5590
8807,5564,5589
8806,5563,5588
8805,5562,5587
8804,5562,5586
8803,5561,5586
8802,5560,5585
8801,5559,5584
8800,5558,5583
8799,5557,5582
8798,5556,5581
8797,5556,5580
8796,5555,5580
8795,5554,5579
8794,5553,5578
8793,5552,5577
8792,5551,5576
8791,5551,5575
8790,5550,5574
8789,5549,5574
8788,5548,5573
8787,5547,5572
8786,5546,5571
8785,5546,5570
8784,5545,5569
8783,5544,5569
8782,5543,5568
8781,5542,5567
8780,5541,5566
8779,5541,5565
8778,5540,5564
8777,5539,5564
8776,5538,5563
8775,5537,5562
8774,5537,5561
8773,5536,5560
8772,5535,5559
8771,5534,5559
8770,5533,5558
8769,5533,5557
8768,5532,5556
8767,5531,5555
8766,5530,5555
8765,5529,5554
8764,5528,5553
8763,5528,5552
8762,5527,5551
8761,5526,5550
8760,5525,5550
8759,5524,5549
8758,5524,5548
8757,5523,5547
8756,5522,5546
8755,5521,5546
8754,5520,5545
8753,5520,5544
8752,5519,5543
8751,5518,5542
8750,5517,5542
8749,5517,5541
8748,5516,5540
8747,5515,5539
8746,5514,5538
8745,5513,5538
8744,5513,5537
8743,5512,5536
8742,5511,5535
8741,5510,5534
8740,5509,5534
8739,5509,5533
8738,5508,5532
8737,5507,5531
8736,5506,5530
8735,5506,5530
8734,5505,5529
8733,5504,5528
8732,5503,5527
8731,5503,5527
8730,5502,5526
8729,5501,5525
8728,5500,5524
8727,5499,5523
8726,5499,5523
8725,5498,5522
8724,5497,5521
8723,5496,5520
8722,5496,5520
8721,5495,5519
8720,5494,5518
8719,5493,5517
8718,5493,5516
8717,5492,5516
8716,5491,5515
8715,5490,5514
8714,5490,5513
8713,5489,5513
8712,5488,5512
8711,5487,5511
8710,5487,5510
8709,5486,5510
8708,5485,5509
8707,5484,5508
8706,5484,5507
8705,5483,5507
8704,5482,5506
8703,5481,5505
8702,5481,5504
8701,5480,5504
8700,5479,5503
8699,5478,5502
8698,5478,5501
8697,5477,5501
8696,5476,5500
8695,5476,5499
8694,5475,5498
8693,5474,5498
8692,5473,5497
8691,5473,5496
8690,5472,5495
8689,5471,5495
8688,5470,5494
8687,5470,5493
8686,5469,5492
8685,5468,5492
8684,5468,5491
8683,5467,5490
8682,5466,5490
8681,5465,5489
8680,5465,5488
8679,5464,5487
8678,5463,5487
8677,5462,5486
8676,5462,5485
8675,5461,5484
8674,5460,5484
8673,5460,5483
8672,5459,5482
8671,5458,5482
8670,5458,5481
8669,5457,5480
8668,5456,5479
8667,5455,5479
8666,5455,5478
8665,5454,5477
8664,5453,5477
8663,5453,5476
8662,5452,5475
8661,5451,5474
8660,5450,5474
8659,5450,5473
8658,5449,5472
8657,5448,5472
8656,5448,5471
8655,5447,5470
8654,5446,5469
8653,5446,5469
8652,5445,5468
8651,5444,5467
8650,5444,5467
8649,5443,5466
8648,5442,5465
8647,5441,5465
8646,5441,5464
8645,5440,5463
8644,5439,5462
8643,5439,5462
8642,5438,5461
8641,5437,5460
8640,5437,5460
8639,5436,5459
8638,5435,5458
8637,5435,5458
8636,5434,5457
8635,5433,5456
8634,5433,5456
8633,5432,5455
8632,5431,5454
8631,5431,5454
8630,5430,5453
8629,5429,5452
8628,5429,5451
8627,5428,5451
8626,5427,5450
8625,5427,5449
8624,5426,5449
8623,5425,5448
8622,5425,5447
8621,5424,5447
8620,5423,5446
8619,5423,5445
8618,5422,5445
8617,5421,5444
8616,5421,5443
8615,5420,5443
8614,5419,5442
8613,5419,5441
8612,5418,5441
8611,5417,5440
8610,5417,5439
8609,5416,5439
8608,5415,5438
8607,5415,5437
8606,5414,5437
8605,5413,5436
8604,5413,5435
8603,5412,5435
8602,5411,5434
8601,5411,5433
8600,5410,5433
8599,5410,5432
8598,5409,5431
8597,5408,5431
8596,5408,5430
8595,5407,5430
8594,5406,5429
8593,5406,5428
8592,5405,5428
8591,5404,5427
8590,5404,5426
8589,5403,5426
8588,5402,5425
8587,5402,5424
8586,5401,5424
8585,5401,5423
8584,5400,5422
8583,5399,5422
8582,5399,5421
8581,5398,5421
8580,5397,5420
8579,5397,5419
8578,5396,5419
8577,5396,5418
8576,5395,5417
8575,5394,5417
8574,5394,5416
8573,5393,5415
8572,5392,5415
8571,5392,5414
8570,5391,5414
8569,5391,5413
8568,5390,5412
8567,5389,5412
8566,5389,5411
8565,5388,5410
8564,5387,5410
8563,5387,5409
8562,5386,5409
8561,5386,5408
8560,5385,5407
8559,5384,5407
8558,5384,5406
8557,5383,5405
8556,5383,5405
8555,5382,5404
8554,5381,5404
8553,5381,5403
8552,5380,5402
8551,5380,5402
8550,5379,5401
8549,5378,5401
8548,5378,5400
8547,5377,5399
8546,5377,5399
8545,5376,5398
8544,5375,5398
8543,5375,5397
8542,5374,5396
8541,5374,5396
8540,5373,5395
8539,5372,5394
8538,5372,5394
8537,5371,5393
8536,5371,5393
8535,5370,5392
8534,5369,5391
8533,5369,5391
8532,5368,5390
8531,5368,5390
8530,5367,5389
8529,5366,5389
8528,5366,5388
8527,5365,5387
8526,5365,5387
8525,5364,5386
8524,5364,5386
8523,5363,5385
8522,5362,5384
8521,5362,5384
8520,5361,5383
8519,5361,5383
8518,5360,5382
8517,5360,5381
8516,5359,5381
8515,5358,5380
8514,5358,5380
8513,5357,5379
8512,5357,5379
8511,5356,5378
8510,5355,5377
8509,5355,5377
8508,5354,5376
8507,5354,5376
8506,5353,5375
8505,5353,5374
8504,5352,5374
8503,5352,5373
8502,5351,5373
8501,5350,5372
8500,5350,5372
8499,5349,5371
8498,5349,5370
8497,5348,5370
8496,5348,5369
8495,5347,5369
8494,5346,5368
8493,5346,5368
8492,5345,5367
8491,5345,5367
8490,5344,5366
8489,5344,5365
8488,5343,5365
8487,5343,5364
8486,5342,5364
8485,5341,5363
8484,5341,5363
8483,5340,5362
8482,5340,5361
8481,5339,5361
8480,5339,5360
8479,5338,5360
8478,5338,5359
8477,5337,5359
8476,5337,5358
8475,5336,5358
8474,5335,5357
8473,5335,5356
8472,5334,5356
8471,5334,5355
8470,5333,5355
8469,5333,5354
8468,5332,5354
8467,5332,5353
8466,5331,5353
8465,5331,5352
8464,5330,5352
8463,5329,5351
8462,5329,5350
8461,5328,5350
8460,5328,5349
8459,5327,5349
8458,5327,5348
8457,5326,5348
8456,5326,5347
8455,5325,5347
8454,5325,5346
8453,5324,5346
8452,5324,5345
8451,5323,5345
8450,5323,5344
8449,5322,5344
8448,5322,5343
8447,5321,5342
8446,5321,5342
8445,5320,5341
8444,5319,5341
8443,5319,5340
8442,5318,5340
8441,5318,5339
8440,5317,5339
8439,5317,5338
8438,5316,5338
8437,5316,5337
8436,5315,5337
8435,5315,5336
8434,5314,5336
8433,5314,5335
8432,5313,5335
8431,5313,5334
8430,5312,5334
8429,5312,5333
8428,5311,5333
8427,5311,5332
8426,5310,5331
8425,5310,5331
8424,5309,5330
8423,5309,5330
8422,5308,5329
8421,5308,5329
8420,5307,5328
8419,5307,5328
8418,5306,5327
8417,5306,5327
8416,5305,5326
8415,5305,5326
8414,5304,5325
8413,5304,5325
8412,5303,5324
8411,5303,5324
7162,5137,5155
7161,5137,5155
7160,5137,5155
7159,5137,5156
7158,5138,5156
7157,5138,5156
7156,5138,5156
7155,5138,5157
7154,5138,5157
7153,5139,5157
7152,5139,5157
7151,5139,5157
7150,5139,5158
7149,5139,5158
7148,5140,5158
7147,5140,5158
7146,5140,5158
7145,5140,5159
7144,5140,5159
7143,5141,5159
7142,5141,5159
7141,5141,5159
7140,5141,5160
7139,5141,5160
7138,5142,5160
7137,5142,5160
7136,5142,5160
7135,5142,5161
7134,5143,5161
7133,5143,5161
7132,5143,5161
7131,5143,5162
7130,5143,5162
7129,5144,5162
7128,5144,5162
7127,5144,5162
7126,5144,5163
7125,5144,5163
7124,5145,5163
7123,5145,5163
7122,5145,5164
7121,5145,5164
7120,5146,5164
7119,5146,5164
7118,5146,5164
7117,5146,5165
7116,5146,5165
7115,5147,5165
7114,5147,5165
7113,5147,5166
7112,5147,5166
7111,5148,5166
7110,5148,5166
7109,5148,5166
7108,5148,5167
7107,5149,5167
7106,5149,5167
7105,5149,5167
7104,5149,5168
7103,5149,5168
7102,5150,5168
7101,5150,5168
7100,5150,5169
7099,5150,5169
7098,5151,5169
7097,5151,5169
7096,5151,5170
7095,5151,5170
7094,5152,5170
7093,5152,5170
7092,5152,5170
7091,5152,5171
7090,5152,5171
7089,5153,5171
7088,5153,5171
7087,5153,5172
7086,5153,5172
7085,5154,5172
7084,5154,5172
7083,5154,5173
7082,5154,5173
7081,5155,5173
7080,5155,5173
7079,5155,5174
7078,5155,5174
7077,5156,5174
7076,5156,5174
7075,5156,5175
7074,5156,5175
7073,5157,5175
7072,5157,5175
7071,5157,5176
7070,5157,5176
7069,5158,5176
7068,5158,5176
7067,5158,5177
7066,5158,5177
7065,5159,5177
7064,5159,5177
7063,5159,5178
7062,5159,5178
7061,5160,5178
7060,5160,5178
7059,5160,5179
7058,5160,5179
7057,5161,5179
7056,5161,5179
7055,5161,5180
7054,5161,5180
7053,5162,5180
7052,5162,5181
7051,5162,5181
7050,5162,5181
7049,5163,5181
7048,5163,5182
7047,5163,5182
7046,5164,5182
7045,5164,5182
7044,5164,5183
7043,5164,5183
7042,5165,5183
7041,5165,5183
7040,5165,5184
7039,5165,5184
7038,5166,5184
7037,5166,5185
7036,5166,5185
7035,5166,5185
7034,5167,5185
7033,5167,5186
7032,5167,5186
7031,5168,5186
7030,5168,5186
7029,5168,5187
7028,5168,5187
7027,5169,5187
7026,5169,5188
7025,5169,5188
7024,5169,5188
7023,5170,5188
7022,5170,5189
7021,5170,5189
7020,5171,5189
7019,5171,5190
7018,5171,5190
7017,5171,5190
7016,5172,5190
7015,5172,5191
7014,5172,5191
7013,5173,5191
7012,5173,5191
7011,5173,5192
7010,5173,5192
7009,5174,5192
7008,5174,5193
7007,5174,5193
7006,5175,5193
7005,5175,5194
7004,5175,5194
7003,5175,5194
7002,5176,5194
7001,5176,5195
7000,5176,5195
6999,5177,5195
6998,5177,5196
6997,5177,5196
6996,5177,5196
6995,5178,5196
6994,5178,5197
6993,5178,5197
6992,5179,5197
6991,5179,5198
6990,5179,5198
6989,5179,5198
6988,5180,5199
6987,5180,5199
6986,5180,5199
6985,5181,5199
6984,5181,5200
6983,5181,5200
6982,5182,5200
6981,5182,5201
6980,5182,5201
6979,5182,5201
6978,5183,5202
6977,5183,5202
6976,5183,5202
6975,5184,5202
6974,5184,5203
6973,5184,5203
6972,5185,5203
6971,5185,5204
6970,5185,5204
6969,5186,5204
6968,5186,5205
6967,5186,5205
6966,5186,5205
6965,5187,5206
6964,5187,5206
6963,5187,5206
6962,5188,5207
6961,5188,5207
6960,5188,5207
6959,5189,5207
6958,5189,5208
6957,5189,5208
6956,5190,5208
6955,5190,5209
6954,5190,5209
6953,5191,5209
6952,5191,5210
6951,5191,5210
6950,5191,5210
6949,5192,5211
6948,5192,5211
6947,5192,5211
6946,5193,5212
6945,5193,5212
6944,5193,5212
6943,5194,5213
6942,5194,5213
6941,5194,5213
6940,5195,5214
6939,5195,5214
6938,5195,5214
6937,5196,5215
6936,5196,5215
6935,5196,5215
6934,5197,5216
6933,5197,5216
6932,5197,5216
6931,5198,5217
6930,5198,5217
6929,5198,5217
6928,5199,5218
6927,5199,5218
6926,5199,5218
6925,5200,5219
6924,5200,5219
6923,5200,5219
6922,5201,5220
6921,5201,5220
6920,5201,5220
6919,5202,5221
6918,5202,5221
6917,5202,5221
6916,5203,5222
6915,5203,5222
6914,5203,5222
6913,5204,5223
6912,5204,5223
6911,5204,5223
6910,5205,5224
6909,5205,5224
6908,5205,5224
6907,5206,5225
6906,5206,5225
6905,5206,5225
6904,5207,5226
6903,5207,5226
6902,5208,5227
6901,5208,5227
6900,5208,5227
6899,5209,5228
6898,5209,5228
6897,5209,5228
6896,5210,5229
6895,5210,5229
6894,5210,5229
6893,5211,5230
6892,5211,5230
6891,5211,5230
6890,5212,5231
6889,5212,5231
6888,5212,5231
6887,5213,5232
6886,5213,5232
6885,5214,5233
6884,5214,5233
6883,5214,5233
6882,5215,5234
6881,5215,5234
6880,5215,5234
6879,5216,5235
6878,5216,5235
6877,5216,5235
6876,5217,5236
6875,5217,5236
6874,5217,5237
6873,5218,5237
6872,5218,5237
6871,5219,5238
6870,5219,5238
6869,5219,5238
6868,5220,5239
6867,5220,5239
6866,5220,5240
6865,5221,5240
6864,5221,5240
6863,5222,5241
6862,5222,5241
6861,5222,5241
6860,5223,5242
6859,5223,5242
6858,5223,5243
6857,5224,5243
6856,5224,5243
6855,5225,5244
6854,5225,5244
6853,5225,5244
6852,5226,5245
6851,5226,5245
6850,5226,5246
6849,5227,5246
6848,5227,5246
6847,5228,5247
6846,5228,5247
6845,5228,5248
6844,5229,5248
6843,5229,5248
6842,5229,5249
6841,5230,5249
6840,5230,5250
6839,5231,5250
6838,5231,5250
6837,5231,5251
6836,5232,5251
6835,5232,5251
6834,5233,5252
6833,5233,5252
6832,5233,5253
6831,5234,5253
6830,5234,5253
6829,5235,5254
6828,5235,5254
6827,5235,5255
6826,5236,5255
6825,5236,5255
6824,5237,5256
6823,5237,5256
6822,5237,5257
6821,5238,5257
6820,5238,5257
6819,5238,5258
6818,5239,5258
6817,5239,5259
6816,5240,5259
6815,5240,5259
6814,5241,5260
6813,5241,5260
6812,5241,5261
6811,5242,5261
6810,5242,5262
6809,5243,5262
6808,5243,5262
6807,5243,5263
6806,5244,5263
6805,5244,5264
6804,5245,5264
6803,5245,5264
6802,5245,5265
6801,5246,5265
6800,5246,5266
6799,5247,5266
6798,5247,5266
6797,5247,5267
6796,5248,5267
6795,5248,5268
6794,5249,5268
6793,5249,5269
6792,5250,5269
6791,5250,5269
6790,5250,5270
6789,5251,5270
6788,5251,5271
6787,5252,5271
6786,5252,5272
6785,5252,5272
6784,5253,5272
6783,5253,5273
6782,5254,5273
6781,5254,5274
6780,5255,5274
6779,5255,5275
6778,5255,5275
6777,5256,5275
6776,5256,5276
6775,5257,5276
6774,5257,5277
6773,5258,5277
6772,5258,5278
6771,5258,5278
6770,5259,5278
6769,5259,5279
6768,5260,5279
6767,5260,5280
6766,5261,5280
6765,5261,5281
6764,5261,5281
6763,5262,5282
6762,5262,5282
6761,5263,5282
6760,5263,5283
6759,5264,5283
6758,5264,5284
6757,5265,5284
6756,5265,5285
6755,5265,5285
6754,5266,5286
6753,5266,5286
6752,5267,5286
6751,5267,5287
6750,5268,5287
6749,5268,5288
6748,5268,5288
6747,5269,5289
6746,5269,5289
6745,5270,5290
6744,5270,5290
6743,5271,5291
6742,5271,5291
6741,5272,5291
6740,5272,5292
6739,5273,5292
6738,5273,5293
6737,5273,5293
6736,5274,5294
6735,5274,5294
6734,5275,5295
6733,5275,5295
6732,5276,5296
6731,5276,5296
6730,5277,5296
6729,5277,5297
6728,5278,5297
6727,5278,5298
6726,5278,5298
6725,5279,5299
6724,5279,5299
6723,5280,5300
6722,5280,5300
6721,5281,5301
6720,5281,5301
6719,5282,5302
6718,5282,5302
6717,5283,5303
6716,5283,5303
6715,5284,5304
6714,5284,5304
6713,5285,5304
6712,5285,5305
6711,5285,5305
6710,5286,5306
6709,5286,5306
6708,5287,5307
6707,5287,5307
6706,5288,5308
6705,5288,5308
6704,5289,5309
6703,5289,5309
6702,5290,5310
6701,5290,5310
6700,5291,5311
6699,5291,5311
6698,5292,5312
6697,5292,5312
6696,5293,5313
6695,5293,5313
6694,5294,5314
6693,5294,5314
6692,5295,5315
6691,5295,5315
6690,5296,5316
6689,5296,5316
6688,5296,5317
6687,5297,5317
6686,5297,5318
6685,5298,5318
6684,5298,5319
6683,5299,5319
6682,5299,5320
6681,5300,5320
6680,5300,5321
6679,5301,5321
6678,5301,5322
6677,5302,5322
6676,5302,5323
6675,5303,5323
6674,5303,5324
6673,5304,5324
6672,5304,5325
6671,5305,5325
6670,5305,5326
6669,5306,5326
6668,5306,5327
6667,5307,5327
6666,5307,5328
6665,5308,5328
6664,5308,5329
6663,5309,5329
6662,5309,5330
6661,5310,5330
6660,5310,5331
6659,5311,5331
6658,5311,5332
6657,5312,5332
6656,5312,5333
6655,5313,5333
6654,5313,5334
6653,5314,5334
6652,5314,5335
6651,5315,5335
6650,5315,5336
6649,5316,5336
6648,5317,5337
6647,5317,5337
6646,5318,5338
6645,5318,5339
6644,5319,5339
6643,5319,5340
6642,5320,5340
6641,5320,5341
6640,5321,5341
6639,5321,5342
6638,5322,5342
6637,5322,5343
6636,5323,5343
6635,5323,5344
6634,5324,5344
6633,5324,5345
6632,5325,5345
6631,5325,5346
6630,5326,5346
6629,5326,5347
6628,5327,5348
6627,5328,5348
6626,5328,5349
6625,5329,5349
6624,5329,5350
6623,5330,5350
6622,5330,5351
6621,5331,5351
6620,5331,5352
6619,5332,5352
6618,5332,5353
6617,5333,5354
6616,5333,5354
6615,5334,5355
6614,5334,5355
6613,5335,5356
6612,5336,5356
6611,5336,5357
6610,5337,5357
6609,5337,5358
6608,5338,5358
6607,5338,5359
6606,5339,5360
6605,5339,5360
6604,5340,5361
6603,5340,5361
6602,5341,5362
6601,5342,5362
6600,5342,5363
6599,5343,5364
6598,5343,5364
6597,5344,5365
6596,5344,5365
6595,5345,5366
6310,5538,5562
6309,5539,5563
6308,5539,5564
6307,5540,5565
6306,5541,5566
6305,5542,5566
6304,5543,5567
6303,5544,5568
6302,5544,5569
6301,5545,5570
6300,5546,5571
6299,5547,5571
6298,5548,5572
6297,5548,5573
6296,5549,5574
6295,5550,5575
6294,5551,5576
6293,5552,5577
6292,5553,5577
6291,5553,5578
6290,5554,5579
6289,5555,5580
6288,5556,5581
6287,5557,5582
6286,5558,5583
6285,5558,5583
6284,5559,5584
6283,5560,5585
6282,5561,5586
6281,5562,5587
6280,5563,5588
6279,5564,5589
6278,5564,5589
6277,5565,5590
6276,5566,5591
6275,5567,5592
6274,5568,5593
6273,5569,5594
6272,5570,5595
6271,5570,5596
6270,5571,5596
6269,5572,5597
6268,5573,5598
6267,5574,5599
6266,5575,5600
6265,5576,5601
6264,5576,5602
6263,5577,5603
6262,5578,5603
6261,5579,5604
6260,5580,5605
6259,5581,5606
6258,5582,5607
6257,5583,5608
6256,5583,5609
6255,5584,5610
6254,5585,5611
6253,5586,5612
6252,5587,5612
6251,5588,5613
6250,5589,5614
6249,5590,5615
6248,5590,5616
6247,5591,5617
6246,5592,5618
6245,5593,5619
6244,5594,5620
6243,5595,5621
6242,5596,5621
6241,5597,5622
6240,5598,5623
6239,5598,5624
6238,5599,5625
6237,5600,5626
6236,5601,5627
6235,5602,5628
6234,5603,5629
6233,5604,5630
6232,5605,5631
6231,5606,5632
6230,5607,5633
6229,5608,5633
6228,5608,5634
6227,5609,5635
6226,5610,5636
6225,5611,5637
6224,5612,5638
6223,5613,5639
6222,5614,5640
6221,5615,5641
6220,5616,5642
6219,5617,5643
6218,5618,5644
6217,5619,5645
6216,5619,5646
6215,5620,5647
6214,5621,5648
6213,5622,5649
6212,5623,5649
6211,5624,5650
6210,5625,5651
6209,5626,5652
6208,5627,5653
6207,5628,5654
6206,5629,5655
6205,5630,5656
6204,5631,5657
6203,5632,5658
6202,5633,5659
6201,5633,5660
6200,5634,5661
6199,5635,5662
6198,5636,5663
6197,5637,5664
6196,5638,5665
6195,5639,5666
6194,5640,5667
6193,5641,5668
6192,5642,5669
6191,5643,5670
6190,5644,5671
6189,5645,5672
6188,5646,5673
6187,5647,5674
6186,5648,5675
6185,5649,5676
6184,5650,5677
6183,5651,5678
6182,5652,5679
6181,5653,5680
6112,5723,5752
6111,5724,5753
6110,5726,5754
6109,5727,5755
6108,5728,5757
6107,5729,5758
6106,5730,5759
6105,5731,5760
6104,5732,5761
6103,5733,5762
6102,5734,5763
6101,5735,5764
6100,5736,5766
6099,5738,5767
6098,5739,5768
6097,5740,5769
6096,5741,5770
6095,5742,5771
6094,5743,5772
6093,5744,5773
6092,5745,5775
6091,5746,5776
6090,5748,5777
6089,5749,5778
6088,5750,5779
6087,5751,5780
6086,5752,5781
6085,5753,5783
6084,5754,5784
6083,5755,5785
6066,5775,5805
6065,5776,5806
6064,5777,5807
6063,5778,5808
6062,5779,5810
6061,5781,5811
6060,5782,5812
6059,5783,5813
6058,5784,5814
6057,5785,5816
6056,5786,5817
6055,5788,5818
6054,5789,5819
6067,5774,5804
6068,5772,5802
6069,5771,5801
6070,5770,5800
6071,5769,5799
6072,5768,5798
6073,5767,5797
6074,5766,5795
6075,5764,5794
6076,5763,5793
6077,5762,5792
6078,5761,5791
6079,5760,5790
6080,5759,5788
6081,5758,5787
6082,5756,5786
6113,5722,5751
6114,5721,5750
6115,5720,5749
6116,5719,5748
6117,5718,5747
6118,5717,5746
6119,5716,5744
6120,5715,5743
6121,5714,5742
6122,5713,5741
6123,5712,5740
6124,5711,5739
6125,5709,5738
6126,5708,5737
6127,5707,5736
6128,5706,5735
6129,5705,5734
6130,5704,5732
6131,5703,5731
6132,5702,5730
6133,5701,5729
6134,5700,5728
6135,5699,5727
6136,5698,5726
6137,5697,5725
6138,5696,5724
6139,5695,5723
6140,5694,5722
6141,5693,5721
6142,5692,5720
6143,5691,5719
6144,5690,5718
6145,5689,5717
6146,5688,5715
6147,5687,5714
6148,5686,5713
6149,5685,5712
6150,5684,5711
6151,5683,5710
6152,5682,5709
6153,5681,5708
6154,5679,5707
6155,5678,5706
6156,5677,5705
6157,5676,5704
6158,5675,5703
6159,5674,5702
6160,5673,5701
6161,5672,5700
6162,5671,5699
6163,5670,5698
6164,5669,5697
6165,5668,5696
6166,5667,5695
6167,5666,5694
6168,5665,5693
6169,5664,5692
6170,5663,5691
6171,5662,5690
6172,5662,5689
6173,5661,5688
6174,5660,5687
6175,5659,5686
6176,5658,5685
6177,5657,5684
6178,5656,5683
6179,5655,5682
6180,5654,5681
6311,5537,5561
6312,5536,5561
6313,5535,5560
6314,5535,5559
6315,5534,5558
6316,5533,5557
6317,5532,5556
6318,5531,5556
6319,5531,5555
6320,5530,5554
6321,5529,5553
6322,5528,5552
6323,5527,5552
6324,5527,5551
6325,5526,5550
6326,5525,5549
6327,5524,5548
6328,5523,5547
6329,5523,5547
6330,5522,5546
6331,5521,5545
6332,5520,5544
6333,5519,5543
6334,5519,5543
6335,5518,5542
6336,5517,5541
6337,5516,5540
6338,5515,5539
6339,5515,5539
6340,5514,5538
6341,5513,5537
6342,5512,5536
6343,5512,5535
6344,5511,5535
6345,5510,5534
6346,5509,5533
6347,5508,5532
6348,5508,5531
6349,5507,5531
6350,5506,5530
6351,5505,5529
6352,5505,5528
6353,5504,5528
6354,5503,5527
6355,5502,5526
6356,5501,5525
6357,5501,5524
6358,5500,5524
6359,5499,5523
6360,5498,5522
6361,5498,5521
6362,5497,5521
6363,5496,5520
6364,5495,5519
6365,5495,5518
6366,5494,5517
6367,5493,5517
6368,5492,5516
6369,5492,5515
6370,5491,5514
6371,5490,5514
6372,5489,5513
6373,5489,5512
6374,5488,5511
6375,5487,5511
6376,5486,5510
6377,5486,5509
6378,5485,5508
6379,5484,5507
6380,5483,5507
6381,5483,5506
6382,5482,5505
6383,5481,5504
6384,5480,5504
6385,5480,5503
6386,5479,5502
6387,5478,5501
6388,5478,5501
6389,5477,5500
6390,5476,5499
6391,5475,5498
6392,5475,5498
6393,5474,5497
6394,5473,5496
6395,5472,5496
6396,5472,5495
6397,5471,5494
6398,5470,5493
6399,5470,5493
6400,5469,5492
6401,5468,5491
6402,5467,5490
6403,5467,5490
6404,5466,5489
6405,5465,5488
6406,5464,5487
6407,5464,5487
6408,5463,5486
6409,5462,5485
6410,5462,5485
6411,5461,5484
6412,5460,5483
6413,5459,5482
6414,5459,5482
6415,5458,5481
6416,5457,5480
6417,5457,5479
6418,5456,5479
6419,5455,5478
6420,5455,5477
6421,5454,5477
6422,5453,5476
6423,5452,5475
6424,5452,5474
6425,5451,5474
6426,5450,5473
6427,5450,5472
6428,5449,5472
6429,5448,5471
6430,5448,5470
6431,5447,5469
6432,5446,5469
6433,5445,5468
6434,5445,5467
6435,5444,5467
6436,5443,5466
6437,5443,5465
6438,5442,5465
6439,5441,5464
6440,5441,5463
6441,5440,5462
6442,5439,5462
6443,5439,5461
6444,5438,5460
6445,5437,5460
6446,5437,5459
6447,5436,5458
6448,5435,5458
6449,5435,5457
6450,5434,5456
6451,5433,5456
6452,5433,5455
6453,5432,5454
6454,5431,5454
6455,5431,5453
6456,5430,5452
6457,5429,5451
6458,5428,5451
6459,5428,5450
6460,5427,5449
6461,5426,5449
6462,5426,5448
6463,5425,5447
6464,5425,5447
6465,5424,5446
6466,5423,5445
6467,5423,5445
6468,5422,5444
6469,5421,5443
6470,5421,5443
6471,5420,5442
6472,5419,5441
6473,5419,5441
6474,5418,5440
6475,5417,5439
6476,5417,5439
6477,5416,5438
6478,5415,5437
6479,5415,5437
6480,5414,5436
6481,5413,5435
6482,5413,5435
6483,5412,5434
6484,5411,5433
6485,5411,5433
6486,5410,5432
6487,5409,5431
6488,5409,5431
6489,5408,5430
6490,5408,5429
6491,5407,5429
6492,5406,5428
6493,5406,5428
6494,5405,5427
6495,5404,5426
6496,5404,5426
6497,5403,5425
6498,5402,5424
6499,5402,5424
6500,5401,5423
6501,5401,5422
6502,5400,5422
6503,5399,5421
6504,5399,5420
6505,5398,5420
6506,5397,5419
6507,5397,5419
6508,5396,5418
6509,5396,5417
6510,5395,5417
6511,5394,5416
6512,5394,5415
6513,5393,5415
6514,5392,5414
6515,5392,5413
6516,5391,5413
6517,5391,5412
6518,5390,5412
6519,5389,5411
6520,5389,5410
6521,5388,5410
6522,5388,5409
6523,5387,5408
6524,5386,5408
6525,5386,5407
6526,5385,5407
6527,5384,5406
6528,5384,5405
6529,5383,5405
6530,5383,5404
6531,5382,5403
6532,5381,5403
6533,5381,5402
6534,5380,5402
6535,5380,5401
6536,5379,5400
6537,5378,5400
6538,5378,5399
6539,5377,5399
6540,5377,5398
6541,5376,5397
6542,5375,5397
6543,5375,5396
6544,5374,5396
6545,5374,5395
6546,5373,5394
6547,5372,5394
6548,5372,5393
6549,5371,5393
6550,5371,5392
6551,5370,5391
6552,5369,5391
6553,5369,5390
6554,5368,5390
6555,5368,5389
6556,5367,5388
6557,5367,5388
6558,5366,5387
6559,5365,5387
6560,5365,5386
6561,5364,5385
6562,5364,5385
6563,5363,5384
6564,5362,5384
6565,5362,5383
6566,5361,5382
6567,5361,5382
6568,5360,5381
6569,5360,5381
6570,5359,5380
6571,5358,5380
6572,5358,5379
6573,5357,5378
6574,5357,5378
6575,5356,5377
6576,5356,5377
6577,5355,5376
6578,5354,5375
6579,5354,5375
6580,5353,5374
6581,5353,5374
6582,5352,5373
6583,5352,5373
6584,5351,5372
6585,5350,5371
6586,5350,5371
6587,5349,5370
6588,5349,5370
6589,5348,5369
6590,5348,5369
6591,5347,5368
6592,5347,5367
6593,5346,5367
6594,5345,5366
7163,5137,5155
7164,5136,5155
7165,5136,5154
7166,5136,5154
7167,5136,5154
7168,5136,5154
7169,5135,5154
7170,5135,5153
7171,5135,5153
7172,5135,5153
7173,5135,5153
7174,5134,5153
7175,5134,5153
7176,5134,5152
7177,5134,5152
7178,5134,5152
7179,5133,5152
7180,5133,5152
7181,5133,5151
7182,5133,5151
7183,5133,5151
7184,5132,5151
7185,5132,5151
7186,5132,5150
7187,5132,5150
7188,5132,5150
7189,5132,5150
7190,5131,5150
7191,5131,5149
7192,5131,5149
7193,5131,5149
7194,5131,5149
7195,5130,5149
7196,5130,5149
7197,5130,5148
7198,5130,5148
7199,5130,5148
7200,5130,5148
7201,5129,5148
7202,5129,5147
7203,5129,5147
7204,5129,5147
7205,5129,5147
7206,5128,5147
7207,5128,5147
7208,5128,5146
7209,5128,5146
7210,5128,5146
7211,5128,5146
7212,5127,5146
7213,5127,5146
7214,5127,5145
7215,5127,5145
7216,5127,5145
7217,5127,5145
7218,5126,5145
7219,5126,5145
7220,5126,5144
7221,5126,5144
7222,5126,5144
7223,5126,5144
7224,5125,5144
7225,5125,5144
7226,5125,5143
7227,5125,5143
7228,5125,5143
7229,5125,5143
7230,5124,5143
7231,5124,5143
7232,5124,5142
7233,5124,5142
7234,5124,5142
7235,5124,5142
7236,5123,5142
7237,5123,5142
7238,5123,5141
7239,5123,5141
7240,5123,5141
7241,5123,5141
7242,5122,5141
7243,5122,5141
7244,5122,5140
7245,5122,5140
7246,5122,5140
7247,5122,5140
7248,5122,5140
7249,5121,5140
7250,5121,5140
7251,5121,5139
7252,5121,5139
7253,5121,5139
7254,5121,5139
7255,5121,5139
7256,5120,5139
7257,5120,5138
7258,5120,5138
7259,5120,5138
7260,5120,5138
7261,5120,5138
7262,5119,5138
7263,5119,5138
7264,5119,5137
7265,5119,5137
7266,5119,5137
7267,5119,5137
7268,5119,5137
7269,5118,5137
7270,5118,5137
7271,5118,5136
7272,5118,5136
7273,5118,5136
7274,5118,5136
7275,5118,5136
7276,5117,5136
7277,5117,5136
7278,5117,5135
7279,5117,5135
7280,5117,5135
7281,5117,5135
7282,5117,5135
7283,5117,5135
7284,5116,5135
7285,5116,5135
7286,5116,5134
7287,5116,5134
7288,5116,5134
7289,5116,5134
7290,5116,5134
7291,5115,5134
7292,5115,5134
7293,5115,5133
7294,5115,5133
7295,5115,5133
7296,5115,5133
7297,5115,5133
7298,5115,5133
7299,5114,5133
7300,5114,5133
7301,5114,5132
7302,5114,5132
7303,5114,5132
7304,5114,5132
7305,5114,5132
7306,5114,5132
7307,5113,5132
7308,5113,5132
7309,5113,5131
7310,5113,5131
7311,5113,5131
7312,5113,5131
7313,5113,5131
7314,5113,5131
7315,5112,5131
7316,5112,5131
7317,5112,5130
7318,5112,5130
7319,5112,5130
7320,5112,5130
7321,5112,5130
7322,5112,5130
7323,5112,5130
7324,5111,5130
7325,5111,5130
7326,5111,5129
7327,5111,5129
7328,5111,5129
7329,5111,5129
7330,5111,5129
7331,5111,5129
7332,5111,5129
7333,5110,5129
7334,5110,5129
7335,5110,5128
7336,5110,5128
7337,5110,5128
7338,5110,5128
7339,5110,5128
7340,5110,5128
7341,5110,5128
7342,5109,5128
7343,5109,5128
7344,5109,5128
7345,5109,5127
7346,5109,5127
7347,5109,5127
7348,5109,5127
7349,5109,5127
7350,5109,5127
7351,5109,5127
7352,5108,5127
7353,5108,5127
7354,5108,5127
7355,5108,5126
7356,5108,5126
7357,5108,5126
7358,5108,5126
7359,5108,5126
7360,5108,5126
7361,5108,5126
7362,5108,5126
7363,5107,5126
7364,5107,5126
7365,5107,5125
7366,5107,5125
7367,5107,5125
7368,5107,5125
7369,5107,5125
7370,5107,5125
7371,5107,5125
7372,5107,5125
7373,5107,5125
7374,5106,5125
7375,5106,5125
7376,5106,5124
7377,5106,5124
7378,5106,5124
7379,5106,5124
7380,5106,5124
7381,5106,5124
7382,5106,5124
7383,5106,5124
7384,5106,5124
7385,5105,5124
7386,5105,5124
7387,5105,5124
7388,5105,5123
7389,5105,5123
7390,5105,5123
7391,5105,5123
7392,5105,5123
7393,5105,5123
7394,5105,5123
7395,5105,5123
7396,5105,5123
7397,5105,5123
7398,5104,5123
7399,5104,5123
7400,5104,5123
7401,5104,5122
7402,5104,5122
7403,5104,5122
7404,5104,5122
7405,5104,5122
7406,5104,5122
7407,5104,5122
7408,5104,5122
7409,5104,5122
7410,5104,5122
7411,5104,5122
7412,5103,5122
7413,5103,5122
7414,5103,5122
7415,5103,5122
7416,5103,5121
7417,5103,5121
7418,5103,5121
7419,5103,5121
7420,5103,5121
7421,5103,5121
7422,5103,5121
7423,5103,5121
7424,5103,5121
7425,5103,5121
7426,5103,5121
7427,5103,5121
7428,5102,5121
7429,5102,5121
7430,5102,5121
7431,5102,5121
7432,5102,5120
7433,5102,5120
7434,5102,5120
7435,5102,5120
7436,5102,5120
7437,5102,5120
7438,5102,5120
7439,5102,5120
7440,5102,5120
7441,5102,5120
7442,5102,5120
7443,5102,5120
7444,5102,5120
7445,5102,5120
7446,5101,5120
7447,5101,5120
7448,5101,5120
7449,5101,5120
7450,5101,5120
7451,5101,5119
7452,5101,5119
7453,5101,5119
7454,5101,5119
7455,5101,5119
7456,5101,5119
7457,5101,5119
7458,5101,5119
7459,5101,5119
7460,5101,5119
7461,5101,5119
7462,5101,5119
7463,5101,5119
7464,5101,5119
7465,5101,5119
7466,5101,5119
7467,5101,5119
7468,5100,5119
7469,5100,5119
7470,5100,5119
7471,5100,5119
7472,5100,5119
7473,5100,5119
7474,5100,5119
7475,5100,5119
7476,5100,5118
7477,5100,5118
7478,5100,5118
7479,5100,5118
7480,5100,5118
7481,5100,5118
7482,5100,5118
7483,5100,5118
7484,5100,5118
7485,5100,5118
7486,5100,5118
7487,5100,5118
7488,5100,5118
7489,5100,5118
7490,5100,5118
7491,5100,5118
7492,5100,5118
7493,5100,5118
7494,5100,5118
7495,5100,5118
7496,5100,5118
7497,5100,5118
7498,5100,5118
7499,5100,5118
7500,5100,5118
7501,5099,5118
7502,5099,5118
7503,5099,5118
7504,5099,5118
7505,5099,5118
7506,5099,5118
7507,5099,5118
7508,5099,5118
7509,5099,5118
7510,5099,5118
7511,5099,5118
7512,5099,5118
7513,5099,5118
7514,5099,5118
7515,5099,5118
7516,5099,5118
7517,5099,5118
7518,5099,5118
7519,5099,5117
7520,5099,5117
7521,5099,5117
7522,5099,5117
7523,5099,5117
7524,5099,5117
7525,5099,5117
7526,5099,5117
7527,5099,5117
7528,5099,5117
7529,5099,5117
7530,5099,5117
7531,5099,5117
7531,8691,8692
7532,5099,5117
7532,8689,8693
7533,5099,5117
7533,8689,8694
7534,5099,5117
7534,8688,8694
7535,5099,5117
7535,8688,8695
7536,5099,5117
7536,8687,8695
7537,5099,5117
7537,8687,8695
7538,5099,5117
7538,8687,8696
7539,5099,5117
7539,8686,8696
7540,5099,5117
7540,8686,8696
7541,5099,5117
7541,8686,8696
7542,5099,5117
7542,8686,8697
7542,9725,9728
7543,5099,5117
7543,8686,8697
7543,9725,9729
7544,5099,5117
7544,8685,8697
7544,9724,9729
7545,5099,5117
7545,8685,8697
7545,9724,9729
7546,5099,5117
7546,8685,8697
7546,9724,9729
7547,5099,5117
7547,8685,8697
7547,9724,9729
7548,5099,5117
7548,8685,8697
7548,9724,9729
7549,5099,5117
7549,8685,8697
7549,9724,9729
7550,5099,5117
7550,8685,8697
7550,9724,9729
7551,5099,5117
7551,8685,8697
7551,9725,9728
7552,5099,5117
7552,8685,8697
7553,5099,5117
7553,8685,8697
7554,5099,5117
7554,8685,8697
7555,5099,5117
7555,8685,8697
7556,5099,5117
7556,8685,8697
7557,5099,5117
7557,8686,8697
7558,5099,5117
7558,8686,8697
7559,5099,5117
7559,8686,8696
7560,5099,5117
7560,8686,8696
7561,5099,5117
7561,8686,8696
7562,5099,5117
7562,8687,8696
7563,5099,5117
7563,8687,8696
7564,5099,5117
7564,8687,8695
7565,5099,5117
7565,8688,8695
7566,5099,5118
7566,8688,8694
7567,5099,5118
7567,8689,8694
7568,5099,5118
7568,8689,8693
7569,5099,5118
7569,8691,8692
7570,5099,5118
7571,5099,5118
7572,5099,5118
7573,5099,5118
7574,5099,5118
7575,5099,5118
7576,5099,5118
7577,5099,5118
7578,5099,5118
7579,5099,5118
7580,5099,5118
7581,5099,5118
7582,5099,5118
7583,5099,5118
7584,5099,5118
7585,5099,5118
7586,5099,5118
7587,5100,5118
7588,5100,5118
7589,5100,5118
7590,5100,5118
7591,5100,5118
7592,5100,5118
7593,5100,5118
7594,5100,5118
7595,5100,5118
7596,5100,5118
7597,5100,5118
7598,5100,5118
7599,5100,5118
7600,5100,5118
7601,5100,5118
7602,5100,5118
7603,5100,5118
7604,5100,5118
7605,5100,5118
7606,5100,5118
7607,5100,5118
7608,5100,5118
7609,5100,5119
7610,5100,5119
7611,5100,5119
7612,5100,5119
7613,5100,5119
7614,5100,5119
7615,5100,5119
7616,5100,5119
7617,5100,5119
7618,5100,5119
7619,5100,5119
7620,5101,5119
7621,5101,5119
7622,5101,5119
7623,5101,5119
7624,5101,5119
7625,5101,5119
7626,5101,5119
7627,5101,5119
7628,5101,5119
7629,5101,5119
7630,5101,5119
7631,5101,5119
7632,5101,5119
7633,5101,5120
7634,5101,5120
7635,5101,5120
7636,5101,5120
7637,5101,5120
7638,5101,5120
7639,5101,5120
7640,5101,5120
7641,5101,5120
7642,5102,5120
7643,5102,5120
7644,5102,5120
7645,5102,5120
7646,5102,5120
7647,5102,5120
7648,5102,5120
7649,5102,5120
7650,5102,5120
7651,5102,5120
7652,5102,5121
7653,5102,5121
7654,5102,5121
7655,5102,5121
7656,5102,5121
7657,5102,5121
7658,5102,5121
7659,5102,5121
7660,5103,5121
7661,5103,5121
7662,5103,5121
7663,5103,5121
7664,5103,5121
7665,5103,5121
7666,5103,5121
7667,5103,5121
7668,5103,5121
7669,5103,5122
7670,5103,5122
7671,5103,5122
7672,5103,5122
7673,5103,5122
7674,5103,5122
7675,5103,5122
7676,5104,5122
7677,5104,5122
7678,5104,5122
7679,5104,5122
7680,5104,5122
7681,5104,5122
7682,5104,5122
7683,5104,5123
7684,5104,5123
7685,5104,5123
7686,5104,5123
7687,5104,5123
7688,5104,5123
7689,5104,5123
7690,5105,5123
7691,5105,5123
7692,5105,5123
7693,5105,5123
7694,5105,5123
7695,5105,5123
7696,5105,5124
7697,5105,5124
7698,5105,5124
7699,5105,5124
7700,5105,5124
7701,5105,5124
7702,5105,5124
7703,5106,5124
7704,5106,5124
7705,5106,5124
7706,5106,5124
7707,5106,5124
7708,5106,5125
7709,5106,5125
7710,5106,5125
7711,5106,5125
7712,5106,5125
7713,5106,5125
7714,5106,5125
7715,5107,5125
7716,5107,5125
7717,5107,5125
7718,5107,5125
7719,5107,5125
7720,5107,5126
7721,5107,5126
7722,5107,5126
7723,5107,5126
7724,5107,5126
7725,5107,5126
7726,5108,5126
7727,5108,5126
7728,5108,5126
7729,5108,5126
7730,5108,5127
7731,5108,5127
7732,5108,5127
7733,5108,5127
7734,5108,5127
7735,5108,5127
7736,5109,5127
7737,5109,5127
7738,5109,5127
7739,5109,5127
7740,5109,5128
7741,5109,5128
7742,5109,5128
7743,5109,5128
7744,5109,5128
7745,5109,5128
7746,5110,5128
7747,5110,5128
7748,5110,5128
7749,5110,5128
7750,5110,5129
7751,5110,5129
7752,5110,5129
7753,5110,5129
7754,5110,5129
7755,5111,5129
7756,5111,5129
7757,5111,5129
7758,5111,5129
7759,5111,5130
7760,5111,5130
7761,5111,5130
7762,5111,5130
7763,5111,5130
7764,5112,5130
7765,5112,5130
7766,5112,5130
7767,5112,5131
7768,5112,5131
7769,5112,5131
7770,5112,5131
7771,5112,5131
7772,5112,5131
7773,5113,5131
7774,5113,5131
7775,5113,5131
7776,5113,5132
7777,5113,5132
7778,5113,5132
7779,5113,5132
7780,5113,5132
7781,5114,5132
7782,5114,5132
7783,5114,5132
7784,5114,5133
7785,5114,5133
7786,5114,5133
7787,5114,5133
7788,5114,5133
7789,5115,5133
7790,5115,5133
7791,5115,5133
7792,5115,5134
7793,5115,5134
7794,5115,5134
7795,5115,5134
7796,5115,5134
7797,5116,5134
7798,5116,5134
7799,5116,5135
7800,5116,5135
7801,5116,5135
7802,5116,5135
7803,5116,5135
7804,5116,5135
7805,5117,5135
7806,5117,5136
7807,5117,5136
7808,5117,5136
7809,5117,5136
7810,5117,5136
7811,5117,5136
7812,5118,5136
7813,5118,5136
7814,5118,5137
7815,5118,5137
7816,5118,5137
7817,5118,5137
7818,5118,5137
7819,5119,5137
7820,5119,5137
7821,5119,5138
7822,5119,5138
7823,5119,5138
7824,5119,5138
7825,5119,5138
7826,5120,5138
7827,5120,5139
7828,5120,5139
7829,5120,5139
7830,5120,5139
7831,5120,5139
7832,5120,5139
7833,5121,5139
7834,5121,5140
7835,5121,5140
7836,5121,5140
7837,5121,5140
7838,5121,5140
7839,5122,5140
7840,5122,5141
7841,5122,5141
7842,5122,5141
7843,5122,5141
7844,5122,5141
7845,5122,5141
7846,5123,5141
7847,5123,5142
7848,5123,5142
7849,5123,5142
7850,5123,5142
7851,5123,5142
7852,5124,5142
7853,5124,5143
7854,5124,5143
7855,5124,5143
7856,5124,5143
7857,5124,5143
7858,5125,5143
7859,5125,5144
7860,5125,5144
7861,5125,5144
7862,5125,5144
7863,5125,5144
7864,5126,5144
7865,5126,5145
7866,5126,5145
7867,5126,5145
7868,5126,5145
7869,5126,5145
7870,5127,5145
7871,5127,5146
7872,5127,5146
7873,5127,5146
7874,5127,5146
7875,5127,5146
7876,5128,5146
7877,5128,5147
7878,5128,5147
7879,5128,5147
7880,5128,5147
7881,5128,5147
7882,5129,5148
7883,5129,5148
7884,5129,5148
7885,5129,5148
7886,5129,5148
7887,5130,5148
7888,5130,5149
7889,5130,5149
7890,5130,5149
7891,5130,5149
7892,5130,5149
7893,5131,5150
7894,5131,5150
7895,5131,5150
7896,5131,5150
7897,5131,5150
7898,5132,5150
7899,5132,5151
7900,5132,5151
7901,5132,5151
7902,5132,5151
7903,5132,5151
7904,5133,5152
7905,5133,5152
7906,5133,5152
7907,5133,5152
7908,5133,5152
7909,5134,5153
7910,5134,5153
7911,5134,5153
7912,5134,5153
7913,5134,5153
7914,5135,5154
7915,5135,5154
7916,5135,5154
7917,5135,5154
7918,5135,5154
7919,5136,5155
7920,5136,5155
7921,5136,5155
7922,5136,5155
7923,5136,5155
7924,5136,5156
7925,5137,5156
7926,5137,5156
7927,5137,5156
7928,5137,5156
7929,5138,5157
7930,5138,5157
7931,5138,5157
7932,5138,5157
7933,5138,5157
7934,5139,5158
7935,5139,5158
7936,5139,5158
7937,5139,5158
7938,5139,5158
7939,5140,5159
7940,5140,5159
7941,5140,5159
7942,5140,5159
7943,5140,5159
7944,5141,5160
7945,5141,5160
7946,5141,5160
7947,5141,5160
7948,5141,5161
7949,5142,5161
7950,5142,5161
7951,5142,5161
7952,5142,5161
7953,5142,5162
7954,5143,5162
7955,5143,5162
7956,5143,5162
7957,5143,5162
7958,5144,5163
7959,5144,5163
7960,5144,5163
7961,5144,5163
7962,5144,5164
7963,5145,5164
7964,5145,5164
7965,5145,5164
7966,5145,5164
7967,5146,5165
7968,5146,5165
7969,5146,5165
7970,5146,5165
7971,5146,5166
7972,5147,5166
7973,5147,5166
7974,5147,5166
7975,5147,5167
7976,5148,5167
7977,5148,5167
7978,5148,5167
7979,5148,5167
7980,5148,5168
7981,5149,5168
7982,5149,5168
7983,5149,5168
7984,5149,5169
7985,5150,5169
7986,5150,5169
7987,5150,5169
7988,5150,5170
7989,5151,5170
7990,5151,5170
7991,5151,5170
7992,5151,5171
7993,5152,5171
7994,5152,5171
7995,5152,5171
7996,5152,5171
7997,5152,5172
7998,5153,5172
7999,5153,5172
8000,5153,5172
8001,5153,5173
8002,5154,5173
8003,5154,5173
8004,5154,5173
8005,5154,5174
8006,5155,5174
8007,5155,5174
8008,5155,5174
8009,5155,5175
8010,5156,5175
8011,5156,5175
8012,5156,5175
8013,5156,5176
8014,5157,5176
8015,5157,5176
8016,5157,5176
8017,5157,5177
8018,5158,5177
8019,5158,5177
8020,5158,5177
8021,5158,5178
8022,5159,5178
8023,5159,5178
8024,5159,5178
8025,5159,5179
8026,5160,5179
8027,5160,5179
8028,5160,5180
8029,5160,5180
8030,5161,5180
8031,5161,5180
8032,5161,5181
8033,5161,5181
8034,5162,5181
8035,5162,5181
8036,5162,5182
8037,5163,5182
8038,5163,5182
8039,5163,5182
8040,5163,5183
8041,5164,5183
8042,5164,5183
8043,5164,5183
8044,5164,5184
8045,5165,5184
8046,5165,5184
8047,5165,5185
8048,5165,5185
8049,5166,5185
8050,5166,5185
8051,5166,5186
8052,5166,5186
8053,5167,5186
8054,5167,5186
8055,5167,5187
8056,5168,5187
8057,5168,5187
8058,5168,5188
8059,5168,5188
8060,5169,5188
8061,5169,5188
8062,5169,5189
8063,5169,5189
8064,5170,5189
8065,5170,5190
8066,5170,5190
8067,5171,5190
8068,5171,5190
8069,5171,5191
8070,5171,5191
8071,5172,5191
8072,5172,5192
8073,5172,5192
8074,5173,5192
8075,5173,5192
8076,5173,5193
8077,5173,5193
8078,5174,5193
8079,5174,5194
8080,5174,5194
8081,5175,5194
8082,5175,5194
8083,5175,5195
8084,5175,5195
8085,5176,5195
8086,5176,5196
8087,5176,5196
8088,5177,5196
8089,5177,5196
8090,5177,5197
8091,5177,5197
8092,5178,5197
8093,5178,5198
8094,5178,5198
8095,5179,5198
8096,5179,5199
8097,5179,5199
8098,5180,5199
8099,5180,5199
8100,5180,5200
8101,5180,5200
8102,5181,5200
8103,5181,5201
8104,5181,5201
8105,5182,5201
8106,5182,5202
8107,5182,5202
8108,5183,5202
8109,5183,5202
8110,5183,5203
8111,5183,5203
8112,5184,5203
8113,5184,5204
8114,5184,5204
8115,5185,5204
8116,5185,5205
8117,5185,5205
8118,5186,5205
8119,5186,5206
8120,5186,5206
8121,5187,5206
8122,5187,5207
8123,5187,5207
8124,5187,5207
8125,5188,5207
8126,5188,5208
8127,5188,5208
8128,5189,5208
8129,5189,5209
8130,5189,5209
8131,5190,5209
8132,5190,5210
8133,5190,5210
8134,5191,5210
8135,5191,5211
8136,5191,5211
8137,5192,5211
8138,5192,5212
8139,5192,5212
8140,5193,5212
8141,5193,5213
8142,5193,5213
8143,5193,5213
8144,5194,5214
8145,5194,5214
8146,5194,5214
8147,5195,5215
8148,5195,5215
8149,5195,5215
8150,5196,5216
8151,5196,5216
8152,5196,5216
8153,5197,5217
8154,5197,5217
8155,5197,5217
8156,5198,5218
8157,5198,5218
8158,5198,5218
8159,5199,5219
8160,5199,5219
8161,5199,5219
8162,5200,5220
8163,5200,5220
8164,5200,5220
8165,5201,5221
8166,5201,5221
8167,5201,5221
8168,5202,5222
8169,5202,5222
8170,5202,5222
8171,5203,5223
8172,5203,5223
8173,5203,5223
8174,5204,5224
8175,5204,5224
8176,5204,5224
8177,5205,5225
8178,5205,5225
8179,5205,5225
8180,5206,5226
8181,5206,5226
8182,5207,5226
8183,5207,5227
8184,5207,5227
8185,5208,5228
8186,5208,5228
8187,5208,5228
8188,5209,5229
8189,5209,5229
8190,5209,5229
8191,5210,5230
8192,5210,5230
8193,5210,5230
8194,5211,5231
8195,5211,5231
8196,5211,5231
8197,5212,5232
8198,5212,5232
8199,5213,5233
8200,5213,5233
8201,5213,5233
8202,5214,5234
8203,5214,5234
8204,5214,5234
8205,5215,5235
8206,5215,5235
8207,5215,5235
8208,5216,5236
8209,5216,5236
8210,5216,5237
8211,5217,5237
8212,5217,5237
8213,5218,5238
8214,5218,5238
8215,5218,5238
8216,5219,5239
8217,5219,5239
8218,5219,5240
8219,5220,5240
8220,5220,5240
8221,5221,5241
8222,5221,5241
8223,5221,5241
8224,5222,5242
8225,5222,5242
8226,5222,5243
8227,5223,5243
8228,5223,5243
8229,5224,5244
8230,5224,5244
8231,5224,5244
8232,5225,5245
8233,5225,5245
8234,5225,5246
8235,5226,5246
8236,5226,5246
8237,5227,5247
8238,5227,5247
8239,5227,5247
8240,5228,5248
8241,5228,5248
8242,5228,5249
8243,5229,5249
8244,5229,5249
8245,5230,5250
8246,5230,5250
8247,5230,5251
8248,5231,5251
8249,5231,5251
8250,5232,5252
8251,5232,5252
8252,5232,5253
8253,5233,5253
8254,5233,5253
8255,5233,5254
8256,5234,5254
8257,5234,5255
8258,5235,5255
8259,5235,5255
8260,5235,5256
8261,5236,5256
8262,5236,5257
8263,5237,5257
8264,5237,5257
8265,5237,5258
8266,5238,5258
8267,5238,5259
8268,5239,5259
8269,5239,5259
8270,5239,5260
8271,5240,5260
8272,5240,5261
8273,5241,5261
8274,5241,5261
8275,5241,5262
8276,5242,5262
8277,5242,5263
8278,5243,5263
8279,5243,5263
8280,5243,5264
8281,5244,5264
8282,5244,5265
8283,5245,5265
8284,5245,5266
8285,5246,5266
8286,5246,5266
8287,5246,5267
8288,5247,5267
8289,5247,5268
8290,5248,5268
8291,5248,5268
8292,5248,5269
8293,5249,5269
8294,5249,5270
8295,5250,5270
8296,5250,5271
8297,5251,5271
8298,5251,5271
8299,5251,5272
8300,5252,5272
8301,5252,5273
8302,5253,5273
8303,5253,5274
8304,5253,5274
8305,5254,5274
8306,5254,5275
8307,5255,5275
8308,5255,5276
8309,5256,5276
8310,5256,5277
8311,5256,5277
8312,5257,5277
8313,5257,5278
8314,5258,5278
8315,5258,5279
8316,5259,5279
8317,5259,5280
8318,5259,5280
8319,5260,5281
8320,5260,5281
8321,5261,5281
8322,5261,5282
8323,5262,5282
8324,5262,5283
8325,5263,5283
8326,5263,5284
8327,5263,5284
8328,5264,5284
8329,5264,5285
8330,5265,5285
8331,5265,5286
8332,5266,5286
8333,5266,5287
8334,5266,5287
8335,5267,5288
8336,5267,5288
8337,5268,5289
8338,5268,5289
8339,5269,5289
8340,5269,5290
8341,5270,5290
8342,5270,5291
8343,5270,5291
8344,5271,5292
8345,5271,5292
8346,5272,5293
8347,5272,5293
8348,5273,5294
8349,5273,5294
8350,5274,5294
8351,5274,5295
8352,5275,5295
8353,5275,5296
8354,5275,5296
8355,5276,5297
8356,5276,5297
8357,5277,5298
8358,5277,5298
8359,5278,5299
8360,5278,5299
8361,5279,5300
8362,5279,5300
8363,5280,5300
8364,5280,5301
8365,5281,5301
8366,5281,5302
8367,5281,5302
8368,5282,5303
8369,5282,5303
8370,5283,5304
8371,5283,5304
8372,5284,5305
8373,5284,5305
8374,5285,5306
8375,5285,5306
8376,5286,5307
8377,5286,5307
8378,5287,5308
8379,5287,5308
8380,5288,5309
8381,5288,5309
8382,5289,5310
8383,5289,5310
8384,5290,5311
8385,5290,5311
8386,5290,5311
8387,5291,5312
8388,5291,5312
8389,5292,5313
8390,5292,5313
8391,5293,5314
8392,5293,5314
8393,5294,5315
8394,5294,5315
8395,5295,5316
8396,5295,5316
8397,5296,5317
8398,5296,5317
8399,5297,5318
8400,5297,5318
8401,5298,5319
8402,5298,5319
8403,5299,5320
8404,5299,5320
8405,5300,5321
8406,5300,5321
8407,5301,5322
8408,5301,5322
8409,5302,5323
8410,5302,5323
