9726,7407,7489
9727,7401,7488
9728,7396,7487
9729,7391,7485
9730,7387,7484
9731,7382,7482
9732,7378,7480
9733,7375,7477
9734,7371,7475
9735,7368,7472
9750,7367,7394
9749,7360,7406
9748,7356,7415
9747,7353,7422
9746,7352,7428
9745,7351,7434
9722,7434,7488
5912,6598,6631
9721,7442,7486
5911,6598,6636
9720,7453,7481
5910,6600,6642
5909,6601,6647
9744,7351,7439
5908,6603,6652
9743,7352,7444
5907,6605,6656
9742,7353,7448
5906,6607,6661
9741,7354,7452
5905,6609,6666
9740,7356,7456
5904,6611,6670
9739,7357,7460
5903,6614,6674
9738,7360,7463
5898,6627,6695
5899,6624,6691
5900,6622,6687
5901,6619,6683
9736,7365,7469
5902,6616,6679
9737,7362,7466
5897,6630,6699
5896,6633,6703
5895,6637,6706
7400,9700,9703
9723,7426,7489
5913,6597,6625
9724,7419,7489
5914,6597,6618
9725,7413,7489
5915,6600,6609
5894,6640,6710
5893,6643,6713
5892,6647,6717
5891,6650,6720
5890,6654,6723
5889,6658,6726
5888,6662,6729
5887,6666,6732
7410,9703,9705
5886,6670,6735
7409,9702,9706
5885,6675,6737
7408,9701,9706
5884,6680,6739
7407,9700,9706
5883,6685,6741
7406,9700,9706
5882,6690,6743
7405,9699,9706
5881,6696,6744
7404,9699,9706
5880,6702,6745
7403,9699,9705
5879,6709,6745
7402,9699,9705
5878,6717,6743
7401,9700,9704
5877,6731,6737
