7812,8667,8669
7813,8666,8670
7814,8665,8671
7815,8665,8671
7816,8665,8672
7817,8664,8672
7818,8664,8672
7819,8663,8673
7820,8663,8673
7821,8663,8673
7822,8663,8673
7823,8663,8674
7824,8662,8674
7825,8662,8674
7826,8662,8674
7827,8662,8674
7828,8662,8674
7829,8662,8674
7830,8661,8674
7831,8661,8675
7832,8661,8675
7833,8661,8675
7834,8661,8675
7835,8661,8675
7836,8661,8675
7837,8661,8675
7838,8661,8675
7839,8661,8675
7840,8661,8675
5571,6349,6413
5572,6347,6410
5620,6257,6260
5619,6256,6266
5618,6256,6271
5617,6256,6275
5616,6257,6278
5615,6258,6282
5614,6260,6285
5613,6261,6289
5612,6262,6292
5611,6264,6295
5610,6265,6298
5609,6267,6302
5608,6269,6305
5607,6270,6308
5606,6272,6311
5596,6291,6341
5595,6293,6344
5594,6295,6347
5593,6297,6350
5574,6341,6404
5598,6287,6335
5573,6344,6407
5597,6289,6338
5575,6339,6401
5599,6285,6332
5576,6336,6399
5600,6283,6329
5605,6274,6314
5579,6329,6390
5581,6324,6384
5604,6276,6317
5578,6331,6393
5580,6327,6387
5603,6277,6320
5577,6334,6396
5602,6279,6323
5601,6281,6326
5582,6322,6382
5583,6319,6379
5584,6317,6376
5585,6315,6373
5586,6313,6370
5587,6310,6367
5588,6308,6364
5589,6306,6361
5590,6304,6358
5591,6301,6356
5592,6299,6353
5570,6352,6416
5569,6354,6418
5568,6357,6421
5567,6360,6424
5566,6363,6427
5565,6365,6429
5564,6368,6432
5563,6371,6435
5562,6374,6438
5561,6377,6440
7847,8661,8675
5560,6380,6443
7846,8661,8675
7872,8666,8669
5559,6383,6446
7845,8661,8675
7871,8666,8669
5558,6386,6448
7844,8661,8675
7870,8665,8670
5557,6389,6451
7843,8661,8675
7869,8665,8671
5556,6392,6454
7842,8661,8675
7611,9703,9705
7868,8664,8671
5555,6395,6456
7841,8661,8675
7867,8664,8671
7610,9702,9706
5554,6398,6459
7866,8664,8672
7609,9702,9706
5553,6402,6461
7608,9701,9707
7865,8663,8672
5552,6405,6464
7607,9701,9707
7864,8663,8672
5551,6408,6466
7606,9702,9707
7863,8663,8673
5550,6412,6469
7605,9702,9707
7862,8663,8673
5549,6415,6471
7604,9702,9707
7861,8662,8673
5548,6419,6474
7603,9703,9706
7860,8662,8673
5547,6422,6476
7859,8662,8673
5546,6426,6478
7858,8662,8674
5545,6430,6480
7857,8662,8674
5544,6434,6482
7856,8662,8674
5543,6437,6484
7855,8662,8674
5542,6442,6486
7854,8661,8674
5541,6446,6488
7853,8661,8674
5540,6450,6490
7852,8661,8674
5539,6455,6491
7851,8661,8674
5538,6460,6493
7850,8661,8675
5537,6465,6494
7849,8661,8675
5536,6470,6494
7848,8661,8675
5535,6477,6493
