5864,6737,6746
5865,6724,6751
5866,6715,6753
5867,6708,6752
5868,6702,6752
5869,6696,6750
5870,6690,6748
5871,6685,6746
5872,6680,6744
5873,6676,6742
5874,6671,6739
5875,6667,6736
5876,6663,6733
5877,6658,6730
5878,6655,6726
5879,6651,6723
9715,7381,7475
5880,6647,6719
9716,7376,7473
5881,6644,6716
9717,7372,7472
5882,6640,6712
9718,7367,7470
7407,9704,9707
5883,6637,6708
9719,7363,7467
7408,9703,9708
5884,6634,6705
9720,7359,7465
7409,9703,9709
5885,6630,6701
9721,7355,7463
7410,9703,9709
5886,6627,6697
9722,7352,7460
7411,9703,9710
5887,6624,6693
9737,7353,7376
9712,7399,7478
5902,6594,6620
9736,7344,7390
9711,7405,7478
5901,6595,6626
9723,7349,7457
7412,9703,9710
5888,6621,6688
9724,7346,7454
7413,9703,9710
5889,6619,6684
9725,7343,7450
7414,9704,9710
5890,6616,6680
9726,7341,7447
7415,9705,9710
5891,6613,6676
9727,7339,7443
7416,9705,9709
5892,6611,6671
9728,7338,7439
7417,9707,9708
5893,6608,6667
9729,7336,7435
5894,6606,6662
9730,7335,7430
5895,6604,6657
9731,7335,7425
5896,6602,6653
9732,7335,7420
9733,7336,7414
9734,7337,7407
9709,7420,7477
5899,6597,6637
9735,7340,7399
9710,7412,7478
5900,6596,6632
5898,6598,6643
9708,7429,7475
5897,6600,6648
9707,7440,7471
9713,7392,7477
5903,6595,6613
9714,7387,7476
5904,6600,6601
