7620,9692,9695
7621,9691,9696
7622,9691,9696
7623,9690,9696
7627,9691,9694
7626,9691,9695
7625,9690,9695
7624,9690,9696
7973,8651,8652
7974,8650,8653
7975,8650,8654
7976,8649,8654
7977,8649,8654
7978,8648,8655
7979,8648,8655
7980,8647,8655
7981,8647,8655
7982,8647,8655
7983,8646,8655
7984,8646,8656
7985,8646,8656
7986,8646,8656
7987,8645,8656
7988,8645,8656
7989,8645,8656
7990,8645,8656
7991,8644,8656
7992,8644,8656
7993,8644,8656
7994,8644,8656
7995,8644,8656
7996,8643,8656
7997,8643,8657
7998,8643,8657
7999,8643,8657
8000,8643,8657
8001,8642,8657
8002,8642,8657
8003,8642,8657
8004,8642,8657
8005,8642,8657
5521,6339,6403
8091,8633,8646
5520,6342,6406
8090,8633,8646
5519,6344,6408
8089,8633,8646
5518,6347,6411
8088,8634,8647
5517,6349,6414
8087,8634,8647
5516,6352,6417
8086,8634,8647
5515,6354,6420
8085,8634,8647
5514,6357,6423
8084,8634,8647
5513,6359,6425
8083,8634,8648
5512,6362,6428
8082,8634,8648
5511,6365,6431
8081,8634,8648
5510,6367,6434
8080,8634,8648
5509,6370,6436
8079,8634,8648
5508,6373,6439
8078,8634,8649
5507,6376,6441
8077,8634,8649
5506,6379,6444
8076,8634,8649
5505,6382,6447
8075,8634,8649
5504,6385,6449
8074,8635,8649
5503,6388,6452
8073,8635,8649
5502,6391,6454
8072,8635,8650
5501,6394,6456
8071,8635,8650
5500,6397,6459
8070,8635,8650
5499,6401,6461
8069,8635,8650
5498,6404,6463
8068,8635,8650
5497,6407,6465
8067,8635,8650
5496,6411,6468
8066,8635,8651
5495,6414,6470
8065,8635,8651
5494,6418,6472
8064,8635,8651
5493,6422,6473
8063,8635,8651
5492,6426,6475
8062,8636,8651
8045,8637,8654
8044,8637,8654
8043,8637,8654
8042,8637,8654
8041,8637,8654
8040,8638,8654
8039,8638,8654
8038,8638,8654
8037,8638,8654
8036,8638,8655
8035,8638,8655
8034,8638,8655
8033,8638,8655
8046,8637,8653
8047,8637,8653
8048,8637,8653
8049,8637,8653
8050,8637,8653
8051,8636,8653
8052,8636,8653
8053,8636,8653
5484,6470,6477
8054,8636,8652
5485,6460,6481
8055,8636,8652
5486,6454,6481
8056,8636,8652
5487,6448,6481
8057,8636,8652
5488,6443,6481
8058,8636,8652
5489,6439,6479
8059,8636,8652
5490,6434,6478
8060,8636,8652
5491,6430,6477
8061,8636,8651
5522,6337,6400
8092,8633,8646
5523,6335,6397
8093,8633,8645
5524,6332,6394
8094,8633,8645
5525,6330,6391
8095,8633,8645
5526,6328,6388
8096,8633,8645
5527,6326,6385
8097,8633,8645
5528,6324,6382
8098,8633,8644
5529,6322,6379
8099,8633,8644
5530,6320,6376
8100,8633,8644
5531,6318,6373
8101,8633,8644
5532,6316,6370
8102,8633,8643
5533,6314,6366
8103,8633,8643
5534,6312,6363
8104,8633,8643
5535,6310,6360
8105,8633,8643
5536,6308,6357
8106,8632,8642
5537,6306,6354
8107,8632,8642
5538,6304,6350
8108,8632,8642
5539,6303,6347
8109,8632,8642
5540,6301,6344
8110,8632,8641
5541,6300,6340
8111,8632,8641
5542,6298,6337
8112,8632,8641
5543,6297,6333
8113,8632,8641
5544,6295,6330
8114,8632,8640
5545,6294,6326
8115,8632,8640
5546,6293,6322
8116,8632,8640
5547,6292,6318
8117,8632,8639
5548,6291,6314
8118,8632,8639
5549,6291,6310
8119,8632,8639
5550,6291,6305
8120,8632,8639
5551,6292,6299
8121,8632,8638
8122,8632,8638
8123,8632,8638
8124,8632,8637
8125,8632,8637
8126,8632,8636
8127,8632,8636
8128,8632,8636
8129,8632,8635
8130,8633,8635
8131,8633,8634
8132,8633,8633
8032,8638,8655
8031,8638,8655
8030,8639,8655
8029,8639,8655
8028,8639,8655
8027,8639,8655
8026,8639,8656
8025,8639,8656
8024,8639,8656
8023,8639,8656
8022,8640,8656
8021,8640,8656
8020,8640,8656
8019,8640,8656
8018,8640,8656
8017,8640,8656
8016,8640,8656
8015,8640,8656
8014,8641,8656
8013,8641,8656
8012,8641,8656
8011,8641,8656
8010,8641,8656
8009,8641,8656
8008,8641,8656
8007,8642,8656
8006,8642,8657
