9604,7295,7343
9605,7278,7347
9606,7263,7349
9607,7249,7350
9608,7237,7349
9609,7225,7348
9610,7214,7347
9611,7203,7345
9612,7193,7343
9613,7184,7340
9614,7176,7337
9615,7168,7334
9616,7160,7330
9617,7154,7326
9618,7148,7322
9629,7145,7249
9628,7140,7259
9627,7136,7268
9626,7134,7276
9625,7132,7284
9624,7132,7291
9623,7133,7297
9622,7134,7303
9621,7136,7308
9620,7140,7313
9619,7144,7318
5740,6904,6921
5741,6878,6935
5742,6863,6938
5743,6850,6939
5744,6839,6937
5745,6829,6934
5746,6820,6930
5747,6811,6925
5748,6803,6920
5749,6795,6914
5750,6788,6908
5751,6781,6902
5752,6774,6896
5753,6767,6889
5754,6761,6882
5755,6755,6876
5756,6749,6869
5757,6743,6862
5758,6737,6856
5759,6732,6849
5760,6726,6842
5761,6721,6836
5762,6716,6829
5763,6711,6823
5764,6706,6816
5765,6701,6810
5766,6697,6803
5805,6571,6584
5804,6571,6591
5803,6572,6597
5802,6574,6603
5801,6576,6609
5800,6578,6614
5799,6580,6620
5798,6583,6625
5797,6585,6630
5796,6588,6636
5795,6591,6641
5794,6593,6646
5793,6596,6651
5792,6599,6656
5791,6602,6662
5790,6605,6667
5789,6608,6672
5788,6611,6678
5787,6615,6683
5786,6618,6688
5785,6621,6694
5784,6625,6699
5783,6628,6704
5782,6632,6710
5781,6635,6715
5780,6639,6721
5779,6643,6726
5778,6646,6732
5777,6650,6738
5776,6654,6743
5775,6658,6749
5774,6662,6755
5773,6666,6761
5772,6670,6767
5771,6674,6773
5770,6679,6779
5769,6683,6785
5768,6688,6791
5767,6692,6797
6401,8497,8499
6402,8497,8501
6403,8497,8502
6404,8497,8504
6405,8498,8505
6406,8498,8506
6407,8498,8507
6550,8587,8608
6549,8587,8607
6548,8586,8607
6547,8585,8606
6546,8585,8606
6545,8584,8605
6544,8583,8605
6543,8583,8604
6542,8582,8604
6541,8582,8603
6540,8581,8603
6539,8580,8602
6538,8580,8602
6537,8579,8601
6536,8578,8601
6535,8578,8600
6534,8577,8600
6533,8576,8599
6532,8576,8599
6531,8575,8598
6530,8574,8598
6529,8574,8597
6528,8573,8596
6527,8572,8596
6526,8572,8595
6525,8571,8595
6524,8570,8594
6523,8570,8594
6522,8569,8593
6521,8569,8593
9630,7153,7236
7466,9725,9727
6438,8516,8536
9631,7167,7219
7467,9724,9728
6439,8516,8536
7468,9724,9729
6440,8517,8537
7469,9723,9729
6441,8518,8538
7470,9723,9730
6442,8518,8539
7472,9724,9730
6444,8519,8540
7471,9724,9730
6443,8519,8540
7473,9724,9730
6445,8520,8541
7219,8724,8726
7476,9726,9728
6448,8522,8544
7474,9725,9730
6446,8521,8542
7220,8723,8727
6449,8523,8544
7475,9725,9729
6447,8521,8543
7221,8723,8727
6450,8523,8545
7222,8722,8728
6451,8524,8546
7223,8722,8728
6452,8524,8547
6519,8567,8591
7281,8721,8725
6510,8561,8586
6518,8567,8591
7280,8721,8726
6509,8561,8586
6517,8566,8590
7279,8720,8726
6508,8560,8585
6516,8565,8590
7278,8720,8727
6507,8560,8584
6515,8565,8589
7277,8719,8727
6506,8559,8584
6514,8564,8589
7276,8719,8728
6505,8558,8583
6513,8563,8588
7275,8719,8728
6504,8558,8583
6512,8563,8587
7274,8719,8728
6503,8557,8582
6511,8562,8587
7282,8722,8724
7273,8718,8729
6502,8556,8581
7272,8718,8729
6501,8556,8581
7271,8718,8729
6500,8555,8580
7270,8718,8729
6499,8554,8579
7269,8718,8729
6498,8554,8579
7268,8718,8730
6497,8553,8578
7267,8718,8730
6496,8552,8578
7266,8717,8730
6495,8552,8577
7253,8717,8731
6482,8544,8568
7254,8717,8731
6483,8544,8569
7255,8717,8731
6484,8545,8570
7256,8717,8731
6485,8545,8570
7257,8717,8731
6486,8546,8571
7258,8717,8731
6487,8547,8572
7259,8717,8731
6488,8547,8572
7260,8717,8731
6489,8548,8573
7261,8717,8731
6490,8549,8574
7262,8717,8730
6491,8549,8574
7263,8717,8730
6492,8550,8575
7264,8717,8730
6493,8551,8576
7265,8717,8730
6494,8551,8576
6520,8568,8592
7252,8717,8731
6481,8543,8568
7251,8717,8731
6480,8542,8567
7250,8717,8731
6479,8542,8566
7249,8717,8731
6478,8541,8566
7248,8717,8731
6477,8540,8565
7247,8717,8731
6476,8540,8564
7246,8717,8731
6475,8539,8564
7245,8717,8731
6474,8538,8563
7244,8717,8731
6473,8538,8562
7243,8717,8731
6472,8537,8561
7242,8718,8731
6471,8536,8561
7241,8718,8731
6470,8536,8560
7240,8718,8731
6469,8535,8559
7239,8718,8731
6468,8535,8559
7238,8718,8731
6467,8534,8558
7237,8718,8731
6466,8533,8557
7236,8718,8731
6465,8533,8556
7235,8718,8731
6464,8532,8556
7234,8719,8730
6463,8531,8555
7233,8719,8730
6462,8531,8554
7232,8719,8730
6461,8530,8554
7231,8719,8730
6460,8530,8553
7230,8719,8730
6459,8529,8552
7229,8720,8730
6458,8528,8551
7228,8720,8729
6457,8528,8551
7227,8720,8729
6456,8527,8550
7226,8721,8729
6455,8526,8549
7225,8721,8729
6454,8526,8548
7224,8721,8728
6453,8525,8548
6551,8588,8608
6552,8589,8608
6553,8589,8609
6554,8590,8609
6555,8591,8610
6556,8591,8610
6557,8592,8611
6558,8593,8611
6559,8594,8612
6560,8594,8612
6561,8595,8612
6562,8596,8613
6563,8596,8613
6564,8597,8614
6565,8598,8614
6566,8598,8614
6567,8599,8615
6568,8600,8615
6569,8600,8616
6570,8601,8616
6571,8602,8616
6572,8603,8617
6573,8603,8617
6574,8604,8617
6575,8605,8618
6576,8606,8618
6577,8606,8618
6578,8607,8618
6579,8608,8619
6580,8609,8619
6581,8610,8619
6582,8610,8619
6583,8611,8620
6584,8612,8620
6585,8613,8620
6586,8614,8620
6587,8615,8620
6588,8616,8620
6589,8618,8619
6437,8515,8535
6436,8514,8534
6435,8514,8533
6434,8513,8532
6433,8513,8531
6432,8512,8531
6431,8511,8530
6430,8511,8529
6429,8510,8528
6428,8510,8527
6427,8509,8526
6426,8508,8525
6425,8508,8525
6424,8507,8524
6423,8507,8523
6422,8506,8522
6421,8506,8521
6420,8505,8520
6419,8504,8519
6418,8504,8518
6417,8503,8517
6416,8503,8516
6415,8502,8515
6414,8502,8514
6413,8501,8513
6412,8501,8512
6411,8500,8511
6410,8500,8510
6409,8499,8509
6408,8499,8508
