5684,6517,6522
5685,6512,6520
5686,6507,6518
5687,6503,6515
5688,6499,6513
5689,6495,6510
5690,6491,6507
5691,6487,6505
5692,6483,6502
5693,6479,6499
5694,6475,6496
5695,6472,6493
5696,6468,6490
5697,6464,6487
5698,6461,6485
5699,6457,6482
5700,6454,6479
5701,6451,6476
5702,6447,6473
5703,6444,6470
5704,6441,6467
5705,6437,6464
5706,6434,6462
5707,6431,6459
5708,6428,6456
5709,6424,6453
5710,6421,6450
5711,6418,6447
5712,6415,6445
5713,6412,6442
5714,6409,6439
5715,6406,6436
5716,6403,6433
5717,6400,6431
5718,6397,6428
5719,6394,6425
5720,6391,6422
5721,6388,6420
5722,6385,6417
5723,6382,6414
5724,6379,6412
5725,6376,6409
5726,6373,6406
5727,6371,6404
5728,6368,6401
5729,6365,6398
5730,6362,6396
5731,6359,6393
5732,6357,6390
5733,6354,6388
5734,6351,6385
5735,6349,6382
5736,6346,6380
5737,6343,6377
5738,6341,6375
5739,6338,6372
5740,6335,6370
5741,6333,6367
5742,6330,6364
5743,6327,6362
5744,6325,6359
5745,6322,6357
5746,6320,6354
5747,6317,6352
5748,6315,6349
5749,6312,6347
5750,6310,6345
5751,6307,6342
5752,6305,6340
5753,6302,6337
5754,6300,6335
5755,6297,6332
5756,6295,6330
5757,6292,6327
5758,6290,6325
5759,6287,6323
5760,6285,6320
5761,6283,6318
5762,6280,6316
5763,6278,6313
5764,6275,6311
5765,6273,6309
5766,6271,6306
5767,6268,6304
5768,6266,6302
5769,6264,6299
5770,6261,6297
5771,6259,6295
5772,6257,6292
5773,6254,6290
5774,6252,6288
5775,6250,6286
5776,6248,6283
5777,6245,6281
5778,6243,6279
5779,6241,6277
5780,6239,6274
5781,6236,6272
5782,6234,6270
5783,6232,6268
5784,6230,6265
5785,6228,6263
5786,6225,6261
5787,6223,6259
5788,6221,6257
5789,6219,6254
5790,6217,6252
5791,6215,6250
5792,6212,6248
5793,6210,6246
5794,6208,6244
5795,6206,6242
5796,6204,6239
5797,6202,6237
5798,6200,6235
5799,6198,6233
5800,6195,6231
5801,6193,6229
5802,6191,6227
5803,6189,6225
5804,6187,6223
5805,6185,6221
5806,6183,6219
5807,6181,6216
5808,6179,6214
5809,6177,6212
5810,6175,6210
5811,6173,6208
5812,6171,6206
5813,6169,6204
5814,6167,6202
5815,6165,6200
5816,6163,6198
5817,6161,6196
5818,6159,6194
5819,6157,6192
5820,6155,6190
5821,6153,6188
5822,6151,6186
5823,6149,6184
5824,6147,6182
5825,6145,6180
5826,6143,6178
5827,6141,6176
5828,6140,6175
5829,6138,6173
5830,6136,6171
5831,6134,6169
5832,6132,6167
5833,6130,6165
5834,6128,6163
5835,6126,6161
5836,6124,6159
5837,6122,6157
5838,6121,6155
5839,6119,6154
5840,6117,6152
5841,6115,6150
5842,6113,6148
5843,6111,6146
5844,6110,6144
5845,6108,6142
5846,6106,6140
5847,6104,6139
5848,6102,6137
5849,6100,6135
5850,6099,6133
5851,6097,6131
5852,6095,6129
5853,6093,6128
5854,6091,6126
5855,6090,6124
5856,6088,6122
5857,6086,6120
5858,6084,6119
5859,6083,6117
5860,6081,6115
5861,6079,6113
5862,6077,6111
5863,6076,6110
5864,6074,6108
5865,6072,6106
5866,6070,6104
5867,6069,6103
5868,6067,6101
5869,6065,6099
5870,6063,6097
5871,6062,6096
5872,6060,6094
5873,6058,6092
5874,6057,6090
5875,6055,6089
5876,6053,6087
5877,6051,6085
5878,6050,6083
5879,6048,6082
5880,6046,6080
5881,6045,6078
5882,6043,6077
5883,6041,6075
5884,6040,6073
5885,6038,6071
5886,6036,6070
5887,6035,6068
5888,6033,6066
5889,6031,6065
5890,6030,6063
5891,6028,6061
5892,6027,6060
5893,6025,6058
5894,6023,6056
5895,6022,6055
5896,6020,6053
5897,6018,6052
5898,6017,6050
5899,6015,6048
5900,6014,6047
5901,6012,6045
5902,6010,6043
5903,6009,6042
5904,6007,6040
5905,6006,6038
5906,6004,6037
5907,6002,6035
5908,6001,6034
5909,5999,6032
5910,5998,6030
5911,5996,6029
5912,5995,6027
5913,5993,6026
5914,5991,6024
5915,5990,6022
5916,5988,6021
5917,5987,6019
5918,5985,6018
5919,5984,6016
5920,5982,6015
5921,5981,6013
5922,5979,6011
5923,5978,6010
5924,5976,6008
5925,5975,6007
5926,5973,6005
5927,5972,6004
5928,5970,6002
5929,5969,6001
5930,5967,5999
5931,5966,5998
5932,5964,5996
5933,5963,5995
5934,5961,5993
5935,5960,5992
5936,5958,5990
5937,5957,5988
5938,5955,5987
5939,5954,5985
5940,5952,5984
5941,5951,5982
5942,5949,5981
5943,5948,5979
5944,5946,5978
5945,5945,5976
5946,5943,5975
5947,5942,5974
5948,5940,5972
5949,5939,5971
5950,5938,5969
5951,5936,5968
5952,5935,5966
5953,5933,5965
5954,5932,5963
5955,5930,5962
5956,5929,5960
5957,5927,5959
5958,5926,5957
5959,5925,5956
5960,5923,5954
5961,5922,5953
5962,5920,5952
5963,5919,5950
5964,5918,5949
5965,5916,5947
5966,5915,5946
5967,5913,5944
5968,5912,5943
5969,5911,5942
5970,5909,5940
5971,5908,5939
5972,5906,5937
5973,5905,5936
5974,5904,5935
5975,5902,5933
5976,5901,5932
5977,5900,5930
5978,5898,5929
5979,5897,5928
5980,5895,5926
5981,5894,5925
5982,5893,5923
5983,5891,5922
5984,5890,5921
5985,5889,5919
5986,5887,5918
5987,5886,5916
5988,5885,5915
5989,5883,5914
5990,5882,5912
5991,5881,5911
5992,5879,5910
5993,5878,5908
5994,5877,5907
5995,5875,5906
5996,5874,5904
5997,5873,5903
5998,5871,5901
5999,5870,5900
6000,5869,5899
6001,5867,5897
6002,5866,5896
6003,5865,5895
6004,5863,5893
6005,5862,5892
6006,5861,5891
6007,5859,5889
6008,5858,5888
6009,5857,5887
6010,5856,5885
6011,5854,5884
6012,5853,5883
6013,5852,5882
6014,5850,5880
6015,5849,5879
6016,5848,5878
6017,5847,5876
6018,5845,5875
6019,5844,5874
6020,5843,5872
6021,5841,5871
6022,5840,5870
6023,5839,5869
6024,5838,5867
6025,5836,5866
6026,5835,5865
6027,5834,5863
6028,5833,5862
6029,5831,5861
6030,5830,5860
6031,5829,5858
6032,5828,5857
6033,5826,5856
6034,5825,5854
6035,5824,5853
6036,5823,5852
6037,5821,5851
6038,5820,5849
6039,5819,5848
6040,5818,5847
6041,5817,5846
6042,5815,5844
6043,5814,5843
6044,5813,5842
6045,5812,5841
6046,5810,5839
6047,5809,5838
6048,5808,5837
6049,5807,5836
6050,5806,5835
6051,5804,5833
6052,5803,5832
6053,5802,5831
6054,5801,5830
6055,5800,5828
6056,5798,5827
6057,5797,5826
6058,5796,5825
6059,5795,5824
6060,5794,5822
6061,5792,5821
6062,5791,5820
6063,5790,5819
6064,5789,5817
6065,5788,5816
6066,5787,5815
6067,5785,5814
6068,5784,5813
6069,5783,5811
6070,5782,5810
6071,5781,5809
6072,5779,5808
6073,5778,5807
6074,5777,5806
6075,5776,5804
6076,5775,5803
6077,5774,5802
6078,5773,5801
6079,5771,5800
6080,5770,5798
6081,5769,5797
6082,5768,5796
6083,5767,5795
6084,5766,5794
6085,5764,5793
6086,5763,5791
6087,5762,5790
6088,5761,5789
6089,5760,5788
6090,5759,5787
6091,5758,5786
6092,5757,5785
6093,5755,5783
6094,5754,5782
6095,5753,5781
6096,5752,5780
6097,5751,5779
6098,5750,5778
6099,5749,5777
6100,5748,5775
6101,5746,5774
6102,5745,5773
6103,5744,5772
6104,5743,5771
6105,5742,5770
6106,5741,5769
6107,5740,5767
6108,5739,5766
6109,5738,5765
6110,5737,5764
6111,5735,5763
6112,5734,5762
6113,5733,5761
6114,5732,5760
6115,5731,5759
6116,5730,5757
6117,5729,5756
6118,5728,5755
6119,5727,5754
6120,5726,5753
6121,5725,5752
6122,5723,5751
6123,5722,5750
6124,5721,5749
6125,5720,5748
6126,5719,5746
6127,5718,5745
6128,5717,5744
6129,5716,5743
6130,5715,5742
6131,5714,5741
6132,5713,5740
6133,5712,5739
6134,5711,5738
6135,5710,5737
6136,5709,5736
6137,5707,5735
6138,5706,5733
6139,5705,5732
6140,5704,5731
6141,5703,5730
6142,5702,5729
6143,5701,5728
6144,5700,5727
6145,5699,5726
6146,5698,5725
6147,5697,5724
6148,5696,5723
6149,5695,5722
6150,5694,5721
6151,5693,5720
6152,5692,5719
6153,5691,5718
6154,5690,5717
6155,5689,5716
6156,5688,5714
6157,5687,5713
6158,5686,5712
6159,5685,5711
6160,5684,5710
6161,5683,5709
6162,5682,5708
6163,5681,5707
6164,5680,5706
6165,5679,5705
6166,5678,5704
6167,5677,5703
6168,5676,5702
6169,5675,5701
6170,5674,5700
6171,5673,5699
6172,5672,5698
6173,5671,5697
6174,5670,5696
6175,5669,5695
6176,5668,5694
6177,5667,5693
6178,5666,5692
6179,5665,5691
6180,5664,5690
6181,5663,5689
6182,5662,5688
6183,5661,5687
6184,5660,5686
6185,5659,5685
6186,5658,5684
6187,5657,5683
6188,5656,5682
6189,5655,5681
6190,5654,5680
6191,5653,5679
6192,5652,5678
6193,5651,5677
6194,5650,5676
6195,5649,5675
6196,5648,5674
6197,5647,5673
6198,5646,5672
6199,5645,5671
6200,5644,5670
6201,5643,5669
6202,5642,5668
6203,5641,5667
6204,5640,5666
6205,5639,5665
6206,5638,5664
6207,5637,5663
6208,5636,5662
6209,5636,5661
6210,5635,5660
6211,5634,5659
6212,5633,5658
6213,5632,5657
6214,5631,5656
6215,5630,5656
6216,5629,5655
6217,5628,5654
6218,5627,5653
6219,5626,5652
6220,5625,5651
6221,5624,5650
6222,5623,5649
6223,5622,5648
6224,5621,5647
6225,5621,5646
6226,5620,5645
6227,5619,5644
6228,5618,5643
6229,5617,5642
6230,5616,5641
6231,5615,5640
6232,5614,5639
6233,5613,5639
6234,5612,5638
6235,5611,5637
6236,5610,5636
6237,5609,5635
6238,5609,5634
6239,5608,5633
6240,5607,5632
6241,5606,5631
6242,5605,5630
6243,5604,5629
6244,5603,5628
6245,5602,5627
6246,5601,5627
6247,5600,5626
6248,5600,5625
6249,5599,5624
6250,5598,5623
6251,5597,5622
6252,5596,5621
6253,5595,5620
6254,5594,5619
6255,5593,5618
6256,5592,5617
6257,5591,5617
6258,5591,5616
6259,5590,5615
6260,5589,5614
6261,5588,5613
6262,5587,5612
6263,5586,5611
6264,5585,5610
6265,5584,5609
6266,5584,5608
6267,5583,5608
6268,5582,5607
6269,5581,5606
6270,5580,5605
6271,5579,5604
6272,5578,5603
6273,5577,5602
6274,5577,5601
6275,5576,5601
6276,5575,5600
6277,5574,5599
6278,5573,5598
6279,5572,5597
6280,5571,5596
6281,5571,5595
6282,5570,5594
6283,5569,5594
6284,5568,5593
6285,5567,5592
6286,5566,5591
6287,5565,5590
6288,5565,5589
6289,5564,5588
6290,5563,5587
6291,5562,5587
6292,5561,5586
6293,5560,5585
6294,5560,5584
6295,5559,5583
6296,5558,5582
6297,5557,5581
6298,5556,5581
6299,5555,5580
6300,5554,5579
6301,5554,5578
6302,5553,5577
6303,5552,5576
6304,5551,5576
6305,5550,5575
6306,5549,5574
6307,5549,5573
6308,5548,5572
6309,5547,5571
6310,5546,5570
6311,5545,5570
6312,5545,5569
6313,5544,5568
6314,5543,5567
6315,5542,5566
6316,5541,5565
6317,5540,5565
6318,5540,5564
6319,5539,5563
6320,5538,5562
6321,5537,5561
6322,5536,5560
6323,5536,5560
6324,5535,5559
6325,5534,5558
6326,5533,5557
6327,5532,5556
6328,5532,5556
6329,5531,5555
6330,5530,5554
6331,5529,5553
6332,5528,5552
6333,5528,5551
6334,5527,5551
6335,5526,5550
6336,5525,5549
6337,5524,5548
6338,5524,5547
6339,5523,5547
6340,5522,5546
6341,5521,5545
6342,5520,5544
6343,5520,5543
6344,5519,5543
6345,5518,5542
6346,5517,5541
6347,5516,5540
6348,5516,5539
6349,5515,5539
6350,5514,5538
6351,5513,5537
6352,5513,5536
6353,5512,5535
6354,5511,5535
6355,5510,5534
6356,5509,5533
6357,5509,5532
6358,5508,5532
6359,5507,5531
6360,5506,5530
6361,5506,5529
6362,5505,5528
6363,5504,5528
6364,5503,5527
6365,5502,5526
6366,5502,5525
6367,5501,5525
6368,5500,5524
6369,5499,5523
6370,5499,5522
6371,5498,5521
6372,5497,5521
6373,5496,5520
6374,5496,5519
6375,5495,5518
6376,5494,5518
6377,5493,5517
6378,5493,5516
6379,5492,5515
6380,5491,5515
6381,5490,5514
6382,5490,5513
6383,5489,5512
6384,5488,5511
6385,5487,5511
6386,5487,5510
6387,5486,5509
6388,5485,5508
6389,5484,5508
6390,5484,5507
6391,5483,5506
6392,5482,5505
6393,5481,5505
6394,5481,5504
6395,5480,5503
6396,5479,5502
6397,5479,5502
6398,5478,5501
6399,5477,5500
6400,5476,5499
6401,5476,5499
6402,5475,5498
6403,5474,5497
6404,5473,5497
6405,5473,5496
6406,5472,5495
6407,5471,5494
6408,5471,5494
6409,5470,5493
6410,5469,5492
6411,5468,5491
6412,5468,5491
6413,5467,5490
6414,5466,5489
6415,5465,5488
6416,5465,5488
6417,5464,5487
6418,5463,5486
6419,5463,5486
6420,5462,5485
6421,5461,5484
6422,5460,5483
6423,5460,5483
6424,5459,5482
6425,5458,5481
6426,5458,5481
6427,5457,5480
6428,5456,5479
6429,5456,5478
6430,5455,5478
6431,5454,5477
6432,5453,5476
6433,5453,5476
6434,5452,5475
6435,5451,5474
6436,5451,5473
6437,5450,5473
6438,5449,5472
6439,5449,5471
6440,5448,5471
6441,5447,5470
6442,5446,5469
6443,5446,5468
6444,5445,5468
6445,5444,5467
6446,5444,5466
6447,5443,5466
6448,5442,5465
6449,5442,5464
6450,5441,5464
6451,5440,5463
6452,5440,5462
6453,5439,5462
6454,5438,5461
6455,5438,5460
6456,5437,5459
6457,5436,5459
6458,5436,5458
6459,5435,5457
6460,5434,5457
6461,5434,5456
6462,5433,5455
6463,5432,5455
6464,5432,5454
6465,5431,5453
6466,5430,5453
6467,5430,5452
6468,5429,5451
6469,5428,5451
6470,5428,5450
6471,5427,5449
6472,5426,5449
6473,5426,5448
6474,5425,5447
6475,5424,5447
6476,5424,5446
6477,5423,5445
6478,5422,5445
6479,5422,5444
6480,5421,5443
6481,5420,5443
6482,5420,5442
6483,5419,5441
6484,5418,5441
6485,5418,5440
6486,5417,5439
6487,5416,5439
6488,5416,5438
6489,5415,5437
6490,5414,5437
6491,5414,5436
6492,5413,5435
6493,5412,5435
6494,5412,5434
6495,5411,5433
6496,5411,5433
6497,5410,5432
6498,5409,5431
6499,5409,5431
6500,5408,5430
6501,5407,5429
6502,5407,5429
6503,5406,5428
6504,5405,5427
6505,5405,5427
6506,5404,5426
6507,5404,5426
6508,5403,5425
6509,5402,5424
6510,5402,5424
6511,5401,5423
6512,5400,5422
6513,5400,5422
6514,5399,5421
6515,5398,5420
6516,5398,5420
6517,5397,5419
6518,5397,5419
6519,5396,5418
6520,5395,5417
6521,5395,5417
6522,5394,5416
6523,5393,5415
6524,5393,5415
6525,5392,5414
6526,5392,5413
6527,5391,5413
6528,5390,5412
6529,5390,5412
6530,5389,5411
6531,5389,5410
6532,5388,5410
6533,5387,5409
6534,5387,5409
6535,5386,5408
6536,5386,5407
6537,5385,5407
6538,5384,5406
6539,5384,5405
6540,5383,5405
6541,5382,5404
6542,5382,5404
6543,5381,5403
6544,5381,5402
6545,5380,5402
6546,5379,5401
6547,5379,5401
6548,5378,5400
6549,5378,5399
6550,5377,5399
6551,5376,5398
6552,5376,5398
6553,5375,5397
6554,5375,5396
6555,5374,5396
6556,5374,5395
6557,5373,5394
6558,5372,5394
6559,5372,5393
6560,5371,5393
6561,5371,5392
6562,5370,5392
6563,5369,5391
6564,5369,5390
6565,5368,5390
6566,5368,5389
6567,5367,5389
6568,5366,5388
6569,5366,5387
6570,5365,5387
6571,5365,5386
6572,5364,5386
6573,5364,5385
6574,5363,5384
6575,5362,5384
6576,5362,5383
6577,5361,5383
6578,5361,5382
6579,5360,5381
6580,5360,5381
6581,5359,5380
6582,5358,5380
6583,5358,5379
6584,5357,5379
6585,5357,5378
6586,5356,5377
6587,5356,5377
6588,5355,5376
6589,5354,5376
6590,5354,5375
6591,5353,5375
6592,5353,5374
6593,5352,5373
6594,5352,5373
6595,5351,5372
6596,5350,5372
6597,5350,5371
6598,5349,5371
6599,5349,5370
6600,5348,5369
6601,5348,5369
6602,5347,5368
6603,5347,5368
6604,5346,5367
6605,5345,5367
6606,5345,5366
6607,5344,5365
6608,5344,5365
6609,5343,5364
6610,5343,5364
6611,5342,5363
6612,5342,5363
6613,5341,5362
6614,5340,5362
6615,5340,5361
6616,5339,5360
6617,5339,5360
6618,5338,5359
6619,5338,5359
6620,5337,5358
6621,5337,5358
6622,5336,5357
6623,5336,5357
6624,5335,5356
6625,5335,5356
6626,5334,5355
6627,5333,5354
6628,5333,5354
6629,5332,5353
6630,5332,5353
6631,5331,5352
6632,5331,5352
6633,5330,5351
6634,5330,5351
6635,5329,5350
6636,5329,5350
6637,5328,5349
6638,5328,5348
6639,5327,5348
6640,5327,5347
6641,5326,5347
6642,5325,5346
6643,5325,5346
6644,5324,5345
6645,5324,5345
6646,5323,5344
6647,5323,5344
6648,5322,5343
6649,5322,5343
6650,5321,5342
6651,5321,5342
6652,5320,5341
6653,5320,5341
6654,5319,5340
6655,5319,5339
6656,5318,5339
6657,5318,5338
6658,5317,5338
6659,5317,5337
6660,5316,5337
6661,5316,5336
6662,5315,5336
6663,5315,5335
6664,5314,5335
6665,5314,5334
6666,5313,5334
6667,5313,5333
6668,5312,5333
6669,5312,5332
6670,5311,5332
6671,5311,5331
6672,5310,5331
6673,5310,5330
6674,5309,5330
6675,5309,5329
6676,5308,5329
6677,5308,5328
6678,5307,5328
6679,5307,5327
6680,5306,5327
6681,5306,5326
6682,5305,5326
6683,5305,5325
6684,5304,5325
6685,5304,5324
6686,5303,5324
6687,5303,5323
6688,5302,5323
6689,5302,5322
6690,5301,5322
6691,5301,5321
6692,5300,5321
6693,5300,5320
6694,5299,5320
6695,5299,5319
6696,5298,5319
6697,5298,5318
6698,5297,5318
6699,5297,5317
6700,5296,5317
6701,5296,5316
6702,5295,5316
6703,5295,5315
6704,5294,5315
6705,5294,5314
6706,5293,5314
6707,5293,5313
6708,5292,5313
6709,5292,5312
6710,5291,5312
6711,5291,5311
6712,5290,5311
6713,5290,5310
6714,5290,5310
6715,5289,5309
6716,5289,5309
6717,5288,5308
6718,5288,5308
6719,5287,5307
6720,5287,5307
6721,5286,5306
6722,5286,5306
6723,5285,5306
6724,5285,5305
6725,5284,5305
6726,5284,5304
6727,5283,5304
6728,5283,5303
6729,5282,5303
6730,5282,5302
6731,5282,5302
6732,5281,5301
6733,5281,5301
6734,5280,5300
6735,5280,5300
6736,5279,5299
6737,5279,5299
6738,5278,5299
6739,5278,5298
6740,5277,5298
6741,5277,5297
6742,5277,5297
6743,5276,5296
6744,5276,5296
6745,5275,5295
6746,5275,5295
6747,5274,5294
6748,5274,5294
6749,5273,5293
6750,5273,5293
6751,5272,5293
6752,5272,5292
6753,5272,5292
6754,5271,5291
6755,5271,5291
6756,5270,5290
6757,5270,5290
6758,5269,5289
6759,5269,5289
6760,5268,5288
6761,5268,5288
6762,5268,5288
6763,5267,5287
6764,5267,5287
6765,5266,5286
6766,5266,5286
6767,5265,5285
6768,5265,5285
6769,5264,5284
6770,5264,5284
6771,5264,5284
6772,5263,5283
6773,5263,5283
6774,5262,5282
6775,5262,5282
6776,5261,5281
6777,5261,5281
6778,5261,5280
6779,5260,5280
6780,5260,5280
6781,5259,5279
6782,5259,5279
6783,5258,5278
6784,5258,5278
6785,5258,5277
6786,5257,5277
6787,5257,5277
6788,5256,5276
6789,5256,5276
6790,5255,5275
6791,5255,5275
6792,5255,5274
6793,5254,5274
6794,5254,5274
6795,5253,5273
6796,5253,5273
6797,5253,5272
6798,5252,5272
6799,5252,5271
6800,5251,5271
6801,5251,5271
6802,5250,5270
6803,5250,5270
6804,5250,5269
6805,5249,5269
6806,5249,5269
6807,5248,5268
6808,5248,5268
6809,5248,5267
6810,5247,5267
6811,5247,5266
6812,5246,5266
6813,5246,5266
6814,5246,5265
6815,5245,5265
6816,5245,5264
6817,5244,5264
6818,5244,5264
6819,5243,5263
6820,5243,5263
6821,5243,5262
6822,5242,5262
6823,5242,5261
6824,5241,5261
6825,5241,5261
6826,5241,5260
6827,5240,5260
6828,5240,5259
6829,5239,5259
6830,5239,5259
6831,5239,5258
6832,5238,5258
6833,5238,5257
6834,5238,5257
6835,5237,5257
6836,5237,5256
6837,5236,5256
6838,5236,5255
6839,5236,5255
6840,5235,5255
6841,5235,5254
6842,5234,5254
6843,5234,5253
6844,5234,5253
6845,5233,5253
6846,5233,5252
6847,5232,5252
6848,5232,5252
6849,5232,5251
6850,5231,5251
6851,5231,5250
6852,5231,5250
6853,5230,5250
6854,5230,5249
6855,5229,5249
6856,5229,5248
6857,5229,5248
6858,5228,5248
6859,5228,5247
6860,5227,5247
6861,5227,5246
6862,5227,5246
6863,5226,5246
6864,5226,5245
6865,5226,5245
6866,5225,5245
6867,5225,5244
6868,5224,5244
6869,5224,5243
6870,5224,5243
6871,5223,5243
6872,5223,5242
6873,5223,5242
6874,5222,5242
6875,5222,5241
6876,5222,5241
6877,5221,5240
6878,5221,5240
6879,5220,5240
6880,5220,5239
6881,5220,5239
6882,5219,5239
6883,5219,5238
6884,5219,5238
6885,5218,5237
6886,5218,5237
6887,5218,5237
6888,5217,5236
6889,5217,5236
6890,5216,5236
6891,5216,5235
6892,5216,5235
6893,5215,5235
6894,5215,5234
6895,5215,5234
6896,5214,5233
6897,5214,5233
6898,5214,5233
6899,5213,5232
6900,5213,5232
6901,5213,5232
6902,5212,5231
6903,5212,5231
6904,5211,5231
6905,5211,5230
6906,5211,5230
6907,5210,5230
6908,5210,5229
6909,5210,5229
6910,5209,5228
6911,5209,5228
6912,5209,5228
6913,5208,5227
6914,5208,5227
6915,5208,5227
6916,5207,5226
6917,5207,5226
6918,5207,5226
6919,5206,5225
6920,5206,5225
6921,5206,5225
6922,5205,5224
6923,5205,5224
6924,5205,5224
6925,5204,5223
6926,5204,5223
6927,5204,5223
6928,5203,5222
6929,5203,5222
6930,5203,5222
6931,5202,5221
6932,5202,5221
6933,5202,5221
6934,5201,5220
6935,5201,5220
6936,5201,5220
6937,5200,5219
6938,5200,5219
6939,5200,5219
6940,5199,5218
6941,5199,5218
6942,5199,5218
6943,5198,5217
6944,5198,5217
6945,5198,5217
6946,5197,5216
6947,5197,5216
6948,5197,5216
6949,5196,5215
6950,5196,5215
6951,5196,5215
6952,5195,5214
6953,5195,5214
6954,5195,5214
6955,5194,5213
6956,5194,5213
6957,5194,5213
6958,5193,5212
6959,5193,5212
6960,5193,5212
6961,5192,5211
6962,5192,5211
6963,5192,5211
6964,5192,5210
6965,5191,5210
6966,5191,5210
6967,5191,5209
6968,5190,5209
6969,5190,5209
6970,5190,5208
6971,5189,5208
6972,5189,5208
6973,5189,5207
6974,5188,5207
6975,5188,5207
6976,5188,5207
6977,5188,5206
6978,5187,5206
6979,5187,5206
6980,5187,5205
6981,5186,5205
6982,5186,5205
6983,5186,5204
6984,5185,5204
6985,5185,5204
6986,5185,5203
6987,5184,5203
6988,5184,5203
6989,5184,5203
6990,5184,5202
6991,5183,5202
6992,5183,5202
6993,5183,5201
6994,5182,5201
6995,5182,5201
6996,5182,5200
6997,5181,5200
6998,5181,5200
6999,5181,5200
7000,5181,5199
7001,5180,5199
7002,5180,5199
7003,5180,5198
7004,5179,5198
7005,5179,5198
7006,5179,5197
7007,5179,5197
7008,5178,5197
7009,5178,5197
7010,5178,5196
7011,5177,5196
7012,5177,5196
7013,5177,5195
7014,5177,5195
7015,5176,5195
7016,5176,5195
7017,5176,5194
7018,5175,5194
7019,5175,5194
7020,5175,5193
7021,5175,5193
7022,5174,5193
7023,5174,5193
7024,5174,5192
7025,5173,5192
7026,5173,5192
7027,5173,5191
7028,5173,5191
7029,5172,5191
7030,5172,5191
7031,5172,5190
7032,5172,5190
7033,5171,5190
7034,5171,5189
7035,5171,5189
7036,5170,5189
7037,5170,5189
7038,5170,5188
7039,5170,5188
7040,5169,5188
7041,5169,5187
7042,5169,5187
7043,5169,5187
7044,5168,5187
7045,5168,5186
7046,5168,5186
7047,5167,5186
7048,5167,5186
7049,5167,5185
7050,5167,5185
7051,5166,5185
7052,5166,5184
7053,5166,5184
7054,5166,5184
7055,5165,5184
7056,5165,5183
7057,5165,5183
7058,5165,5183
7059,5164,5183
7060,5164,5182
7061,5164,5182
7062,5164,5182
7063,5163,5182
7064,5163,5181
7065,5163,5181
7066,5163,5181
7067,5162,5181
7068,5162,5180
7069,5162,5180
7070,5162,5180
7071,5161,5179
7072,5161,5179
7073,5161,5179
7074,5161,5179
7075,5160,5178
7076,5160,5178
7077,5160,5178
7078,5160,5178
7079,5159,5177
7080,5159,5177
7081,5159,5177
7082,5159,5177
7083,5158,5176
7084,5158,5176
7085,5158,5176
7086,5158,5176
7087,5157,5175
7088,5157,5175
7089,5157,5175
7090,5157,5175
7091,5156,5174
7092,5156,5174
8379,5288,5304
8380,5289,5305
8381,5289,5305
8382,5290,5306
8383,5290,5306
8384,5290,5307
8385,5291,5307
8386,5291,5308
8387,5292,5308
8388,5292,5308
8389,5293,5309
8390,5293,5309
8391,5294,5310
8392,5294,5310
8393,5295,5311
8394,5295,5311
8395,5296,5312
8396,5296,5312
8397,5297,5313
8398,5297,5313
8399,5298,5314
8400,5298,5314
8401,5299,5315
8402,5299,5315
8403,5300,5316
8404,5300,5316
8405,5301,5317
8406,5301,5317
8407,5302,5318
8408,5302,5318
8409,5303,5319
8410,5303,5319
8411,5304,5320
8412,5304,5320
8413,5304,5321
8414,5305,5321
8415,5305,5322
8416,5306,5322
8417,5306,5323
8418,5307,5323
8419,5307,5324
8420,5308,5324
8421,5308,5325
8422,5309,5325
8423,5309,5326
8424,5310,5326
8425,5310,5327
8426,5311,5327
8427,5311,5328
8428,5312,5328
8429,5312,5329
8430,5313,5329
8431,5313,5330
8432,5314,5330
8433,5314,5331
8434,5315,5331
8435,5316,5332
8436,5316,5332
8437,5317,5333
8438,5317,5333
8439,5318,5334
8440,5318,5334
8441,5319,5335
8442,5319,5336
8443,5320,5336
8444,5320,5337
8445,5321,5337
8446,5321,5338
8447,5322,5338
8448,5322,5339
8449,5323,5339
8450,5323,5340
8451,5324,5340
8452,5324,5341
8453,5325,5341
8454,5325,5342
8455,5326,5342
8456,5326,5343
8457,5327,5343
8458,5327,5344
8459,5328,5345
8460,5328,5345
8461,5329,5346
8462,5330,5346
8463,5330,5347
8464,5331,5347
8465,5331,5348
8466,5332,5348
8467,5332,5349
8468,5333,5349
8469,5333,5350
8470,5334,5350
8471,5334,5351
8472,5335,5352
8473,5335,5352
8474,5336,5353
8475,5336,5353
8476,5337,5354
8477,5338,5354
8478,5338,5355
8479,5339,5355
8480,5339,5356
8481,5340,5356
8482,5340,5357
8483,5341,5358
8484,5341,5358
8485,5342,5359
8486,5342,5359
8487,5343,5360
8488,5344,5360
8489,5344,5361
8490,5345,5361
8491,5345,5362
8492,5346,5363
8493,5346,5363
8494,5347,5364
8495,5347,5364
8496,5348,5365
8497,5348,5365
8498,5349,5366
8499,5350,5366
8500,5350,5367
8501,5351,5368
8502,5351,5368
8503,5352,5369
8504,5352,5369
8505,5353,5370
8506,5353,5370
8507,5354,5371
8508,5355,5372
8509,5355,5372
8510,5356,5373
8511,5356,5373
8512,5357,5374
8513,5357,5374
8514,5358,5375
8515,5359,5376
8516,5359,5376
8517,5360,5377
8518,5360,5377
8519,5361,5378
8520,5361,5379
8521,5362,5379
8522,5363,5380
8523,5363,5380
8524,5364,5381
8525,5364,5381
8526,5365,5382
8527,5365,5383
8528,5366,5383
8529,5367,5384
8530,5367,5384
8531,5368,5385
8532,5368,5386
8533,5369,5386
8534,5370,5387
8535,5370,5387
8536,5371,5388
8537,5371,5389
8538,5372,5389
8539,5372,5390
8540,5373,5390
8541,5374,5391
8542,5374,5392
8543,5375,5392
8544,5375,5393
8545,5376,5393
8546,5377,5394
8547,5377,5395
8548,5378,5395
8549,5378,5396
8550,5379,5396
8551,5380,5397
8552,5380,5398
8553,5381,5398
8554,5381,5399
8555,5382,5399
8556,5383,5400
8557,5383,5401
8558,5384,5401
8559,5384,5402
8560,5385,5402
8561,5386,5403
8562,5386,5404
8563,5387,5404
8564,5387,5405
8565,5388,5406
8566,5389,5406
8567,5389,5407
8568,5390,5407
8569,5390,5408
8570,5391,5409
8571,5392,5409
8572,5392,5410
8573,5393,5411
8574,5393,5411
8575,5394,5412
8576,5395,5412
8577,5395,5413
8578,5396,5414
8579,5397,5414
8580,5397,5415
8581,5398,5416
8582,5398,5416
8583,5399,5417
8584,5400,5417
8585,5400,5418
8586,5401,5419
8587,5402,5419
8588,5402,5420
8589,5403,5421
8590,5403,5421
8591,5404,5422
8592,5405,5423
8593,5405,5423
8594,5406,5424
8595,5407,5424
8596,5407,5425
8597,5408,5426
8598,5408,5426
8599,5409,5427
8600,5410,5428
8601,5410,5428
8602,5411,5429
8603,5412,5430
8604,5412,5430
8605,5413,5431
8606,5414,5432
8607,5414,5432
8608,5415,5433
8609,5416,5434
8610,5416,5434
8611,5417,5435
8612,5417,5436
8613,5418,5436
8614,5419,5437
8615,5419,5438
8616,5420,5438
8617,5421,5439
8618,5421,5440
8619,5422,5440
8620,5423,5441
8621,5423,5442
8622,5424,5442
8623,5425,5443
8624,5425,5444
8625,5426,5444
8664,5452,5471
8665,5453,5472
8666,5454,5473
8667,5454,5473
8668,5455,5474
8669,5456,5475
8670,5456,5475
8671,5457,5476
8672,5458,5477
8673,5459,5478
8674,5459,5478
8675,5460,5479
8676,5461,5480
8677,5461,5480
8678,5462,5481
8679,5463,5482
8680,5464,5483
8681,5464,5483
8682,5465,5484
8683,5466,5485
8684,5466,5486
8685,5467,5486
8686,5468,5487
8687,5468,5488
8688,5469,5488
8689,5470,5489
8690,5471,5490
8691,5471,5491
8692,5472,5491
8693,5473,5492
8694,5474,5493
8695,5474,5494
8696,5475,5494
8697,5476,5495
8698,5476,5496
8699,5477,5497
8700,5478,5497
8701,5479,5498
8702,5479,5499
8703,5480,5500
8704,5481,5500
8705,5482,5501
8706,5482,5502
8707,5483,5503
8708,5484,5503
8709,5484,5504
8710,5485,5505
8711,5486,5506
8712,5487,5506
8713,5487,5507
8714,5488,5508
8715,5489,5509
8716,5490,5509
8717,5490,5510
8718,5491,5511
8719,5492,5512
8720,5493,5512
8721,5493,5513
8722,5494,5514
8723,5495,5515
8724,5496,5515
8725,5496,5516
8726,5497,5517
8727,5498,5518
8728,5499,5519
8729,5499,5519
8730,5500,5520
8731,5501,5521
8732,5502,5522
8733,5502,5522
8734,5503,5523
8735,5504,5524
8736,5505,5525
8737,5505,5526
8738,5506,5526
8739,5507,5527
8740,5508,5528
8741,5508,5529
8742,5509,5529
8743,5510,5530
8744,5511,5531
8745,5512,5532
8746,5512,5533
8747,5513,5533
8748,5514,5534
8749,5515,5535
8750,5515,5536
8751,5516,5537
8752,5517,5537
8753,5518,5538
8754,5519,5539
8755,5519,5540
8756,5520,5541
8757,5521,5541
8758,5522,5542
8759,5522,5543
8760,5523,5544
8761,5524,5545
8762,5525,5545
8763,5526,5546
8764,5526,5547
8765,5527,5548
8766,5528,5549
8767,5529,5549
8768,5530,5550
8769,5530,5551
8770,5531,5552
8771,5532,5553
8772,5533,5554
8773,5534,5554
8774,5534,5555
8775,5535,5556
8776,5536,5557
8777,5537,5558
8778,5538,5559
8779,5538,5559
8780,5539,5560
8781,5540,5561
8782,5541,5562
8783,5542,5563
8784,5542,5564
8785,5543,5564
8786,5544,5565
8787,5545,5566
8788,5546,5567
8789,5547,5568
8790,5547,5569
8791,5548,5569
8792,5549,5570
8793,5550,5571
8794,5551,5572
8795,5551,5573
8796,5552,5574
8797,5553,5574
8798,5554,5575
8799,5555,5576
8800,5556,5577
8801,5556,5578
8802,5557,5579
8803,5558,5580
8804,5559,5580
8805,5560,5581
8806,5561,5582
8807,5561,5583
8808,5562,5584
8809,5563,5585
8810,5564,5586
8811,5565,5586
8812,5566,5587
8813,5567,5588
8814,5567,5589
8815,5568,5590
8816,5569,5591
8817,5570,5592
8818,5571,5593
8819,5572,5593
8820,5572,5594
8821,5573,5595
8822,5574,5596
8823,5575,5597
8824,5576,5598
8825,5577,5599
8826,5578,5600
8827,5578,5600
8828,5579,5601
8829,5580,5602
8830,5581,5603
8831,5582,5604
8832,5583,5605
8833,5584,5606
8834,5585,5607
8835,5585,5608
8836,5586,5609
8837,5587,5609
8838,5588,5610
8839,5589,5611
8840,5590,5612
8841,5591,5613
8842,5592,5614
8843,5592,5615
8844,5593,5616
8845,5594,5617
8846,5595,5618
8847,5596,5618
8848,5597,5619
8849,5598,5620
8850,5599,5621
8851,5600,5622
8852,5600,5623
8853,5601,5624
8854,5602,5625
8855,5603,5626
8856,5604,5627
8857,5605,5628
8858,5606,5629
8859,5607,5629
8860,5608,5630
8861,5608,5631
8862,5609,5632
8863,5610,5633
8864,5611,5634
8865,5612,5635
8866,5613,5636
8867,5614,5637
8868,5615,5638
8869,5616,5639
8870,5617,5640
8871,5618,5641
8872,5619,5642
8873,5619,5643
8874,5620,5644
8875,5621,5644
8876,5622,5645
8877,5623,5646
8878,5624,5647
8879,5625,5648
8880,5626,5649
8881,5627,5650
8882,5628,5651
8883,5629,5652
8884,5630,5653
8885,5631,5654
8886,5631,5655
8887,5632,5656
8888,5633,5657
8889,5634,5658
8890,5635,5659
8891,5636,5660
8892,5637,5661
8893,5638,5662
8894,5639,5663
8895,5640,5664
8896,5641,5665
8897,5642,5666
8898,5643,5667
8899,5644,5668
8900,5645,5669
8901,5646,5670
8902,5647,5671
8903,5648,5672
8904,5649,5673
8905,5649,5674
8906,5650,5675
8907,5651,5676
8908,5652,5677
8909,5653,5678
8910,5654,5679
8911,5655,5680
8912,5656,5681
8913,5657,5682
8914,5658,5683
8915,5659,5684
8916,5660,5685
8917,5661,5686
8918,5662,5687
8919,5663,5688
8920,5664,5689
8921,5665,5690
8922,5666,5691
8923,5667,5692
8924,5668,5693
8925,5669,5694
8926,5670,5695
8927,5671,5696
8928,5672,5697
8929,5673,5698
8930,5674,5699
8931,5675,5700
8932,5676,5701
8933,5677,5702
8934,5678,5703
8935,5679,5704
8936,5680,5705
8937,5681,5706
8938,5682,5707
8939,5683,5708
8940,5684,5709
8941,5685,5710
8942,5686,5711
8943,5687,5712
8944,5688,5713
8945,5689,5714
8946,5690,5715
9447,6629,6651
9446,6623,6648
9445,6617,6645
9444,6611,6642
9443,6606,6638
9442,6601,6635
9441,6596,6631
9440,6591,6628
9439,6586,6624
9438,6581,6621
9437,6577,6617
9436,6572,6614
9435,6568,6610
9434,6563,6606
9433,6559,6603
9432,6555,6599
9431,6551,6596
9430,6546,6592
9429,6542,6588
9428,6538,6585
9427,6534,6581
9426,6530,6578
9425,6526,6574
9424,6522,6571
9423,6519,6567
9422,6515,6564
9421,6511,6560
9420,6507,6557
9419,6504,6553
9418,6500,6550
9417,6496,6547
9416,6493,6543
9415,6489,6540
9414,6486,6536
9413,6482,6533
9412,6479,6530
9411,6475,6526
9410,6472,6523
9409,6468,6520
9408,6465,6517
9407,6462,6513
9406,6458,6510
9405,6455,6507
9404,6452,6504
9403,6449,6500
9402,6445,6497
9401,6442,6494
9400,6439,6491
9399,6436,6488
9398,6433,6485
9397,6430,6482
9396,6427,6479
9395,6424,6475
9394,6420,6472
9393,6417,6469
9392,6414,6466
9391,6411,6463
9390,6408,6460
9389,6406,6457
9388,6403,6454
9387,6400,6451
9386,6397,6449
9385,6394,6446
9384,6391,6443
9383,6388,6440
9382,6385,6437
9381,6382,6434
9380,6380,6431
9379,6377,6428
9378,6374,6425
9377,6371,6423
9376,6368,6420
9375,6366,6417
9374,6363,6414
9373,6360,6411
9372,6358,6409
9371,6355,6406
9370,6352,6403
9369,6350,6400
9368,6347,6398
9367,6344,6395
9366,6342,6392
9365,6339,6390
9364,6336,6387
9363,6334,6384
9362,6331,6382
9361,6329,6379
9360,6326,6376
9359,6324,6374
9358,6321,6371
9357,6319,6369
9356,6316,6366
9355,6314,6363
9354,6311,6361
9295,6180,6224
9229,6058,6098
9296,6182,6226
9230,6060,6099
9318,6228,6274
8628,5428,5446
7519,8690,8695
7519,5102,5119
9142,5924,5958
9297,6184,6229
9231,6062,6101
9319,6230,6277
8629,5429,5447
7520,8689,8696
7520,5102,5119
9143,5926,5959
9298,6186,6231
9232,6063,6103
9320,6232,6279
8630,5429,5448
7521,8689,8696
7521,5102,5119
9144,5927,5961
9299,6188,6233
9233,6065,6105
9321,6234,6281
8631,5430,5448
7522,8688,8697
7522,5102,5119
9145,5928,5962
9300,6190,6235
9234,6067,6106
9322,6236,6283
8632,5431,5449
7523,8688,8697
7523,5102,5119
9146,5930,5964
9301,6192,6237
9235,6068,6108
9323,6239,6286
8633,5431,5450
7524,8688,8697
7524,5102,5119
9147,5931,5965
9302,6194,6239
9236,6070,6110
9324,6241,6288
8634,5432,5450
7525,8688,8698
7525,5102,5119
9148,5933,5967
9303,6196,6241
9347,6294,6343
8657,5447,5466
7548,8688,8697
7548,5102,5118
9171,5966,6002
9346,6292,6341
8656,5447,5466
7547,8688,8697
7547,5102,5118
7547,9726,9729
9170,5965,6000
9345,6289,6338
8655,5446,5465
7546,8687,8698
7546,5102,5118
7546,9725,9729
9169,5963,5999
9344,6287,6336
8654,5445,5464
7545,8687,8698
7545,5102,5118
7545,9725,9730
9168,5962,5997
9343,6284,6333
8653,5445,5463
7544,8687,8698
7544,5102,5118
7544,9724,9730
9167,5960,5996
9342,6282,6331
8652,5444,5463
7543,8687,8698
7543,5102,5118
7543,9724,9730
9166,5959,5994
9341,6280,6328
8651,5443,5462
7542,8687,8698
7542,5102,5118
7542,9724,9730
9165,5957,5992
9340,6277,6326
8650,5443,5461
7541,8687,8698
7541,5102,5118
7541,9724,9730
9164,5956,5991
9339,6275,6323
8649,5442,5461
7540,8687,8698
7540,5102,5118
7540,9725,9730
9163,5954,5989
9338,6273,6321
8648,5441,5460
7539,8687,8699
7539,5102,5118
7539,9725,9729
9162,5953,5988
8627,5427,5446
7518,8690,8695
7518,5102,5119
9141,5923,5957
9317,6226,6272
9249,6093,6134
9337,6270,6319
8647,5441,5459
7538,8687,8699
7538,5102,5118
7538,9726,9728
9161,5951,5986
8626,5427,5445
7517,8691,8694
7517,5102,5119
9140,5921,5955
9316,6223,6270
9248,6091,6132
9336,6268,6316
8646,5440,5459
7537,8686,8699
7537,5102,5118
9160,5950,5985
9315,6221,6268
9247,6089,6130
9335,6266,6314
8645,5439,5458
7536,8686,8699
7536,5102,5118
9159,5949,5983
9314,6219,6265
9348,6296,6346
8658,5448,5467
7549,8688,8697
7549,5102,5118
9172,5968,6003
9349,6299,6348
8659,5449,5468
7550,8689,8696
7550,5102,5118
9173,5969,6005
9350,6301,6351
8660,5450,5468
7551,8689,8696
7551,5102,5118
9174,5971,6006
9351,6304,6353
8661,5450,5469
7552,8690,8695
7552,5102,5118
9175,5972,6008
9352,6306,6356
8662,5451,5470
7553,8690,8695
7553,5102,5118
9176,5974,6009
9353,6309,6358
8663,5452,5470
7554,8691,8694
7554,5102,5118
9177,5975,6011
9246,6087,6128
9334,6263,6311
8644,5439,5457
7535,8686,8699
7535,5102,5118
9158,5947,5982
9313,6217,6263
9245,6086,6126
9333,6261,6309
8643,5438,5456
7534,8686,8699
7534,5102,5119
9157,5946,5980
9312,6215,6261
9244,6084,6124
9332,6259,6307
8642,5437,5456
7533,8687,8699
7533,5102,5119
9156,5944,5979
9311,6213,6259
9243,6082,6123
9331,6257,6304
8641,5437,5455
7532,8687,8698
7532,5102,5119
9155,5943,5977
9310,6211,6257
9242,6080,6121
9330,6254,6302
8640,5436,5454
7531,8687,8698
7531,5102,5119
9154,5941,5976
9309,6208,6254
9241,6079,6119
9329,6252,6300
8639,5435,5454
7530,8687,8698
7530,5102,5119
9153,5940,5974
9308,6206,6252
9240,6077,6117
9328,6250,6297
8638,5435,5453
7529,8687,8698
7529,5102,5119
9152,5938,5973
9307,6204,6250
9239,6075,6115
9327,6248,6295
8637,5434,5452
7528,8687,8698
7528,5102,5119
9151,5937,5971
9306,6202,6248
9238,6074,6114
9326,6245,6293
8636,5433,5452
7527,8687,8698
7527,5102,5119
9150,5936,5970
9305,6200,6246
9237,6072,6112
9325,6243,6290
8635,5433,5451
7526,8687,8698
7526,5102,5119
9149,5934,5968
9304,6198,6243
9250,6095,6136
9251,6096,6137
9252,6098,6139
9253,6100,6141
9254,6102,6143
9255,6104,6145
9256,6105,6147
9257,6107,6149
9258,6109,6151
9259,6111,6152
9260,6113,6154
9261,6114,6156
9262,6116,6158
9263,6118,6160
9264,6120,6162
9265,6122,6164
9266,6124,6166
9267,6125,6168
9268,6127,6170
9269,6129,6172
9270,6131,6174
9271,6133,6176
9272,6135,6178
9273,6137,6180
9274,6139,6181
9275,6141,6183
9276,6142,6185
9277,6144,6187
9278,6146,6189
9279,6148,6191
9280,6150,6193
9281,6152,6195
9282,6154,6197
9283,6156,6200
9284,6158,6202
9285,6160,6204
9286,6162,6206
9287,6164,6208
9288,6166,6210
9289,6168,6212
9290,6170,6214
9291,6172,6216
9292,6174,6218
9293,6176,6220
9294,6178,6222
9448,6635,6653
9449,6643,6655
9228,6056,6096
9227,6055,6094
9226,6053,6092
9225,6051,6091
9224,6050,6089
9223,6048,6087
9222,6046,6085
9221,6045,6084
9220,6043,6082
9219,6041,6080
9218,6040,6078
9217,6038,6077
9216,6036,6075
9215,6035,6073
9214,6033,6072
9213,6032,6070
9212,6030,6068
9211,6028,6066
9210,6027,6065
9209,6025,6063
9208,6023,6061
9207,6022,6060
9206,6020,6058
9205,6019,6056
9204,6017,6055
9203,6015,6053
9202,6014,6051
9201,6012,6050
9200,6011,6048
9199,6009,6046
9198,6008,6045
9197,6006,6043
9196,6004,6041
9195,6003,6040
9194,6001,6038
9193,6000,6037
9192,5998,6035
9191,5997,6033
9190,5995,6032
9189,5994,6030
9188,5992,6029
9187,5990,6027
9186,5989,6025
9185,5987,6024
9184,5986,6022
9183,5984,6021
9182,5983,6019
9181,5981,6017
9180,5980,6016
9179,5978,6014
9178,5977,6013
9139,5920,5954
9138,5919,5952
9137,5917,5951
9136,5916,5949
9135,5914,5948
9134,5913,5946
9133,5912,5945
9132,5910,5944
9131,5909,5942
9130,5907,5941
9129,5906,5939
9128,5905,5938
9127,5903,5936
9126,5902,5935
9125,5901,5934
9124,5899,5932
9123,5898,5931
9122,5897,5929
9121,5895,5928
9120,5894,5926
9119,5893,5925
9118,5891,5924
9117,5890,5922
9116,5888,5921
9115,5887,5919
9114,5886,5918
9113,5884,5917
9112,5883,5915
9111,5882,5914
9110,5880,5913
9109,5879,5911
9108,5878,5910
9107,5877,5908
9106,5875,5907
9105,5874,5906
9104,5873,5904
9103,5871,5903
9102,5870,5902
9101,5869,5900
9100,5867,5899
9099,5866,5898
9098,5865,5896
9097,5863,5895
9096,5862,5894
9095,5861,5892
9094,5860,5891
9093,5858,5889
9092,5857,5888
9091,5856,5887
9090,5854,5885
9089,5853,5884
9088,5852,5883
9087,5851,5882
9086,5849,5880
9085,5848,5879
9084,5847,5878
9083,5846,5876
9082,5844,5875
9081,5843,5874
9080,5842,5872
9079,5840,5871
9078,5839,5870
9077,5838,5868
9076,5837,5867
9075,5835,5866
9074,5834,5865
9073,5833,5863
9072,5832,5862
9071,5830,5861
9070,5829,5859
9069,5828,5858
9068,5827,5857
9067,5826,5856
9066,5824,5854
9065,5823,5853
9064,5822,5852
9063,5821,5850
9062,5819,5849
9061,5818,5848
9060,5817,5847
9059,5816,5845
9058,5815,5844
9057,5813,5843
9056,5812,5842
9055,5811,5840
9054,5810,5839
9053,5808,5838
9052,5807,5837
9051,5806,5835
9050,5805,5834
9049,5804,5833
9048,5803,5832
9047,5801,5830
9046,5800,5829
9045,5799,5828
9044,5798,5827
9043,5797,5826
9042,5795,5824
9041,5794,5823
9040,5793,5822
9039,5792,5821
9038,5791,5819
9037,5789,5818
9036,5788,5817
9035,5787,5816
9034,5786,5815
9033,5785,5813
9032,5784,5812
9031,5783,5811
9030,5781,5810
9029,5780,5809
9028,5779,5807
9027,5778,5806
9026,5777,5805
9025,5776,5804
9024,5774,5803
9023,5773,5801
9022,5772,5800
9021,5771,5799
9020,5770,5798
9019,5769,5797
9018,5768,5795
9017,5766,5794
9016,5765,5793
9015,5764,5792
9014,5763,5791
9013,5762,5790
9012,5761,5788
9011,5760,5787
9010,5759,5786
9009,5757,5785
9008,5756,5784
9007,5755,5783
9006,5754,5782
9005,5753,5780
9004,5752,5779
9003,5751,5778
9002,5750,5777
9001,5748,5776
9000,5747,5775
8999,5746,5773
8998,5745,5772
8997,5744,5771
8996,5743,5770
8995,5742,5769
8994,5741,5768
8993,5740,5767
8992,5739,5766
8991,5737,5764
8990,5736,5763
8989,5735,5762
8988,5734,5761
8987,5733,5760
8986,5732,5759
8985,5731,5758
8984,5730,5757
8983,5729,5755
8982,5728,5754
8981,5727,5753
8980,5726,5752
8979,5725,5751
8978,5723,5750
8977,5722,5749
8976,5721,5748
8975,5720,5747
8974,5719,5745
8973,5718,5744
8972,5717,5743
8971,5716,5742
8970,5715,5741
8969,5714,5740
8968,5713,5739
8967,5712,5738
8966,5711,5737
8965,5710,5736
8964,5709,5735
8963,5708,5734
8962,5707,5732
8961,5706,5731
8960,5704,5730
8959,5703,5729
8958,5702,5728
8957,5701,5727
8956,5700,5726
8955,5699,5725
8954,5698,5724
8953,5697,5723
8952,5696,5722
8951,5695,5721
8950,5694,5720
8949,5693,5719
8948,5692,5717
8947,5691,5716
8378,5288,5304
8377,5287,5303
8376,5287,5303
8375,5286,5302
8374,5286,5302
8373,5285,5301
8372,5285,5301
8371,5284,5300
8370,5284,5300
8369,5283,5299
8368,5283,5299
8367,5283,5299
8366,5282,5298
8365,5282,5298
8364,5281,5297
8363,5281,5297
8362,5280,5296
8361,5280,5296
8360,5279,5295
8359,5279,5295
8358,5278,5294
8357,5278,5294
8356,5278,5293
8355,5277,5293
8354,5277,5293
8353,5276,5292
8352,5276,5292
8351,5275,5291
8350,5275,5291
8349,5274,5290
8348,5274,5290
8347,5273,5289
8346,5273,5289
8345,5273,5288
8344,5272,5288
8343,5272,5288
8342,5271,5287
8341,5271,5287
8340,5270,5286
8339,5270,5286
8338,5269,5285
8337,5269,5285
8336,5269,5284
8335,5268,5284
8334,5268,5283
8333,5267,5283
8332,5267,5283
8331,5266,5282
8330,5266,5282
8329,5266,5281
8328,5265,5281
8327,5265,5280
8326,5264,5280
8325,5264,5280
8324,5263,5279
8323,5263,5279
8322,5262,5278
8321,5262,5278
8320,5262,5277
8319,5261,5277
8318,5261,5276
8317,5260,5276
8316,5260,5276
8315,5259,5275
8314,5259,5275
8313,5259,5274
8312,5258,5274
8311,5258,5273
8310,5257,5273
8309,5257,5273
8308,5256,5272
8307,5256,5272
8306,5256,5271
8305,5255,5271
8304,5255,5270
8303,5254,5270
8302,5254,5270
8301,5254,5269
8300,5253,5269
8299,5253,5268
8298,5252,5268
8297,5252,5268
8296,5251,5267
8295,5251,5267
8294,5251,5266
8293,5250,5266
8292,5250,5265
8291,5249,5265
8290,5249,5265
8289,5249,5264
8288,5248,5264
8287,5248,5263
8286,5247,5263
8285,5247,5263
8284,5247,5262
8283,5246,5262
8282,5246,5261
8281,5245,5261
8280,5245,5261
8279,5245,5260
8278,5244,5260
8277,5244,5259
8276,5243,5259
8275,5243,5258
8274,5243,5258
8273,5242,5258
8272,5242,5257
8271,5241,5257
8270,5241,5256
8269,5241,5256
8268,5240,5256
8267,5240,5255
8266,5239,5255
8265,5239,5254
8264,5239,5254
8263,5238,5254
8262,5238,5253
8261,5237,5253
8260,5237,5252
8259,5237,5252
8258,5236,5252
8257,5236,5251
8256,5235,5251
8255,5235,5251
8254,5235,5250
8253,5234,5250
8252,5234,5249
8251,5233,5249
8250,5233,5249
8249,5233,5248
8248,5232,5248
8247,5232,5247
8246,5232,5247
8245,5231,5247
8244,5231,5246
8243,5230,5246
8242,5230,5246
8241,5230,5245
8240,5229,5245
8239,5229,5244
8238,5229,5244
8237,5228,5244
8236,5228,5243
8235,5227,5243
8234,5227,5242
8233,5227,5242
8232,5226,5242
8231,5226,5241
8230,5226,5241
8229,5225,5241
8228,5225,5240
8227,5224,5240
8226,5224,5239
8225,5224,5239
8224,5223,5239
8223,5223,5238
8222,5223,5238
8221,5222,5238
8220,5222,5237
8219,5221,5237
8218,5221,5236
8217,5221,5236
8216,5220,5236
8215,5220,5235
8214,5220,5235
8213,5219,5235
8212,5219,5234
8211,5219,5234
8210,5218,5234
8209,5218,5233
8208,5217,5233
8207,5217,5232
8206,5217,5232
8205,5216,5232
8204,5216,5231
8203,5216,5231
8202,5215,5231
8201,5215,5230
8200,5215,5230
8199,5214,5230
8198,5214,5229
8197,5214,5229
8196,5213,5229
8195,5213,5228
8194,5212,5228
8193,5212,5228
8192,5212,5227
8191,5211,5227
8190,5211,5226
8189,5211,5226
8188,5210,5226
8187,5210,5225
8186,5210,5225
8185,5209,5225
8184,5209,5224
8183,5209,5224
8182,5208,5224
8181,5208,5223
8180,5208,5223
8179,5207,5223
8178,5207,5222
8177,5207,5222
8176,5206,5222
8175,5206,5221
8174,5206,5221
8173,5205,5221
8172,5205,5220
8171,5205,5220
8170,5204,5220
8169,5204,5219
8168,5204,5219
8167,5203,5219
8166,5203,5218
8165,5203,5218
8164,5202,5218
8163,5202,5217
8162,5202,5217
8161,5201,5217
8160,5201,5216
8159,5201,5216
8158,5200,5216
8157,5200,5215
8156,5200,5215
8155,5199,5215
8154,5199,5214
8153,5199,5214
8152,5198,5214
8151,5198,5213
8150,5198,5213
8149,5197,5213
8148,5197,5212
8147,5197,5212
8146,5196,5212
8145,5196,5211
8144,5196,5211
8143,5195,5211
8142,5195,5210
8141,5195,5210
8140,5194,5210
8139,5194,5209
8138,5194,5209
8137,5193,5209
8136,5193,5208
8135,5193,5208
8134,5193,5208
8133,5192,5207
8132,5192,5207
8131,5192,5207
8130,5191,5207
8129,5191,5206
8128,5191,5206
8127,5190,5206
8126,5190,5205
8125,5190,5205
8124,5189,5205
8123,5189,5204
8122,5189,5204
8121,5188,5204
8120,5188,5203
8119,5188,5203
8118,5188,5203
8117,5187,5203
8116,5187,5202
8115,5187,5202
8114,5186,5202
8113,5186,5201
8112,5186,5201
8111,5185,5201
8110,5185,5200
8109,5185,5200
8108,5185,5200
8107,5184,5199
8106,5184,5199
8105,5184,5199
8104,5183,5199
8103,5183,5198
8102,5183,5198
8101,5182,5198
8100,5182,5197
8099,5182,5197
8098,5182,5197
8097,5181,5197
8096,5181,5196
8095,5181,5196
8094,5180,5196
8093,5180,5195
8092,5180,5195
8091,5180,5195
8090,5179,5194
8089,5179,5194
8088,5179,5194
8087,5178,5194
8086,5178,5193
8085,5178,5193
8084,5178,5193
8083,5177,5192
8082,5177,5192
8081,5177,5192
8080,5176,5192
8079,5176,5191
8078,5176,5191
8077,5176,5191
8076,5175,5190
8075,5175,5190
8074,5175,5190
8073,5174,5190
8072,5174,5189
8071,5174,5189
8070,5174,5189
8069,5173,5189
8068,5173,5188
8067,5173,5188
8066,5172,5188
8065,5172,5187
8064,5172,5187
8063,5172,5187
8062,5171,5187
8061,5171,5186
8060,5171,5186
8059,5171,5186
8058,5170,5186
8057,5170,5185
8056,5170,5185
8055,5169,5185
8054,5169,5184
8053,5169,5184
8052,5169,5184
8051,5168,5184
8050,5168,5183
8049,5168,5183
8048,5168,5183
8047,5167,5183
8046,5167,5182
8045,5167,5182
8044,5167,5182
8043,5166,5182
8042,5166,5181
8041,5166,5181
8040,5165,5181
8039,5165,5180
8038,5165,5180
8037,5165,5180
8036,5164,5180
8035,5164,5179
8034,5164,5179
8033,5164,5179
8032,5163,5179
8031,5163,5178
8030,5163,5178
8029,5163,5178
8028,5162,5178
8027,5162,5177
8026,5162,5177
8025,5162,5177
8024,5161,5177
8023,5161,5176
8022,5161,5176
8021,5161,5176
8020,5160,5176
8019,5160,5175
8018,5160,5175
8017,5160,5175
8016,5159,5175
8015,5159,5174
8014,5159,5174
8013,5159,5174
8012,5158,5174
8011,5158,5173
8010,5158,5173
8009,5158,5173
8008,5157,5173
8007,5157,5172
8006,5157,5172
8005,5157,5172
8004,5156,5172
8003,5156,5171
8002,5156,5171
8001,5156,5171
8000,5155,5171
7999,5155,5171
7998,5155,5170
7997,5155,5170
7996,5155,5170
7995,5154,5170
7994,5154,5169
7993,5154,5169
7992,5154,5169
7991,5153,5169
7990,5153,5168
7989,5153,5168
7988,5153,5168
7987,5152,5168
7986,5152,5167
7985,5152,5167
7984,5152,5167
7983,5152,5167
7982,5151,5167
7981,5151,5166
7980,5151,5166
7979,5151,5166
7978,5150,5166
7977,5150,5165
7976,5150,5165
7975,5150,5165
7974,5149,5165
7973,5149,5165
7972,5149,5164
7971,5149,5164
7970,5149,5164
7969,5148,5164
7968,5148,5163
7967,5148,5163
7966,5148,5163
7965,5147,5163
7964,5147,5163
7963,5147,5162
7962,5147,5162
7961,5147,5162
7960,5146,5162
7959,5146,5161
7958,5146,5161
7957,5146,5161
7956,5146,5161
7955,5145,5161
7954,5145,5160
7953,5145,5160
7952,5145,5160
7951,5144,5160
7950,5144,5160
7949,5144,5159
7948,5144,5159
7947,5144,5159
7946,5143,5159
7945,5143,5159
7944,5143,5158
7943,5143,5158
7942,5143,5158
7941,5142,5158
7940,5142,5157
7939,5142,5157
7938,5142,5157
7937,5142,5157
7936,5141,5157
7935,5141,5156
7934,5141,5156
7933,5141,5156
7932,5141,5156
7931,5140,5156
7930,5140,5155
7929,5140,5155
7928,5140,5155
7927,5140,5155
7926,5139,5155
7925,5139,5154
7924,5139,5154
7923,5139,5154
7922,5139,5154
7921,5138,5154
7920,5138,5154
7919,5138,5153
7918,5138,5153
7917,5138,5153
7916,5137,5153
7915,5137,5153
7914,5137,5152
7913,5137,5152
7912,5137,5152
7911,5136,5152
7910,5136,5152
7909,5136,5151
7908,5136,5151
7907,5136,5151
7906,5135,5151
7905,5135,5151
7904,5135,5150
7903,5135,5150
7902,5135,5150
7901,5135,5150
7900,5134,5150
7899,5134,5150
7898,5134,5149
7897,5134,5149
7896,5134,5149
7895,5133,5149
7894,5133,5149
7893,5133,5148
7892,5133,5148
7891,5133,5148
7890,5133,5148
7889,5132,5148
7888,5132,5148
7887,5132,5147
7886,5132,5147
7885,5132,5147
7884,5132,5147
7883,5131,5147
7882,5131,5147
7881,5131,5146
7880,5131,5146
7879,5131,5146
7878,5130,5146
7877,5130,5146
7876,5130,5146
7875,5130,5145
7874,5130,5145
7873,5130,5145
7872,5129,5145
7871,5129,5145
7870,5129,5145
7869,5129,5144
7868,5129,5144
7867,5129,5144
7866,5128,5144
7865,5128,5144
7864,5128,5144
7863,5128,5143
7862,5128,5143
7861,5128,5143
7860,5127,5143
7859,5127,5143
7858,5127,5143
7857,5127,5142
7856,5127,5142
7855,5127,5142
7854,5126,5142
7853,5126,5142
7852,5126,5142
7851,5126,5141
7850,5126,5141
7849,5126,5141
7848,5126,5141
7847,5125,5141
7846,5125,5141
7845,5125,5141
7844,5125,5140
7843,5125,5140
7842,5125,5140
7841,5124,5140
7840,5124,5140
7839,5124,5140
7838,5124,5139
7837,5124,5139
7836,5124,5139
7835,5124,5139
7834,5123,5139
7833,5123,5139
7832,5123,5139
7831,5123,5138
7830,5123,5138
7829,5123,5138
7828,5123,5138
7827,5122,5138
7826,5122,5138
7825,5122,5138
7824,5122,5137
7823,5122,5137
7822,5122,5137
7821,5122,5137
7820,5121,5137
7819,5121,5137
7818,5121,5137
7817,5121,5136
7816,5121,5136
7815,5121,5136
7814,5121,5136
7813,5120,5136
7812,5120,5136
7811,5120,5136
7810,5120,5136
7809,5120,5135
7808,5120,5135
7807,5120,5135
7806,5119,5135
7805,5119,5135
7804,5119,5135
7803,5119,5135
7802,5119,5134
7801,5119,5134
7800,5119,5134
7799,5119,5134
7798,5118,5134
7797,5118,5134
7796,5118,5134
7795,5118,5134
7794,5118,5133
7793,5118,5133
7792,5118,5133
7791,5117,5133
7790,5117,5133
7789,5117,5133
7788,5117,5133
7787,5117,5133
7786,5117,5132
7785,5117,5132
7784,5117,5132
7783,5117,5132
7782,5116,5132
7781,5116,5132
7780,5116,5132
7779,5116,5132
7778,5116,5132
7777,5116,5131
7776,5116,5131
7775,5116,5131
7774,5115,5131
7773,5115,5131
7772,5115,5131
7771,5115,5131
7770,5115,5131
7769,5115,5130
7768,5115,5130
7767,5115,5130
7766,5115,5130
7765,5114,5130
7764,5114,5130
7763,5114,5130
7762,5114,5130
7761,5114,5130
7760,5114,5129
7759,5114,5129
7758,5114,5129
7757,5114,5129
7756,5113,5129
7755,5113,5129
7754,5113,5129
7753,5113,5129
7752,5113,5129
7751,5113,5129
7750,5113,5128
7749,5113,5128
7748,5113,5128
7747,5112,5128
7746,5112,5128
7745,5112,5128
7744,5112,5128
7743,5112,5128
7742,5112,5128
7741,5112,5128
7740,5112,5127
7739,5112,5127
7738,5112,5127
7737,5111,5127
7736,5111,5127
7735,5111,5127
7734,5111,5127
7733,5111,5127
7732,5111,5127
7731,5111,5127
7730,5111,5126
7729,5111,5126
7728,5111,5126
7727,5110,5126
7726,5110,5126
7725,5110,5126
7724,5110,5126
7723,5110,5126
7722,5110,5126
7721,5110,5126
7720,5110,5126
7719,5110,5126
7718,5110,5125
7717,5110,5125
7716,5110,5125
7715,5109,5125
7714,5109,5125
7713,5109,5125
7712,5109,5125
7711,5109,5125
7710,5109,5125
7709,5109,5125
7708,5109,5125
7707,5109,5125
7706,5109,5124
7705,5109,5124
7704,5108,5124
7703,5108,5124
7702,5108,5124
7701,5108,5124
7700,5108,5124
7699,5108,5124
7698,5108,5124
7697,5108,5124
7696,5108,5124
7695,5108,5124
7694,5108,5124
7693,5108,5123
7692,5108,5123
7691,5107,5123
7690,5107,5123
7689,5107,5123
7688,5107,5123
7687,5107,5123
7686,5107,5123
7685,5107,5123
7684,5107,5123
7683,5107,5123
7682,5107,5123
7681,5107,5123
7680,5107,5123
7679,5107,5122
7678,5107,5122
7677,5107,5122
7676,5106,5122
7675,5106,5122
7674,5106,5122
7673,5106,5122
7672,5106,5122
7671,5106,5122
7670,5106,5122
7669,5106,5122
7668,5106,5122
7667,5106,5122
7666,5106,5122
7665,5106,5122
7664,5106,5122
7663,5106,5122
7662,5106,5121
7661,5106,5121
7660,5105,5121
7659,5105,5121
7658,5105,5121
7657,5105,5121
7656,5105,5121
7655,5105,5121
7654,5105,5121
7653,5105,5121
7652,5105,5121
7651,5105,5121
7650,5105,5121
7649,5105,5121
7648,5105,5121
7647,5105,5121
7646,5105,5121
7645,5105,5121
7644,5105,5121
7643,5105,5120
7642,5104,5120
7641,5104,5120
7640,5104,5120
7639,5104,5120
7638,5104,5120
7637,5104,5120
7636,5104,5120
7635,5104,5120
7634,5104,5120
7633,5104,5120
7632,5104,5120
7631,5104,5120
7630,5104,5120
7629,5104,5120
7628,5104,5120
7627,5104,5120
7626,5104,5120
7625,5104,5120
7624,5104,5120
7623,5104,5120
7622,5104,5120
7621,5104,5120
7620,5104,5120
7619,5103,5120
7618,5103,5119
7617,5103,5119
7616,5103,5119
7615,5103,5119
7614,5103,5119
7613,5103,5119
7612,5103,5119
7611,5103,5119
7610,5103,5119
7609,5103,5119
7608,5103,5119
7607,5103,5119
7606,5103,5119
7605,5103,5119
7604,5103,5119
7603,5103,5119
7602,5103,5119
7601,5103,5119
7600,5103,5119
7599,5103,5119
7598,5103,5119
7597,5103,5119
7596,5103,5119
7595,5103,5119
7594,5103,5119
7593,5103,5119
7592,5103,5119
7591,5103,5119
7590,5103,5119
7589,5103,5119
7588,5103,5119
7587,5103,5119
7586,5103,5119
7585,5103,5119
7584,5103,5119
7583,5102,5119
7582,5102,5119
7581,5102,5119
7580,5102,5119
7579,5102,5119
7578,5102,5119
7577,5102,5119
7576,5102,5119
7575,5102,5119
7574,5102,5119
7573,5102,5119
7572,5102,5119
7571,5102,5118
7570,5102,5118
7569,5102,5118
7568,5102,5118
7567,5102,5118
7566,5102,5118
7565,5102,5118
7564,5102,5118
7563,5102,5118
7562,5102,5118
7561,5102,5118
7560,5102,5118
7559,5102,5118
7558,5102,5118
7557,5102,5118
7556,5102,5118
7555,5102,5118
7516,5102,5119
7515,5102,5119
7514,5102,5119
7513,5102,5119
7512,5102,5119
7511,5102,5119
7510,5103,5119
7509,5103,5119
7508,5103,5119
7507,5103,5119
7506,5103,5119
7505,5103,5119
7504,5103,5119
7503,5103,5119
7502,5103,5119
7501,5103,5119
7500,5103,5119
7499,5103,5119
7498,5103,5119
7497,5103,5119
7496,5103,5119
7495,5103,5119
7494,5103,5119
7493,5103,5119
7492,5103,5119
7491,5103,5119
7490,5103,5119
7489,5103,5119
7488,5103,5120
7487,5103,5120
7486,5103,5120
7485,5103,5120
7484,5103,5120
7483,5103,5120
7482,5103,5120
7481,5103,5120
7480,5103,5120
7479,5103,5120
7478,5103,5120
7477,5103,5120
7476,5103,5120
7475,5103,5120
7474,5104,5120
7473,5104,5120
7472,5104,5120
7471,5104,5120
7470,5104,5120
7469,5104,5120
7468,5104,5120
7467,5104,5120
7466,5104,5120
7465,5104,5120
7464,5104,5120
7463,5104,5121
7462,5104,5121
7461,5104,5121
7460,5104,5121
7459,5104,5121
7458,5104,5121
7457,5104,5121
7456,5104,5121
7455,5104,5121
7454,5104,5121
7453,5104,5121
7452,5104,5121
7451,5105,5121
7450,5105,5121
7449,5105,5121
7448,5105,5121
7447,5105,5121
7446,5105,5121
7445,5105,5121
7444,5105,5122
7443,5105,5122
7442,5105,5122
7441,5105,5122
7440,5105,5122
7439,5105,5122
7438,5105,5122
7437,5105,5122
7436,5105,5122
7435,5105,5122
7434,5105,5122
7433,5105,5122
7432,5106,5122
7431,5106,5122
7430,5106,5122
7429,5106,5122
7428,5106,5122
7427,5106,5123
7426,5106,5123
7425,5106,5123
7424,5106,5123
7423,5106,5123
7422,5106,5123
7421,5106,5123
7420,5106,5123
7419,5106,5123
7418,5106,5123
7417,5107,5123
7416,5107,5123
7415,5107,5123
7414,5107,5123
7413,5107,5124
7412,5107,5124
7411,5107,5124
7410,5107,5124
7409,5107,5124
7408,5107,5124
7407,5107,5124
7406,5107,5124
7405,5107,5124
7404,5107,5124
7403,5107,5124
7402,5108,5124
7401,5108,5124
7400,5108,5125
7399,5108,5125
7398,5108,5125
7397,5108,5125
7396,5108,5125
7395,5108,5125
7394,5108,5125
7393,5108,5125
7392,5108,5125
7391,5108,5125
7390,5108,5125
7389,5109,5125
7388,5109,5125
7387,5109,5126
7386,5109,5126
7385,5109,5126
7384,5109,5126
7383,5109,5126
7382,5109,5126
7381,5109,5126
7380,5109,5126
7379,5109,5126
7378,5110,5126
7377,5110,5126
7376,5110,5127
7375,5110,5127
7374,5110,5127
7373,5110,5127
7372,5110,5127
7371,5110,5127
7370,5110,5127
7369,5110,5127
7368,5110,5127
7367,5110,5127
7366,5111,5128
7365,5111,5128
7364,5111,5128
7363,5111,5128
7362,5111,5128
7361,5111,5128
7360,5111,5128
7359,5111,5128
7358,5111,5128
7357,5111,5128
7356,5112,5129
7355,5112,5129
7354,5112,5129
7353,5112,5129
7352,5112,5129
7351,5112,5129
7350,5112,5129
7349,5112,5129
7348,5112,5129
7347,5112,5129
7346,5113,5130
7345,5113,5130
7344,5113,5130
7343,5113,5130
7342,5113,5130
7341,5113,5130
7340,5113,5130
7339,5113,5130
7338,5113,5130
7337,5114,5131
7336,5114,5131
7335,5114,5131
7334,5114,5131
7333,5114,5131
7332,5114,5131
7331,5114,5131
7330,5114,5131
7329,5114,5131
7328,5115,5132
7327,5115,5132
7326,5115,5132
7325,5115,5132
7324,5115,5132
7323,5115,5132
7322,5115,5132
7321,5115,5132
7320,5115,5133
7319,5116,5133
7318,5116,5133
7317,5116,5133
7316,5116,5133
7315,5116,5133
7314,5116,5133
7313,5116,5133
7312,5116,5134
7311,5117,5134
7310,5117,5134
7309,5117,5134
7308,5117,5134
7307,5117,5134
7306,5117,5134
7305,5117,5134
7304,5117,5135
7303,5118,5135
7302,5118,5135
7301,5118,5135
7300,5118,5135
7299,5118,5135
7298,5118,5135
7297,5118,5135
7296,5118,5136
7295,5119,5136
7294,5119,5136
7293,5119,5136
7292,5119,5136
7291,5119,5136
7290,5119,5136
7289,5119,5137
7288,5119,5137
7287,5120,5137
7286,5120,5137
7285,5120,5137
7284,5120,5137
7283,5120,5137
7282,5120,5138
7281,5120,5138
7280,5121,5138
7279,5121,5138
7278,5121,5138
7277,5121,5138
7276,5121,5138
7275,5121,5139
7274,5121,5139
7273,5122,5139
7272,5122,5139
7271,5122,5139
7270,5122,5139
7269,5122,5139
7268,5122,5140
7267,5122,5140
7266,5123,5140
7265,5123,5140
7264,5123,5140
7263,5123,5140
7262,5123,5140
7261,5123,5141
7260,5123,5141
7259,5124,5141
7258,5124,5141
7257,5124,5141
7256,5124,5141
7255,5124,5142
7254,5124,5142
7253,5124,5142
7252,5125,5142
7251,5125,5142
7250,5125,5142
7249,5125,5143
7248,5125,5143
7247,5125,5143
7246,5126,5143
7245,5126,5143
7244,5126,5143
7243,5126,5143
7242,5126,5144
7241,5126,5144
7240,5127,5144
7239,5127,5144
7238,5127,5144
7237,5127,5144
7236,5127,5145
7235,5127,5145
7234,5127,5145
7233,5128,5145
7232,5128,5145
7231,5128,5145
7230,5128,5146
7229,5128,5146
7228,5128,5146
7227,5129,5146
7226,5129,5146
7225,5129,5146
7224,5129,5147
7223,5129,5147
7222,5129,5147
7221,5130,5147
7220,5130,5147
7219,5130,5148
7218,5130,5148
7217,5130,5148
7216,5131,5148
7215,5131,5148
7214,5131,5148
7213,5131,5149
7212,5131,5149
7211,5131,5149
7210,5132,5149
7209,5132,5149
7208,5132,5149
7207,5132,5150
7206,5132,5150
7205,5132,5150
7204,5133,5150
7203,5133,5150
7202,5133,5151
7201,5133,5151
7200,5133,5151
7199,5134,5151
7198,5134,5151
7197,5134,5152
7196,5134,5152
7195,5134,5152
7194,5134,5152
7193,5135,5152
7192,5135,5152
7191,5135,5153
7190,5135,5153
7189,5135,5153
7188,5136,5153
7187,5136,5153
7186,5136,5154
7185,5136,5154
7184,5136,5154
7183,5136,5154
7182,5137,5154
7181,5137,5155
7180,5137,5155
7179,5137,5155
7178,5137,5155
7177,5138,5155
7176,5138,5156
7175,5138,5156
7174,5138,5156
7173,5138,5156
7172,5139,5156
7171,5139,5157
7170,5139,5157
7169,5139,5157
7168,5139,5157
7167,5140,5157
7166,5140,5158
7165,5140,5158
7164,5140,5158
7163,5140,5158
7162,5141,5158
7161,5141,5159
7160,5141,5159
7159,5141,5159
7158,5141,5159
7157,5142,5159
7156,5142,5160
7155,5142,5160
7154,5142,5160
7153,5142,5160
7152,5143,5161
7151,5143,5161
7150,5143,5161
7149,5143,5161
7148,5143,5161
7147,5144,5162
7146,5144,5162
7145,5144,5162
7144,5144,5162
7143,5145,5162
7142,5145,5163
7141,5145,5163
7140,5145,5163
7139,5145,5163
7138,5146,5164
7137,5146,5164
7136,5146,5164
7135,5146,5164
7134,5146,5164
7133,5147,5165
7132,5147,5165
7131,5147,5165
7130,5147,5165
7129,5148,5166
7128,5148,5166
7127,5148,5166
7126,5148,5166
7125,5148,5166
7124,5149,5167
7123,5149,5167
7122,5149,5167
7121,5149,5167
7120,5150,5168
7119,5150,5168
7118,5150,5168
7117,5150,5168
7116,5150,5168
7115,5151,5169
7114,5151,5169
7113,5151,5169
7112,5151,5169
7111,5152,5170
7110,5152,5170
7109,5152,5170
7108,5152,5170
7107,5153,5171
7106,5153,5171
7105,5153,5171
7104,5153,5171
7103,5153,5172
7102,5154,5172
7101,5154,5172
7100,5154,5172
7099,5154,5173
7098,5155,5173
7097,5155,5173
7096,5155,5173
7095,5155,5173
7094,5156,5174
7093,5156,5174
