7604,8683,8686
7605,8682,8687
7606,8682,8687
7607,8681,8688
7608,8681,8688
7609,8680,8689
7610,8680,8689
7611,8680,8689
7612,8680,8690
7613,8679,8690
7614,8679,8690
7615,8679,8690
7616,8679,8690
7617,8679,8690
7618,8679,8691
7619,8679,8691
7620,8679,8691
7621,8679,8691
7622,8678,8691
7623,8678,8691
7643,8684,8685
7642,8683,8687
7641,8682,8687
7640,8682,8688
7639,8681,8688
7638,8681,8689
7637,8680,8689
7636,8680,8689
7635,8680,8690
7634,8680,8690
7633,8679,8690
7632,8679,8690
7631,8679,8690
7630,8679,8690
7629,8679,8691
7628,8679,8691
7627,8679,8691
7626,8679,8691
7625,8679,8691
7624,8679,8691
7561,9721,9723
7562,9720,9724
7563,9720,9724
7564,9719,9725
7565,9719,9725
7570,9721,9723
7569,9720,9724
7568,9719,9724
7567,9719,9725
5859,6000,6021
5858,6001,6022
5857,6003,6024
5856,6004,6026
5855,6006,6028
5854,6007,6030
5853,6009,6031
5852,6010,6033
5851,6012,6035
5850,6013,6037
5849,6015,6038
5848,6016,6040
5847,6018,6042
5846,6019,6044
5845,6020,6046
5844,6022,6047
5843,6024,6049
5842,6025,6051
5841,6027,6053
5840,6028,6055
5839,6030,6056
5838,6031,6058
5837,6033,6060
5836,6034,6062
5835,6036,6064
5834,6037,6066
5833,6039,6067
5832,6040,6069
5831,6042,6071
5830,6044,6073
5829,6045,6075
5828,6047,6077
5827,6048,6078
5826,6050,6080
5825,6051,6082
5824,6053,6084
5823,6055,6086
5822,6056,6088
5821,6058,6090
5820,6059,6091
5819,6061,6093
5818,6063,6095
5817,6064,6097
5816,6066,6099
5815,6068,6101
5814,6069,6103
5813,6071,6105
5812,6073,6107
5811,6074,6108
5810,6076,6110
5809,6078,6112
5808,6079,6114
5807,6081,6116
5806,6083,6118
5805,6084,6120
5804,6086,6122
5803,6088,6124
5802,6089,6126
5801,6091,6128
5800,6093,6130
5799,6095,6132
5798,6096,6134
5797,6098,6136
5796,6100,6138
5795,6102,6139
5794,6103,6141
5793,6105,6143
5792,6107,6145
5761,6164,6209
5760,6166,6211
5759,6168,6213
5758,6170,6216
5757,6172,6218
5756,6174,6220
5755,6176,6222
5754,6178,6224
5753,6180,6226
5752,6182,6229
5751,6184,6231
5750,6186,6233
5749,6188,6235
5748,6190,6237
5747,6192,6240
5746,6194,6242
5733,6222,6271
5734,6219,6269
5735,6217,6267
5736,6215,6264
5737,6213,6262
5738,6211,6260
5739,6209,6257
5740,6207,6255
5741,6205,6253
5742,6203,6251
5743,6200,6248
5744,6198,6246
5745,6196,6244
5762,6162,6207
5763,6160,6205
5764,6158,6203
5765,6157,6201
5766,6155,6199
5767,6153,6196
7566,9719,9725
5768,6151,6194
5769,6149,6192
5770,6147,6190
5771,6145,6188
5772,6143,6186
5773,6141,6184
5774,6140,6182
5775,6138,6180
5776,6136,6178
5777,6134,6176
5778,6132,6174
5779,6130,6172
5780,6128,6170
5781,6127,6168
5782,6125,6165
5783,6123,6163
5784,6121,6161
5785,6119,6159
5786,6118,6157
5787,6116,6155
5788,6114,6153
5789,6112,6151
5790,6110,6149
5791,6109,6147
5860,5999,6019
5861,5997,6017
5862,5996,6015
5863,5994,6014
5864,5993,6012
5865,5992,6010
5866,5990,6008
5867,5989,6006
5868,5987,6005
5869,5986,6003
5870,5985,6001
5871,5983,5999
5872,5982,5998
5873,5981,5996
5874,5979,5994
5875,5978,5992
5876,5977,5990
5877,5976,5989
5878,5974,5987
5879,5973,5985
5880,5972,5983
5881,5971,5981
5882,5969,5980
5883,5968,5978
5884,5967,5976
5885,5966,5974
5886,5965,5972
5887,5964,5970
5888,5963,5968
5889,5962,5966
5890,5961,5964
5732,6224,6273
5731,6226,6276
5730,6228,6278
5729,6230,6280
5728,6232,6283
5727,6235,6285
5726,6237,6287
5725,6239,6290
5724,6241,6292
5723,6244,6294
5722,6246,6297
5721,6248,6299
5720,6250,6302
5719,6253,6304
5718,6255,6306
5717,6257,6309
5716,6259,6311
5715,6262,6314
5714,6264,6316
5713,6266,6318
5712,6269,6321
5711,6271,6323
5710,6274,6326
5709,6276,6328
5708,6278,6331
5707,6281,6333
5706,6283,6336
5705,6285,6338
5704,6288,6341
5703,6290,6343
5702,6293,6346
5701,6295,6348
5700,6298,6351
5699,6300,6353
5698,6303,6356
5697,6305,6358
5696,6308,6361
5695,6310,6363
5694,6313,6366
5693,6315,6368
5692,6318,6371
5691,6321,6374
5690,6323,6376
5689,6326,6379
5688,6329,6381
5687,6331,6384
5686,6334,6387
5685,6337,6389
5684,6339,6392
5683,6342,6395
5682,6345,6397
5681,6347,6400
5680,6350,6403
5679,6353,6405
5678,6356,6408
5677,6359,6411
5676,6361,6413
5675,6364,6416
5674,6367,6419
5673,6370,6421
5672,6373,6424
5671,6376,6427
5670,6379,6430
5669,6382,6432
5668,6385,6435
5667,6388,6438
5666,6391,6440
5665,6394,6443
5664,6397,6446
5663,6400,6449
5662,6403,6451
5661,6407,6454
5660,6410,6457
5659,6413,6460
5658,6416,6462
5657,6420,6465
5656,6423,6468
5655,6426,6471
5654,6430,6473
5653,6433,6476
5652,6437,6479
5651,6440,6482
5650,6444,6484
5649,6447,6487
5648,6451,6490
5647,6455,6492
5646,6459,6495
5645,6462,6498
5644,6466,6500
5643,6470,6503
5642,6475,6505
5641,6479,6507
5640,6483,6510
5639,6488,6512
5638,6492,6514
5637,6497,6516
5636,6503,6517
5635,6509,6517
