5859,6735,6752
5860,6724,6755
5861,6716,6756
5862,6709,6756
5863,6703,6755
5864,6697,6753
5865,6691,6751
5866,6686,6749
5867,6681,6747
5868,6677,6744
5869,6672,6741
5870,6668,6738
5871,6663,6735
5872,6659,6732
5873,6656,6728
5874,6652,6725
9710,7374,7470
5875,6648,6721
9711,7369,7468
5876,6644,6718
9712,7365,7466
5877,6641,6714
9713,7360,7464
5878,6638,6710
9714,7356,7462
5879,6634,6706
9715,7352,7460
5880,6631,6702
9716,7348,7457
5881,6628,6698
9717,7345,7454
5882,6625,6694
9732,7351,7365
9707,7392,7473
5897,6593,6622
9731,7339,7382
9706,7398,7474
5896,6594,6628
9718,7342,7451
5883,6622,6690
9719,7339,7448
5884,6619,6686
9720,7336,7444
7409,9706,9707
5885,6616,6681
9721,7334,7441
7410,9705,9709
5886,6614,6677
9722,7332,7437
7411,9704,9710
5887,6611,6672
9723,7330,7433
7412,9704,9710
5888,6609,6668
9724,7329,7428
7413,9704,9711
5889,6606,6663
9725,7328,7423
7414,9704,9711
5890,6604,6659
9726,7328,7418
9727,7328,7413
9728,7329,7407
9729,7331,7400
7418,9706,9711
9704,7413,7473
5894,6596,6639
9730,7334,7392
7419,9707,9710
9705,7405,7473
5895,6595,6633
7417,9705,9711
5893,6598,6644
9703,7422,7471
7416,9705,9711
5892,6600,6649
9702,7432,7468
7415,9705,9711
5891,6602,6654
9701,7450,7457
9708,7386,7472
5898,6593,6615
9709,7380,7471
5899,6595,6607
