9629,7259,7378
9630,7251,7376
9631,7243,7374
9632,7235,7371
9633,7228,7369
9634,7221,7366
9635,7215,7362
9636,7209,7359
9637,7204,7355
9651,7216,7248
9650,7202,7268
9649,7195,7280
9648,7190,7290
9647,7187,7299
9646,7185,7307
9645,7184,7314
9644,7185,7320
9643,7185,7326
9642,7187,7332
9641,7189,7337
9640,7192,7342
9639,7196,7347
9638,7200,7351
5766,6844,6861
5767,6825,6869
5768,6813,6870
5769,6803,6870
5770,6793,6868
5771,6785,6865
5772,6777,6862
5773,6770,6859
5774,6763,6855
5775,6756,6850
5776,6749,6846
5777,6743,6841
5778,6737,6836
5779,6732,6831
5780,6726,6826
5781,6721,6821
5782,6715,6816
5783,6710,6811
5784,6705,6805
5785,6700,6800
5786,6696,6795
5787,6691,6789
5788,6686,6784
5789,6682,6779
5790,6677,6773
5825,6577,6582
5824,6575,6591
5823,6576,6598
5822,6577,6604
5821,6578,6610
5820,6580,6616
5819,6582,6621
5818,6584,6627
5817,6587,6632
5816,6589,6637
5815,6592,6643
5814,6594,6648
5813,6597,6653
5812,6600,6658
5811,6602,6663
5810,6605,6668
5809,6608,6673
5808,6611,6679
5807,6615,6684
5806,6618,6689
5805,6621,6694
5804,6624,6699
5803,6628,6704
5802,6631,6710
5801,6635,6715
5800,6638,6720
5799,6642,6725
5798,6645,6731
5797,6649,6736
5796,6653,6741
5795,6657,6746
5794,6661,6752
5793,6665,6757
5792,6669,6762
5791,6673,6768
7126,8731,8732
7127,8730,8733
7128,8730,8733
7129,8729,8734
7130,8729,8734
7131,8728,8734
7132,8728,8735
7133,8728,8735
7134,8728,8735
6594,8617,8617
7135,8727,8735
6595,8616,8619
7136,8727,8736
6596,8616,8620
7137,8727,8736
6597,8616,8621
7138,8727,8736
6598,8616,8622
7139,8727,8736
6599,8616,8623
7140,8726,8736
6600,8616,8624
7141,8726,8736
6601,8616,8625
7142,8726,8737
6602,8617,8626
7143,8726,8737
6603,8617,8627
7144,8726,8737
6604,8617,8628
7145,8726,8737
6605,8617,8628
7146,8725,8737
6606,8618,8629
7147,8725,8737
6607,8618,8630
7148,8725,8737
6608,8618,8631
7149,8725,8737
6609,8618,8631
7150,8725,8738
6610,8619,8632
7151,8725,8738
6611,8619,8633
7152,8725,8738
6612,8619,8633
7153,8725,8738
6613,8620,8634
7154,8724,8738
6614,8620,8635
7155,8724,8738
6615,8620,8635
7156,8724,8738
6616,8621,8636
7157,8724,8738
6617,8621,8637
7158,8724,8738
6618,8621,8637
7159,8724,8738
6619,8622,8638
7160,8724,8738
6699,8654,8677
9625,7299,7381
7461,9721,9728
6690,8651,8673
6693,8652,8675
9628,7268,7379
7464,9723,9726
6698,8654,8677
9624,7311,7380
7460,9721,9728
6689,8650,8673
6692,8651,8674
9627,7278,7381
7463,9722,9727
6697,8653,8676
9623,7324,7377
7459,9721,9727
6688,8650,8673
6691,8651,8674
9626,7288,7381
7462,9722,9727
6696,8653,8676
9622,7342,7370
7458,9721,9727
6687,8649,8672
6695,8653,8675
7457,9721,9727
6686,8649,8672
6694,8652,8675
7456,9721,9726
6685,8648,8672
7455,9722,9725
6684,8648,8671
7454,9723,9724
6683,8648,8671
6682,8647,8670
6681,8647,8670
6680,8646,8669
6679,8646,8669
6638,8629,8649
7179,8723,8738
7206,8725,8736
6665,8640,8663
6639,8629,8650
7180,8723,8738
7207,8725,8735
6666,8641,8663
6640,8630,8650
7181,8723,8738
7208,8725,8735
6667,8641,8664
6641,8630,8651
7182,8723,8738
7209,8725,8735
6668,8641,8664
6642,8631,8651
7183,8723,8738
7210,8725,8735
6669,8642,8665
6643,8631,8652
7184,8723,8738
7211,8726,8734
6670,8642,8665
6644,8631,8653
7185,8723,8738
7212,8726,8734
6671,8643,8666
6645,8632,8653
7186,8723,8738
7213,8726,8734
6672,8643,8666
6646,8632,8654
7187,8723,8738
6700,8655,8677
6673,8643,8666
7214,8726,8733
6701,8655,8678
6674,8644,8667
7215,8727,8733
6702,8656,8678
6675,8644,8667
7216,8727,8733
6703,8656,8678
6676,8645,8668
7217,8728,8732
6704,8656,8679
6677,8645,8668
7218,8728,8731
6705,8657,8679
6678,8645,8669
7219,8730,8730
6637,8629,8649
7178,8723,8738
7205,8724,8736
6664,8640,8662
6636,8628,8648
7177,8723,8738
7204,8724,8736
6663,8639,8662
6635,8628,8648
7176,8723,8738
7203,8724,8736
6662,8639,8661
6634,8628,8647
7175,8723,8739
7202,8724,8736
6661,8638,8661
6633,8627,8646
7174,8723,8739
7201,8724,8737
6660,8638,8661
6632,8627,8646
7173,8723,8739
7200,8724,8737
6659,8638,8660
6631,8626,8645
7172,8723,8739
7199,8724,8737
6658,8637,8660
6630,8626,8645
7171,8723,8739
7198,8724,8737
6657,8637,8659
6629,8626,8644
7170,8723,8739
7197,8724,8737
6656,8636,8659
6628,8625,8644
7169,8723,8739
7196,8724,8737
6655,8636,8658
6627,8625,8643
7168,8723,8738
7195,8723,8737
6654,8636,8658
6626,8624,8642
7167,8723,8738
7194,8723,8737
6653,8635,8657
6625,8624,8642
7166,8723,8738
7193,8723,8738
6652,8635,8657
6624,8624,8641
7165,8724,8738
7192,8723,8738
6651,8634,8656
6623,8623,8641
7164,8724,8738
7191,8723,8738
6650,8634,8656
6622,8623,8640
7163,8724,8738
7190,8723,8738
6649,8634,8655
6621,8623,8639
7162,8724,8738
7189,8723,8738
6648,8633,8655
6620,8622,8639
7161,8724,8738
7188,8723,8738
6647,8633,8654
6706,8657,8679
6707,8658,8680
6708,8658,8680
6709,8658,8680
6710,8659,8681
6711,8659,8681
6712,8660,8681
6713,8660,8682
6714,8661,8682
6715,8661,8682
6716,8661,8683
6717,8662,8683
6718,8662,8683
6719,8663,8684
6720,8663,8684
6721,8664,8684
6722,8664,8685
6723,8664,8685
6724,8665,8685
6725,8665,8685
6726,8666,8686
6727,8666,8686
6728,8667,8686
6729,8667,8687
6730,8667,8687
6731,8668,8687
6732,8668,8687
6733,8669,8688
6734,8669,8688
6735,8670,8688
6736,8670,8688
6737,8670,8689
6738,8671,8689
6739,8671,8689
6740,8672,8689
6741,8672,8690
6742,8673,8690
6743,8673,8690
6744,8673,8690
6745,8674,8691
6746,8674,8691
6747,8675,8691
6748,8675,8691
6749,8676,8691
6750,8676,8692
6751,8677,8692
6752,8677,8692
6753,8677,8692
6754,8678,8692
6755,8678,8693
6756,8679,8693
6757,8679,8693
6758,8680,8693
6759,8680,8693
6760,8681,8693
6761,8681,8693
6762,8682,8694
6763,8682,8694
6764,8683,8694
6765,8683,8694
6766,8684,8694
6767,8684,8694
6768,8685,8694
6769,8685,8694
6770,8686,8694
6771,8686,8694
6772,8687,8694
6773,8688,8694
6774,8688,8694
6775,8689,8694
6776,8690,8694
6777,8690,8694
6778,8691,8694
6779,8693,8693
