9398,6393,6395
9399,6393,6400
9400,6394,6405
9401,6396,6409
9402,6398,6412
9403,6400,6416
9404,6402,6420
9405,6404,6424
9406,6406,6427
9407,6408,6431
9408,6410,6434
9409,6412,6438
9410,6415,6441
9411,6417,6445
9412,6419,6448
9413,6422,6452
9414,6424,6456
9415,6427,6459
9416,6429,6463
9417,6432,6466
9418,6434,6470
9419,6437,6473
9420,6439,6477
9421,6442,6481
9422,6444,6484
9423,6447,6488
9424,6450,6492
9425,6452,6495
9426,6455,6499
9427,6458,6503
9428,6460,6506
9429,6463,6510
9430,6466,6514
9431,6469,6518
9432,6472,6522
9433,6474,6525
9434,6477,6529
9435,6480,6533
9436,6483,6537
9437,6486,6541
9438,6489,6545
9439,6492,6549
9440,6495,6553
7524,9728,9729
7525,9727,9731
7526,9727,9731
7527,9726,9732
7468,8697,8698
9500,6741,6889
7528,9726,9732
7469,8696,8699
9501,6748,6898
7529,9726,9732
7470,8695,8700
9502,6754,6907
7530,9726,9732
7471,8694,8701
9503,6761,6915
7531,9726,9732
7472,8694,8701
9504,6768,6924
7532,9727,9732
7473,8694,8702
9505,6775,6933
7533,9727,9731
7474,8693,8702
9506,6782,6942
7534,9728,9730
7475,8693,8702
9507,6790,6950
7476,8693,8702
9508,6798,6958
7477,8692,8703
9509,6807,6966
7500,8693,8702
7499,8693,8702
7498,8692,8702
7497,8692,8703
7496,8692,8703
7495,8692,8703
7494,8692,8703
7493,8692,8703
7492,8691,8703
7491,8691,8703
7490,8691,8703
7489,8691,8704
7488,8691,8704
7501,8693,8702
7502,8693,8701
7503,8694,8701
7504,8694,8700
7505,8695,8700
7506,8696,8699
9493,6701,6833
7487,8691,8704
9492,6696,6825
7486,8691,8704
9491,6690,6818
7485,8691,8704
9517,6908,6969
9490,6685,6811
7484,8691,8703
9516,6887,6980
9489,6680,6804
7483,8692,8703
9515,6871,6985
9488,6675,6797
7482,8692,8703
9514,6858,6987
9487,6670,6790
7481,8692,8703
9513,6846,6986
9486,6666,6783
7480,8692,8703
9512,6835,6983
9485,6661,6777
7479,8692,8703
9511,6825,6978
7478,8692,8703
9510,6815,6973
9494,6706,6840
9495,6712,6848
9496,6718,6856
9497,6723,6864
9498,6729,6872
9499,6735,6881
9484,6656,6770
9483,6652,6764
9482,6647,6758
9481,6643,6752
9480,6638,6746
9479,6634,6740
9478,6630,6734
9477,6625,6728
9476,6621,6722
9475,6617,6717
9474,6613,6711
9473,6609,6706
9472,6605,6700
9471,6601,6695
9470,6597,6689
9469,6593,6684
9468,6589,6679
9467,6585,6674
9466,6582,6669
9465,6578,6664
9464,6574,6659
9463,6571,6654
9462,6567,6649
9461,6563,6644
9460,6560,6640
9459,6556,6635
9458,6553,6630
9457,6549,6626
9456,6546,6621
9455,6543,6617
9454,6539,6612
9453,6536,6608
9452,6533,6603
9451,6529,6599
9450,6526,6595
9449,6523,6590
9448,6520,6586
9447,6516,6582
9446,6513,6577
9445,6510,6573
9444,6507,6569
9443,6504,6565
9442,6501,6561
9441,6498,6557
