7426,9713,9716
7427,9712,9717
7428,9712,9717
7429,9712,9718
7430,9712,9718
7436,9715,9717
7435,9714,9718
7434,9713,9718
7433,9713,9719
7432,9712,9719
7431,9712,9718
5826,6762,6778
5827,6749,6782
5828,6740,6783
5829,6732,6783
5830,6725,6781
5831,6719,6779
5832,6713,6777
5833,6707,6775
5834,6701,6772
5835,6696,6769
5836,6691,6766
5837,6686,6763
5838,6682,6759
5839,6677,6755
5840,6673,6752
5841,6668,6748
5842,6664,6744
5843,6660,6740
5844,6656,6736
5845,6652,6732
5846,6649,6728
5847,6645,6723
9683,7316,7431
5848,6641,6719
9684,7311,7428
5849,6638,6715
9685,7307,7425
5850,6634,6710
9686,7303,7422
5851,6631,6706
9701,7306,7328
9676,7357,7443
5866,6591,6634
9700,7294,7344
9675,7365,7443
5865,6593,6640
9687,7299,7419
5852,6628,6702
9688,7296,7415
5853,6625,6697
9689,7293,7412
5854,6622,6693
9690,7290,7408
5855,6619,6688
9691,7288,7404
5856,6616,6683
9692,7286,7399
5857,6613,6679
9693,7284,7394
5858,6610,6674
9694,7283,7389
5859,6607,6669
9695,7283,7384
5860,6605,6665
9696,7283,7377
9697,7284,7371
9698,7286,7363
9673,7382,7442
5863,6598,6650
9699,7289,7355
9674,7373,7443
5864,6595,6645
5862,6600,6655
9672,7392,7440
5861,6602,6660
9671,7404,7436
9677,7350,7442
5867,6590,6629
9678,7343,7441
5868,6588,6624
9679,7337,7439
5869,6587,6618
9680,7331,7438
5870,6586,6611
9681,7326,7436
5871,6587,6604
9682,7320,7433
5872,6590,6594
