7429,9714,9717
7430,9713,9718
7431,9713,9719
7432,9713,9719
7433,9713,9719
7439,9717,9718
7438,9715,9719
7437,9714,9719
7436,9714,9720
7435,9713,9720
7434,9713,9720
5820,6777,6777
5821,6758,6787
5822,6748,6789
5823,6739,6788
5824,6732,6787
5825,6725,6786
5826,6719,6784
5827,6713,6781
5828,6707,6778
5829,6702,6775
5830,6697,6772
5831,6692,6769
5832,6687,6765
5833,6682,6762
5834,6678,6758
5835,6673,6754
5836,6669,6750
5837,6665,6746
5838,6661,6742
5839,6657,6738
5840,6653,6734
5841,6649,6729
5842,6645,6725
9678,7308,7425
5843,6642,6721
9679,7303,7422
5844,6638,6716
9680,7298,7419
5845,6635,6712
9681,7294,7416
5846,6632,6707
9696,7299,7319
9671,7350,7437
5861,6591,6635
9695,7287,7336
9670,7358,7438
5860,6593,6640
9682,7291,7413
5847,6628,6703
9683,7287,7409
5848,6625,6698
9684,7284,7406
5849,6622,6694
9685,7281,7401
5850,6619,6689
9686,7279,7397
5851,6616,6684
9687,7277,7393
5852,6613,6680
9688,7276,7388
5853,6610,6675
9689,7275,7382
5854,6607,6670
9690,7275,7377
5855,6605,6665
9691,7275,7371
9692,7276,7364
9693,7278,7356
9668,7375,7437
5858,6597,6651
9694,7281,7347
9669,7366,7438
5859,6595,6646
5857,6600,6656
9667,7385,7435
5856,6602,6660
9666,7398,7431
9672,7343,7437
5862,6589,6630
9673,7336,7435
5863,6588,6624
9674,7330,7434
5864,6586,6619
9675,7324,7432
5865,6586,6612
9676,7318,7430
5866,6585,6606
9677,7313,7428
5867,6587,6597
