8030,8643,8644
8031,8642,8644
8032,8641,8645
8033,8641,8645
8034,8640,8645
8035,8640,8646
8036,8640,8646
8037,8639,8646
8038,8639,8646
8039,8639,8646
8040,8638,8646
8041,8638,8646
8042,8638,8647
8043,8637,8647
8044,8637,8647
8045,8637,8647
8046,8636,8647
8047,8636,8647
8048,8636,8647
8049,8636,8647
8050,8635,8647
8051,8635,8647
8052,8635,8647
8053,8635,8647
8054,8634,8647
8055,8634,8647
8056,8634,8647
8057,8634,8647
8058,8634,8647
8059,8633,8647
8060,8633,8647
8061,8633,8647
8062,8633,8647
8063,8633,8646
8064,8632,8646
8065,8632,8646
8066,8632,8646
8067,8632,8646
8068,8632,8646
8069,8631,8646
8070,8631,8646
8071,8631,8646
8072,8631,8646
8073,8631,8646
8074,8630,8646
8075,8630,8646
8076,8630,8646
8077,8630,8645
8078,8630,8645
8079,8629,8645
8080,8629,8645
8081,8629,8645
8082,8629,8645
8083,8629,8645
8084,8628,8645
8085,8628,8645
8086,8628,8645
8087,8628,8644
8088,8628,8644
8089,8628,8644
8090,8627,8644
8091,8627,8644
8092,8627,8644
8093,8627,8644
8094,8627,8644
8095,8627,8644
8096,8626,8643
8097,8626,8643
8098,8626,8643
8099,8626,8643
8100,8626,8643
8101,8625,8643
8102,8625,8643
8103,8625,8642
8104,8625,8642
8105,8625,8642
8106,8625,8642
8107,8624,8642
8108,8624,8642
8109,8624,8642
8110,8624,8641
8111,8624,8641
8112,8623,8641
8113,8623,8641
8114,8623,8641
8115,8623,8641
8116,8623,8641
8117,8623,8640
8118,8622,8640
8119,8622,8640
8120,8622,8640
8121,8622,8640
8122,8622,8640
8998,8008,8009
8997,8008,8012
8996,8009,8014
8995,8010,8016
8994,8011,8018
8993,8012,8020
8992,8013,8022
8991,8014,8024
8990,8015,8026
8989,8016,8027
8988,8017,8029
8987,8019,8031
8986,8020,8033
8985,8021,8034
8984,8022,8036
8983,8023,8038
8982,8025,8039
8981,8026,8041
8980,8027,8043
8979,8028,8044
8978,8030,8046
8977,8031,8048
8976,8032,8049
8975,8033,8051
8974,8035,8052
8973,8036,8054
8972,8037,8055
8971,8039,8057
8970,8040,8059
8969,8041,8060
8968,8042,8062
8967,8044,8063
8966,8045,8065
8965,8046,8066
8964,8048,8068
8963,8049,8069
8962,8050,8071
8961,8051,8072
8960,8053,8074
8959,8054,8075
8958,8055,8077
8957,8057,8078
8956,8058,8080
8955,8059,8081
8954,8060,8082
8953,8062,8084
8952,8063,8085
8951,8064,8087
8950,8066,8088
8949,8067,8090
8948,8068,8091
8947,8069,8093
8946,8071,8094
8945,8072,8095
8944,8073,8097
8943,8075,8098
8942,8076,8100
8941,8077,8101
8940,8078,8102
8939,8080,8104
8938,8081,8105
8937,8082,8107
8936,8083,8108
8935,8085,8109
8934,8086,8111
8933,8087,8112
8932,8089,8113
8931,8090,8115
8930,8091,8116
8929,8092,8117
8928,8094,8119
8927,8095,8120
8926,8096,8121
8925,8097,8123
8924,8099,8124
8923,8100,8125
8922,8101,8127
8921,8102,8128
8920,8104,8129
8919,8105,8131
8918,8106,8132
8917,8107,8133
8916,8109,8135
8915,8110,8136
8914,8111,8137
8913,8112,8139
8912,8114,8140
8911,8115,8141
8910,8116,8142
8909,8117,8144
8908,8118,8145
8907,8120,8146
8906,8121,8147
8905,8122,8149
8904,8123,8150
8903,8125,8151
8902,8126,8153
8901,8127,8154
8900,8128,8155
8899,8129,8156
8898,8131,8158
8897,8132,8159
8896,8133,8160
8895,8134,8161
8894,8136,8163
8893,8137,8164
8892,8138,8165
8891,8139,8166
8890,8140,8167
8889,8142,8169
8888,8143,8170
8887,8144,8171
8886,8145,8172
8885,8146,8174
8884,8147,8175
8883,8149,8176
8882,8150,8177
8881,8151,8178
8880,8152,8180
8879,8153,8181
8878,8155,8182
8877,8156,8183
8876,8157,8184
8875,8158,8185
8874,8159,8187
8873,8160,8188
8872,8162,8189
8871,8163,8190
8870,8164,8191
8869,8165,8193
8868,8166,8194
8867,8167,8195
8866,8169,8196
8865,8170,8197
8799,8242,8269
8798,8243,8270
8797,8244,8271
8796,8245,8272
8795,8246,8273
8794,8247,8274
8793,8248,8275
8792,8249,8276
8791,8250,8277
8790,8251,8278
8789,8252,8279
8788,8253,8280
8787,8254,8281
8786,8255,8282
8785,8256,8283
8784,8257,8284
8783,8258,8285
8782,8259,8286
8781,8260,8287
8780,8261,8288
8779,8262,8289
8778,8263,8290
8777,8264,8291
8776,8265,8292
8775,8266,8293
8774,8267,8294
8773,8268,8295
8772,8269,8296
8771,8270,8297
8770,8271,8298
8769,8272,8299
8768,8273,8300
8767,8274,8301
8766,8275,8302
8765,8276,8303
8764,8277,8303
8763,8278,8304
8762,8279,8305
8761,8280,8306
8760,8281,8307
8759,8282,8308
8758,8283,8309
8757,8284,8310
8756,8285,8311
8755,8286,8312
8754,8287,8313
8753,8288,8314
8752,8289,8315
8751,8290,8316
8750,8290,8317
8749,8291,8318
8748,8292,8319
8747,8293,8319
8746,8294,8320
8745,8295,8321
8744,8296,8322
8743,8297,8323
8742,8298,8324
8741,8299,8325
8731,8308,8334
8730,8309,8335
8729,8310,8336
8728,8311,8337
8727,8312,8338
8726,8313,8339
8725,8314,8340
8724,8315,8340
8723,8316,8341
8722,8316,8342
8721,8317,8343
8720,8318,8344
8719,8319,8345
8718,8320,8346
8717,8321,8347
8716,8322,8347
8715,8323,8348
8714,8324,8349
8713,8325,8350
8712,8325,8351
8711,8326,8352
8710,8327,8353
8709,8328,8354
8708,8329,8354
8707,8330,8355
8706,8331,8356
8705,8332,8357
8704,8332,8358
8703,8333,8359
8702,8334,8360
8701,8335,8360
8700,8336,8361
8699,8337,8362
8698,8338,8363
8697,8339,8364
8696,8339,8365
8695,8340,8366
8694,8341,8366
8693,8342,8367
8692,8343,8368
8691,8344,8369
8690,8345,8370
8689,8345,8371
8688,8346,8371
8687,8347,8372
8686,8348,8373
8685,8349,8374
8684,8350,8375
8683,8351,8376
8682,8351,8376
8681,8352,8377
8680,8353,8378
8679,8354,8379
8678,8355,8380
8677,8356,8381
8676,8356,8381
8675,8357,8382
8674,8358,8383
8673,8359,8384
8672,8360,8385
8671,8361,8385
8670,8361,8386
8669,8362,8387
8668,8363,8388
8667,8364,8389
8666,8365,8389
8665,8365,8390
8664,8366,8391
8663,8367,8392
8662,8368,8393
8661,8369,8393
8660,8370,8394
8659,8370,8395
8658,8371,8396
8657,8372,8397
8656,8373,8397
8655,8374,8398
8654,8374,8399
8653,8375,8400
8652,8376,8401
8651,8377,8401
8650,8378,8402
8649,8378,8403
8648,8379,8404
8647,8380,8404
8646,8381,8405
8645,8382,8406
8644,8382,8407
8643,8383,8408
8642,8384,8408
8641,8385,8409
8640,8385,8410
8639,8386,8411
8638,8387,8411
8637,8388,8412
8636,8389,8413
8635,8389,8414
8634,8390,8414
8633,8391,8415
8632,8392,8416
8631,8392,8417
8630,8393,8417
8629,8394,8418
8628,8395,8419
8627,8395,8420
8626,8396,8420
8625,8397,8421
8624,8398,8422
8623,8399,8423
8622,8399,8423
8621,8400,8424
8620,8401,8425
8619,8402,8426
8618,8402,8426
8617,8403,8427
8616,8404,8428
8615,8405,8429
8614,8405,8429
8613,8406,8430
8612,8407,8431
8611,8407,8431
8610,8408,8432
8609,8409,8433
8608,8410,8434
8607,8410,8434
8606,8411,8435
8605,8412,8436
8604,8413,8436
8603,8413,8437
8602,8414,8438
8601,8415,8439
8600,8416,8439
8599,8416,8440
8598,8417,8441
8597,8418,8441
8596,8418,8442
8595,8419,8443
8594,8420,8444
8593,8421,8444
8592,8421,8445
8591,8422,8446
8590,8423,8446
8299,8577,8594
8298,8577,8594
8297,8578,8595
8296,8578,8595
8295,8578,8595
8294,8579,8596
8293,8579,8596
8292,8579,8596
8291,8580,8597
8290,8580,8597
8289,8580,8597
8288,8581,8598
8287,8581,8598
8286,8581,8598
8285,8582,8599
8284,8582,8599
8283,8582,8599
8282,8583,8600
8281,8583,8600
8280,8583,8600
8279,8584,8601
8278,8584,8601
8277,8584,8601
8276,8585,8602
8275,8585,8602
8274,8585,8602
8273,8586,8603
8272,8586,8603
8271,8586,8603
8270,8587,8603
8269,8587,8604
8268,8587,8604
8267,8588,8604
8266,8588,8605
8265,8588,8605
8264,8589,8605
8263,8589,8606
8262,8589,8606
8261,8589,8606
8260,8590,8607
8259,8590,8607
8258,8590,8607
8257,8591,8607
8256,8591,8608
8255,8591,8608
8254,8592,8608
8253,8592,8609
8252,8592,8609
8251,8592,8609
8250,8593,8610
8249,8593,8610
8248,8593,8610
8247,8594,8610
8246,8594,8611
8245,8594,8611
8244,8594,8611
8243,8595,8612
8242,8595,8612
8864,8171,8198
5537,6298,6302
8241,8595,8612
8863,8172,8200
5536,6296,6310
8240,8596,8612
8862,8173,8201
5535,6296,6315
8239,8596,8613
8861,8174,8202
5534,6296,6319
8238,8596,8613
8860,8175,8203
5533,6297,6324
8237,8596,8613
8859,8177,8204
5532,6297,6328
8236,8597,8614
8858,8178,8205
5531,6299,6331
8235,8597,8614
8857,8179,8206
5530,6300,6335
8234,8597,8614
8856,8180,8208
5529,6301,6339
8233,8598,8614
8855,8181,8209
5528,6302,6342
8232,8598,8615
8854,8182,8210
5527,6304,6346
8231,8598,8615
8853,8183,8211
5526,6305,6349
8230,8598,8615
8852,8185,8212
5525,6307,6353
8229,8599,8616
8851,8186,8213
5524,6309,6356
8228,8599,8616
8850,8187,8214
5523,6311,6359
8227,8599,8616
8849,8188,8215
5522,6312,6362
8226,8599,8616
8848,8189,8217
5521,6314,6366
8225,8600,8617
8847,8190,8218
5520,6316,6369
8224,8600,8617
8846,8191,8219
5519,6318,6372
8223,8600,8617
8845,8192,8220
5518,6320,6375
8222,8600,8617
8844,8194,8221
5517,6322,6378
8221,8601,8618
8843,8195,8222
5516,6324,6381
8220,8601,8618
8842,8196,8223
5515,6326,6385
8219,8601,8618
8841,8197,8224
5514,6328,6388
8218,8601,8618
8840,8198,8225
5513,6330,6391
8217,8602,8619
8839,8199,8227
5512,6332,6394
8216,8602,8619
8838,8200,8228
5511,6335,6397
8215,8602,8619
8837,8201,8229
5510,6337,6400
8214,8602,8620
8836,8202,8230
5509,6339,6402
8213,8603,8620
8835,8203,8231
5508,6342,6405
8212,8603,8620
8834,8205,8232
5507,6344,6408
8211,8603,8620
8833,8206,8233
5506,6346,6411
8210,8603,8621
8832,8207,8234
5505,6349,6414
8209,8604,8621
8831,8208,8235
5504,6351,6417
8208,8604,8621
8830,8209,8236
5503,6354,6420
8207,8604,8621
8829,8210,8237
5502,6356,6422
8206,8604,8622
8828,8211,8239
5501,6359,6425
8205,8605,8622
8827,8212,8240
5500,6361,6428
8204,8605,8622
8826,8213,8241
5499,6364,6431
8203,8605,8622
8825,8214,8242
5498,6367,6433
8202,8605,8623
8824,8215,8243
5497,6370,6436
8201,8606,8623
8823,8217,8244
5496,6372,6439
8200,8606,8623
8822,8218,8245
5495,6375,6441
8199,8606,8623
8821,8219,8246
5494,6378,6444
8198,8606,8624
8820,8220,8247
5493,6381,6446
8197,8607,8624
8819,8221,8248
5492,6384,6449
8196,8607,8624
8818,8222,8249
5491,6387,6451
8195,8607,8624
8817,8223,8250
5490,6390,6453
8194,8607,8625
8816,8224,8251
5489,6393,6456
8193,8608,8625
8815,8225,8252
5488,6397,6458
8192,8608,8625
8814,8226,8253
5487,6400,6460
8191,8608,8625
8813,8227,8254
5486,6403,6463
8190,8608,8626
8812,8228,8256
5485,6407,6465
8189,8608,8626
8811,8229,8257
5484,6410,6467
8188,8609,8626
8810,8230,8258
5483,6414,6469
8187,8609,8626
8809,8231,8259
5482,6418,6470
8186,8609,8627
8808,8232,8260
5481,6422,6472
8185,8609,8627
8807,8234,8261
5480,6426,6474
8184,8610,8627
8806,8235,8262
5479,6430,6475
8183,8610,8627
8805,8236,8263
5478,6434,6476
8182,8610,8628
8804,8237,8264
5477,6439,6478
8181,8610,8628
8803,8238,8265
5476,6444,6478
8180,8610,8628
8802,8239,8266
5475,6449,6479
8179,8611,8628
8801,8240,8267
5474,6455,6478
8178,8611,8628
8800,8241,8268
5473,6463,6476
8177,8611,8629
8176,8611,8629
8146,8617,8635
8147,8617,8635
8148,8617,8635
8149,8617,8635
8150,8616,8634
8151,8616,8634
8152,8616,8634
8153,8616,8634
8154,8616,8634
8155,8616,8633
8156,8615,8633
8157,8615,8633
8158,8615,8633
8159,8615,8633
8160,8615,8632
8161,8614,8632
8162,8614,8632
8163,8614,8632
8164,8614,8632
8732,8307,8333
7623,9690,9692
8165,8614,8631
8733,8306,8332
7624,9689,9693
8166,8613,8631
8734,8305,8331
7625,9688,9693
8167,8613,8631
8735,8305,8331
7626,9688,9693
8168,8613,8631
8736,8304,8330
7627,9688,9693
8169,8613,8630
8737,8303,8329
7628,9688,9693
8175,8611,8629
8174,8612,8629
8173,8612,8630
8172,8612,8630
8740,8300,8326
7631,9690,9690
8171,8612,8630
8739,8301,8327
7630,9688,9692
8170,8613,8630
8738,8302,8328
7629,9688,9692
8305,8575,8592
8304,8575,8592
8303,8576,8593
8302,8576,8593
8301,8576,8593
8300,8577,8594
8141,8618,8636
8135,8619,8637
8142,8618,8636
8136,8619,8637
8143,8618,8636
8144,8618,8636
8145,8617,8635
8140,8618,8636
8134,8620,8638
8139,8619,8637
8133,8620,8638
8138,8619,8637
8132,8620,8638
8137,8619,8637
8131,8620,8638
8123,8622,8639
8124,8621,8639
8125,8621,8639
8126,8621,8639
8127,8621,8639
8128,8621,8639
8129,8620,8638
8130,8620,8638
8306,8575,8592
8307,8574,8591
8308,8574,8591
8309,8573,8591
8310,8573,8590
8311,8573,8590
8312,8572,8590
8313,8572,8589
8314,8572,8589
8315,8571,8588
8316,8571,8588
8317,8570,8588
8318,8570,8587
8319,8570,8587
8320,8569,8587
8321,8569,8586
8322,8569,8586
8323,8568,8586
8324,8568,8585
8325,8567,8585
8326,8567,8585
8327,8567,8584
8328,8566,8584
8329,8566,8583
8330,8565,8583
8331,8565,8583
8332,8565,8582
8333,8564,8582
8334,8564,8582
8335,8563,8581
8336,8563,8581
8337,8563,8580
8338,8562,8580
8339,8562,8580
8340,8561,8579
8341,8561,8579
8342,8561,8579
8343,8560,8578
8344,8560,8578
8345,8559,8577
8346,8559,8577
8347,8559,8577
8348,8558,8576
8349,8558,8576
8350,8557,8575
8351,8557,8575
8352,8557,8575
8353,8556,8574
8354,8556,8574
8355,8555,8573
8356,8555,8573
8357,8554,8573
8358,8554,8572
8359,8554,8572
8360,8553,8571
8361,8553,8571
8362,8552,8571
8363,8552,8570
8364,8551,8570
8365,8551,8569
8366,8551,8569
8367,8550,8569
8368,8550,8568
8369,8549,8568
8370,8549,8567
8371,8548,8567
8372,8548,8567
8373,8548,8566
8374,8547,8566
8375,8547,8565
8376,8546,8565
8377,8546,8564
8378,8545,8564
8379,8545,8564
8380,8544,8563
8381,8544,8563
8382,8543,8562
8383,8543,8562
8384,8543,8561
8385,8542,8561
8386,8542,8561
8387,8541,8560
8388,8541,8560
8389,8540,8559
8390,8540,8559
8391,8539,8558
8392,8539,8558
8393,8538,8558
8394,8538,8557
8395,8537,8557
8396,8537,8556
8397,8536,8556
8398,8536,8555
8399,8536,8555
8400,8535,8554
8401,8535,8554
8402,8534,8554
8403,8534,8553
8404,8533,8553
8405,8533,8552
8406,8532,8552
8407,8532,8551
8408,8531,8551
8409,8531,8550
8410,8530,8550
8411,8530,8549
8412,8529,8549
8413,8529,8549
8414,8528,8548
8415,8528,8548
8416,8527,8547
8417,8527,8547
8418,8526,8546
8419,8526,8546
8420,8525,8545
8421,8525,8545
8422,8524,8544
8423,8524,8544
8424,8523,8543
8425,8523,8543
8426,8522,8542
8427,8522,8542
8428,8521,8541
8429,8521,8541
8430,8520,8540
8431,8520,8540
8432,8519,8540
8433,8519,8539
8434,8518,8539
8435,8518,8538
8436,8517,8538
8437,8517,8537
8438,8516,8537
8439,8516,8536
8440,8515,8536
8441,8515,8535
8442,8514,8535
8443,8513,8534
8444,8513,8534
8445,8512,8533
8446,8512,8533
8447,8511,8532
8448,8511,8532
8449,8510,8531
8450,8510,8531
8451,8509,8530
8452,8509,8530
8453,8508,8529
8454,8508,8528
8455,8507,8528
8456,8507,8527
8457,8506,8527
8458,8505,8526
8459,8505,8526
8460,8504,8525
8461,8504,8525
8462,8503,8524
8463,8503,8524
8464,8502,8523
8465,8502,8523
8466,8501,8522
8467,8500,8522
8468,8500,8521
8469,8499,8521
8470,8499,8520
8471,8498,8520
8472,8498,8519
8473,8497,8518
8474,8497,8518
8475,8496,8517
8476,8495,8517
8477,8495,8516
8478,8494,8516
8479,8494,8515
8480,8493,8515
8481,8493,8514
8482,8492,8514
8483,8491,8513
8484,8491,8512
8485,8490,8512
8486,8490,8511
8487,8489,8511
8488,8489,8510
8489,8488,8510
8490,8487,8509
8491,8487,8509
8492,8486,8508
8493,8486,8507
8494,8485,8507
8495,8484,8506
8496,8484,8506
8497,8483,8505
8498,8483,8505
8499,8482,8504
8500,8481,8503
8501,8481,8503
8502,8480,8502
8503,8480,8502
8504,8479,8501
8505,8478,8501
8506,8478,8500
8507,8477,8499
8508,8477,8499
8509,8476,8498
8510,8475,8498
8511,8475,8497
8512,8474,8496
8513,8474,8496
8514,8473,8495
8515,8472,8495
8516,8472,8494
8517,8471,8493
8518,8471,8493
8519,8470,8492
8520,8469,8492
8521,8469,8491
8522,8468,8490
8523,8467,8490
8524,8467,8489
8525,8466,8489
8526,8466,8488
8527,8465,8487
8528,8464,8487
8529,8464,8486
8530,8463,8486
8531,8462,8485
8532,8462,8484
8533,8461,8484
8534,8460,8483
8535,8460,8483
8536,8459,8482
8537,8459,8481
8538,8458,8481
8539,8457,8480
8540,8457,8479
8541,8456,8479
8542,8455,8478
8543,8455,8478
8544,8454,8477
8545,8453,8476
8546,8453,8476
8547,8452,8475
8548,8451,8474
8549,8451,8474
8550,8450,8473
8551,8449,8472
8552,8449,8472
8553,8448,8471
8554,8447,8470
8555,8447,8470
8556,8446,8469
8557,8445,8469
8558,8445,8468
8559,8444,8467
8560,8443,8467
8561,8443,8466
8562,8442,8465
8563,8441,8465
8564,8441,8464
8565,8440,8463
8566,8439,8463
8567,8439,8462
8568,8438,8461
8569,8437,8461
8570,8437,8460
8571,8436,8459
8572,8435,8459
8573,8435,8458
8574,8434,8457
8575,8433,8457
8576,8433,8456
8577,8432,8455
8578,8431,8455
8579,8430,8454
8580,8430,8453
8581,8429,8453
8582,8428,8452
8583,8428,8451
8584,8427,8450
8585,8426,8450
8586,8426,8449
8587,8425,8448
8588,8424,8448
8589,8423,8447
