5687,6517,6521
5688,6511,6519
5689,6507,6517
5690,6502,6514
5691,6498,6512
5692,6494,6509
5693,6490,6506
5694,6486,6503
5695,6483,6501
5696,6479,6498
5697,6475,6495
5698,6472,6492
5699,6468,6489
5700,6464,6486
5701,6461,6483
5702,6457,6480
5703,6454,6477
5704,6451,6475
5705,6447,6472
5706,6444,6469
5707,6441,6466
5708,6437,6463
5709,6434,6460
5710,6431,6457
5711,6428,6455
5712,6424,6452
5713,6421,6449
5714,6418,6446
5715,6415,6443
5716,6412,6440
5717,6409,6438
5718,6406,6435
5719,6403,6432
5720,6400,6429
5721,6397,6427
5722,6394,6424
5723,6391,6421
5724,6388,6418
5725,6385,6416
5726,6382,6413
5727,6379,6410
5728,6377,6407
5729,6374,6405
5730,6371,6402
5731,6368,6399
5732,6365,6397
5733,6363,6394
5734,6360,6391
5735,6357,6389
5736,6354,6386
5737,6352,6384
5738,6349,6381
5739,6346,6378
5740,6344,6376
5741,6341,6373
5742,6338,6371
5743,6336,6368
5744,6333,6366
5745,6330,6363
5746,6328,6361
5747,6325,6358
5748,6323,6356
5749,6320,6353
5750,6318,6351
5751,6315,6348
5752,6313,6346
5753,6310,6343
5754,6307,6341
5755,6305,6338
5756,6303,6336
5757,6300,6333
5758,6298,6331
5759,6295,6329
5760,6293,6326
5761,6290,6324
5762,6288,6321
5763,6285,6319
5764,6283,6317
5765,6281,6314
5766,6278,6312
5767,6276,6310
5768,6274,6307
5769,6271,6305
5770,6269,6303
5771,6267,6300
5772,6264,6298
5773,6262,6296
5774,6260,6293
5775,6257,6291
5776,6255,6289
5777,6253,6286
5778,6250,6284
5779,6248,6282
5780,6246,6280
5781,6244,6277
5782,6241,6275
5783,6239,6273
5784,6237,6271
5785,6235,6269
5786,6233,6266
5787,6230,6264
5788,6228,6262
5789,6226,6260
5790,6224,6258
5791,6222,6255
5792,6219,6253
5793,6217,6251
5794,6215,6249
5795,6213,6247
5796,6211,6245
5797,6209,6242
5798,6207,6240
5799,6204,6238
5800,6202,6236
5801,6200,6234
5802,6198,6232
5803,6196,6230
5804,6194,6228
5805,6192,6226
5806,6190,6224
5807,6188,6221
5808,6186,6219
5809,6184,6217
5810,6182,6215
5811,6180,6213
5812,6178,6211
5813,6176,6209
5814,6174,6207
5815,6172,6205
5816,6170,6203
5817,6168,6201
5818,6166,6199
5819,6164,6197
5820,6162,6195
5821,6160,6193
5822,6158,6191
5823,6156,6189
5824,6154,6187
5825,6152,6185
5826,6150,6183
5827,6148,6181
5828,6146,6179
5829,6144,6177
5830,6142,6175
5831,6140,6173
5832,6138,6171
5833,6136,6170
5834,6134,6168
5835,6133,6166
5836,6131,6164
5837,6129,6162
5838,6127,6160
5839,6125,6158
5840,6123,6156
5841,6121,6154
5842,6119,6152
5843,6118,6151
5844,6116,6149
5845,6114,6147
5846,6112,6145
5847,6110,6143
5848,6108,6141
5849,6107,6139
5850,6105,6138
5851,6103,6136
5852,6101,6134
5853,6099,6132
5854,6097,6130
5855,6096,6128
5856,6094,6127
5857,6092,6125
5858,6090,6123
5859,6089,6121
5860,6087,6119
5861,6085,6118
5862,6083,6116
5863,6081,6114
5864,6080,6112
5865,6078,6110
5866,6076,6109
5867,6074,6107
5868,6073,6105
5869,6071,6103
5870,6069,6102
5871,6068,6100
5872,6066,6098
5873,6064,6096
5874,6062,6095
5875,6061,6093
5876,6059,6091
5877,6057,6089
5878,6056,6088
5879,6054,6086
5880,6052,6084
5881,6050,6082
5882,6049,6081
5883,6047,6079
5884,6045,6077
5885,6044,6076
5886,6042,6074
5887,6040,6072
5888,6039,6071
5889,6037,6069
5890,6035,6067
5891,6034,6066
5892,6032,6064
5893,6031,6062
5894,6029,6061
5895,6027,6059
5896,6026,6057
5897,6024,6056
5898,6022,6054
5899,6021,6052
5900,6019,6051
5901,6018,6049
5902,6016,6047
5903,6014,6046
5904,6013,6044
5905,6011,6042
5906,6010,6041
5907,6008,6039
5908,6006,6038
5909,6005,6036
5910,6003,6034
5911,6002,6033
5912,6000,6031
5913,5998,6030
5914,5997,6028
5915,5995,6026
5916,5994,6025
5917,5992,6023
5918,5991,6022
5919,5989,6020
5920,5988,6018
5921,5986,6017
5922,5984,6015
5923,5983,6014
5924,5981,6012
5925,5980,6011
5926,5978,6009
5927,5977,6008
5928,5975,6006
5929,5974,6004
5930,5972,6003
5931,5971,6001
5932,5969,6000
5933,5968,5998
5934,5966,5997
5935,5965,5995
5936,5963,5994
5937,5962,5992
5938,5960,5991
5939,5959,5989
5940,5957,5988
5941,5956,5986
5942,5954,5985
5943,5953,5983
5944,5951,5982
5945,5950,5980
5946,5948,5979
5947,5947,5977
5948,5946,5976
5949,5944,5974
5950,5943,5973
5951,5941,5971
5952,5940,5970
5953,5938,5968
5954,5937,5967
5955,5935,5965
5956,5934,5964
5957,5933,5962
5958,5931,5961
5959,5930,5960
5960,5928,5958
5961,5927,5957
5962,5925,5955
5963,5924,5954
5964,5923,5952
5965,5921,5951
5966,5920,5949
5967,5918,5948
5968,5917,5947
5969,5916,5945
5970,5914,5944
5971,5913,5942
5972,5911,5941
5973,5910,5939
5974,5909,5938
5975,5907,5937
5976,5906,5935
5977,5904,5934
5978,5903,5932
5979,5902,5931
5980,5900,5930
5981,5899,5928
5982,5898,5927
5983,5896,5925
5984,5895,5924
5985,5893,5923
5986,5892,5921
5987,5891,5920
5988,5889,5918
5989,5888,5917
5990,5887,5916
5991,5885,5914
5992,5884,5913
5993,5883,5912
5994,5881,5910
5995,5880,5909
5996,5879,5908
5997,5877,5906
5998,5876,5905
5999,5875,5903
6000,5873,5902
6001,5872,5901
6002,5871,5899
6003,5869,5898
6004,5868,5897
6005,5867,5895
6006,5865,5894
6007,5864,5893
6008,5863,5891
6009,5862,5890
6010,5860,5889
6011,5859,5887
6012,5858,5886
6013,5856,5885
6014,5855,5884
6015,5854,5882
6016,5852,5881
6017,5851,5880
6018,5850,5878
6019,5849,5877
6020,5847,5876
6021,5846,5874
6022,5845,5873
6023,5844,5872
6024,5842,5870
6025,5841,5869
6026,5840,5868
6027,5838,5867
6028,5837,5865
6029,5836,5864
6030,5835,5863
6031,5833,5861
6032,5832,5860
6033,5831,5859
6034,5830,5858
6035,5828,5856
6036,5827,5855
6037,5826,5854
6038,5825,5853
6039,5823,5851
6040,5822,5850
6041,5821,5849
6042,5820,5848
6043,5819,5846
6044,5817,5845
6045,5816,5844
6046,5815,5843
6047,5814,5841
6048,5812,5840
6049,5811,5839
6050,5810,5838
6051,5809,5836
6052,5808,5835
6053,5806,5834
6054,5805,5833
6055,5804,5831
6056,5803,5830
6057,5802,5829
6058,5800,5828
6059,5799,5827
6060,5798,5825
6061,5797,5824
6062,5796,5823
6063,5794,5822
6064,5793,5821
6065,5792,5819
6066,5791,5818
6067,5790,5817
6068,5788,5816
6069,5787,5815
6070,5786,5813
6071,5785,5812
6072,5784,5811
6073,5783,5810
6074,5781,5809
6075,5780,5807
6076,5779,5806
6077,5778,5805
6078,5777,5804
6079,5776,5803
6080,5774,5801
6081,5773,5800
6082,5772,5799
6083,5771,5798
6084,5770,5797
6085,5769,5796
6086,5768,5794
6087,5766,5793
6088,5765,5792
6089,5764,5791
6090,5763,5790
6091,5762,5789
6092,5761,5787
6093,5760,5786
6094,5758,5785
6095,5757,5784
6096,5756,5783
6097,5755,5782
6098,5754,5781
6099,5753,5779
6100,5752,5778
6101,5751,5777
6102,5749,5776
6103,5748,5775
6104,5747,5774
6105,5746,5773
6106,5745,5771
6107,5744,5770
6108,5743,5769
6109,5742,5768
6110,5741,5767
6111,5740,5766
6112,5738,5765
6113,5737,5764
6114,5736,5763
6115,5735,5761
6116,5734,5760
6117,5733,5759
6118,5732,5758
6119,5731,5757
6120,5730,5756
6121,5729,5755
6122,5728,5754
6123,5726,5753
6124,5725,5751
6125,5724,5750
6126,5723,5749
6127,5722,5748
6128,5721,5747
6129,5720,5746
6130,5719,5745
6131,5718,5744
6132,5717,5743
6133,5716,5742
6134,5715,5741
6135,5714,5739
6136,5713,5738
6137,5711,5737
6138,5710,5736
6139,5709,5735
6140,5708,5734
6141,5707,5733
6142,5706,5732
6143,5705,5731
6144,5704,5730
6145,5703,5729
6146,5702,5728
6147,5701,5727
6148,5700,5726
6149,5699,5724
6150,5698,5723
6151,5697,5722
6152,5696,5721
6153,5695,5720
6154,5694,5719
6155,5693,5718
6156,5692,5717
6157,5691,5716
6158,5690,5715
6159,5689,5714
6160,5688,5713
6161,5687,5712
6162,5686,5711
6163,5684,5710
6164,5683,5709
6165,5682,5708
6166,5681,5707
6167,5680,5706
6168,5679,5705
6169,5678,5704
6170,5677,5703
6171,5676,5702
6172,5675,5701
6173,5674,5700
6174,5673,5699
6175,5672,5698
6176,5671,5697
6177,5670,5695
6178,5669,5694
6179,5668,5693
6180,5667,5692
6181,5666,5691
6182,5665,5690
6183,5664,5689
6184,5663,5688
6185,5662,5687
6186,5661,5686
6187,5661,5685
6188,5660,5684
6189,5659,5683
6190,5658,5682
6191,5657,5681
6192,5656,5680
6193,5655,5679
6194,5654,5678
6195,5653,5677
6196,5652,5676
6197,5651,5676
6198,5650,5675
6199,5649,5674
6200,5648,5673
6201,5647,5672
6202,5646,5671
6203,5645,5670
6204,5644,5669
6205,5643,5668
6206,5642,5667
6207,5641,5666
6208,5640,5665
6209,5639,5664
6210,5638,5663
6211,5637,5662
6212,5636,5661
6213,5635,5660
6214,5634,5659
6215,5634,5658
6216,5633,5657
6217,5632,5656
6218,5631,5655
6219,5630,5654
6220,5629,5653
6221,5628,5652
6222,5627,5651
6223,5626,5650
6224,5625,5649
6225,5624,5648
6226,5623,5648
6227,5622,5647
6228,5621,5646
6229,5620,5645
6230,5620,5644
6231,5619,5643
6232,5618,5642
6233,5617,5641
6234,5616,5640
6235,5615,5639
6236,5614,5638
6237,5613,5637
6238,5612,5636
6239,5611,5635
6240,5610,5634
6241,5609,5633
6242,5609,5633
6243,5608,5632
6244,5607,5631
6245,5606,5630
6246,5605,5629
6247,5604,5628
6248,5603,5627
6249,5602,5626
6250,5601,5625
6251,5600,5624
6252,5600,5623
6253,5599,5622
6254,5598,5622
6255,5597,5621
6256,5596,5620
6257,5595,5619
6258,5594,5618
6259,5593,5617
6260,5592,5616
6261,5592,5615
6262,5591,5614
6263,5590,5613
6264,5589,5613
6265,5588,5612
6266,5587,5611
6267,5586,5610
6268,5585,5609
6269,5584,5608
6270,5584,5607
6271,5583,5606
6272,5582,5605
6273,5581,5605
6274,5580,5604
6275,5579,5603
6276,5578,5602
6277,5578,5601
6278,5577,5600
6279,5576,5599
6280,5575,5598
6281,5574,5597
6282,5573,5597
6283,5572,5596
6284,5571,5595
6285,5571,5594
6286,5570,5593
6287,5569,5592
6288,5568,5591
6289,5567,5591
6290,5566,5590
6291,5566,5589
6292,5565,5588
6293,5564,5587
6294,5563,5586
6295,5562,5585
6296,5561,5584
6297,5560,5584
6298,5560,5583
6299,5559,5582
6300,5558,5581
6301,5557,5580
6302,5556,5579
6303,5555,5579
6304,5555,5578
6305,5554,5577
6306,5553,5576
6307,5552,5575
6308,5551,5574
6309,5550,5573
6310,5550,5573
6311,5549,5572
6312,5548,5571
6313,5547,5570
6314,5546,5569
6315,5545,5568
6316,5545,5568
6317,5544,5567
6318,5543,5566
6319,5542,5565
6320,5541,5564
6321,5541,5563
6322,5540,5563
6323,5539,5562
6324,5538,5561
6325,5537,5560
6326,5537,5559
6327,5536,5558
6328,5535,5558
6329,5534,5557
6330,5533,5556
6331,5532,5555
6332,5532,5554
6333,5531,5554
6334,5530,5553
6335,5529,5552
6336,5528,5551
6337,5528,5550
6338,5527,5550
6339,5526,5549
6340,5525,5548
6341,5524,5547
6342,5524,5546
6343,5523,5545
6344,5522,5545
6345,5521,5544
6346,5521,5543
6347,5520,5542
6348,5519,5541
6349,5518,5541
6350,5517,5540
6351,5517,5539
6352,5516,5538
6353,5515,5537
6354,5514,5537
6355,5513,5536
6356,5513,5535
6357,5512,5534
6358,5511,5534
6359,5510,5533
6360,5510,5532
6361,5509,5531
6362,5508,5530
6363,5507,5530
6364,5507,5529
6365,5506,5528
6366,5505,5527
6367,5504,5526
6368,5503,5526
6369,5503,5525
6370,5502,5524
6371,5501,5523
6372,5500,5523
6373,5500,5522
6374,5499,5521
6375,5498,5520
6376,5497,5520
6377,5497,5519
6378,5496,5518
6379,5495,5517
6380,5494,5516
6381,5494,5516
6382,5493,5515
6383,5492,5514
6384,5491,5513
6385,5491,5513
6386,5490,5512
6387,5489,5511
6388,5488,5510
6389,5488,5510
6390,5487,5509
6391,5486,5508
6392,5485,5507
6393,5485,5507
6394,5484,5506
6395,5483,5505
6396,5482,5504
6397,5482,5504
6398,5481,5503
6399,5480,5502
6400,5480,5501
6401,5479,5501
6402,5478,5500
6403,5477,5499
6404,5477,5498
6405,5476,5498
6406,5475,5497
6407,5474,5496
6408,5474,5495
6409,5473,5495
6410,5472,5494
6411,5472,5493
6412,5471,5493
6413,5470,5492
6414,5469,5491
6415,5469,5490
6416,5468,5490
6417,5467,5489
6418,5466,5488
6419,5466,5487
6420,5465,5487
6421,5464,5486
6422,5464,5485
6423,5463,5484
6424,5462,5484
6425,5462,5483
6426,5461,5482
6427,5460,5482
6428,5459,5481
6429,5459,5480
6430,5458,5479
6431,5457,5479
6432,5457,5478
6433,5456,5477
6434,5455,5477
6435,5454,5476
6436,5454,5475
6437,5453,5474
6438,5452,5474
6439,5452,5473
6440,5451,5472
6441,5450,5472
6442,5450,5471
6443,5449,5470
6444,5448,5470
6445,5448,5469
6446,5447,5468
6447,5446,5467
6448,5445,5467
6449,5445,5466
6450,5444,5465
6451,5443,5465
6452,5443,5464
6453,5442,5463
6454,5441,5463
6455,5441,5462
6456,5440,5461
6457,5439,5461
6458,5439,5460
6459,5438,5459
6460,5437,5458
6461,5437,5458
6462,5436,5457
6463,5435,5456
6464,5435,5456
6465,5434,5455
6466,5433,5454
6467,5433,5454
6468,5432,5453
6469,5431,5452
6470,5431,5452
6471,5430,5451
6472,5429,5450
6473,5429,5450
6474,5428,5449
6475,5427,5448
6476,5427,5448
6477,5426,5447
6478,5425,5446
6479,5425,5446
6480,5424,5445
6481,5423,5444
6482,5423,5444
6483,5422,5443
6484,5421,5442
6485,5421,5442
6486,5420,5441
6487,5419,5440
6488,5419,5440
6489,5418,5439
6490,5417,5438
6491,5417,5438
6492,5416,5437
6493,5415,5436
6494,5415,5436
6495,5414,5435
6496,5414,5434
6497,5413,5434
6498,5412,5433
6499,5412,5432
6500,5411,5432
6501,5410,5431
6502,5410,5430
6503,5409,5430
6504,5408,5429
6505,5408,5428
6506,5407,5428
6507,5407,5427
6508,5406,5426
6509,5405,5426
6510,5405,5425
6511,5404,5425
6512,5403,5424
6513,5403,5423
6514,5402,5423
6515,5401,5422
6516,5401,5421
6517,5400,5421
6518,5400,5420
6519,5399,5419
6520,5398,5419
6521,5398,5418
6522,5397,5418
6523,5396,5417
6524,5396,5416
6525,5395,5416
6526,5395,5415
6527,5394,5414
6528,5393,5414
6529,5393,5413
6530,5392,5413
6531,5392,5412
6532,5391,5411
6533,5390,5411
6534,5390,5410
6535,5389,5409
6536,5388,5409
6537,5388,5408
6538,5387,5408
6539,5387,5407
6540,5386,5406
6541,5385,5406
6542,5385,5405
6543,5384,5404
6544,5384,5404
6545,5383,5403
6546,5382,5403
6547,5382,5402
6548,5381,5401
6549,5381,5401
6550,5380,5400
6551,5379,5400
6552,5379,5399
6553,5378,5398
6554,5378,5398
6555,5377,5397
6556,5376,5397
6557,5376,5396
6558,5375,5395
6559,5375,5395
6560,5374,5394
6561,5373,5394
6562,5373,5393
6563,5372,5392
6564,5372,5392
6565,5371,5391
6566,5371,5391
6567,5370,5390
6568,5369,5389
6569,5369,5389
6570,5368,5388
6571,5368,5388
6572,5367,5387
6573,5366,5386
6574,5366,5386
6575,5365,5385
6576,5365,5385
6577,5364,5384
6578,5364,5383
6579,5363,5383
6580,5362,5382
6581,5362,5382
6582,5361,5381
6583,5361,5381
6584,5360,5380
6585,5360,5379
6586,5359,5379
6587,5358,5378
6588,5358,5378
6589,5357,5377
6590,5357,5376
6591,5356,5376
6592,5356,5375
6593,5355,5375
6594,5354,5374
6595,5354,5374
6596,5353,5373
6597,5353,5372
6598,5352,5372
6599,5352,5371
6600,5351,5371
6601,5351,5370
6602,5350,5370
6603,5349,5369
6604,5349,5369
6605,5348,5368
6606,5348,5367
6607,5347,5367
6608,5347,5366
6609,5346,5366
6610,5346,5365
6611,5345,5365
6612,5344,5364
6613,5344,5363
6614,5343,5363
6615,5343,5362
6616,5342,5362
6617,5342,5361
6618,5341,5361
6619,5341,5360
6620,5340,5360
6621,5340,5359
6622,5339,5358
6623,5338,5358
6624,5338,5357
6625,5337,5357
6626,5337,5356
6627,5336,5356
6628,5336,5355
6629,5335,5355
6630,5335,5354
6631,5334,5354
6632,5334,5353
6633,5333,5352
6634,5333,5352
6635,5332,5351
6636,5331,5351
6637,5331,5350
6638,5330,5350
6639,5330,5349
6640,5329,5349
6641,5329,5348
6642,5328,5348
6643,5328,5347
6644,5327,5347
6645,5327,5346
6646,5326,5345
6647,5326,5345
6648,5325,5344
6649,5325,5344
6650,5324,5343
6651,5324,5343
6652,5323,5342
6653,5323,5342
6654,5322,5341
6655,5322,5341
6656,5321,5340
6657,5320,5340
6658,5320,5339
6659,5319,5339
6660,5319,5338
6661,5318,5338
6662,5318,5337
6663,5317,5336
6664,5317,5336
6665,5316,5335
6666,5316,5335
6667,5315,5334
6668,5315,5334
6669,5314,5333
6670,5314,5333
6671,5313,5332
6672,5313,5332
6673,5312,5331
6674,5312,5331
6675,5311,5330
6676,5311,5330
6677,5310,5329
6678,5310,5329
6679,5309,5328
6680,5309,5328
6681,5308,5327
6682,5308,5327
6683,5307,5326
6684,5307,5326
6685,5306,5325
6686,5306,5325
6687,5305,5324
6688,5305,5324
6689,5304,5323
6690,5304,5323
6691,5303,5322
6692,5303,5322
6693,5302,5321
6694,5302,5321
6695,5301,5320
6696,5301,5320
6697,5300,5319
6698,5300,5319
6699,5299,5318
6700,5299,5318
6701,5298,5317
6702,5298,5317
6703,5298,5316
6704,5297,5316
6705,5297,5315
6706,5296,5315
6707,5296,5314
6708,5295,5314
6709,5295,5313
6710,5294,5313
6711,5294,5312
6712,5293,5312
6713,5293,5311
6714,5292,5311
6715,5292,5310
6716,5291,5310
6717,5291,5309
6718,5290,5309
6719,5290,5308
6720,5289,5308
6721,5289,5308
6722,5288,5307
6723,5288,5307
6724,5288,5306
6725,5287,5306
6726,5287,5305
6727,5286,5305
6728,5286,5304
6729,5285,5304
6730,5285,5303
6731,5284,5303
6732,5284,5302
6733,5283,5302
6734,5283,5301
6735,5282,5301
6736,5282,5300
6737,5282,5300
6738,5281,5299
6739,5281,5299
6740,5280,5299
6741,5280,5298
6742,5279,5298
6743,5279,5297
6744,5278,5297
6745,5278,5296
6746,5277,5296
6747,5277,5295
6748,5277,5295
6749,5276,5294
6750,5276,5294
6751,5275,5293
6752,5275,5293
6753,5274,5293
6754,5274,5292
6755,5273,5292
6756,5273,5291
6757,5272,5291
6758,5272,5290
6759,5272,5290
6760,5271,5289
6761,5271,5289
6762,5270,5288
6763,5270,5288
6764,5269,5288
6765,5269,5287
6766,5269,5287
6767,5268,5286
6768,5268,5286
6769,5267,5285
6770,5267,5285
6771,5266,5284
6772,5266,5284
6773,5265,5284
6774,5265,5283
6775,5265,5283
6776,5264,5282
6777,5264,5282
6778,5263,5281
6779,5263,5281
6780,5262,5280
6781,5262,5280
6782,5262,5280
6783,5261,5279
6784,5261,5279
6785,5260,5278
6786,5260,5278
6787,5259,5277
6788,5259,5277
6789,5259,5277
6790,5258,5276
6791,5258,5276
6792,5257,5275
6793,5257,5275
6794,5256,5274
6795,5256,5274
6796,5256,5274
6797,5255,5273
6798,5255,5273
6799,5254,5272
6800,5254,5272
6801,5254,5271
6802,5253,5271
6803,5253,5271
6804,5252,5270
6805,5252,5270
6806,5251,5269
6807,5251,5269
6808,5251,5268
6809,5250,5268
6810,5250,5268
6811,5249,5267
6812,5249,5267
6813,5249,5266
6814,5248,5266
6815,5248,5266
6816,5247,5265
6817,5247,5265
6818,5247,5264
6819,5246,5264
6820,5246,5263
6821,5245,5263
6822,5245,5263
6823,5245,5262
6824,5244,5262
6825,5244,5261
6826,5243,5261
6827,5243,5261
6828,5243,5260
6829,5242,5260
6830,5242,5259
6831,5241,5259
6832,5241,5259
6833,5241,5258
6834,5240,5258
6835,5240,5257
6836,5239,5257
6837,5239,5257
6838,5239,5256
6839,5238,5256
6840,5238,5255
6841,5237,5255
6842,5237,5255
6843,5237,5254
6844,5236,5254
6845,5236,5253
6846,5235,5253
6847,5235,5253
6848,5235,5252
6849,5234,5252
6850,5234,5251
6851,5234,5251
6852,5233,5251
6853,5233,5250
6854,5232,5250
6855,5232,5249
6856,5232,5249
6857,5231,5249
6858,5231,5248
6859,5230,5248
6860,5230,5248
6861,5230,5247
6862,5229,5247
6863,5229,5246
6864,5229,5246
6865,5228,5246
6866,5228,5245
6867,5227,5245
6868,5227,5244
6869,5227,5244
6870,5226,5244
6871,5226,5243
6872,5226,5243
6873,5225,5243
6874,5225,5242
6875,5225,5242
6876,5224,5241
6877,5224,5241
6878,5223,5241
6879,5223,5240
6880,5223,5240
6881,5222,5240
6882,5222,5239
6883,5222,5239
6884,5221,5238
6885,5221,5238
6886,5221,5238
6887,5220,5237
6888,5220,5237
6889,5219,5237
6890,5219,5236
6891,5219,5236
6892,5218,5235
6893,5218,5235
6894,5218,5235
6895,5217,5234
6896,5217,5234
6897,5217,5234
6898,5216,5233
6899,5216,5233
6900,5215,5233
6901,5215,5232
6902,5215,5232
6903,5214,5231
6904,5214,5231
6905,5214,5231
6906,5213,5230
6907,5213,5230
6908,5213,5230
6909,5212,5229
6910,5212,5229
6911,5212,5229
6912,5211,5228
6913,5211,5228
6914,5211,5228
6915,5210,5227
6916,5210,5227
6917,5210,5227
6918,5209,5226
6919,5209,5226
6920,5209,5225
6921,5208,5225
6922,5208,5225
6923,5208,5224
6924,5207,5224
6925,5207,5224
6926,5207,5223
6927,5206,5223
6928,5206,5223
6929,5206,5222
6930,5205,5222
6931,5205,5222
6932,5205,5221
6933,5204,5221
6934,5204,5221
6935,5204,5220
6936,5203,5220
6937,5203,5220
6938,5203,5219
6939,5202,5219
6940,5202,5219
6941,5202,5218
6942,5201,5218
6943,5201,5218
6944,5201,5217
6945,5200,5217
6946,5200,5217
6947,5200,5216
6948,5199,5216
6949,5199,5216
6950,5199,5215
6951,5198,5215
6952,5198,5215
6953,5198,5214
6954,5197,5214
6955,5197,5214
6956,5197,5213
6957,5196,5213
6958,5196,5213
6959,5196,5212
6960,5195,5212
6961,5195,5212
6962,5195,5211
6963,5194,5211
6964,5194,5211
6965,5194,5210
6966,5194,5210
6967,5193,5210
6968,5193,5209
6969,5193,5209
6970,5192,5209
6971,5192,5208
6972,5192,5208
6973,5191,5208
6974,5191,5208
6975,5191,5207
6976,5190,5207
6977,5190,5207
6978,5190,5206
6979,5189,5206
6980,5189,5206
6981,5189,5205
6982,5189,5205
6983,5188,5205
6984,5188,5204
6985,5188,5204
6986,5187,5204
6987,5187,5203
6988,5187,5203
6989,5186,5203
6990,5186,5203
6991,5186,5202
6992,5186,5202
6993,5185,5202
6994,5185,5201
6995,5185,5201
6996,5184,5201
6997,5184,5200
6998,5184,5200
6999,5184,5200
7000,5183,5199
7001,5183,5199
7002,5183,5199
7003,5182,5199
7004,5182,5198
7005,5182,5198
7006,5181,5198
7007,5181,5197
7008,5181,5197
7009,5181,5197
7010,5180,5197
7011,5180,5196
7012,5180,5196
7013,5179,5196
7014,5179,5195
7015,5179,5195
7016,5179,5195
7017,5178,5194
7018,5178,5194
7019,5178,5194
7020,5177,5194
7021,5177,5193
7022,5177,5193
7023,5177,5193
7024,5176,5192
7025,5176,5192
7026,5176,5192
7027,5176,5192
7028,5175,5191
7029,5175,5191
7030,5175,5191
7031,5174,5190
7032,5174,5190
7033,5174,5190
7034,5174,5190
7035,5173,5189
7036,5173,5189
7037,5173,5189
7038,5172,5188
7039,5172,5188
7040,5172,5188
7041,5172,5188
7042,5171,5187
7043,5171,5187
7044,5171,5187
7045,5171,5187
7046,5170,5186
7047,5170,5186
7048,5170,5186
7049,5170,5185
7050,5169,5185
7051,5169,5185
7052,5169,5185
7053,5168,5184
7054,5168,5184
7055,5168,5184
7056,5168,5184
7057,5167,5183
7058,5167,5183
7059,5167,5183
7060,5167,5182
7061,5166,5182
7062,5166,5182
7063,5166,5182
7064,5166,5181
7065,5165,5181
7066,5165,5181
7067,5165,5181
7068,5165,5180
7069,5164,5180
7070,5164,5180
7071,5164,5180
7072,5164,5179
7073,5163,5179
7074,5163,5179
7075,5163,5179
7076,5163,5178
7077,5162,5178
7078,5162,5178
7079,5162,5178
7080,5162,5177
7081,5161,5177
7082,5161,5177
7083,5161,5177
7084,5161,5176
7085,5160,5176
7086,5160,5176
7087,5160,5176
7088,5160,5175
7089,5159,5175
7090,5159,5175
7091,5159,5175
7092,5159,5174
7093,5158,5174
7094,5158,5174
7095,5158,5174
7096,5158,5173
7097,5157,5173
7098,5157,5173
7099,5157,5173
7100,5157,5172
7101,5157,5172
7102,5156,5172
7103,5156,5172
7104,5156,5171
7105,5156,5171
8354,5280,5289
8355,5280,5289
8356,5281,5289
8357,5281,5290
8358,5282,5290
8359,5282,5291
8360,5282,5291
8361,5283,5292
8362,5283,5292
8363,5284,5293
8364,5284,5293
8365,5285,5294
8366,5285,5294
8367,5286,5294
8368,5286,5295
8369,5287,5295
8370,5287,5296
8371,5287,5296
8372,5288,5297
8373,5288,5297
8374,5289,5298
8375,5289,5298
8376,5290,5299
8377,5290,5299
8378,5291,5300
8379,5291,5300
8380,5292,5301
8381,5292,5301
8382,5293,5302
8383,5293,5302
8384,5294,5303
8385,5294,5303
8386,5295,5303
8387,5295,5304
8388,5295,5304
8389,5296,5305
8390,5296,5305
8391,5297,5306
8392,5297,5306
8393,5298,5307
8394,5298,5307
8395,5299,5308
8396,5299,5308
8397,5300,5309
8398,5300,5309
8399,5301,5310
8400,5301,5310
8401,5302,5311
8402,5302,5311
8403,5303,5312
8404,5303,5312
8405,5304,5313
8406,5304,5313
8407,5305,5314
8408,5305,5314
8409,5306,5315
8410,5306,5315
8411,5307,5316
8412,5307,5316
8413,5308,5317
8414,5308,5317
8415,5308,5318
8416,5309,5318
8417,5309,5319
8418,5310,5319
8419,5310,5320
8420,5311,5320
8421,5311,5321
8422,5312,5321
8423,5312,5322
8424,5313,5322
8425,5313,5323
8426,5314,5323
8427,5314,5324
8428,5315,5324
8429,5315,5325
8430,5316,5325
8431,5316,5326
8432,5317,5326
8433,5317,5327
8434,5318,5327
8435,5318,5328
8436,5319,5328
8437,5319,5329
8438,5320,5329
8439,5320,5330
8440,5321,5330
8441,5322,5331
8442,5322,5331
8443,5323,5332
8444,5323,5332
8445,5324,5333
8446,5324,5334
8447,5325,5334
8448,5325,5335
8449,5326,5335
8450,5326,5336
8451,5327,5336
8452,5327,5337
8453,5328,5337
8454,5328,5338
8455,5329,5338
8456,5329,5339
8457,5330,5339
8458,5330,5340
8459,5331,5340
8460,5331,5341
8461,5332,5341
8462,5332,5342
8463,5333,5343
8464,5333,5343
8465,5334,5344
8466,5334,5344
8467,5335,5345
8468,5336,5345
8469,5336,5346
8470,5337,5346
8471,5337,5347
8472,5338,5347
8473,5338,5348
8474,5339,5348
8475,5339,5349
8476,5340,5350
8477,5340,5350
8478,5341,5351
8479,5341,5351
8480,5342,5352
8481,5343,5352
8482,5343,5353
8483,5344,5353
8484,5344,5354
8485,5345,5354
8486,5345,5355
8487,5346,5356
8488,5346,5356
8489,5347,5357
8490,5347,5357
8491,5348,5358
8492,5348,5358
8493,5349,5359
8494,5350,5359
8495,5350,5360
8496,5351,5361
8497,5351,5361
8498,5352,5362
8499,5352,5362
8500,5353,5363
8501,5353,5363
8502,5354,5364
8503,5355,5365
8504,5355,5365
8505,5356,5366
8506,5356,5366
8507,5357,5367
8508,5357,5367
8509,5358,5368
8510,5358,5369
8511,5359,5369
8512,5360,5370
8513,5360,5370
8514,5361,5371
8515,5361,5371
8516,5362,5372
8517,5362,5373
8518,5363,5373
8519,5364,5374
8520,5364,5374
8521,5365,5375
8522,5365,5376
8523,5366,5376
8524,5366,5377
8525,5367,5377
8526,5368,5378
8527,5368,5378
8528,5369,5379
8529,5369,5380
8530,5370,5380
8531,5370,5381
8532,5371,5381
8533,5372,5382
8534,5372,5383
8535,5373,5383
8536,5373,5384
8537,5374,5384
8538,5374,5385
8539,5375,5386
8540,5376,5386
8541,5376,5387
8542,5377,5387
8543,5377,5388
8544,5378,5389
8545,5379,5389
8546,5379,5390
8547,5380,5390
8548,5380,5391
8549,5381,5392
8550,5382,5392
8551,5382,5393
8552,5383,5393
8553,5383,5394
8554,5384,5395
8555,5384,5395
8556,5385,5396
8557,5386,5396
8558,5386,5397
8559,5387,5398
8560,5387,5398
8561,5388,5399
8562,5389,5399
8563,5389,5400
8564,5390,5401
8565,5390,5401
8566,5391,5402
8567,5392,5403
8568,5392,5403
8569,5393,5404
8570,5394,5404
8571,5394,5405
8572,5395,5406
8573,5395,5406
8574,5396,5407
8575,5397,5408
8576,5397,5408
8577,5398,5409
8578,5398,5409
8579,5399,5410
8580,5400,5411
8581,5400,5411
8582,5401,5412
8583,5401,5413
8584,5402,5413
8585,5403,5414
8586,5403,5415
8587,5404,5415
8588,5405,5416
8589,5405,5416
8590,5406,5417
8591,5406,5418
8592,5407,5418
8593,5408,5419
8594,5408,5420
8595,5409,5420
8596,5410,5421
8597,5410,5422
8598,5411,5422
8599,5411,5423
8600,5412,5424
8601,5413,5424
8602,5413,5425
8603,5414,5426
8604,5415,5426
8605,5415,5427
8606,5416,5427
8607,5417,5428
8608,5417,5429
8609,5418,5429
8610,5418,5430
8611,5419,5431
8612,5420,5431
8613,5420,5432
8614,5421,5433
8615,5422,5433
8616,5422,5434
8617,5423,5435
8618,5424,5435
8619,5424,5436
8620,5425,5437
8621,5426,5437
8622,5426,5438
8623,5427,5439
8624,5428,5439
8625,5428,5440
8626,5429,5441
8627,5429,5441
8628,5430,5442
8629,5431,5443
8630,5431,5443
8631,5432,5444
8632,5433,5445
8633,5433,5445
8634,5434,5446
8635,5435,5447
8636,5435,5448
8637,5436,5448
8638,5437,5449
8639,5437,5450
8640,5438,5450
8641,5439,5451
8642,5439,5452
8643,5440,5452
8644,5441,5453
8645,5441,5454
8646,5442,5454
8647,5443,5455
8648,5443,5456
8649,5444,5456
8650,5445,5457
8651,5445,5458
8652,5446,5459
8653,5447,5459
8654,5448,5460
8655,5448,5461
8656,5449,5461
8657,5450,5462
8658,5450,5463
8659,5451,5463
8660,5452,5464
8661,5452,5465
8662,5453,5466
8663,5454,5466
8664,5454,5467
8665,5455,5468
8666,5456,5468
8667,5456,5469
8668,5457,5470
8669,5458,5471
8670,5458,5471
8671,5459,5472
8672,5460,5473
8673,5461,5473
8674,5461,5474
8675,5462,5475
8676,5463,5476
8677,5463,5476
8678,5464,5477
8679,5465,5478
8680,5465,5478
8681,5466,5479
8682,5467,5480
8683,5468,5481
8684,5468,5481
8685,5469,5482
8686,5470,5483
8687,5470,5484
8688,5471,5484
8689,5472,5485
8690,5473,5486
8691,5473,5487
8692,5474,5487
8693,5475,5488
8694,5475,5489
8695,5476,5489
8696,5477,5490
8697,5478,5491
8698,5478,5492
8699,5479,5492
8700,5480,5493
8701,5480,5494
8702,5481,5495
8703,5482,5495
8704,5483,5496
8705,5483,5497
8706,5484,5498
8707,5485,5498
8708,5486,5499
8709,5486,5500
8710,5487,5501
8711,5488,5501
8712,5488,5502
8713,5489,5503
8714,5490,5504
8715,5491,5504
8716,5491,5505
8717,5492,5506
8718,5493,5507
8719,5494,5507
8720,5494,5508
8721,5495,5509
8722,5496,5510
8723,5497,5511
8724,5497,5511
8725,5498,5512
8726,5499,5513
8727,5500,5514
8728,5500,5514
8729,5501,5515
8730,5502,5516
8731,5503,5517
8732,5503,5518
8733,5504,5518
8734,5505,5519
8735,5506,5520
8736,5506,5521
8737,5507,5521
8738,5508,5522
8739,5509,5523
8740,5509,5524
8741,5510,5525
8742,5511,5525
8743,5512,5526
8744,5512,5527
8745,5513,5528
8746,5514,5529
8747,5515,5529
8748,5515,5530
8749,5516,5531
8750,5517,5532
8751,5518,5532
8752,5519,5533
8753,5519,5534
8754,5520,5535
8755,5521,5536
8756,5522,5536
8757,5522,5537
8758,5523,5538
8759,5524,5539
8760,5525,5540
8761,5526,5541
8762,5526,5541
8763,5527,5542
8764,5528,5543
8765,5529,5544
8766,5529,5545
8767,5530,5545
8768,5531,5546
8769,5532,5547
8770,5533,5548
8771,5533,5549
8772,5534,5549
8773,5535,5550
8774,5536,5551
8775,5537,5552
8776,5537,5553
8777,5538,5554
8778,5539,5554
8779,5540,5555
8780,5541,5556
8781,5541,5557
8782,5542,5558
8783,5543,5559
8784,5544,5559
8785,5545,5560
8786,5545,5561
8787,5546,5562
8788,5547,5563
8789,5548,5564
8790,5549,5564
8791,5550,5565
8792,5550,5566
8793,5551,5567
8794,5552,5568
8795,5553,5569
8796,5554,5570
8797,5554,5570
8798,5555,5571
8799,5556,5572
8800,5557,5573
8801,5558,5574
8802,5559,5575
8803,5559,5576
8804,5560,5576
8805,5561,5577
8806,5562,5578
8807,5563,5579
8808,5564,5580
8809,5564,5581
8810,5565,5582
8811,5566,5582
8812,5567,5583
8813,5568,5584
8814,5569,5585
8815,5569,5586
8816,5570,5587
8817,5571,5588
8818,5572,5589
8819,5573,5589
8820,5574,5590
8821,5574,5591
8822,5575,5592
8823,5576,5593
8824,5577,5594
8825,5578,5595
8826,5579,5596
8827,5580,5596
8828,5580,5597
8829,5581,5598
8830,5582,5599
8831,5583,5600
8832,5584,5601
8833,5585,5602
8834,5586,5603
8835,5586,5604
8836,5587,5604
8837,5588,5605
8838,5589,5606
8839,5590,5607
8840,5591,5608
8841,5592,5609
8842,5593,5610
8843,5593,5611
8844,5594,5612
8845,5595,5613
8846,5596,5614
8847,5597,5614
8848,5598,5615
8849,5599,5616
8850,5600,5617
8851,5600,5618
8852,5601,5619
8853,5602,5620
8854,5603,5621
8855,5604,5622
8856,5605,5623
8857,5606,5624
8858,5607,5625
8859,5608,5625
8860,5608,5626
8861,5609,5627
8862,5610,5628
8863,5611,5629
8864,5612,5630
8865,5613,5631
8866,5614,5632
8867,5615,5633
8868,5616,5634
8869,5617,5635
8870,5617,5636
8871,5618,5637
8872,5619,5638
8873,5620,5639
8874,5621,5640
8875,5622,5640
8876,5623,5641
8877,5624,5642
8878,5625,5643
8879,5626,5644
8880,5627,5645
8881,5628,5646
8882,5628,5647
8883,5629,5648
8884,5630,5649
8885,5631,5650
8886,5632,5651
8887,5633,5652
8888,5634,5653
8889,5635,5654
8890,5636,5655
8891,5637,5656
8892,5638,5657
8893,5639,5658
8894,5640,5659
8895,5641,5660
8896,5641,5661
8897,5642,5662
8898,5643,5663
8899,5644,5664
8900,5645,5665
8901,5646,5666
8902,5647,5667
8903,5648,5668
8904,5649,5669
8905,5650,5670
8906,5651,5671
8907,5652,5672
8908,5653,5673
8909,5654,5674
8910,5655,5675
8911,5656,5676
8912,5657,5677
8913,5658,5678
8914,5659,5679
8915,5660,5680
8916,5661,5681
8917,5662,5682
8918,5663,5683
8919,5663,5684
8920,5664,5685
8921,5665,5686
9206,6018,6054
9207,6019,6056
9208,6021,6057
9209,6022,6059
9210,6024,6061
9211,6026,6062
9212,6027,6064
9213,6029,6066
9214,6030,6068
9215,6032,6069
9216,6034,6071
9217,6035,6073
9218,6037,6074
9219,6038,6076
9220,6040,6078
9221,6042,6080
9222,6043,6081
9223,6045,6083
9224,6047,6085
9225,6048,6087
9226,6050,6088
9227,6052,6090
9228,6053,6092
9229,6055,6094
9230,6057,6095
9231,6058,6097
9232,6060,6099
9233,6062,6101
9234,6063,6102
9235,6065,6104
9236,6067,6106
9237,6069,6108
9238,6070,6110
9239,6072,6111
9240,6074,6113
9241,6075,6115
9242,6077,6117
9243,6079,6119
9244,6081,6120
9245,6082,6122
9246,6084,6124
9247,6086,6126
9248,6088,6128
9249,6089,6130
9250,6091,6131
9251,6093,6133
9252,6095,6135
9253,6096,6137
9254,6098,6139
9255,6100,6141
9256,6102,6143
9257,6103,6145
9258,6105,6146
9259,6107,6148
9260,6109,6150
9261,6111,6152
9262,6112,6154
9263,6114,6156
9264,6116,6158
9265,6118,6160
9266,6120,6162
9267,6122,6164
9268,6123,6166
9269,6125,6168
9270,6127,6170
9271,6129,6172
9272,6131,6173
9273,6133,6175
9274,6135,6177
9275,6136,6179
9276,6138,6181
9277,6140,6183
9278,6142,6185
9279,6144,6187
9280,6146,6189
9281,6148,6191
9282,6150,6193
9283,6152,6195
9284,6154,6197
9285,6155,6199
9286,6157,6202
9287,6159,6204
9288,6161,6206
9289,6163,6208
9290,6165,6210
9291,6167,6212
9292,6169,6214
9293,6171,6216
9294,6173,6218
9462,6695,6707
9461,6686,6706
9460,6678,6704
9459,6671,6701
9458,6664,6698
9457,6658,6695
9456,6652,6691
9455,6646,6687
9454,6640,6684
9453,6635,6680
9452,6629,6676
9451,6624,6672
9450,6619,6668
9449,6614,6664
9448,6609,6660
9447,6604,6656
9446,6599,6652
9445,6595,6648
9444,6590,6644
9443,6585,6640
9442,6581,6636
9441,6577,6632
9440,6572,6628
9439,6568,6624
9438,6564,6620
9437,6560,6616
9436,6555,6613
9435,6551,6609
9434,6547,6605
9433,6543,6601
9432,6539,6597
9431,6535,6594
9430,6531,6590
9429,6528,6586
9428,6524,6583
9427,6520,6579
9426,6516,6575
9425,6513,6572
9424,6509,6568
9423,6505,6564
9422,6502,6561
9353,6302,6354
9352,6299,6352
9351,6297,6349
9350,6295,6346
9349,6292,6344
9348,6290,6341
9347,6288,6339
9346,6285,6336
9345,6283,6334
9344,6280,6331
9343,6278,6329
9342,6276,6327
9341,6273,6324
9340,6271,6322
9339,6269,6319
9338,6267,6317
9337,6264,6314
9336,6262,6312
9335,6260,6310
9334,6257,6307
9333,6255,6305
9332,6253,6303
9331,6251,6300
9330,6249,6298
9329,6246,6295
9328,6244,6293
9327,6242,6291
9326,6240,6288
9325,6237,6286
9324,6235,6284
9307,6199,6246
9306,6197,6244
9305,6195,6241
9304,6193,6239
9303,6191,6237
9302,6189,6235
9301,6187,6233
9300,6185,6231
9299,6183,6229
9298,6181,6227
9297,6179,6224
9296,6177,6222
9295,6175,6220
9308,6201,6248
9309,6203,6250
9310,6206,6252
9311,6208,6255
9312,6210,6257
9313,6212,6259
9314,6214,6261
9315,6216,6263
9316,6218,6266
9317,6220,6268
9318,6222,6270
9319,6225,6272
9320,6227,6275
9321,6229,6277
9322,6231,6279
9323,6233,6282
9354,6304,6357
9355,6307,6359
9356,6309,6362
9357,6312,6364
9358,6314,6367
9359,6317,6370
9360,6319,6372
9361,6322,6375
9362,6324,6377
9363,6327,6380
9364,6329,6383
9365,6332,6385
9366,6334,6388
9367,6337,6391
9368,6339,6394
9369,6342,6396
9370,6345,6399
9371,6347,6402
9372,6350,6405
9373,6352,6407
9374,6355,6410
9375,6358,6413
9376,6360,6416
9377,6363,6419
9378,6366,6421
9379,6369,6424
9380,6371,6427
9381,6374,6430
9382,6377,6433
9383,6380,6436
9384,6382,6439
9385,6385,6442
9386,6388,6444
9387,6391,6447
9388,6394,6450
9389,6397,6453
9390,6399,6456
9391,6402,6459
9392,6405,6462
9393,6408,6465
9394,6411,6468
9395,6414,6472
9396,6417,6475
9397,6420,6478
9398,6423,6481
9399,6426,6484
9400,6429,6487
9401,6432,6490
9402,6435,6493
9403,6438,6497
9404,6442,6500
9405,6445,6503
9406,6448,6506
9407,6451,6510
9408,6454,6513
9409,6457,6516
9410,6461,6520
9411,6464,6523
9412,6467,6526
9413,6471,6530
9414,6474,6533
9415,6477,6536
9416,6481,6540
9417,6484,6543
9418,6488,6547
9419,6491,6550
9420,6495,6554
9421,6498,6557
9205,6016,6052
9204,6014,6051
9203,6013,6049
9202,6011,6047
9201,6010,6046
9200,6008,6044
9199,6007,6042
9198,6005,6041
9197,6003,6039
9196,6002,6038
9195,6000,6036
9194,5999,6034
9193,5997,6033
9192,5996,6031
9191,5994,6029
9190,5993,6028
9189,5991,6026
9188,5990,6025
9187,5988,6023
9186,5986,6021
9185,5985,6020
9184,5983,6018
9183,5982,6017
9182,5980,6015
9181,5979,6013
9180,5977,6012
9179,5976,6010
9178,5974,6009
9177,5973,6007
9176,5971,6006
9175,5970,6004
9174,5968,6002
9173,5967,6001
9172,5965,5999
9171,5964,5998
9170,5963,5996
9169,5961,5995
9168,5960,5993
9167,5958,5992
9166,5957,5990
9165,5955,5988
9164,5954,5987
9163,5952,5985
9162,5951,5984
9161,5949,5982
9160,5948,5981
9159,5946,5979
9158,5945,5978
9157,5944,5976
9156,5942,5975
9155,5941,5973
9154,5939,5972
9153,5938,5970
9152,5936,5969
9151,5935,5967
9150,5934,5966
9149,5932,5964
9148,5931,5963
9147,5929,5961
9146,5928,5960
9145,5927,5958
9144,5925,5957
9143,5924,5956
9142,5922,5954
9141,5921,5953
9140,5920,5951
9139,5918,5950
9138,5917,5948
9137,5915,5947
9136,5914,5945
9135,5913,5944
9134,5911,5942
9133,5910,5941
9132,5909,5940
9131,5907,5938
9130,5906,5937
9129,5904,5935
9128,5903,5934
9127,5902,5932
9126,5900,5931
9125,5899,5930
9124,5898,5928
9123,5896,5927
9122,5895,5925
9121,5894,5924
9120,5892,5923
9119,5891,5921
9118,5890,5920
9117,5888,5918
9116,5887,5917
9115,5886,5916
9114,5884,5914
9113,5883,5913
9112,5882,5911
9111,5880,5910
9110,5879,5909
9109,5878,5907
9108,5876,5906
9107,5875,5905
9106,5874,5903
9105,5873,5902
9104,5871,5900
9103,5870,5899
9102,5869,5898
9101,5867,5896
9100,5866,5895
9099,5865,5894
9098,5863,5892
9097,5862,5891
9096,5861,5890
9095,5860,5888
9094,5858,5887
9093,5857,5886
9092,5856,5884
9091,5855,5883
9090,5853,5882
9089,5852,5880
9088,5851,5879
9087,5849,5878
9086,5848,5876
9085,5847,5875
9084,5846,5874
9083,5844,5872
9082,5843,5871
9081,5842,5870
9080,5841,5868
9079,5839,5867
9078,5838,5866
9077,5837,5865
9076,5836,5863
9075,5834,5862
9074,5833,5861
9073,5832,5859
9072,5831,5858
9071,5830,5857
9070,5828,5855
9069,5827,5854
9068,5826,5853
9067,5825,5852
9066,5823,5850
9065,5822,5849
9064,5821,5848
9063,5820,5847
9062,5819,5845
9061,5817,5844
9060,5816,5843
9059,5815,5841
9058,5814,5840
9057,5813,5839
9056,5811,5838
9055,5810,5836
9054,5809,5835
9053,5808,5834
9052,5807,5833
9051,5805,5831
9050,5804,5830
9049,5803,5829
9048,5802,5828
9047,5801,5827
9046,5799,5825
9045,5798,5824
9044,5797,5823
9043,5796,5822
9042,5795,5820
9041,5794,5819
9040,5792,5818
9039,5791,5817
9038,5790,5816
9037,5789,5814
9036,5788,5813
9035,5787,5812
9034,5785,5811
9033,5784,5809
9032,5783,5808
9031,5782,5807
9030,5781,5806
9029,5780,5805
9028,5778,5803
9027,5777,5802
9026,5776,5801
9025,5775,5800
9024,5774,5799
9023,5773,5797
9022,5772,5796
9021,5771,5795
9020,5769,5794
9019,5768,5793
9018,5767,5792
9017,5766,5790
9016,5765,5789
9015,5764,5788
9014,5763,5787
9013,5762,5786
9012,5760,5785
9011,5759,5783
9010,5758,5782
9009,5757,5781
9008,5756,5780
9007,5755,5779
9006,5754,5778
9005,5753,5776
9004,5752,5775
9003,5750,5774
9002,5749,5773
9001,5748,5772
9000,5747,5771
8999,5746,5770
8998,5745,5768
8997,5744,5767
8996,5743,5766
8995,5742,5765
8994,5741,5764
8993,5739,5763
8992,5738,5762
8991,5737,5760
8990,5736,5759
8989,5735,5758
8988,5734,5757
8987,5733,5756
8986,5732,5755
8985,5731,5754
8984,5730,5753
8983,5729,5751
8982,5728,5750
8981,5727,5749
8980,5726,5748
8979,5724,5747
8978,5723,5746
8977,5722,5745
8976,5721,5744
8975,5720,5743
8974,5719,5742
8973,5718,5740
8972,5717,5739
8971,5716,5738
8970,5715,5737
8969,5714,5736
8968,5713,5735
8967,5712,5734
8966,5711,5733
8965,5710,5732
8964,5709,5731
8963,5708,5730
8962,5707,5728
8961,5706,5727
8960,5705,5726
8959,5704,5725
8958,5702,5724
8957,5701,5723
8956,5700,5722
8955,5699,5721
8954,5698,5720
8953,5697,5719
8952,5696,5718
8951,5695,5717
8950,5694,5716
8949,5693,5715
8948,5692,5714
8947,5691,5712
8946,5690,5711
8945,5689,5710
8944,5688,5709
8943,5687,5708
8942,5686,5707
8941,5685,5706
8940,5684,5705
8939,5683,5704
8938,5682,5703
8937,5681,5702
8936,5680,5701
8935,5679,5700
8934,5678,5699
8933,5677,5698
8932,5676,5697
8931,5675,5696
8930,5674,5695
8929,5673,5694
8928,5672,5693
8927,5671,5692
8926,5670,5691
8925,5669,5690
8924,5668,5689
8923,5667,5688
8922,5666,5687
8353,5279,5288
8352,5279,5288
8351,5278,5287
8350,5278,5287
8349,5277,5286
8348,5277,5286
8347,5277,5285
8346,5276,5285
8345,5276,5284
8344,5275,5284
8343,5275,5284
8342,5274,5283
8341,5274,5283
8340,5273,5282
8339,5273,5282
8338,5273,5281
8337,5272,5281
8336,5272,5280
8335,5271,5280
8334,5271,5280
8333,5270,5279
8332,5270,5279
8331,5270,5278
8330,5269,5278
8329,5269,5277
8328,5268,5277
8327,5268,5276
8326,5267,5276
8325,5267,5276
8324,5267,5275
8323,5266,5275
8322,5266,5274
8321,5265,5274
8320,5265,5273
8319,5264,5273
8318,5264,5273
8317,5263,5272
8316,5263,5272
8315,5263,5271
8314,5262,5271
8313,5262,5270
8312,5261,5270
8311,5261,5270
8310,5261,5269
8309,5260,5269
8308,5260,5268
8307,5259,5268
8306,5259,5267
8305,5258,5267
8304,5258,5267
8303,5258,5266
8302,5257,5266
8301,5257,5265
8300,5256,5265
8299,5256,5264
8298,5256,5264
8297,5255,5264
8296,5255,5263
8295,5254,5263
8294,5254,5262
8293,5253,5262
8292,5253,5262
8291,5253,5261
8290,5252,5261
8289,5252,5260
8288,5251,5260
8287,5251,5260
8286,5251,5259
8285,5250,5259
8284,5250,5258
8283,5249,5258
8282,5249,5257
8281,5249,5257
8280,5248,5257
8279,5248,5256
8278,5247,5256
8277,5247,5255
8276,5247,5255
8275,5246,5255
8274,5246,5254
8273,5245,5254
8272,5245,5253
8271,5245,5253
8270,5244,5253
8269,5244,5252
8268,5243,5252
8267,5243,5251
8266,5243,5251
8265,5242,5251
8264,5242,5250
8263,5241,5250
8262,5241,5249
8261,5241,5249
8260,5240,5249
8259,5240,5248
8258,5239,5248
8257,5239,5248
8256,5239,5247
8255,5238,5247
8254,5238,5246
8253,5237,5246
8252,5237,5246
8251,5237,5245
8250,5236,5245
8249,5236,5244
8248,5236,5244
8247,5235,5244
8246,5235,5243
8245,5234,5243
8244,5234,5243
8243,5234,5242
8242,5233,5242
8241,5233,5241
8240,5233,5241
8239,5232,5241
8238,5232,5240
8237,5231,5240
8236,5231,5239
8235,5231,5239
8234,5230,5239
8233,5230,5238
8232,5230,5238
8231,5229,5238
8230,5229,5237
8229,5228,5237
8228,5228,5236
8227,5228,5236
8226,5227,5236
8225,5227,5235
8224,5227,5235
8223,5226,5235
8222,5226,5234
8221,5225,5234
8220,5225,5234
8219,5225,5233
8218,5224,5233
8217,5224,5232
8216,5224,5232
8215,5223,5232
8214,5223,5231
8213,5223,5231
8212,5222,5231
8211,5222,5230
8210,5221,5230
8209,5221,5230
8208,5221,5229
8207,5220,5229
8206,5220,5228
8205,5220,5228
8204,5219,5228
8203,5219,5227
8202,5219,5227
8201,5218,5227
8200,5218,5226
8199,5218,5226
8198,5217,5226
8197,5217,5225
8196,5216,5225
8195,5216,5225
8194,5216,5224
8193,5215,5224
8192,5215,5224
8191,5215,5223
8190,5214,5223
8189,5214,5223
8188,5214,5222
8187,5213,5222
8186,5213,5221
8185,5213,5221
8184,5212,5221
8183,5212,5220
8182,5212,5220
8181,5211,5220
8180,5211,5219
8179,5211,5219
8178,5210,5219
8177,5210,5218
8176,5210,5218
8175,5209,5218
8174,5209,5217
8173,5209,5217
8172,5208,5217
8171,5208,5216
8170,5208,5216
8169,5207,5216
8168,5207,5215
8167,5206,5215
8166,5206,5215
8165,5206,5214
8164,5205,5214
8163,5205,5214
8162,5205,5213
8161,5205,5213
8160,5204,5213
8159,5204,5212
8158,5204,5212
8157,5203,5212
8156,5203,5211
8155,5203,5211
8154,5202,5211
8153,5202,5210
8152,5202,5210
8151,5201,5210
8150,5201,5209
8149,5201,5209
8148,5200,5209
8147,5200,5208
8146,5200,5208
8145,5199,5208
8144,5199,5208
8143,5199,5207
8142,5198,5207
8141,5198,5207
8140,5198,5206
8139,5197,5206
8138,5197,5206
8137,5197,5205
8136,5196,5205
8135,5196,5205
8134,5196,5204
8133,5195,5204
8132,5195,5204
8131,5195,5203
8130,5195,5203
8129,5194,5203
8128,5194,5203
8127,5194,5202
8126,5193,5202
8125,5193,5202
8124,5193,5201
8123,5192,5201
8122,5192,5201
8121,5192,5200
8120,5191,5200
8119,5191,5200
8118,5191,5199
8117,5191,5199
8116,5190,5199
8115,5190,5199
8114,5190,5198
8113,5189,5198
8112,5189,5198
8111,5189,5197
8110,5188,5197
8109,5188,5197
8108,5188,5196
8107,5187,5196
8106,5187,5196
8105,5187,5196
8104,5187,5195
8103,5186,5195
8102,5186,5195
8101,5186,5194
8100,5185,5194
8099,5185,5194
8098,5185,5194
8097,5185,5193
8096,5184,5193
8095,5184,5193
8094,5184,5192
8093,5183,5192
8092,5183,5192
8091,5183,5191
8090,5182,5191
8089,5182,5191
8088,5182,5191
8087,5182,5190
8086,5181,5190
8085,5181,5190
8084,5181,5189
8083,5180,5189
8082,5180,5189
8081,5180,5189
8080,5180,5188
8079,5179,5188
8078,5179,5188
8077,5179,5188
8076,5178,5187
8075,5178,5187
8074,5178,5187
8073,5178,5186
8072,5177,5186
8071,5177,5186
8070,5177,5186
8069,5177,5185
8068,5176,5185
8067,5176,5185
8066,5176,5185
8065,5175,5184
8064,5175,5184
8063,5175,5184
8062,5175,5183
8061,5174,5183
8060,5174,5183
8059,5174,5183
8058,5173,5182
8057,5173,5182
8056,5173,5182
8055,5173,5182
8054,5172,5181
8053,5172,5181
8052,5172,5181
8051,5172,5180
8050,5171,5180
8049,5171,5180
8048,5171,5180
8047,5171,5179
8046,5170,5179
8045,5170,5179
8044,5170,5179
8043,5169,5178
8042,5169,5178
8041,5169,5178
8040,5169,5178
8039,5168,5177
8038,5168,5177
8037,5168,5177
8036,5168,5177
8035,5167,5176
8034,5167,5176
8033,5167,5176
8032,5167,5176
8031,5166,5175
8030,5166,5175
8029,5166,5175
8028,5166,5175
8027,5165,5174
8026,5165,5174
8025,5165,5174
8024,5165,5174
8023,5164,5173
8022,5164,5173
8021,5164,5173
8020,5164,5173
8019,5163,5172
8018,5163,5172
8017,5163,5172
8016,5163,5172
8015,5162,5171
8014,5162,5171
8013,5162,5171
8012,5162,5171
8011,5161,5170
8010,5161,5170
8009,5161,5170
8008,5161,5170
8007,5160,5169
8006,5160,5169
8005,5160,5169
8004,5160,5169
8003,5159,5168
8002,5159,5168
8001,5159,5168
8000,5159,5168
7999,5158,5168
7998,5158,5167
7997,5158,5167
7996,5158,5167
7995,5157,5167
7994,5157,5166
7993,5157,5166
7992,5157,5166
7991,5157,5166
7990,5156,5165
7989,5156,5165
7988,5156,5165
7987,5156,5165
7986,5155,5165
7985,5155,5164
7984,5155,5164
7983,5155,5164
7982,5154,5164
7981,5154,5163
7980,5154,5163
7979,5154,5163
7978,5154,5163
7977,5153,5163
7976,5153,5162
7975,5153,5162
7974,5153,5162
7973,5152,5162
7972,5152,5161
7971,5152,5161
7970,5152,5161
7969,5152,5161
7968,5151,5161
7967,5151,5160
7966,5151,5160
7965,5151,5160
7964,5150,5160
7963,5150,5160
7962,5150,5159
7961,5150,5159
7960,5150,5159
7959,5149,5159
7958,5149,5158
7957,5149,5158
7956,5149,5158
7955,5148,5158
7954,5148,5158
7953,5148,5157
7952,5148,5157
7951,5148,5157
7950,5147,5157
7949,5147,5157
7948,5147,5156
7947,5147,5156
7946,5147,5156
7945,5146,5156
7944,5146,5156
7943,5146,5155
7942,5146,5155
7941,5145,5155
7940,5145,5155
7939,5145,5155
7938,5145,5154
7937,5145,5154
7936,5144,5154
7935,5144,5154
7934,5144,5154
7933,5144,5153
7932,5144,5153
7931,5143,5153
7930,5143,5153
7929,5143,5153
7928,5143,5152
7927,5143,5152
7926,5142,5152
7925,5142,5152
7924,5142,5152
7923,5142,5151
7922,5142,5151
7921,5141,5151
7920,5141,5151
7919,5141,5151
7918,5141,5150
7917,5141,5150
7916,5140,5150
7915,5140,5150
7914,5140,5150
7913,5140,5150
7912,5140,5149
7911,5140,5149
7910,5139,5149
7909,5139,5149
7908,5139,5149
7907,5139,5148
7906,5139,5148
7905,5138,5148
7904,5138,5148
7903,5138,5148
7902,5138,5148
7901,5138,5147
7900,5137,5147
7899,5137,5147
7898,5137,5147
7897,5137,5147
7896,5137,5146
7895,5137,5146
7894,5136,5146
7893,5136,5146
7892,5136,5146
7891,5136,5146
7890,5136,5145
7889,5135,5145
7888,5135,5145
7887,5135,5145
7886,5135,5145
7885,5135,5145
7884,5135,5144
7883,5134,5144
7882,5134,5144
7881,5134,5144
7880,5134,5144
7879,5134,5144
7878,5134,5143
7877,5133,5143
7876,5133,5143
7875,5133,5143
7874,5133,5143
7873,5133,5143
7872,5132,5142
7871,5132,5142
7870,5132,5142
7869,5132,5142
7868,5132,5142
7867,5132,5142
7866,5131,5141
7865,5131,5141
7864,5131,5141
7863,5131,5141
7862,5131,5141
7861,5131,5141
7860,5130,5140
7859,5130,5140
7858,5130,5140
7857,5130,5140
7856,5130,5140
7855,5130,5140
7854,5130,5140
7853,5129,5139
7852,5129,5139
7851,5129,5139
7850,5129,5139
7849,5129,5139
7848,5129,5139
7847,5128,5138
7846,5128,5138
7845,5128,5138
7844,5128,5138
7843,5128,5138
7842,5128,5138
7841,5127,5138
7840,5127,5137
7839,5127,5137
7838,5127,5137
7837,5127,5137
7836,5127,5137
7835,5127,5137
7834,5126,5137
7833,5126,5136
7832,5126,5136
7831,5126,5136
7830,5126,5136
7829,5126,5136
7828,5126,5136
7827,5125,5136
7826,5125,5135
7825,5125,5135
7824,5125,5135
7823,5125,5135
7822,5125,5135
7821,5125,5135
7820,5124,5135
7819,5124,5134
7818,5124,5134
7817,5124,5134
7816,5124,5134
7815,5124,5134
7814,5124,5134
7813,5123,5134
7812,5123,5134
7811,5123,5133
7810,5123,5133
7809,5123,5133
7808,5123,5133
7807,5123,5133
7806,5122,5133
7805,5122,5133
7804,5122,5132
7803,5122,5132
7802,5122,5132
7801,5122,5132
7800,5122,5132
7799,5121,5132
7798,5121,5132
7797,5121,5132
7796,5121,5131
7795,5121,5131
7794,5121,5131
7793,5121,5131
7792,5121,5131
7791,5120,5131
7790,5120,5131
7789,5120,5131
7788,5120,5131
7787,5120,5130
7786,5120,5130
7785,5120,5130
7784,5120,5130
7783,5119,5130
7782,5119,5130
7781,5119,5130
7780,5119,5130
7779,5119,5129
7778,5119,5129
7777,5119,5129
7776,5119,5129
7775,5118,5129
7774,5118,5129
7773,5118,5129
7772,5118,5129
7771,5118,5129
7770,5118,5128
7769,5118,5128
7768,5118,5128
7767,5118,5128
7766,5117,5128
7765,5117,5128
7764,5117,5128
7763,5117,5128
7762,5117,5128
7761,5117,5128
7760,5117,5127
7759,5117,5127
7758,5117,5127
7757,5116,5127
7756,5116,5127
7755,5116,5127
7754,5116,5127
7753,5116,5127
7752,5116,5127
7751,5116,5126
7750,5116,5126
7749,5116,5126
7748,5115,5126
7747,5115,5126
7746,5115,5126
7745,5115,5126
7744,5115,5126
7743,5115,5126
7742,5115,5126
7741,5115,5126
7740,5115,5125
7739,5115,5125
7738,5114,5125
7737,5114,5125
7736,5114,5125
7735,5114,5125
7734,5114,5125
7733,5114,5125
7732,5114,5125
7731,5114,5125
7730,5114,5125
7729,5114,5124
7728,5113,5124
7727,5113,5124
7726,5113,5124
7725,5113,5124
7724,5113,5124
7723,5113,5124
7722,5113,5124
7721,5113,5124
7720,5113,5124
7719,5113,5124
7718,5113,5123
7717,5112,5123
7716,5112,5123
7715,5112,5123
7714,5112,5123
7713,5112,5123
7712,5112,5123
7711,5112,5123
7710,5112,5123
7709,5112,5123
7708,5112,5123
7707,5112,5123
7706,5112,5123
7705,5111,5122
7704,5111,5122
7703,5111,5122
7702,5111,5122
7701,5111,5122
7700,5111,5122
7699,5111,5122
7698,5111,5122
7697,5111,5122
7696,5111,5122
7695,5111,5122
7694,5111,5122
7693,5111,5122
7692,5110,5122
7691,5110,5121
7690,5110,5121
7689,5110,5121
7688,5110,5121
7687,5110,5121
7686,5110,5121
7685,5110,5121
7684,5110,5121
7683,5110,5121
7682,5110,5121
7681,5110,5121
7680,5110,5121
7679,5109,5121
7678,5109,5121
7677,5109,5121
7676,5109,5121
7675,5109,5120
7674,5109,5120
7673,5109,5120
7672,5109,5120
7671,5109,5120
7670,5109,5120
7669,5109,5120
7668,5109,5120
7667,5109,5120
7666,5109,5120
7665,5109,5120
7664,5109,5120
7663,5108,5120
7662,5108,5120
7661,5108,5120
7660,5108,5120
7659,5108,5120
7658,5108,5120
7657,5108,5119
7656,5108,5119
7655,5108,5119
7654,5108,5119
7653,5108,5119
7652,5108,5119
7651,5108,5119
7650,5108,5119
7649,5108,5119
7648,5108,5119
7647,5108,5119
7646,5108,5119
7645,5107,5119
7644,5107,5119
7643,5107,5119
7642,5107,5119
7641,5107,5119
7640,5107,5119
7639,5107,5119
7638,5107,5119
7637,5107,5119
7636,5107,5119
7635,5107,5118
7634,5107,5118
7633,5107,5118
7632,5107,5118
7631,5107,5118
7630,5107,5118
7629,5107,5118
7628,5107,5118
7627,5107,5118
7626,5107,5118
7625,5107,5118
7624,5106,5118
7623,5106,5118
7622,5106,5118
7621,5106,5118
7620,5106,5118
7619,5106,5118
7618,5106,5118
7617,5106,5118
7616,5106,5118
7615,5106,5118
7614,5106,5118
7613,5106,5118
7612,5106,5118
7611,5106,5118
7610,5106,5118
7609,5106,5118
7608,5106,5118
7607,5106,5118
7606,5106,5118
7605,5106,5118
7604,5106,5118
7603,5106,5118
7602,5106,5117
7601,5106,5117
7600,5106,5117
7599,5106,5117
7598,5106,5117
7597,5106,5117
7596,5106,5117
7595,5106,5117
7594,5106,5117
7593,5105,5117
7592,5105,5117
7591,5105,5117
7590,5105,5117
7589,5105,5117
7588,5105,5117
7587,5105,5117
7586,5105,5117
7585,5105,5117
7584,5105,5117
7583,5105,5117
7582,5105,5117
7581,5105,5117
7580,5105,5117
7579,5105,5117
7578,5105,5117
7577,5105,5117
7576,5105,5117
7575,5105,5117
7574,5105,5117
7573,5105,5117
7572,5105,5117
7571,5105,5117
7570,5105,5117
7569,5105,5117
7568,5105,5117
7567,5105,5117
7566,5105,5117
7565,5105,5117
7564,5105,5117
7563,5105,5117
7562,5105,5117
7561,5105,5117
7560,5105,5117
7559,5105,5117
7558,5105,5117
7557,5105,5117
7556,5105,5117
7555,5105,5117
7554,5105,5117
7553,5105,5117
7552,5105,5117
7551,5105,5117
7550,5105,5117
7550,8693,8693
7549,5105,5117
7549,8691,8695
7548,5105,5117
7548,8691,8695
7547,5105,5117
7547,8690,8696
7546,5105,5117
7546,8689,8697
7546,9727,9729
7545,5105,5117
7545,8689,8697
7545,9726,9729
7544,5105,5117
7544,8689,8697
7544,9725,9730
7543,5105,5117
7543,8688,8698
7543,9725,9730
7542,5105,5117
7542,8688,8698
7542,9725,9730
7541,5105,5117
7541,8688,8698
7541,9725,9730
7540,5105,5117
7540,8688,8698
7540,9725,9730
7539,5105,5117
7539,8688,8698
7539,9725,9730
7538,5105,5117
7538,8687,8699
7538,9725,9730
7537,5105,5117
7537,8687,8699
7537,9726,9729
7536,5105,5117
7536,8687,8699
7535,5105,5117
7535,8687,8699
7534,5105,5117
7534,8687,8699
7533,5105,5117
7533,8687,8699
7532,5105,5117
7532,8687,8699
7531,5105,5117
7531,8687,8699
7530,5105,5117
7530,8687,8699
7529,5105,5117
7529,8687,8699
7528,5105,5117
7528,8687,8699
7527,5105,5117
7527,8687,8699
7526,5105,5117
7526,8687,8699
7525,5105,5117
7525,8687,8699
7524,5105,5117
7524,8687,8699
7523,5105,5117
7523,8688,8699
7522,5105,5117
7522,8688,8698
7521,5105,5117
7521,8688,8698
7520,5105,5117
7520,8688,8698
7519,5105,5117
7519,8688,8698
7518,5105,5117
7518,8689,8697
7517,5105,5118
7517,8689,8697
7516,5105,5118
7516,8689,8697
7515,5105,5118
7515,8690,8696
7514,5105,5118
7514,8690,8696
7513,5105,5118
7513,8691,8695
7512,5105,5118
7512,8692,8694
7511,5105,5118
7510,5105,5118
7509,5105,5118
7508,5105,5118
7507,5105,5118
7506,5105,5118
7505,5105,5118
7504,5105,5118
7503,5105,5118
7502,5105,5118
7501,5105,5118
7500,5105,5118
7499,5105,5118
7498,5105,5118
7497,5106,5118
7496,5106,5118
7495,5106,5118
7494,5106,5118
7493,5106,5118
7492,5106,5118
7491,5106,5118
7490,5106,5118
7489,5106,5118
7488,5106,5118
7487,5106,5118
7486,5106,5118
7485,5106,5118
7484,5106,5119
7483,5106,5119
7482,5106,5119
7481,5106,5119
7480,5106,5119
7479,5106,5119
7478,5106,5119
7477,5106,5119
7476,5106,5119
7475,5106,5119
7474,5106,5119
7473,5106,5119
7472,5106,5119
7471,5106,5119
7470,5106,5119
7469,5106,5119
7468,5106,5119
7467,5106,5119
7466,5107,5119
7465,5107,5119
7464,5107,5119
7463,5107,5119
7462,5107,5120
7461,5107,5120
7460,5107,5120
7459,5107,5120
7458,5107,5120
7457,5107,5120
7456,5107,5120
7455,5107,5120
7454,5107,5120
7453,5107,5120
7452,5107,5120
7451,5107,5120
7450,5107,5120
7449,5107,5120
7448,5107,5120
7447,5107,5120
7446,5107,5120
7445,5108,5120
7444,5108,5121
7443,5108,5121
7442,5108,5121
7441,5108,5121
7440,5108,5121
7439,5108,5121
7438,5108,5121
7437,5108,5121
7436,5108,5121
7435,5108,5121
7434,5108,5121
7433,5108,5121
7432,5108,5121
7431,5108,5121
7430,5108,5121
7429,5108,5121
7428,5108,5122
7427,5109,5122
7426,5109,5122
7425,5109,5122
7424,5109,5122
7423,5109,5122
7422,5109,5122
7421,5109,5122
7420,5109,5122
7419,5109,5122
7418,5109,5122
7417,5109,5122
7416,5109,5122
7415,5109,5122
7414,5109,5123
7413,5109,5123
7412,5110,5123
7411,5110,5123
7410,5110,5123
7409,5110,5123
7408,5110,5123
7407,5110,5123
7406,5110,5123
7405,5110,5123
7404,5110,5123
7403,5110,5123
7402,5110,5123
7401,5110,5124
7400,5110,5124
7399,5110,5124
7398,5111,5124
7397,5111,5124
7396,5111,5124
7395,5111,5124
7394,5111,5124
7393,5111,5124
7392,5111,5124
7391,5111,5124
7390,5111,5124
7389,5111,5125
7388,5111,5125
7387,5111,5125
7386,5111,5125
7385,5112,5125
7384,5112,5125
7383,5112,5125
7382,5112,5125
7381,5112,5125
7380,5112,5125
7379,5112,5125
7378,5112,5126
7377,5112,5126
7376,5112,5126
7375,5112,5126
7374,5113,5126
7373,5113,5126
7372,5113,5126
7371,5113,5126
7370,5113,5126
7369,5113,5126
7368,5113,5127
7367,5113,5127
7366,5113,5127
7365,5113,5127
7364,5113,5127
7363,5114,5127
7362,5114,5127
7361,5114,5127
7360,5114,5127
7359,5114,5127
7358,5114,5128
7357,5114,5128
7356,5114,5128
7355,5114,5128
7354,5114,5128
7353,5114,5128
7352,5115,5128
7351,5115,5128
7350,5115,5128
7349,5115,5129
7348,5115,5129
7347,5115,5129
7346,5115,5129
7345,5115,5129
7344,5115,5129
7343,5116,5129
7342,5116,5129
7341,5116,5129
7340,5116,5130
7339,5116,5130
7338,5116,5130
7337,5116,5130
7336,5116,5130
7335,5116,5130
7334,5116,5130
7333,5117,5130
7332,5117,5130
7331,5117,5131
7330,5117,5131
7329,5117,5131
7328,5117,5131
7327,5117,5131
7326,5117,5131
7325,5117,5131
7324,5118,5131
7323,5118,5132
7322,5118,5132
7321,5118,5132
7320,5118,5132
7319,5118,5132
7318,5118,5132
7317,5118,5132
7316,5119,5132
7315,5119,5133
7314,5119,5133
7313,5119,5133
7312,5119,5133
7311,5119,5133
7310,5119,5133
7309,5119,5133
7308,5119,5133
7307,5120,5134
7306,5120,5134
7305,5120,5134
7304,5120,5134
7303,5120,5134
7302,5120,5134
7301,5120,5134
7300,5121,5135
7299,5121,5135
7298,5121,5135
7297,5121,5135
7296,5121,5135
7295,5121,5135
7294,5121,5135
7293,5121,5135
7292,5122,5136
7291,5122,5136
7290,5122,5136
7289,5122,5136
7288,5122,5136
7287,5122,5136
7286,5122,5136
7285,5122,5137
7284,5123,5137
7283,5123,5137
7282,5123,5137
7281,5123,5137
7280,5123,5137
7279,5123,5137
7278,5123,5138
7277,5124,5138
7276,5124,5138
7275,5124,5138
7274,5124,5138
7273,5124,5138
7272,5124,5139
7271,5124,5139
7270,5125,5139
7269,5125,5139
7268,5125,5139
7267,5125,5139
7266,5125,5139
7265,5125,5140
7264,5125,5140
7263,5126,5140
7262,5126,5140
7261,5126,5140
7260,5126,5140
7259,5126,5141
7258,5126,5141
7257,5126,5141
7256,5127,5141
7255,5127,5141
7254,5127,5141
7253,5127,5141
7252,5127,5142
7251,5127,5142
7250,5128,5142
7249,5128,5142
7248,5128,5142
7247,5128,5142
7246,5128,5143
7245,5128,5143
7244,5128,5143
7243,5129,5143
7242,5129,5143
7241,5129,5143
7240,5129,5144
7239,5129,5144
7238,5129,5144
7237,5130,5144
7236,5130,5144
7235,5130,5144
7234,5130,5145
7233,5130,5145
7232,5130,5145
7231,5131,5145
7230,5131,5145
7229,5131,5145
7228,5131,5146
7227,5131,5146
7226,5131,5146
7225,5132,5146
7224,5132,5146
7223,5132,5146
7222,5132,5147
7221,5132,5147
7220,5132,5147
7219,5133,5147
7218,5133,5147
7217,5133,5148
7216,5133,5148
7215,5133,5148
7214,5133,5148
7213,5134,5148
7212,5134,5148
7211,5134,5149
7210,5134,5149
7209,5134,5149
7208,5134,5149
7207,5135,5149
7206,5135,5150
7205,5135,5150
7204,5135,5150
7203,5135,5150
7202,5136,5150
7201,5136,5151
7200,5136,5151
7199,5136,5151
7198,5136,5151
7197,5136,5151
7196,5137,5151
7195,5137,5152
7194,5137,5152
7193,5137,5152
7192,5137,5152
7191,5138,5152
7190,5138,5153
7189,5138,5153
7188,5138,5153
7187,5138,5153
7186,5139,5153
7185,5139,5154
7184,5139,5154
7183,5139,5154
7182,5139,5154
7181,5139,5154
7180,5140,5155
7179,5140,5155
7178,5140,5155
7177,5140,5155
7176,5140,5155
7175,5141,5156
7174,5141,5156
7173,5141,5156
7172,5141,5156
7171,5141,5156
7170,5142,5157
7169,5142,5157
7168,5142,5157
7167,5142,5157
7166,5142,5157
7165,5143,5158
7164,5143,5158
7163,5143,5158
7162,5143,5158
7161,5143,5158
7160,5144,5159
7159,5144,5159
7158,5144,5159
7157,5144,5159
7156,5144,5160
7155,5145,5160
7154,5145,5160
7153,5145,5160
7152,5145,5160
7151,5145,5161
7150,5146,5161
7149,5146,5161
7148,5146,5161
7147,5146,5161
7146,5146,5162
7145,5147,5162
7144,5147,5162
7143,5147,5162
7142,5147,5163
7141,5148,5163
7140,5148,5163
7139,5148,5163
7138,5148,5163
7137,5148,5164
7136,5149,5164
7135,5149,5164
7134,5149,5164
7133,5149,5165
7132,5149,5165
7131,5150,5165
7130,5150,5165
7129,5150,5165
7128,5150,5166
7127,5151,5166
7126,5151,5166
7125,5151,5166
7124,5151,5167
7123,5151,5167
7122,5152,5167
7121,5152,5167
7120,5152,5168
7119,5152,5168
7118,5153,5168
7117,5153,5168
7116,5153,5168
7115,5153,5169
7114,5154,5169
7113,5154,5169
7112,5154,5169
7111,5154,5170
7110,5154,5170
7109,5155,5170
7108,5155,5170
7107,5155,5171
7106,5155,5171
