8263,8587,8587
8264,8586,8587
8265,8586,8587
8266,8585,8586
8267,8585,8586
8268,8584,8586
8269,8584,8586
8270,8583,8586
8271,8583,8585
8272,8583,8585
8273,8582,8585
8274,8582,8585
8275,8581,8584
8276,8581,8584
8277,8581,8584
8278,8580,8584
8279,8580,8583
8280,8579,8583
8281,8579,8583
8282,8579,8582
8283,8578,8582
8284,8578,8582
8285,8577,8581
8286,8577,8581
8287,8577,8581
8288,8576,8581
8289,8576,8580
8290,8575,8580
8291,8575,8580
8292,8575,8579
8293,8574,8579
8294,8574,8579
8295,8573,8578
8296,8573,8578
8297,8573,8578
8298,8572,8577
8299,8572,8577
8300,8571,8577
8301,8571,8576
8302,8571,8576
8303,8570,8576
8304,8570,8575
8305,8569,8575
8306,8569,8574
8307,8569,8574
8308,8568,8574
8309,8568,8573
8310,8567,8573
8311,8567,8573
8312,8567,8572
8313,8566,8572
8314,8566,8572
8315,8566,8571
8840,8176,8199
8841,8174,8198
8842,8173,8197
8843,8172,8196
8844,8171,8195
8845,8170,8194
8846,8168,8193
8847,8167,8192
8848,8166,8191
8849,8165,8190
8850,8163,8188
8851,8162,8187
8852,8161,8186
8853,8160,8185
8854,8159,8184
8855,8157,8183
8856,8156,8182
8857,8155,8181
8316,8565,8571
8858,8154,8180
8317,8565,8570
8859,8153,8178
8318,8564,8570
8860,8151,8177
8319,8564,8570
8861,8150,8176
8320,8564,8569
8862,8149,8175
8321,8563,8569
8863,8148,8174
8322,8563,8569
8864,8146,8173
8323,8562,8568
8865,8145,8172
8324,8562,8568
8866,8144,8170
8325,8562,8567
8867,8143,8169
8326,8561,8567
8868,8141,8168
8327,8561,8567
8869,8140,8167
8328,8560,8566
8870,8139,8166
8329,8560,8566
8871,8138,8165
8330,8559,8565
8872,8136,8164
8331,8559,8565
8873,8135,8162
8332,8559,8565
8874,8134,8161
8333,8558,8564
8875,8133,8160
8334,8558,8564
8876,8131,8159
8335,8557,8563
8877,8130,8158
8336,8557,8563
8878,8129,8157
8337,8557,8563
8879,8128,8155
8338,8556,8562
8880,8126,8154
8339,8556,8562
8881,8125,8153
8340,8555,8561
8882,8124,8152
8341,8555,8561
8883,8122,8151
8342,8555,8561
8884,8121,8149
8343,8554,8560
8885,8120,8148
8344,8554,8560
8886,8119,8147
8345,8553,8559
8887,8117,8146
8346,8553,8559
8888,8116,8145
8347,8552,8559
8889,8115,8143
8348,8552,8558
8890,8113,8142
8349,8552,8558
8891,8112,8141
8350,8551,8557
8892,8111,8140
8351,8551,8557
8893,8110,8139
8352,8550,8556
8894,8108,8137
8353,8550,8556
8895,8107,8136
8354,8550,8555
8896,8106,8135
8355,8549,8555
8897,8104,8134
8356,8549,8555
8898,8103,8132
8357,8548,8554
8899,8102,8131
8358,8548,8554
8900,8100,8130
8359,8547,8553
8901,8099,8129
8360,8547,8553
8902,8098,8128
8361,8547,8552
8903,8097,8126
8362,8546,8552
8904,8095,8125
8363,8546,8552
8905,8094,8124
8364,8545,8551
8906,8093,8123
8365,8545,8551
8907,8091,8121
8366,8544,8550
8908,8090,8120
8367,8544,8550
8909,8089,8119
8368,8544,8549
8910,8087,8118
8369,8543,8549
8987,7980,8009
8986,7981,8011
8985,7983,8012
8984,7984,8014
8983,7986,8016
8982,7987,8017
8981,7988,8019
8980,7990,8020
8979,7991,8022
8978,7993,8023
8437,8513,8513
8977,7994,8025
8436,8513,8514
8976,7996,8026
8435,8513,8514
8975,7997,8028
8434,8514,8515
8974,7999,8029
8433,8514,8516
8973,8000,8031
8432,8515,8516
8972,8001,8032
8431,8515,8517
8971,8003,8034
8430,8516,8517
8970,8004,8035
8429,8516,8518
8969,8006,8037
8428,8516,8519
8968,8007,8038
8427,8517,8519
8967,8009,8040
8426,8517,8520
8966,8010,8041
8425,8518,8520
8965,8011,8043
8424,8518,8521
8964,8013,8044
8423,8519,8521
8963,8014,8046
8422,8519,8522
8962,8016,8047
8421,8520,8523
8961,8017,8049
8420,8520,8523
8960,8019,8050
8419,8521,8524
8959,8020,8051
8418,8521,8524
8958,8021,8053
8417,8522,8525
8941,8045,8077
8400,8529,8534
8940,8047,8078
8399,8530,8534
8939,8048,8079
8398,8530,8535
8938,8049,8081
8397,8531,8535
8937,8051,8082
8396,8531,8536
8936,8052,8084
8395,8532,8536
8935,8053,8085
8394,8532,8537
8934,8055,8086
8393,8532,8537
8933,8056,8088
8392,8533,8538
8932,8058,8089
8391,8533,8538
8931,8059,8090
8390,8534,8539
8930,8060,8092
8389,8534,8539
8929,8062,8093
8388,8535,8540
8942,8044,8075
8401,8529,8533
8943,8042,8074
8402,8528,8533
8944,8041,8073
8403,8528,8532
8945,8040,8071
8404,8527,8532
8946,8038,8070
8405,8527,8531
8947,8037,8068
8406,8527,8531
8948,8035,8067
8407,8526,8530
8949,8034,8066
8408,8526,8530
8950,8033,8064
8409,8525,8529
8951,8031,8063
8410,8525,8529
8952,8030,8061
8411,8524,8528
8953,8028,8060
8412,8524,8527
8954,8027,8059
8413,8523,8527
8955,8026,8057
8414,8523,8526
8956,8024,8056
8415,8522,8526
8957,8023,8054
8416,8522,8525
8988,7978,8008
8989,7977,8006
8990,7975,8004
8991,7974,8003
8992,7973,8001
8993,7971,8000
8994,7970,7998
8995,7968,7996
8996,7967,7995
8997,7965,7993
8998,7964,7991
8999,7962,7990
9000,7961,7988
9001,7959,7986
9002,7958,7985
9003,7957,7983
9004,7955,7981
9005,7954,7980
9006,7952,7978
9007,7951,7976
9008,7949,7975
9009,7948,7973
9010,7947,7971
9011,7945,7969
9012,7944,7968
9013,7942,7966
9014,7941,7964
9015,7939,7962
9016,7938,7960
9017,7937,7959
9018,7935,7957
9019,7934,7955
9020,7932,7953
9021,7931,7951
9022,7930,7949
9023,7928,7947
9024,7927,7945
9025,7926,7943
9026,7924,7941
9027,7923,7939
9028,7922,7937
9029,7920,7935
9030,7919,7933
9031,7918,7931
9032,7917,7929
9033,7916,7927
9034,7915,7924
9035,7914,7922
9036,7913,7919
9037,7913,7916
8928,8063,8094
8387,8535,8540
8927,8064,8096
8386,8536,8541
8926,8066,8097
8385,8536,8541
8925,8067,8098
8384,8537,8542
8924,8069,8099
8383,8537,8542
8923,8070,8101
8382,8537,8543
8922,8071,8102
8381,8538,8543
8921,8073,8103
8380,8538,8544
8920,8074,8105
8379,8539,8544
8919,8075,8106
8378,8539,8545
8918,8077,8107
8377,8540,8545
8917,8078,8109
8376,8540,8546
8916,8079,8110
8375,8540,8546
8915,8081,8111
8374,8541,8546
8914,8082,8112
8373,8541,8547
8913,8083,8114
8372,8542,8547
8912,8085,8115
8371,8542,8548
8911,8086,8116
8370,8543,8548
8779,8245,8262
8778,8246,8262
8777,8247,8263
8776,8248,8264
8775,8249,8265
8774,8250,8266
8773,8251,8267
8772,8253,8268
8771,8254,8269
8770,8255,8270
8769,8256,8271
8768,8257,8272
8767,8258,8273
8766,8259,8274
8765,8260,8275
8764,8261,8276
8763,8262,8277
8762,8263,8277
8761,8264,8278
8760,8265,8279
8759,8266,8280
8758,8267,8281
8839,8177,8200
5512,6303,6316
8757,8268,8282
8838,8178,8202
5511,6303,6322
8756,8269,8283
8837,8179,8203
5510,6303,6327
8755,8271,8284
8836,8180,8204
5509,6303,6331
8754,8272,8285
8835,8181,8205
5508,6304,6335
8753,8273,8286
8834,8183,8206
5507,6305,6339
8752,8274,8287
8833,8184,8207
5506,6306,6343
8751,8275,8288
8832,8185,8208
5505,6307,6347
8750,8276,8288
8831,8186,8209
5504,6309,6350
8749,8277,8289
8830,8187,8210
5503,6310,6354
8748,8278,8290
8829,8189,8211
5502,6312,6357
8747,8279,8291
8828,8190,8212
5501,6313,6361
8746,8280,8292
8827,8191,8213
5500,6315,6364
8826,8192,8214
5499,6317,6367
8825,8193,8215
5498,6318,6371
8824,8194,8216
5497,6320,6374
8823,8196,8218
5496,6322,6377
8822,8197,8219
5495,6324,6380
8821,8198,8220
5494,6326,6383
8820,8199,8221
5493,6328,6387
8819,8200,8222
5492,6330,6390
8737,8289,8300
8818,8201,8223
5491,6332,6393
8736,8290,8301
8817,8202,8224
5490,6334,6396
8735,8291,8302
8816,8204,8225
5489,6336,6399
8734,8292,8303
8815,8205,8226
5488,6339,6402
8733,8293,8303
8814,8206,8227
5487,6341,6405
8732,8294,8304
8813,8207,8228
5486,6343,6408
8731,8295,8305
8812,8208,8229
5485,6345,6410
8730,8296,8306
8811,8209,8230
5484,6348,6413
8729,8297,8307
8810,8210,8231
5483,6350,6416
8728,8298,8308
8809,8212,8232
5482,6353,6419
8727,8299,8309
8808,8213,8233
5481,6355,6422
8726,8300,8309
8807,8214,8234
5480,6358,6424
8725,8301,8310
8806,8215,8235
5479,6360,6427
8724,8302,8311
8805,8216,8236
5478,6363,6430
8723,8303,8312
8804,8217,8237
5477,6366,6432
8722,8304,8313
8803,8218,8238
5476,6368,6435
8721,8305,8314
8802,8220,8239
5475,6371,6438
8720,8306,8315
8801,8221,8240
5474,6374,6440
8719,8307,8315
8800,8222,8241
5473,6377,6443
8718,8308,8316
8745,8281,8293
7636,9684,9686
8799,8223,8242
5472,6380,6445
8717,8309,8317
8744,8282,8294
7635,9683,9687
8798,8224,8243
5471,6383,6447
8716,8310,8318
8743,8283,8295
7634,9683,9688
8797,8225,8244
5470,6386,6450
8715,8311,8319
8742,8284,8296
7633,9683,9688
8796,8226,8245
5469,6389,6452
8714,8312,8320
8741,8285,8296
7632,9683,9688
8795,8227,8246
5468,6392,6454
8713,8313,8320
8740,8286,8297
7631,9684,9688
8794,8228,8247
5467,6395,6456
8712,8314,8321
8739,8287,8298
7630,9684,9688
8793,8230,8248
5466,6398,6459
8711,8315,8322
8738,8288,8299
7629,9685,9688
8792,8231,8249
5465,6402,6461
8710,8316,8323
8791,8232,8250
5464,6405,6463
8709,8317,8324
8790,8233,8251
5463,6409,6464
8708,8318,8324
8789,8234,8252
5462,6413,6466
8707,8319,8325
8788,8235,8253
5461,6416,6468
8706,8320,8326
8787,8236,8254
5460,6420,6469
8705,8321,8327
8786,8237,8255
5459,6424,6471
8704,8322,8328
8785,8238,8256
5458,6429,6472
8703,8323,8328
8784,8240,8257
5457,6433,6473
8702,8324,8329
8783,8241,8258
5456,6438,6473
8701,8325,8330
8782,8242,8259
5455,6444,6473
8700,8326,8331
8781,8243,8260
5454,6450,6473
8699,8327,8332
8780,8244,8261
5453,6458,6470
8698,8328,8332
8697,8329,8333
8696,8330,8334
8695,8331,8335
8694,8332,8335
8693,8333,8336
8692,8334,8337
8691,8335,8338
8690,8336,8338
8689,8337,8339
8688,8338,8340
8687,8340,8340
