7644,8680,8682
7645,8679,8683
7646,8678,8684
7647,8678,8685
7648,8677,8685
7649,8677,8685
7650,8677,8686
7651,8676,8686
7652,8676,8686
7653,8676,8686
7654,8676,8687
7655,8676,8687
7656,8676,8687
7657,8675,8687
7658,8675,8687
7659,8675,8687
7660,8675,8687
7661,8675,8688
7662,8675,8688
7663,8675,8688
7669,8675,8687
7668,8675,8688
7667,8675,8688
7666,8675,8688
7665,8675,8688
7664,8675,8688
7670,8675,8687
5614,6500,6513
7671,8676,8687
5615,6494,6512
7672,8676,8687
5616,6489,6511
7673,8676,8687
5617,6484,6509
7674,8676,8687
5618,6479,6507
7675,8676,8687
5619,6474,6505
7676,8676,8686
5620,6470,6503
7677,8677,8686
5621,6466,6501
7678,8677,8686
5622,6462,6499
7679,8677,8686
5623,6458,6496
7680,8678,8685
5624,6454,6494
7681,8678,8685
5625,6450,6491
7682,8679,8684
5626,6446,6489
7683,8679,8684
5627,6442,6486
7684,8680,8683
5628,6439,6484
5629,6435,6481
5630,6432,6478
5631,6428,6476
5632,6425,6473
5633,6421,6470
5634,6418,6468
5635,6415,6465
5636,6411,6462
5637,6408,6459
5638,6405,6457
5639,6402,6454
5640,6398,6451
5641,6395,6449
5642,6392,6446
5643,6389,6443
5644,6386,6440
5645,6383,6438
5646,6380,6435
5647,6377,6432
5648,6374,6429
5649,6371,6427
5650,6368,6424
5651,6365,6421
5652,6362,6419
5653,6360,6416
5654,6357,6413
5655,6354,6410
5656,6351,6408
5657,6348,6405
5658,6346,6402
5659,6343,6400
5660,6340,6397
5661,6338,6394
5744,6156,6192
5743,6158,6194
5742,6160,6197
5741,6161,6199
5740,6163,6201
5739,6165,6203
5738,6167,6206
5737,6169,6208
5736,6171,6210
5735,6172,6212
5734,6174,6215
5733,6176,6217
5732,6178,6219
5731,6180,6222
5730,6182,6224
5729,6184,6226
5728,6186,6228
5727,6188,6231
5726,6190,6233
5725,6192,6235
5724,6194,6238
5723,6196,6240
5722,6198,6242
5721,6200,6245
5720,6202,6247
5719,6204,6249
5718,6206,6252
5717,6208,6254
5716,6210,6256
5715,6212,6259
5698,6248,6299
5697,6250,6302
5696,6252,6304
5695,6254,6307
5694,6257,6309
5693,6259,6312
5692,6261,6314
5691,6263,6317
5690,6266,6319
5689,6268,6322
5688,6270,6324
5687,6273,6327
5686,6275,6329
5699,6246,6297
5700,6243,6294
5701,6241,6292
5702,6239,6290
5703,6237,6287
5704,6235,6285
5705,6233,6282
5706,6230,6280
5707,6228,6278
5708,6226,6275
5709,6224,6273
5710,6222,6270
5711,6220,6268
5712,6218,6266
5713,6216,6263
5714,6214,6261
5745,6154,6190
5746,6152,6188
5747,6151,6186
5748,6149,6183
5749,6147,6181
5750,6145,6179
5751,6143,6177
5752,6142,6175
5753,6140,6172
5754,6138,6170
5755,6137,6168
5756,6135,6166
5757,6133,6164
5758,6131,6161
5759,6130,6159
5760,6128,6157
5761,6126,6155
5762,6125,6153
5763,6123,6150
5764,6122,6148
5765,6120,6146
5766,6118,6144
5767,6117,6142
5768,6115,6139
5769,6114,6137
5770,6112,6135
5771,6110,6133
7571,9718,9720
5772,6109,6131
7572,9717,9721
5773,6107,6128
7573,9716,9721
5774,6106,6126
7574,9716,9722
5775,6104,6124
7575,9716,9722
5776,6103,6122
7576,9716,9722
5777,6102,6119
7577,9716,9721
5778,6100,6117
7578,9716,9721
5779,6099,6115
7579,9717,9720
5780,6097,6113
7580,9718,9719
5781,6096,6110
5782,6095,6108
5783,6093,6106
5784,6092,6103
5785,6091,6101
5786,6090,6098
5787,6089,6095
5788,6089,6092
5685,6277,6332
5684,6280,6334
5683,6282,6337
5682,6284,6339
5681,6287,6342
5680,6289,6344
5679,6292,6347
5678,6294,6350
5677,6297,6352
5676,6299,6355
5675,6301,6357
5674,6304,6360
5673,6306,6363
5672,6309,6365
5671,6311,6368
5670,6314,6370
5669,6317,6373
5668,6319,6376
5667,6322,6378
5666,6324,6381
5665,6327,6384
5664,6330,6386
5663,6332,6389
5662,6335,6392
