8895,8086,8089
8896,8083,8088
8897,8081,8087
8898,8079,8087
8899,8078,8086
8900,8076,8085
8901,8074,8084
8902,8072,8083
8903,8071,8082
8904,8069,8081
8905,8067,8080
8906,8066,8079
8907,8064,8078
8908,8063,8077
8909,8061,8076
8910,8059,8075
8911,8058,8074
8912,8056,8073
8913,8054,8072
8914,8053,8070
8915,8051,8069
8916,8050,8068
8917,8048,8067
8918,8047,8066
8919,8045,8065
8920,8043,8064
7636,9679,9681
8921,8042,8062
7637,9678,9682
8922,8040,8061
7638,9677,9682
8923,8039,8060
7639,9677,9682
8924,8037,8059
7640,9677,9682
8925,8036,8058
7641,9677,9682
8926,8034,8056
7642,9677,9681
8927,8032,8055
7643,9678,9680
8928,8031,8054
8929,8029,8053
8930,8028,8051
8931,8026,8050
8932,8025,8049
8933,8023,8048
8934,8021,8046
8935,8020,8045
8936,8018,8044
8937,8017,8043
8938,8015,8041
8939,8014,8040
8940,8012,8039
8941,8011,8037
8942,8009,8036
8943,8007,8035
8944,8006,8033
8945,8004,8032
8946,8003,8031
8947,8001,8029
8948,8000,8028
8949,7998,8027
8950,7996,8025
8951,7995,8024
8952,7993,8023
8953,7992,8021
8954,7990,8020
8955,7989,8019
8956,7987,8017
8957,7985,8016
8958,7984,8014
8959,7982,8013
8960,7981,8012
8961,7979,8010
8962,7977,8009
8963,7976,8007
8964,7974,8006
8965,7973,8005
8966,7971,8003
8967,7970,8002
8968,7968,8000
8969,7966,7999
8970,7965,7997
8971,7963,7996
8972,7962,7994
8973,7960,7993
8974,7958,7991
8975,7957,7990
8976,7955,7988
8977,7954,7987
8978,7952,7986
8979,7950,7984
8980,7949,7982
8981,7947,7981
8982,7946,7979
8983,7944,7978
8984,7942,7976
8985,7941,7975
8986,7939,7973
8987,7938,7972
8988,7936,7970
8989,7934,7969
8990,7933,7967
8991,7931,7965
8992,7929,7964
8993,7928,7962
8994,7926,7961
8995,7925,7959
8996,7923,7957
8997,7921,7956
8998,7920,7954
8999,7918,7953
9000,7917,7951
9001,7915,7949
9002,7913,7948
9003,7912,7946
9004,7910,7944
9005,7908,7943
9006,7907,7941
9007,7905,7939
9008,7904,7938
9009,7902,7936
5466,6327,6385
9022,7881,7913
5465,6329,6388
9021,7883,7915
5464,6331,6391
9020,7884,7917
5463,6333,6394
9019,7886,7918
5462,6335,6397
9018,7888,7920
5461,6337,6400
9017,7889,7922
5460,6339,6403
9016,7891,7924
5459,6341,6406
9015,7892,7926
9014,7894,7927
9013,7896,7929
9012,7897,7931
9011,7899,7932
9010,7900,7934
5467,6325,6381
9023,7880,7911
5468,6324,6378
9024,7878,7909
5469,6322,6375
5427,6453,6462
9025,7876,7907
5470,6320,6372
5428,6444,6466
9026,7875,7906
5471,6319,6368
5429,6437,6467
9027,7873,7904
5472,6317,6365
5430,6432,6467
9028,7872,7902
5473,6316,6361
5431,6427,6466
9029,7870,7900
5474,6314,6358
5432,6422,6466
9030,7868,7898
5475,6313,6354
5433,6418,6465
9031,7867,7896
5476,6312,6350
5434,6414,6464
9032,7865,7894
5477,6311,6346
5435,6410,6462
9033,7864,7892
5478,6310,6342
5436,6406,6461
9034,7862,7890
5479,6309,6338
5437,6403,6459
9035,7861,7888
5480,6309,6333
5438,6399,6457
9036,7859,7886
5481,6309,6328
5439,6396,6455
9037,7858,7884
5482,6311,6322
5440,6392,6453
9038,7856,7882
5441,6389,6451
9039,7855,7880
5442,6386,6449
9040,7853,7878
5443,6383,6447
9041,7852,7876
5444,6380,6445
9042,7850,7874
5445,6377,6443
9043,7849,7872
5446,6374,6440
9044,7847,7869
5447,6371,6438
9045,7846,7867
5448,6369,6435
9046,7845,7865
5449,6366,6433
9047,7843,7863
5450,6363,6430
9048,7842,7860
5451,6361,6428
9049,7841,7858
5452,6358,6425
9050,7839,7856
5453,6355,6423
9051,7838,7853
5454,6353,6420
9052,7837,7851
5455,6351,6417
9053,7836,7848
5456,6348,6414
9054,7835,7845
5457,6346,6411
9055,7835,7842
5458,6344,6409
9056,7835,7838
