7759,8676,8676
7758,8675,8678
7757,8674,8678
7756,8673,8679
7755,8673,8680
7754,8672,8680
7753,8672,8680
5578,6499,6502
7735,8669,8682
5679,6215,6247
7734,8669,8682
5678,6217,6250
7733,8669,8682
5677,6219,6253
7732,8670,8682
5676,6220,6255
7731,8670,8682
5675,6222,6258
7730,8670,8682
5674,6224,6261
7729,8670,8682
5673,6226,6263
7728,8670,8682
5672,6228,6266
7727,8670,8682
5671,6230,6269
7726,8670,8682
5670,6231,6271
7725,8670,8682
5669,6233,6274
7724,8670,8681
5668,6235,6277
7723,8670,8681
5667,6237,6279
7722,8671,8681
5666,6239,6282
7721,8671,8681
5665,6241,6284
7720,8671,8681
5664,6243,6287
7719,8671,8680
5663,6245,6290
7718,8672,8680
5662,6247,6292
7717,8672,8680
5661,6249,6295
7716,8673,8679
5660,6251,6298
7715,8673,8679
5659,6253,6300
7714,8674,8678
5658,6255,6303
7713,8675,8677
5657,6257,6306
5656,6259,6308
5655,6261,6311
5654,6264,6314
5653,6266,6316
5652,6268,6319
5651,6270,6322
5650,6272,6324
5633,6312,6370
5632,6314,6373
5643,6288,6343
7590,9710,9716
7741,8670,8682
5685,6205,6231
5631,6316,6375
5647,6279,6332
7594,9711,9714
7745,8670,8682
5689,6199,6220
5630,6319,6378
5646,6281,6335
7593,9710,9715
7744,8670,8682
5688,6201,6223
5645,6283,6338
7592,9710,9715
7743,8670,8682
5687,6202,6226
5649,6274,6327
5644,6286,6340
7591,9710,9715
7742,8670,8682
5686,6204,6228
5648,6277,6330
5634,6309,6367
5635,6307,6365
5636,6304,6362
5637,6302,6359
5638,6300,6356
7586,9712,9714
7737,8669,8682
5681,6212,6242
5639,6297,6354
7587,9711,9715
7738,8670,8682
5682,6210,6239
5640,6295,6351
7588,9710,9715
7739,8670,8682
5683,6208,6237
5641,6292,6348
7589,9710,9716
7740,8670,8682
5684,6207,6234
5642,6290,6346
7736,8669,8682
5680,6213,6245
7746,8670,8682
5690,6198,6217
7747,8670,8682
5691,6197,6214
7748,8671,8681
5692,6195,6211
7749,8671,8681
5693,6194,6208
7750,8671,8681
5694,6194,6204
7751,8671,8681
5695,6193,6201
7752,8672,8681
5696,6194,6196
5629,6321,6381
5628,6324,6384
5627,6326,6386
5626,6329,6389
5625,6332,6392
5624,6334,6395
5623,6337,6397
5622,6339,6400
5621,6342,6403
5620,6345,6406
5619,6348,6408
5618,6350,6411
5617,6353,6414
5616,6356,6417
5615,6359,6419
5614,6361,6422
5613,6364,6425
5612,6367,6428
5611,6370,6430
5610,6373,6433
5609,6376,6436
5608,6379,6439
5607,6382,6441
5606,6385,6444
5605,6388,6447
5604,6391,6449
5603,6394,6452
5602,6397,6455
5601,6400,6457
5600,6404,6460
5599,6407,6463
5598,6410,6465
5597,6414,6468
5596,6417,6471
5595,6420,6473
5594,6424,6476
5593,6427,6478
5592,6431,6481
5591,6435,6483
5590,6438,6486
5589,6442,6488
5588,6446,6490
5587,6450,6493
5586,6454,6495
5585,6459,6497
5584,6463,6499
5583,6467,6501
5582,6472,6502
5581,6477,6504
5580,6483,6504
5579,6489,6505
