7614,8682,8685
7615,8681,8686
7616,8681,8687
7617,8680,8687
7618,8680,8688
7619,8680,8688
7620,8679,8688
7621,8679,8689
7622,8679,8689
7623,8679,8689
7624,8678,8689
7625,8678,8689
7626,8678,8689
7627,8678,8690
7628,8678,8690
7629,8678,8690
7630,8678,8690
7631,8678,8690
7632,8678,8690
7633,8678,8690
7653,8683,8685
7652,8682,8686
5845,6016,6031
7644,8679,8689
5844,6017,6033
7643,8679,8689
5843,6019,6035
7642,8678,8689
5842,6020,6036
7641,8678,8690
5841,6021,6038
7640,8678,8690
5840,6023,6040
7639,8678,8690
5839,6024,6042
7638,8678,8690
5838,6026,6044
7637,8678,8690
5837,6027,6046
7636,8678,8690
5836,6029,6048
7635,8678,8690
5835,6030,6050
7634,8678,8690
5834,6031,6052
5833,6033,6053
5832,6034,6055
5831,6036,6057
5830,6037,6059
5829,6039,6061
5828,6040,6063
5827,6042,6065
5826,6043,6067
5825,6045,6069
5824,6046,6071
5823,6048,6072
5822,6049,6074
5821,6051,6076
5820,6052,6078
5819,6054,6080
5818,6055,6082
5817,6057,6084
5816,6059,6086
5815,6060,6088
5814,6062,6090
5813,6063,6092
5812,6065,6093
5811,6067,6095
5810,6068,6097
5809,6070,6099
5808,6071,6101
5807,6073,6103
5806,6075,6105
5805,6076,6107
5804,6078,6109
5803,6080,6111
5802,6081,6113
5801,6083,6115
5800,6084,6117
5799,6086,6119
5798,6088,6121
5797,6089,6123
5796,6091,6125
5795,6093,6127
5794,6095,6129
5793,6096,6131
5792,6098,6133
5791,6100,6135
5790,6101,6137
5789,6103,6139
5788,6105,6141
5787,6107,6143
5786,6108,6145
5785,6110,6147
5784,6112,6149
5783,6114,6151
5782,6115,6153
5781,6117,6155
5780,6119,6157
5779,6121,6159
5778,6122,6161
5747,6181,6227
5746,6183,6229
5745,6185,6231
5744,6187,6233
5743,6189,6235
5742,6191,6238
5741,6193,6240
5740,6195,6242
5739,6197,6244
5738,6199,6247
5737,6201,6249
5736,6203,6251
5735,6205,6253
5734,6207,6256
5733,6209,6258
5732,6211,6260
5719,6240,6290
5720,6237,6288
5721,6235,6286
5722,6233,6283
5723,6231,6281
5724,6229,6279
5725,6226,6276
5726,6224,6274
5727,6222,6272
5728,6220,6269
5729,6218,6267
5730,6216,6265
5731,6214,6263
5748,6179,6224
5749,6177,6222
5750,6175,6220
5751,6173,6218
5752,6171,6216
5753,6169,6213
5754,6167,6211
5755,6165,6209
5756,6163,6207
5757,6161,6205
5758,6159,6203
5759,6157,6201
5760,6156,6198
5761,6154,6196
5762,6152,6194
5763,6150,6192
5764,6148,6190
5765,6146,6188
7564,9720,9723
5766,6144,6186
7565,9719,9724
5767,6142,6184
7566,9719,9724
5768,6141,6182
7567,9718,9724
5769,6139,6179
7568,9718,9724
5770,6137,6177
7569,9718,9724
5771,6135,6175
7570,9719,9724
5772,6133,6173
7571,9719,9723
5773,6131,6171
7572,9719,9723
5774,6130,6169
7573,9721,9721
5775,6128,6167
5776,6126,6165
5777,6124,6163
5846,6015,6029
7645,8679,8689
5847,6013,6027
7646,8679,8689
5848,6012,6025
7647,8680,8688
5849,6011,6023
7648,8680,8688
5850,6009,6021
7649,8680,8688
5851,6008,6019
7650,8681,8687
5852,6007,6017
7651,8681,8687
5853,6006,6015
5854,6005,6013
5855,6004,6011
5856,6003,6009
5857,6002,6006
5858,6001,6004
5718,6242,6293
5717,6244,6295
5716,6246,6298
5715,6248,6300
5714,6251,6302
5713,6253,6305
5712,6255,6307
5711,6258,6310
5710,6260,6312
5709,6262,6314
5708,6264,6317
5707,6267,6319
5706,6269,6322
5705,6271,6324
5704,6274,6327
5703,6276,6329
5702,6279,6332
5701,6281,6334
5700,6283,6337
5699,6286,6339
5698,6288,6342
5697,6291,6344
5696,6293,6347
5695,6296,6349
5694,6298,6352
5693,6300,6354
5692,6303,6357
5691,6306,6359
5690,6308,6362
5689,6311,6365
5688,6313,6367
5687,6316,6370
5686,6318,6372
5685,6321,6375
5684,6323,6378
5683,6326,6380
5682,6329,6383
5681,6331,6385
5680,6334,6388
5679,6337,6391
5678,6339,6393
5677,6342,6396
5676,6345,6399
5675,6348,6401
5674,6350,6404
5673,6353,6407
5672,6356,6409
5671,6359,6412
5670,6362,6415
5669,6365,6417
5668,6367,6420
5667,6370,6423
5666,6373,6426
5665,6376,6428
5664,6379,6431
5663,6382,6434
5662,6385,6436
5661,6388,6439
5660,6391,6442
5659,6394,6445
5658,6397,6447
5657,6401,6450
5656,6404,6453
5655,6407,6456
5654,6410,6458
5653,6413,6461
5652,6417,6464
5651,6420,6467
5650,6423,6469
5649,6427,6472
5648,6430,6475
5647,6434,6478
5646,6437,6480
5645,6441,6483
5644,6444,6486
5643,6448,6488
5642,6452,6491
5641,6455,6493
5640,6459,6496
5639,6463,6499
5638,6467,6501
5637,6471,6504
5636,6476,6506
5635,6480,6508
5634,6484,6510
5633,6489,6512
5632,6494,6514
5631,6499,6516
5630,6505,6516
