5543,6482,6495
7600,9705,9708
5544,6475,6496
7601,9704,9708
5545,6469,6496
7602,9704,9709
5546,6463,6495
7603,9703,9709
5547,6459,6494
7604,9703,9709
5548,6454,6492
7605,9703,9708
5549,6449,6490
7606,9703,9708
5550,6445,6489
7607,9704,9707
5551,6441,6487
7608,9705,9706
5552,6437,6485
5553,6433,6483
5554,6429,6480
5555,6426,6478
5556,6422,6476
5557,6418,6473
5558,6415,6471
5559,6411,6469
5560,6408,6466
5561,6405,6463
5562,6401,6461
7792,8668,8671
7793,8667,8672
7794,8667,8673
7795,8666,8673
7796,8666,8674
7797,8666,8674
7798,8665,8674
7799,8665,8674
7800,8665,8675
7801,8665,8675
7802,8664,8675
7803,8664,8675
7804,8664,8676
7805,8664,8676
7806,8664,8676
7807,8664,8676
7808,8663,8676
7809,8663,8676
7810,8663,8676
7811,8663,8676
7812,8663,8676
7813,8663,8676
7814,8663,8676
7815,8663,8677
7816,8663,8677
7817,8663,8677
7818,8663,8677
7848,8669,8670
7831,8663,8676
7830,8663,8676
7829,8663,8676
7828,8663,8676
7827,8663,8676
5584,6339,6401
7826,8663,8676
5583,6341,6404
7825,8663,8676
7824,8663,8676
7823,8663,8676
7822,8663,8677
7821,8663,8677
7820,8663,8677
7819,8663,8677
7832,8663,8676
7833,8664,8676
7834,8664,8675
7835,8664,8675
7836,8664,8675
7837,8664,8675
7838,8664,8675
7839,8665,8674
7840,8665,8674
7841,8665,8674
7842,8665,8674
7843,8666,8673
7844,8666,8673
7845,8667,8672
7846,8667,8672
7847,8668,8671
5585,6336,6398
5586,6334,6395
5587,6331,6392
5588,6329,6390
5589,6326,6387
5590,6324,6384
5591,6321,6381
5592,6319,6378
5593,6317,6375
5594,6314,6373
5595,6312,6370
5596,6310,6367
5597,6307,6364
5598,6305,6361
5599,6303,6358
5600,6301,6355
5601,6298,6353
5602,6296,6350
5603,6294,6347
5604,6292,6344
5605,6290,6341
5606,6288,6338
5607,6286,6335
5608,6284,6332
5609,6282,6329
5610,6280,6327
5611,6278,6324
5612,6276,6321
5613,6274,6318
5614,6272,6315
5615,6270,6312
5616,6268,6309
5617,6267,6306
5618,6265,6303
5619,6263,6300
5620,6261,6297
5621,6260,6294
5622,6258,6291
5623,6257,6288
5624,6255,6284
5625,6254,6281
5626,6252,6278
5627,6251,6275
5628,6250,6271
5629,6249,6268
5630,6248,6264
5631,6247,6260
5632,6247,6256
5582,6344,6407
5581,6346,6409
5580,6349,6412
5579,6352,6415
5578,6354,6418
5577,6357,6421
5576,6360,6423
5575,6362,6426
5574,6365,6429
5573,6368,6432
5572,6371,6434
5571,6374,6437
5570,6377,6440
5569,6380,6442
5568,6383,6445
5567,6386,6448
5566,6389,6451
5565,6392,6453
5564,6395,6456
5563,6398,6458
