5700,6511,6513
5701,6506,6511
5702,6502,6509
5703,6498,6506
5704,6494,6503
5705,6490,6500
5706,6486,6497
5707,6483,6495
5708,6479,6492
5709,6475,6489
5710,6472,6486
5711,6468,6483
5712,6465,6480
5713,6462,6477
5714,6458,6474
5715,6455,6471
5716,6452,6468
5717,6448,6465
5718,6445,6462
5719,6442,6459
5720,6439,6457
5721,6435,6454
5722,6432,6451
5723,6429,6448
5724,6426,6445
5725,6423,6442
5726,6420,6439
5727,6417,6437
5728,6414,6434
5729,6411,6431
5730,6408,6428
5731,6405,6425
5732,6402,6423
5733,6399,6420
5734,6396,6417
5735,6393,6414
5736,6390,6412
5737,6387,6409
5738,6385,6406
5739,6382,6403
5740,6379,6401
5741,6376,6398
5742,6373,6395
5743,6371,6393
5744,6368,6390
5745,6365,6387
5746,6362,6385
5747,6360,6382
5748,6357,6379
5749,6354,6377
5750,6352,6374
5751,6349,6372
5752,6346,6369
5753,6344,6367
5754,6341,6364
5755,6338,6361
5756,6336,6359
5757,6333,6356
5758,6331,6354
5759,6328,6351
5760,6326,6349
5761,6323,6346
5762,6321,6344
5763,6318,6341
5764,6316,6339
5765,6313,6336
5766,6311,6334
5767,6308,6332
5768,6306,6329
5769,6303,6327
5770,6301,6324
5771,6298,6322
5772,6296,6319
5773,6294,6317
5774,6291,6315
5775,6289,6312
5776,6286,6310
5777,6284,6308
5778,6282,6305
5779,6279,6303
5780,6277,6301
5781,6275,6298
5782,6272,6296
5783,6270,6294
5784,6268,6291
5785,6265,6289
5786,6263,6287
5787,6261,6284
5788,6259,6282
5789,6256,6280
5790,6254,6278
5791,6252,6275
5792,6250,6273
5793,6247,6271
5794,6245,6269
5795,6243,6267
5796,6241,6264
5797,6238,6262
5798,6236,6260
5799,6234,6258
5800,6232,6256
5801,6230,6253
5802,6228,6251
5803,6225,6249
5804,6223,6247
5805,6221,6245
5806,6219,6243
5807,6217,6240
5808,6215,6238
5809,6213,6236
5810,6211,6234
5811,6208,6232
5812,6206,6230
5813,6204,6228
5814,6202,6226
5815,6200,6223
5816,6198,6221
5817,6196,6219
5818,6194,6217
5819,6192,6215
5820,6190,6213
5821,6188,6211
5822,6186,6209
5823,6184,6207
5824,6182,6205
5825,6180,6203
5826,6178,6201
5827,6176,6199
5828,6174,6197
5829,6172,6195
5830,6170,6193
5831,6168,6191
5832,6166,6189
5833,6164,6187
5834,6162,6185
5835,6160,6183
5836,6158,6181
5837,6156,6179
5838,6154,6177
5839,6152,6175
5840,6150,6173
5841,6148,6171
5842,6146,6169
5843,6145,6167
5844,6143,6165
5845,6141,6163
5846,6139,6162
5847,6137,6160
5848,6135,6158
5849,6133,6156
5850,6131,6154
5851,6129,6152
5852,6128,6150
5853,6126,6148
5854,6124,6146
5855,6122,6144
5856,6120,6143
5857,6118,6141
5858,6117,6139
5859,6115,6137
5860,6113,6135
5861,6111,6133
5862,6109,6132
5863,6107,6130
5864,6106,6128
5865,6104,6126
5866,6102,6124
5867,6100,6122
5868,6099,6121
5869,6097,6119
5870,6095,6117
5871,6093,6115
5872,6091,6113
5873,6090,6112
5874,6088,6110
5875,6086,6108
5876,6084,6106
5877,6083,6104
5878,6081,6103
5879,6079,6101
5880,6077,6099
5881,6076,6097
5882,6074,6096
5883,6072,6094
5884,6071,6092
5885,6069,6090
5886,6067,6089
6352,5538,5538
6351,5538,5539
6350,5539,5540
6349,5540,5541
6348,5540,5542
6347,5541,5543
6346,5542,5543
6345,5543,5544
6344,5543,5545
6343,5544,5546
6342,5545,5547
6341,5545,5548
6340,5546,5549
6339,5547,5550
6338,5548,5550
6337,5548,5551
6336,5549,5552
6335,5550,5553
6334,5551,5554
6333,5552,5555
6332,5552,5556
6331,5553,5556
6330,5554,5557
6329,5555,5558
6328,5555,5559
6327,5556,5560
6326,5557,5561
6325,5558,5562
6324,5559,5563
6323,5559,5563
6322,5560,5564
6321,5561,5565
6320,5562,5566
6319,5563,5567
6318,5563,5568
6317,5564,5569
6316,5565,5570
6315,5566,5570
6314,5567,5571
6313,5567,5572
6312,5568,5573
6311,5569,5574
6310,5570,5575
6309,5571,5576
6308,5571,5577
6307,5572,5577
6306,5573,5578
6305,5574,5579
6304,5575,5580
6303,5575,5581
6302,5576,5582
6301,5577,5583
5911,6026,6046
9238,6068,6083
5912,6024,6045
9239,6070,6085
5913,6023,6043
9240,6071,6086
5914,6021,6042
9241,6073,6088
5915,6019,6040
9242,6074,6090
5916,6018,6038
9243,6076,6092
5917,6016,6037
9244,6078,6094
5918,6015,6035
9245,6079,6096
5919,6013,6033
9246,6081,6098
5920,6011,6032
9247,6082,6100
5921,6010,6030
9248,6084,6102
5922,6008,6029
9249,6086,6104
5923,6007,6027
9250,6087,6105
5924,6005,6025
9251,6089,6107
5925,6004,6024
9252,6090,6109
5926,6002,6022
9253,6092,6111
5927,6001,6021
9254,6094,6113
5928,5999,6019
9255,6095,6115
5929,5997,6018
9256,6097,6117
5930,5996,6016
9257,6099,6119
5931,5994,6014
9258,6100,6121
5932,5993,6013
9259,6102,6123
5933,5991,6011
9260,6104,6125
5934,5990,6010
9261,6105,6127
5935,5988,6008
9262,6107,6129
5936,5987,6007
9263,6109,6131
5937,5985,6005
9264,6110,6133
5938,5984,6003
9265,6112,6135
5939,5982,6002
9266,6114,6137
5940,5981,6000
9267,6115,6138
5941,5979,5999
9268,6117,6140
5942,5978,5997
9269,6119,6142
5943,5976,5996
9270,6121,6144
5944,5975,5994
9271,6122,6146
5945,5973,5993
9272,6124,6148
5946,5972,5991
9273,6126,6150
5947,5970,5990
9274,6127,6152
5948,5969,5988
9275,6129,6154
5949,5967,5987
9276,6131,6156
5950,5966,5985
9277,6133,6158
5951,5964,5984
9278,6134,6160
5952,5963,5982
9279,6136,6163
5953,5961,5981
9280,6138,6165
5954,5960,5979
9281,6140,6167
5955,5958,5978
9282,6142,6169
5956,5957,5976
9283,6143,6171
5957,5955,5975
9284,6145,6173
5958,5954,5973
9285,6147,6175
5959,5952,5972
9286,6149,6177
5960,5951,5970
9287,6151,6179
5961,5950,5969
9288,6152,6181
5962,5948,5967
9289,6154,6183
5963,5947,5966
9290,6156,6185
5964,5945,5964
9291,6158,6187
5965,5944,5963
9292,6160,6189
5966,5942,5961
9293,6162,6191
5967,5941,5960
9294,6163,6194
5968,5939,5958
9295,6165,6196
5969,5938,5957
9296,6167,6198
5970,5937,5955
9297,6169,6200
5971,5935,5954
9298,6171,6202
5972,5934,5952
9299,6173,6204
5973,5932,5951
9300,6175,6206
5974,5931,5950
9301,6176,6208
5975,5930,5948
9302,6178,6211
5976,5928,5947
9303,6180,6213
5977,5927,5945
9304,6182,6215
5978,5925,5944
9305,6184,6217
5979,5924,5942
9306,6186,6219
5980,5923,5941
9307,6188,6222
5981,5921,5940
9308,6190,6224
5982,5920,5938
9309,6192,6226
5983,5918,5937
9310,6194,6228
5984,5917,5935
9311,6196,6230
5985,5916,5934
9312,6198,6233
5986,5914,5932
9313,6200,6235
5987,5913,5931
9314,6202,6237
5988,5911,5930
9315,6203,6239
5989,5910,5928
9316,6205,6241
5990,5909,5927
9317,6207,6244
5991,5907,5925
9318,6209,6246
5992,5906,5924
9319,6211,6248
5993,5905,5923
9320,6213,6251
5994,5903,5921
9321,6215,6253
5995,5902,5920
9322,6217,6255
5996,5901,5918
9323,6220,6257
5997,5899,5917
9324,6222,6260
5998,5898,5916
9325,6224,6262
5999,5897,5914
9326,6226,6264
6000,5895,5913
9327,6228,6267
6001,5894,5912
9328,6230,6269
6002,5893,5910
9329,6232,6271
6003,5891,5909
9330,6234,6274
6004,5890,5907
9331,6236,6276
6005,5889,5906
9332,6238,6278
6006,5887,5905
9333,6240,6281
6007,5886,5903
9334,6242,6283
6008,5885,5902
9335,6244,6285
6009,5883,5901
9336,6246,6288
6010,5882,5899
9337,6249,6290
6011,5881,5898
9338,6251,6293
6012,5879,5897
9339,6253,6295
6013,5878,5895
9340,6255,6298
6014,5877,5894
9341,6257,6300
6015,5875,5893
9342,6259,6302
6016,5874,5891
9343,6261,6305
6017,5873,5890
9344,6264,6307
6018,5871,5889
9345,6266,6310
6019,5870,5887
9346,6268,6312
6020,5869,5886
9347,6270,6315
6021,5868,5885
9348,6272,6317
6022,5866,5883
9349,6275,6320
6023,5865,5882
9350,6277,6322
6024,5864,5881
9351,6279,6325
6025,5862,5879
9352,6281,6327
6026,5861,5878
9353,6284,6330
6027,5860,5877
9354,6286,6332
6028,5859,5875
9355,6288,6335
6029,5857,5874
9356,6290,6338
6030,5856,5873
9357,6293,6340
6031,5855,5871
9358,6295,6343
6032,5853,5870
9359,6297,6345
6033,5852,5869
9360,6300,6348
6034,5851,5867
9361,6302,6351
6035,5850,5866
9362,6304,6353
6036,5848,5865
9363,6306,6356
6037,5847,5864
9364,6309,6358
6038,5846,5862
9365,6311,6361
6039,5845,5861
9366,6314,6364
6040,5843,5860
9367,6316,6366
6235,5635,5644
6234,5636,5645
6233,5636,5646
6232,5637,5647
6231,5638,5648
6230,5639,5648
6229,5640,5649
6228,5641,5650
6227,5642,5651
6226,5643,5652
6225,5644,5653
6224,5645,5654
6223,5646,5655
6222,5647,5656
6221,5648,5657
6220,5648,5658
6219,5649,5659
6218,5650,5660
6217,5651,5661
6216,5652,5662
6215,5653,5663
6214,5654,5664
6213,5655,5665
6212,5656,5666
6211,5657,5667
6210,5658,5668
6209,5659,5669
6208,5660,5670
6207,5661,5671
6206,5662,5672
6108,5763,5777
9435,6508,6584
6189,5678,5689
6107,5764,5778
9434,6504,6581
6188,5679,5690
6106,5765,5779
9433,6501,6577
6187,5680,5691
6105,5766,5781
9432,6498,6573
6186,5681,5692
6104,5768,5782
9431,6494,6569
6185,5682,5693
6103,5769,5783
9430,6491,6565
6184,5683,5694
6102,5770,5784
9429,6488,6561
6183,5684,5695
6101,5771,5785
9428,6484,6558
6182,5685,5696
6100,5772,5786
9427,6481,6554
6181,5686,5697
6099,5773,5788
9426,6478,6550
6180,5687,5699
6098,5774,5789
9425,6475,6547
6179,5688,5700
6097,5775,5790
9424,6471,6543
6178,5689,5701
6096,5777,5791
9423,6468,6539
6177,5690,5702
6109,5762,5776
9436,6511,6588
6190,5677,5688
6110,5761,5775
9437,6515,6592
6191,5676,5687
6111,5760,5774
9438,6518,6596
6192,5675,5686
6112,5759,5773
9439,6522,6600
6193,5674,5685
6113,5758,5771
9440,6525,6604
6194,5673,5684
6114,5756,5770
9441,6529,6609
6195,5672,5683
6115,5755,5769
9442,6533,6613
6196,5671,5682
6116,5754,5768
9443,6536,6617
6197,5670,5681
6117,5753,5767
9444,6540,6621
6198,5669,5680
6118,5752,5766
9445,6544,6625
6199,5668,5679
6119,5751,5765
9446,6547,6630
6200,5668,5678
6120,5750,5763
9447,6551,6634
6201,5667,5677
6121,5749,5762
9448,6555,6638
6202,5666,5676
6203,5665,5675
6204,5664,5674
6205,5663,5673
6236,5634,5643
6237,5633,5642
6238,5632,5641
6239,5631,5640
6240,5630,5639
6241,5629,5638
6242,5628,5637
6243,5627,5636
6244,5626,5635
6245,5625,5634
6246,5625,5633
6247,5624,5632
6248,5623,5631
6095,5778,5792
9422,6465,6536
6176,5691,5703
6094,5779,5793
9421,6462,6532
6175,5692,5704
6093,5780,5795
9420,6459,6529
6174,5693,5705
6092,5781,5796
9419,6456,6525
6173,5694,5706
6091,5782,5797
9418,6453,6522
6172,5695,5707
6090,5783,5798
9417,6450,6518
6171,5696,5708
6089,5785,5799
9416,6447,6515
6170,5697,5709
6088,5786,5800
9415,6444,6511
6169,5698,5710
6087,5787,5802
9414,6441,6508
6168,5699,5711
6086,5788,5803
9413,6438,6505
9494,6830,6859
6167,5700,5712
6085,5789,5804
9412,6435,6501
9493,6814,6862
6166,5701,5713
6084,5790,5805
9411,6432,6498
9492,6802,6860
6165,5702,5714
6083,5792,5806
9410,6429,6495
9491,6791,6858
6164,5703,5715
6082,5793,5808
9409,6426,6491
9490,6781,6854
6163,5704,5716
6081,5794,5809
9408,6423,6488
9489,6772,6850
6162,5705,5717
6080,5795,5810
9407,6420,6485
9488,6763,6845
6161,5706,5718
6079,5796,5811
9406,6417,6481
9487,6755,6840
6160,5707,5720
6078,5797,5812
9405,6414,6478
9486,6747,6835
6159,5708,5721
6077,5799,5814
9404,6412,6475
9485,6740,6829
6158,5709,5722
6076,5800,5815
9403,6409,6472
9484,6733,6823
6157,5710,5723
6075,5801,5816
9402,6406,6469
9483,6726,6818
6156,5712,5724
6074,5802,5817
9401,6403,6465
9482,6719,6812
6155,5713,5725
6073,5803,5819
9400,6400,6462
9481,6713,6806
6154,5714,5726
6072,5804,5820
9399,6398,6459
9480,6706,6801
6153,5715,5727
6071,5806,5821
9398,6395,6456
9479,6700,6795
6152,5716,5728
6070,5807,5822
9397,6392,6453
9478,6694,6789
6151,5717,5729
6069,5808,5823
9396,6389,6450
9477,6689,6783
6150,5718,5730
6068,5809,5825
9395,6387,6447
9476,6683,6778
6149,5719,5731
6067,5810,5826
9394,6384,6444
9475,6677,6772
6148,5720,5732
6066,5812,5827
9393,6381,6441
9474,6672,6766
6147,5721,5733
6065,5813,5828
9392,6379,6438
9473,6666,6761
6146,5722,5735
6064,5814,5830
9391,6376,6435
9472,6661,6755
6145,5723,5736
6063,5815,5831
9390,6373,6432
9471,6656,6750
6144,5724,5737
6062,5816,5832
9389,6371,6429
9470,6651,6745
6143,5725,5738
6061,5818,5833
9388,6368,6426
9469,6646,6739
6142,5726,5739
6060,5819,5834
9387,6366,6423
9468,6641,6734
6141,5727,5740
6059,5820,5836
9386,6363,6420
9467,6636,6729
6140,5728,5741
6058,5821,5837
9385,6360,6417
9466,6631,6723
6139,5729,5742
6057,5822,5838
9384,6358,6414
9465,6627,6718
6138,5730,5743
6056,5824,5839
9383,6355,6411
9464,6622,6713
6137,5731,5744
6055,5825,5841
9382,6353,6408
9463,6617,6708
6136,5733,5746
6054,5826,5842
9381,6350,6405
9462,6613,6703
6135,5734,5747
6053,5827,5843
9380,6348,6402
9461,6608,6698
6134,5735,5748
6052,5829,5844
9379,6345,6400
9460,6604,6693
6133,5736,5749
6051,5830,5846
9378,6343,6397
9459,6600,6688
6132,5737,5750
6050,5831,5847
9377,6340,6394
9458,6595,6684
6131,5738,5751
6049,5832,5848
9376,6338,6391
9457,6591,6679
6130,5739,5752
6048,5833,5850
9375,6335,6388
9456,6587,6674
6129,5740,5753
6047,5835,5851
9374,6333,6386
9455,6583,6670
6128,5741,5754
6046,5836,5852
9373,6330,6383
9454,6579,6665
6127,5742,5756
6045,5837,5853
9372,6328,6380
9453,6575,6660
6126,5743,5757
6044,5838,5855
9371,6326,6377
9452,6571,6656
6125,5744,5758
6043,5840,5856
9370,6323,6375
9451,6567,6651
6124,5745,5759
6042,5841,5857
9369,6321,6372
9450,6563,6647
6123,5747,5760
6041,5842,5858
9368,6318,6369
9449,6559,6643
6122,5748,5761
5910,6027,6048
9237,6067,6081
5909,6029,6050
9236,6065,6079
5908,6031,6051
9235,6064,6077
5907,6032,6053
9234,6062,6075
5906,6034,6055
9233,6061,6073
5905,6036,6056
9232,6059,6071
5904,6037,6058
9231,6058,6070
5903,6039,6060
9230,6056,6068
5902,6040,6061
9229,6055,6066
5901,6042,6063
9228,6053,6064
5900,6044,6065
9227,6052,6062
5899,6045,6066
9226,6050,6060
5898,6047,6068
9225,6049,6058
5897,6049,6070
9224,6047,6056
5896,6050,6071
9223,6046,6054
5895,6052,6073
9222,6045,6052
5894,6054,6075
9221,6043,6051
5893,6055,6077
9220,6042,6049
5892,6057,6078
9219,6041,6047
5891,6059,6080
9218,6039,6045
5890,6060,6082
9217,6038,6043
5889,6062,6083
9216,6037,6041
5888,6064,6085
9215,6036,6038
5887,6065,6087
9214,6035,6036
7536,9725,9731
7537,9725,9731
7538,9726,9731
7539,9726,9731
7540,9727,9730
7541,9728,9729
7535,9725,9731
7534,9726,9731
7533,9726,9731
7532,9726,9730
7531,9727,9729
7512,8689,8701
7513,8689,8701
7514,8689,8701
7515,8689,8701
7516,8689,8701
7517,8689,8701
7518,8689,8701
7519,8689,8700
7520,8689,8700
7521,8690,8700
7522,8690,8700
7523,8690,8700
7524,8690,8699
7525,8691,8699
7526,8691,8699
7527,8691,8698
7528,8692,8698
7529,8693,8697
7530,8693,8696
7511,8689,8701
7510,8689,8701
7509,8689,8701
7508,8689,8701
7507,8689,8701
7506,8689,8701
7505,8689,8701
7504,8689,8701
7503,8690,8700
7502,8690,8700
7501,8690,8700
7500,8690,8700
7499,8690,8699
7498,8691,8699
7497,8691,8699
7496,8692,8698
7495,8692,8698
7494,8693,8697
7493,8694,8696
6249,5622,5630
6250,5621,5629
6251,5620,5628
6252,5619,5628
6253,5618,5627
6254,5617,5626
6255,5617,5625
6256,5616,5624
6257,5615,5623
6258,5614,5622
6259,5613,5621
6260,5612,5620
6261,5611,5619
6262,5610,5618
6263,5609,5617
6264,5609,5616
6265,5608,5615
6266,5607,5614
6267,5606,5614
6268,5605,5613
6269,5604,5612
6270,5603,5611
6271,5603,5610
6272,5602,5609
6273,5601,5608
6274,5600,5607
6275,5599,5606
6276,5598,5605
6277,5597,5604
6278,5596,5603
6279,5596,5603
6280,5595,5602
6281,5594,5601
6282,5593,5600
6283,5592,5599
6284,5591,5598
6285,5591,5597
6286,5590,5596
6287,5589,5595
6288,5588,5594
6289,5587,5593
6290,5586,5593
6291,5585,5592
6292,5585,5591
6293,5584,5590
6294,5583,5589
6295,5582,5588
6296,5581,5587
6297,5580,5586
6298,5580,5585
6299,5579,5585
6300,5578,5584
