7624,9694,9696
7623,9693,9697
7622,9693,9698
5496,6466,6483
5497,6459,6484
5498,6453,6484
5499,6448,6483
5500,6443,6482
5501,6439,6481
5502,6434,6480
5503,6430,6478
5504,6426,6476
5505,6422,6474
5506,6419,6472
5507,6415,6470
5508,6411,6468
5509,6408,6466
5510,6404,6464
5511,6401,6462
5512,6398,6459
5513,6395,6457
5514,6391,6454
5515,6388,6452
5516,6385,6449
5517,6382,6447
5518,6379,6444
5519,6376,6442
5520,6373,6439
5521,6371,6436
5522,6368,6434
5523,6365,6431
5524,6362,6428
5525,6360,6425
5526,6357,6423
5527,6354,6420
7621,9693,9698
5565,6285,6296
7620,9693,9698
5564,6285,6301
7619,9693,9698
5563,6285,6305
7618,9694,9698
5562,6286,6310
7617,9694,9698
5561,6287,6314
7616,9695,9697
5560,6288,6317
5559,6289,6321
5558,6290,6325
5557,6292,6328
5556,6293,6331
5555,6295,6335
5554,6296,6338
5553,6298,6342
5552,6300,6345
5551,6302,6348
5550,6303,6351
5549,6305,6354
5548,6307,6358
5547,6309,6361
8032,8648,8652
8031,8648,8653
8030,8648,8653
8029,8647,8653
8028,8647,8654
8027,8647,8654
8026,8647,8654
8025,8647,8655
8024,8647,8655
8023,8647,8655
8022,8646,8656
8021,8646,8656
8020,8646,8656
8019,8646,8656
8018,8646,8657
8017,8646,8657
8016,8646,8657
8015,8646,8657
8014,8646,8657
8013,8646,8658
8012,8646,8658
8011,8646,8658
8010,8646,8658
8009,8646,8658
8008,8646,8659
8007,8646,8659
8006,8646,8659
8005,8646,8659
8004,8646,8659
8003,8646,8659
7986,8646,8662
7985,8646,8662
7984,8646,8662
7983,8646,8662
7982,8646,8662
7981,8646,8662
7980,8646,8662
7979,8646,8662
7978,8646,8662
7977,8647,8662
7976,8647,8662
7975,8647,8662
7974,8647,8663
7987,8646,8661
7988,8646,8661
7989,8646,8661
7990,8646,8661
7991,8646,8661
7992,8646,8661
7993,8646,8661
7994,8646,8661
7995,8646,8661
7996,8646,8660
7997,8646,8660
7998,8646,8660
7999,8646,8660
8000,8646,8660
8001,8646,8660
8002,8646,8660
8033,8648,8652
8034,8649,8651
8035,8650,8650
7973,8647,8663
7972,8647,8663
7971,8647,8663
7970,8647,8663
7969,8647,8663
7968,8647,8663
7967,8647,8663
7966,8647,8663
7965,8647,8663
7964,8648,8663
7963,8648,8663
7962,8648,8663
7961,8648,8663
7960,8648,8663
7959,8648,8663
5546,6311,6364
7958,8648,8663
5545,6313,6367
7957,8648,8663
5544,6315,6370
7956,8648,8663
5543,6317,6373
7955,8649,8663
5542,6319,6376
7954,8649,8663
5541,6321,6379
7953,8649,8663
5540,6323,6382
7952,8649,8663
5539,6326,6385
7951,8649,8663
5538,6328,6388
7950,8649,8663
5537,6330,6391
7949,8649,8663
5536,6332,6394
7948,8650,8663
5535,6335,6397
7947,8650,8663
5534,6337,6400
7946,8650,8662
5533,6339,6403
7945,8650,8662
5532,6342,6406
7944,8650,8662
5531,6344,6408
7943,8651,8662
5530,6347,6411
7942,8651,8662
5529,6349,6414
7941,8651,8662
5528,6352,6417
7940,8651,8662
7939,8652,8662
7938,8652,8661
7937,8652,8661
7936,8652,8661
7935,8653,8661
7934,8653,8661
7933,8653,8660
7932,8654,8660
7931,8654,8660
7930,8655,8659
7929,8655,8659
7928,8657,8658
