9689,7334,7443
9690,7329,7441
9691,7325,7438
9692,7320,7436
9693,7316,7433
9694,7313,7430
9707,7302,7361
9706,7299,7370
9705,7297,7378
9704,7295,7385
9703,7295,7391
9702,7295,7396
9701,7296,7402
9700,7297,7406
9699,7299,7411
9682,7379,7451
5872,6595,6641
9681,7387,7451
5871,6597,6646
9680,7396,7449
5870,6599,6651
9679,7407,7446
5869,6601,6656
9678,7423,7438
5868,6603,6661
5867,6606,6666
5861,6623,6693
9696,7306,7423
7427,9710,9717
5862,6620,6689
9697,7303,7419
7428,9711,9717
5835,6746,6773
5855,6642,6719
5863,6617,6684
9698,7301,7415
7429,9711,9717
5836,6737,6775
5864,6614,6680
7430,9712,9717
5837,6729,6775
5865,6611,6675
7431,9712,9716
5838,6721,6774
5866,6608,6670
7432,9714,9715
5839,6715,6773
5860,6626,6698
9695,7309,7426
7426,9710,9717
5859,6629,6702
7425,9710,9716
5858,6632,6706
7424,9710,9716
5857,6635,6711
7423,9710,9715
5856,6639,6715
9708,7309,7350
7422,9711,9714
9683,7371,7451
5873,6593,6636
9684,7364,7451
5874,6591,6631
9685,7357,7450
5875,6590,6625
9686,7351,7448
5876,6589,6619
9687,7345,7447
5877,6588,6613
9688,7340,7445
5878,6588,6605
5854,6646,6723
5853,6649,6727
5852,6653,6731
5851,6657,6735
5850,6661,6739
5849,6665,6743
5848,6669,6746
5847,6674,6750
5846,6678,6753
5845,6683,6757
5844,6688,6760
5843,6693,6763
5842,6698,6766
5841,6703,6768
5840,6709,6771
