8000,8647,8649
8001,8646,8650
8002,8646,8650
8003,8645,8650
8004,8645,8651
8005,8644,8651
8006,8644,8651
8007,8644,8651
8008,8643,8651
8009,8643,8651
8010,8643,8652
8011,8642,8652
8012,8642,8652
8013,8642,8652
8014,8642,8652
8015,8641,8652
8016,8641,8652
8017,8641,8652
8018,8641,8652
8019,8640,8652
8020,8640,8652
8021,8640,8652
8022,8640,8652
8023,8639,8652
8024,8639,8652
8025,8639,8652
8026,8639,8652
8027,8639,8652
8028,8638,8652
8029,8638,8652
8030,8638,8652
8031,8638,8652
8032,8638,8652
8033,8638,8652
8034,8637,8652
8035,8637,8652
8036,8637,8652
8037,8637,8652
8038,8637,8652
8039,8637,8652
8040,8636,8652
8041,8636,8652
8042,8636,8652
8043,8636,8652
8044,8636,8652
8045,8636,8651
8046,8635,8651
8047,8635,8651
8048,8635,8651
8049,8635,8651
8050,8635,8651
8051,8635,8651
8052,8634,8651
8053,8634,8651
8054,8634,8651
8055,8634,8651
8056,8634,8651
8057,8634,8651
8058,8634,8650
8059,8633,8650
8060,8633,8650
8061,8633,8650
8062,8633,8650
8063,8633,8650
8064,8633,8650
8065,8633,8650
8066,8632,8650
8067,8632,8649
8068,8632,8649
8069,8632,8649
8070,8632,8649
8977,8047,8048
8976,8047,8051
8975,8048,8053
8974,8049,8055
8973,8050,8056
8972,8051,8058
8971,8052,8060
8970,8053,8062
8969,8054,8063
8968,8055,8065
8967,8057,8067
8966,8058,8068
8965,8059,8070
8964,8060,8072
8963,8061,8073
8962,8062,8075
8961,8064,8076
8960,8065,8078
8959,8066,8079
8958,8067,8081
8957,8068,8083
8956,8070,8084
8955,8071,8086
8954,8072,8087
8953,8073,8089
8952,8074,8090
8951,8076,8092
8950,8077,8093
8949,8078,8094
8948,8079,8096
8947,8081,8097
8946,8082,8099
8945,8083,8100
8944,8084,8102
8943,8085,8103
8942,8087,8105
8941,8088,8106
8940,8089,8107
8939,8090,8109
8938,8092,8110
8937,8093,8112
8936,8094,8113
8935,8095,8114
8934,8096,8116
8933,8098,8117
8932,8099,8119
8931,8100,8120
8930,8101,8121
8929,8103,8123
8928,8104,8124
8927,8105,8125
8926,8106,8127
8925,8107,8128
8924,8109,8129
8923,8110,8131
8922,8111,8132
8921,8112,8133
8920,8114,8135
8919,8115,8136
8918,8116,8137
8917,8117,8139
8916,8118,8140
8915,8120,8141
8914,8121,8143
8913,8122,8144
8912,8123,8145
8911,8124,8147
8910,8126,8148
8909,8127,8149
8908,8128,8150
8907,8129,8152
8906,8130,8153
8905,8132,8154
8904,8133,8156
8903,8134,8157
8902,8135,8158
8901,8136,8159
8900,8138,8161
8899,8139,8162
8898,8140,8163
8897,8141,8164
8896,8142,8166
8895,8144,8167
8894,8145,8168
8893,8146,8169
8892,8147,8171
8891,8148,8172
8890,8149,8173
8889,8151,8174
8888,8152,8175
8887,8153,8177
8886,8154,8178
8885,8155,8179
8884,8156,8180
8883,8158,8182
8882,8159,8183
8881,8160,8184
8880,8161,8185
8879,8162,8186
8878,8163,8188
8877,8165,8189
8876,8166,8190
8875,8167,8191
8874,8168,8192
8873,8169,8194
8872,8170,8195
8805,8243,8268
8804,8244,8269
8803,8245,8270
8802,8246,8271
8801,8247,8272
8800,8248,8274
8799,8249,8275
8798,8250,8276
8797,8251,8277
8796,8252,8278
8795,8253,8279
8794,8254,8280
8793,8255,8281
8792,8256,8282
8791,8257,8283
8790,8258,8284
8789,8259,8285
8788,8260,8286
8787,8261,8287
8786,8262,8288
8785,8263,8289
8784,8264,8290
8783,8265,8291
8782,8266,8292
8781,8267,8293
8780,8268,8293
8779,8269,8294
8778,8270,8295
8777,8271,8296
8776,8272,8297
8775,8273,8298
8774,8274,8299
8773,8275,8300
8772,8276,8301
8771,8277,8302
8770,8278,8303
8769,8279,8304
8768,8280,8305
8767,8281,8306
8766,8282,8307
8765,8283,8308
8764,8284,8309
8763,8285,8310
8762,8286,8311
8761,8287,8312
8760,8288,8313
8759,8289,8314
8758,8290,8315
8757,8291,8316
8756,8292,8317
8755,8293,8317
8754,8293,8318
8753,8294,8319
8752,8295,8320
8751,8296,8321
8750,8297,8322
8749,8298,8323
8748,8299,8324
8747,8300,8325
8746,8301,8326
8745,8302,8327
8744,8303,8328
8743,8304,8329
8742,8305,8329
8741,8306,8330
8740,8307,8331
8739,8307,8332
8729,8317,8341
8728,8318,8342
8727,8318,8343
8726,8319,8344
8725,8320,8345
8724,8321,8346
8723,8322,8347
8722,8323,8347
8721,8324,8348
8720,8325,8349
8719,8326,8350
8718,8326,8351
8717,8327,8352
8716,8328,8353
8715,8329,8354
8714,8330,8354
8713,8331,8355
8712,8332,8356
8711,8333,8357
8710,8334,8358
8709,8334,8359
8708,8335,8360
8707,8336,8360
8706,8337,8361
8705,8338,8362
8704,8339,8363
8703,8340,8364
8702,8341,8365
8701,8341,8366
8700,8342,8366
8699,8343,8367
8698,8344,8368
8697,8345,8369
8696,8346,8370
8695,8347,8371
8694,8347,8371
8693,8348,8372
8692,8349,8373
8691,8350,8374
8690,8351,8375
8689,8352,8376
8688,8353,8376
8687,8353,8377
8686,8354,8378
8685,8355,8379
8684,8356,8380
8683,8357,8381
8682,8358,8381
8681,8358,8382
8680,8359,8383
8679,8360,8384
8678,8361,8385
8677,8362,8385
8676,8363,8386
8675,8363,8387
8674,8364,8388
8673,8365,8389
8672,8366,8389
8671,8367,8390
8670,8368,8391
8669,8368,8392
8668,8369,8393
8667,8370,8393
8666,8371,8394
8665,8372,8395
8664,8372,8396
8663,8373,8397
8662,8374,8397
8661,8375,8398
8660,8376,8399
8659,8376,8400
8658,8377,8401
8657,8378,8401
8656,8379,8402
8655,8380,8403
8654,8380,8404
8653,8381,8404
8652,8382,8405
8651,8383,8406
8650,8384,8407
8649,8384,8408
8648,8385,8408
8647,8386,8409
8646,8387,8410
8645,8388,8411
8644,8388,8411
8643,8389,8412
8642,8390,8413
8641,8391,8414
8640,8391,8414
8639,8392,8415
8638,8393,8416
8637,8394,8417
8636,8395,8417
8635,8395,8418
8634,8396,8419
8633,8397,8420
8632,8398,8420
8631,8398,8421
8630,8399,8422
8629,8400,8423
8628,8401,8423
8627,8401,8424
8626,8402,8425
8625,8403,8426
8624,8404,8426
8623,8404,8427
8622,8405,8428
8621,8406,8428
8620,8407,8429
8619,8407,8430
8618,8408,8431
8617,8409,8431
8616,8410,8432
8615,8410,8433
8614,8411,8433
8613,8412,8434
8612,8413,8435
8611,8413,8436
8610,8414,8436
8609,8415,8437
8608,8416,8438
8607,8416,8438
8606,8417,8439
8605,8418,8440
8604,8419,8441
8603,8419,8441
8602,8420,8442
8601,8421,8443
8600,8421,8443
8599,8422,8444
8598,8423,8445
8597,8424,8445
8596,8424,8446
8595,8425,8447
8594,8426,8448
8593,8427,8448
8592,8427,8449
8591,8428,8450
8590,8429,8450
8589,8429,8451
8588,8430,8452
8587,8431,8452
8586,8431,8453
8585,8432,8454
8584,8433,8454
8583,8434,8455
8582,8434,8456
8581,8435,8456
8580,8436,8457
8579,8436,8458
8578,8437,8458
8577,8438,8459
8576,8439,8460
8575,8439,8460
8574,8440,8461
8573,8441,8462
8572,8441,8462
8571,8442,8463
8570,8443,8464
8569,8443,8464
8568,8444,8465
8567,8445,8466
8566,8445,8466
8565,8446,8467
8564,8447,8467
8563,8447,8468
8562,8448,8469
8561,8449,8469
8560,8449,8470
8559,8450,8471
8558,8451,8471
8557,8451,8472
8556,8452,8473
8555,8453,8473
8554,8453,8474
8553,8454,8474
8552,8455,8475
8551,8455,8476
8550,8456,8476
8549,8457,8477
8548,8457,8478
8547,8458,8478
8546,8459,8479
8545,8459,8479
8544,8460,8480
8543,8461,8481
8542,8461,8481
8541,8462,8482
8540,8463,8483
8539,8463,8483
8538,8464,8484
8537,8465,8484
8252,8601,8606
8251,8601,8606
8250,8601,8607
8249,8601,8607
8871,8171,8196
5544,6295,6300
8248,8602,8607
8870,8173,8197
5543,6293,6307
8247,8602,8608
8869,8174,8198
5542,6293,6312
8246,8602,8608
8868,8175,8199
5541,6294,6317
8245,8602,8608
8867,8176,8201
5540,6294,6321
8244,8603,8609
8866,8177,8202
5539,6295,6325
8243,8603,8609
8865,8178,8203
5538,6296,6329
8242,8603,8609
8864,8179,8204
5537,6298,6332
8241,8603,8610
8863,8180,8205
5536,6299,6336
8240,8604,8610
8862,8182,8206
5535,6300,6340
8239,8604,8610
8861,8183,8207
5534,6302,6343
8238,8604,8611
8860,8184,8209
5533,6303,6346
8237,8604,8611
8859,8185,8210
5532,6305,6350
8236,8605,8611
8858,8186,8211
5531,6307,6353
8235,8605,8611
8857,8187,8212
5530,6308,6356
8234,8605,8612
8856,8188,8213
5529,6310,6360
8233,8605,8612
8855,8189,8214
5528,6312,6363
8232,8606,8612
8854,8191,8215
5527,6314,6366
8231,8606,8613
8853,8192,8217
5526,6316,6369
8230,8606,8613
8852,8193,8218
5525,6318,6372
8229,8606,8613
8851,8194,8219
5524,6320,6376
8228,8607,8614
8850,8195,8220
5523,6322,6379
8227,8607,8614
8849,8196,8221
5522,6324,6382
8226,8607,8614
8848,8197,8222
5521,6326,6385
8225,8607,8614
8847,8198,8223
5520,6328,6388
8224,8607,8615
8846,8199,8224
5519,6330,6391
8223,8608,8615
8845,8201,8226
5518,6332,6394
8222,8608,8615
8844,8202,8227
5517,6335,6397
8221,8608,8616
8843,8203,8228
5516,6337,6400
8220,8608,8616
8842,8204,8229
5515,6339,6403
8219,8608,8616
8841,8205,8230
5514,6342,6406
8218,8609,8617
8840,8206,8231
5513,6344,6408
8217,8609,8617
8839,8207,8232
5512,6346,6411
8216,8609,8617
8838,8208,8233
5511,6349,6414
8215,8609,8617
8837,8209,8234
5510,6351,6417
8214,8610,8618
8836,8210,8236
5509,6354,6420
8213,8610,8618
8835,8211,8237
5508,6356,6423
8212,8610,8618
8834,8212,8238
5507,6359,6425
8211,8610,8619
8833,8214,8239
5506,6362,6428
8210,8610,8619
8832,8215,8240
5505,6364,6431
8209,8611,8619
8831,8216,8241
5504,6367,6433
8208,8611,8620
8830,8217,8242
5503,6370,6436
8207,8611,8620
8829,8218,8243
5502,6373,6439
8206,8611,8620
8828,8219,8244
5501,6376,6441
8205,8611,8620
8827,8220,8245
5500,6378,6444
8204,8612,8621
8826,8221,8246
5499,6381,6446
8203,8612,8621
8825,8222,8247
5498,6384,6449
8202,8612,8621
8824,8223,8248
5497,6387,6451
8201,8612,8621
8823,8224,8250
5496,6391,6454
8200,8612,8622
8822,8225,8251
5495,6394,6456
8199,8613,8622
8821,8226,8252
5494,6397,6458
8198,8613,8622
8820,8227,8253
5493,6400,6461
8197,8613,8623
8819,8228,8254
5492,6404,6463
8196,8613,8623
8818,8230,8255
5491,6407,6465
8195,8613,8623
8817,8231,8256
5490,6411,6467
8194,8613,8623
8816,8232,8257
5489,6414,6469
8193,8614,8624
8815,8233,8258
5488,6418,6471
8192,8614,8624
8814,8234,8259
5487,6422,6473
8191,8614,8624
8813,8235,8260
5486,6426,6474
8190,8614,8625
8812,8236,8261
5485,6430,6476
8189,8614,8625
8811,8237,8262
5484,6434,6477
8188,8615,8625
8810,8238,8263
5483,6439,6479
8187,8615,8625
8809,8239,8264
5482,6443,6479
8186,8615,8626
8808,8240,8265
5481,6449,6480
8185,8615,8626
8807,8241,8266
5480,6454,6480
8184,8615,8626
8806,8242,8267
5479,6461,6479
8183,8615,8626
8182,8616,8627
8181,8616,8627
8180,8616,8627
8179,8616,8627
8178,8616,8628
8177,8617,8628
8176,8617,8628
8175,8617,8629
8174,8617,8629
8173,8617,8629
8172,8617,8629
8171,8618,8630
8170,8618,8630
8738,8308,8333
7629,9690,9692
8169,8618,8630
8737,8309,8334
7628,9690,9693
8168,8618,8630
8736,8310,8335
7627,9689,9694
8167,8618,8631
8735,8311,8336
7626,9689,9694
8166,8618,8631
8734,8312,8337
7625,9689,9694
8165,8619,8631
8733,8313,8338
7624,9689,9694
8164,8619,8631
8732,8314,8339
7623,9690,9694
8163,8619,8632
8731,8315,8339
7622,9691,9694
8162,8619,8632
8730,8316,8340
7621,9692,9693
8161,8619,8632
8160,8619,8632
8159,8619,8633
8158,8620,8633
8157,8620,8633
8156,8620,8633
8155,8620,8633
8154,8620,8634
8153,8620,8634
8152,8621,8634
8151,8621,8634
8150,8621,8635
8149,8621,8635
8148,8621,8635
8147,8621,8635
8146,8621,8636
8145,8622,8636
8144,8622,8636
8134,8623,8638
8133,8623,8638
8132,8624,8639
8131,8624,8639
8130,8624,8639
8129,8624,8639
8128,8624,8639
8127,8624,8640
8126,8624,8640
8125,8625,8640
8124,8625,8640
8123,8625,8640
8078,8631,8648
8077,8631,8648
8076,8631,8648
8082,8630,8648
8075,8631,8648
8143,8622,8636
8081,8630,8648
8074,8631,8649
8142,8622,8636
8135,8623,8638
8136,8623,8638
8137,8623,8638
8138,8623,8637
8071,8632,8649
8139,8623,8637
8080,8631,8648
8073,8632,8649
8141,8622,8637
8079,8631,8648
8072,8632,8649
8140,8622,8637
8083,8630,8647
8084,8630,8647
8085,8630,8647
8086,8630,8647
8087,8630,8647
8088,8629,8647
8089,8629,8646
8090,8629,8646
8091,8629,8646
8092,8629,8646
8093,8629,8646
8094,8629,8646
8095,8629,8646
8096,8628,8645
8097,8628,8645
8098,8628,8645
8099,8628,8645
8100,8628,8645
8101,8628,8645
8102,8628,8644
8103,8628,8644
8104,8627,8644
8105,8627,8644
8106,8627,8644
8107,8627,8643
8108,8627,8643
8109,8627,8643
8110,8627,8643
8111,8626,8643
8112,8626,8643
8113,8626,8642
8114,8626,8642
8115,8626,8642
8116,8626,8642
8117,8626,8642
8118,8625,8641
8119,8625,8641
8120,8625,8641
8121,8625,8641
8122,8625,8641
8253,8600,8606
8254,8600,8606
8255,8600,8605
8256,8600,8605
8257,8599,8605
8258,8599,8604
8259,8599,8604
8260,8598,8604
8261,8598,8603
8262,8598,8603
8263,8598,8603
8264,8597,8602
8265,8597,8602
8266,8597,8602
8267,8596,8601
8268,8596,8601
8269,8596,8601
8270,8596,8601
8271,8595,8600
8272,8595,8600
8273,8595,8600
8274,8594,8599
8275,8594,8599
8276,8594,8599
8277,8593,8598
8278,8593,8598
8279,8593,8598
8280,8592,8597
8281,8592,8597
8282,8592,8597
8283,8591,8596
8284,8591,8596
8285,8591,8596
8286,8590,8595
8287,8590,8595
8288,8590,8595
8289,8589,8594
8290,8589,8594
8291,8589,8594
8292,8588,8594
8293,8588,8593
8294,8588,8593
8295,8587,8593
8296,8587,8592
8297,8587,8592
8298,8586,8592
8299,8586,8591
8300,8586,8591
8301,8585,8591
8302,8585,8590
8303,8584,8590
8304,8584,8590
8305,8584,8589
8306,8583,8589
8307,8583,8589
8308,8583,8588
8309,8582,8588
8310,8582,8588
8311,8581,8587
8312,8581,8587
8313,8581,8587
8314,8580,8586
8315,8580,8586
8316,8580,8586
8317,8579,8585
8318,8579,8585
8319,8578,8585
8320,8578,8584
8321,8578,8584
8322,8577,8584
8323,8577,8583
8324,8576,8583
8325,8576,8583
8326,8576,8582
8327,8575,8582
8328,8575,8582
8329,8574,8581
8330,8574,8581
8331,8574,8581
8332,8573,8580
8333,8573,8580
8334,8572,8580
8335,8572,8579
8336,8572,8579
8337,8571,8579
8338,8571,8578
8339,8570,8578
8340,8570,8578
8341,8569,8577
8342,8569,8577
8343,8569,8577
8344,8568,8576
8345,8568,8576
8346,8567,8576
8347,8567,8575
8348,8566,8575
8349,8566,8574
8350,8566,8574
8351,8565,8574
8352,8565,8573
8353,8564,8573
8354,8564,8573
8355,8563,8572
8356,8563,8572
8357,8562,8572
8358,8562,8571
8359,8562,8571
8360,8561,8570
8361,8561,8570
8362,8560,8570
8363,8560,8569
8364,8559,8569
8365,8559,8569
8366,8558,8568
8367,8558,8568
8368,8558,8567
8369,8557,8567
8370,8557,8567
8371,8556,8566
8372,8556,8566
8373,8555,8565
8374,8555,8565
8375,8554,8565
8376,8554,8564
8377,8553,8564
8378,8553,8564
8379,8552,8563
8380,8552,8563
8381,8552,8562
8382,8551,8562
8383,8551,8562
8384,8550,8561
8385,8550,8561
8386,8549,8560
8387,8549,8560
8388,8548,8560
8389,8548,8559
8390,8547,8559
8391,8547,8558
8392,8546,8558
8393,8546,8558
8394,8545,8557
8395,8545,8557
8396,8544,8556
8397,8544,8556
8398,8543,8555
8399,8543,8555
8400,8542,8555
8401,8542,8554
8402,8541,8554
8403,8541,8553
8404,8540,8553
8405,8540,8552
8406,8539,8552
8407,8539,8552
8408,8538,8551
8409,8538,8551
8410,8537,8550
8411,8537,8550
8412,8536,8549
8413,8536,8549
8414,8535,8549
8415,8535,8548
8416,8534,8548
8417,8534,8547
8418,8533,8547
8419,8533,8546
8420,8532,8546
8421,8532,8545
8422,8531,8545
8423,8531,8545
8424,8530,8544
8425,8530,8544
8426,8529,8543
8427,8529,8543
8428,8528,8542
8429,8528,8542
8430,8527,8541
8431,8527,8541
8432,8526,8540
8433,8526,8540
8434,8525,8540
8435,8525,8539
8436,8524,8539
8437,8523,8538
8438,8523,8538
8439,8522,8537
8440,8522,8537
8441,8521,8536
8442,8521,8536
8443,8520,8535
8444,8520,8535
8445,8519,8534
8446,8519,8534
8447,8518,8533
8448,8518,8533
8449,8517,8532
8450,8516,8532
8451,8516,8531
8452,8515,8531
8453,8515,8530
8454,8514,8530
8455,8514,8529
8456,8513,8529
8457,8513,8528
8458,8512,8528
8459,8511,8527
8460,8511,8527
8461,8510,8526
8462,8510,8526
8463,8509,8525
8464,8509,8525
8465,8508,8524
8466,8508,8524
8467,8507,8523
8468,8506,8523
8469,8506,8522
8470,8505,8522
8471,8505,8521
8472,8504,8521
8473,8504,8520
8474,8503,8520
8475,8502,8519
8476,8502,8519
8477,8501,8518
8478,8501,8518
8479,8500,8517
8480,8500,8517
8481,8499,8516
8482,8498,8516
8483,8498,8515
8484,8497,8515
8485,8497,8514
8486,8496,8514
8487,8495,8513
8488,8495,8512
8489,8494,8512
8490,8494,8511
8491,8493,8511
8492,8493,8510
8493,8492,8510
8494,8491,8509
8495,8491,8509
8496,8490,8508
8497,8490,8508
8498,8489,8507
8499,8488,8506
8500,8488,8506
8501,8487,8505
8502,8487,8505
8503,8486,8504
8504,8485,8504
8505,8485,8503
8506,8484,8503
8507,8483,8502
8508,8483,8501
8509,8482,8501
8510,8482,8500
8511,8481,8500
8512,8480,8499
8513,8480,8499
8514,8479,8498
8515,8479,8497
8516,8478,8497
8517,8477,8496
8518,8477,8496
8519,8476,8495
8520,8475,8494
8521,8475,8494
8522,8474,8493
8523,8474,8493
8524,8473,8492
8525,8472,8492
8526,8472,8491
8527,8471,8490
8528,8470,8490
8529,8470,8489
8530,8469,8489
8531,8468,8488
8532,8468,8487
8533,8467,8487
8534,8467,8486
8535,8466,8486
8536,8465,8485
