5710,6575,6577
5709,6577,6583
5708,6580,6588
5707,6583,6592
5706,6587,6597
5705,6590,6602
5704,6593,6607
5703,6597,6611
5702,6601,6616
5701,6604,6621
5700,6608,6626
5699,6612,6630
5698,6616,6635
5697,6620,6640
5696,6624,6645
5695,6628,6650
5694,6632,6655
5693,6636,6660
5692,6640,6666
5691,6644,6671
5690,6649,6676
5689,6653,6681
5688,6657,6687
5687,6662,6692
5686,6666,6698
5685,6671,6704
5684,6676,6709
9477,6606,6642
9478,6608,6648
9479,6611,6654
9480,6614,6660
9481,6617,6667
9482,6620,6673
9483,6623,6679
9484,6626,6685
9485,6629,6691
9486,6633,6698
9487,6636,6704
9488,6640,6710
9489,6643,6717
9490,6647,6724
9491,6650,6730
9492,6654,6737
9493,6658,6744
9494,6662,6751
9495,6666,6758
9496,6670,6765
9497,6674,6772
9498,6678,6780
7445,8698,8703
9501,6691,6803
5647,6989,7074
7446,8697,8703
9502,6695,6811
5648,6961,7100
7447,8697,8704
9503,6700,6819
5649,6940,7116
7448,8696,8704
9504,6704,6828
5650,6924,7129
7449,8696,8704
9505,6709,6837
5651,6909,7136
7450,8696,8705
9506,6714,6846
5674,6727,6773
7473,8695,8705
9529,6866,7073
5673,6732,6780
7472,8695,8705
9528,6856,7073
5672,6738,6787
7471,8694,8706
9527,6847,7072
5671,6744,6794
7470,8694,8706
9526,6838,7069
5670,6750,6802
7469,8694,8706
9525,6829,7064
5669,6756,6810
7468,8694,8706
9524,6821,7056
5668,6762,6818
7467,8694,8706
9523,6814,7046
5667,6769,6826
7466,8694,8706
9522,6806,7034
5666,6775,6835
7465,8694,8706
9521,6799,7021
5665,6782,6844
7464,8694,8706
9520,6793,7008
5664,6789,6854
7463,8694,8706
9519,6786,6994
5663,6796,6863
7462,8694,8706
9518,6780,6980
5662,6803,6874
7461,8694,8706
9517,6773,6966
5675,6721,6766
7474,8695,8705
9530,6877,7070
5661,6811,6885
7460,8694,8706
9516,6767,6953
5660,6819,6896
7459,8694,8706
9515,6761,6941
5659,6827,6909
7458,8694,8706
9514,6756,6928
5683,6680,6715
7482,8699,8701
5658,6835,6922
7457,8694,8706
9513,6750,6917
5682,6685,6721
7481,8698,8702
5657,6844,6937
7456,8694,8706
9512,6744,6906
5681,6690,6727
7480,8697,8703
5656,6853,6953
7455,8695,8706
9511,6739,6895
5680,6695,6733
9535,6968,7008
7479,8697,8703
5655,6863,6973
7454,8695,8706
9510,6734,6884
5679,6700,6739
9534,6937,7034
7478,8696,8704
5654,6873,6996
7453,8695,8705
9509,6729,6874
5678,6705,6746
9533,6917,7049
7477,8696,8704
5653,6884,7029
7452,8695,8705
9508,6724,6864
5677,6710,6752
9532,6902,7058
7476,8695,8704
5652,6896,7133
7451,8695,8705
9507,6719,6855
5676,6716,6759
9531,6889,7065
7475,8695,8705
9476,6603,6636
9500,6686,6795
7444,8699,8702
9475,6601,6629
9499,6682,6787
7443,8700,8700
9474,6599,6622
9473,6598,6615
9472,6598,6607
7523,9727,9733
7524,9727,9733
7525,9727,9732
7526,9728,9732
7527,9729,9731
7522,9727,9733
7521,9727,9733
7520,9727,9732
7519,9727,9732
7518,9728,9731
7517,9729,9730
