8756,8271,8276
8757,8269,8275
8758,8268,8274
8759,8267,8273
8760,8266,8272
8761,8265,8272
8762,8264,8271
8763,8262,8270
8764,8261,8269
8765,8260,8268
8766,8259,8267
8767,8258,8266
8768,8257,8266
8769,8256,8265
8770,8255,8264
8771,8253,8263
8772,8252,8262
8773,8251,8261
8774,8250,8260
8775,8249,8259
8776,8248,8258
8777,8247,8257
8778,8245,8257
8779,8244,8256
8780,8243,8255
8781,8242,8254
8782,8241,8253
8783,8240,8252
8784,8239,8251
8785,8238,8250
8786,8236,8249
8787,8235,8248
8788,8234,8247
8789,8233,8246
8790,8232,8245
8791,8231,8244
8792,8230,8243
8793,8228,8243
8794,8227,8242
8795,8226,8241
8796,8225,8240
8797,8224,8239
8798,8223,8238
8799,8222,8237
8800,8220,8236
8801,8219,8235
8802,8218,8234
8803,8217,8233
8804,8216,8232
8805,8215,8231
8806,8213,8230
8807,8212,8229
8808,8211,8228
8809,8210,8227
8810,8209,8226
8811,8208,8225
8812,8206,8224
8813,8205,8223
8814,8204,8222
8815,8203,8221
8816,8202,8220
8817,8201,8219
8818,8199,8218
8819,8198,8217
8820,8197,8216
8821,8196,8215
8822,8195,8214
8823,8194,8213
8824,8192,8212
8825,8191,8211
8826,8190,8210
8827,8189,8209
8828,8188,8207
8829,8186,8206
8830,8185,8205
8831,8184,8204
8832,8183,8203
8833,8182,8202
8834,8180,8201
8835,8179,8200
8836,8178,8199
8837,8177,8198
8838,8176,8197
8839,8174,8196
8840,8173,8195
8841,8172,8194
8842,8171,8193
8843,8169,8192
9005,7948,7976
9004,7950,7978
9003,7951,7979
9002,7953,7981
9001,7954,7983
9000,7956,7984
8999,7957,7986
8998,7959,7988
8997,7960,7989
8996,7962,7991
8995,7963,7993
8994,7965,7994
8993,7966,7996
8992,7968,7997
8991,7969,7999
8990,7970,8001
8989,7972,8002
8988,7973,8004
8987,7975,8005
8986,7976,8007
8985,7978,8009
8984,7979,8010
8983,7981,8012
8982,7982,8013
8981,7984,8015
8980,7985,8016
8979,7987,8018
8978,7988,8019
8977,7990,8021
8976,7991,8022
8975,7992,8024
8974,7994,8025
8973,7995,8027
8972,7997,8028
8971,7998,8030
8970,8000,8031
8969,8001,8033
8968,8003,8034
8967,8004,8036
8966,8005,8037
8965,8007,8039
8964,8008,8040
8963,8010,8042
8962,8011,8043
8961,8013,8045
8960,8014,8046
8959,8016,8048
8958,8017,8049
8957,8018,8050
8956,8020,8052
8955,8021,8053
8954,8023,8055
8953,8024,8056
8952,8026,8057
8951,8027,8059
8950,8028,8060
8949,8030,8062
8948,8031,8063
8947,8033,8064
8946,8034,8066
8945,8035,8067
8944,8037,8069
8943,8038,8070
8942,8040,8071
8941,8041,8073
8940,8042,8074
9006,7947,7974
5450,6459,6469
8752,8275,8279
5506,6304,6330
8847,8165,8187
8751,8277,8279
5505,6305,6335
8846,8166,8188
8750,8278,8280
5504,6305,6339
8845,8167,8189
8749,8279,8281
5503,6306,6343
8844,8168,8191
8748,8281,8281
5502,6308,6346
5501,6309,6350
5500,6310,6353
5499,6312,6357
5498,6313,6360
5497,6315,6364
5496,6317,6367
5495,6318,6370
5494,6320,6374
5493,6322,6377
5492,6324,6380
5491,6326,6383
5478,6355,6421
5479,6352,6419
5480,6350,6416
5481,6348,6413
5482,6345,6410
5483,6343,6407
5484,6341,6404
5485,6338,6402
5486,6336,6399
5487,6334,6396
5488,6332,6393
5489,6330,6389
5490,6328,6386
8753,8274,8278
5507,6303,6326
8848,8163,8186
8754,8273,8277
5508,6304,6321
8849,8162,8185
8755,8272,8276
5509,6305,6315
8850,8161,8184
5477,6357,6424
5476,6360,6427
5475,6363,6430
5474,6365,6432
7637,9684,9685
5473,6368,6435
7636,9683,9686
5472,6371,6437
7635,9683,9687
5471,6374,6440
7634,9682,9687
5470,6376,6442
7633,9683,9688
5469,6379,6445
7632,9683,9688
5468,6382,6447
7631,9683,9688
5467,6385,6450
7630,9684,9687
5466,6388,6452
5465,6392,6454
5464,6395,6456
5463,6398,6458
5462,6402,6460
5461,6405,6462
5460,6409,6464
5459,6412,6466
5458,6416,6467
5457,6420,6469
5456,6424,6470
5455,6429,6471
5454,6433,6472
5453,6438,6473
5452,6444,6473
5451,6450,6472
9007,7946,7973
9008,7944,7971
9009,7943,7969
9010,7941,7967
9011,7940,7966
9012,7938,7964
9013,7937,7962
9014,7935,7960
9015,7934,7959
9016,7932,7957
9017,7931,7955
9018,7930,7953
9019,7928,7951
9020,7927,7949
9021,7925,7948
9022,7924,7946
9023,7922,7944
9024,7921,7942
9025,7920,7940
9026,7918,7938
9027,7917,7936
9028,7916,7934
9029,7914,7932
9030,7913,7930
9031,7912,7928
9032,7910,7926
9033,7909,7924
9034,7908,7922
9035,7907,7919
9036,7906,7917
9037,7905,7915
9038,7904,7912
9039,7903,7910
9040,7902,7907
8939,8044,8075
8938,8045,8077
8937,8047,8078
8936,8048,8080
8935,8049,8081
8934,8051,8082
8933,8052,8084
8932,8054,8085
8931,8055,8086
8930,8056,8088
8929,8058,8089
8928,8059,8090
8927,8061,8092
8926,8062,8093
8925,8063,8094
8924,8065,8095
8923,8066,8097
8922,8067,8098
8921,8069,8099
8920,8070,8101
8919,8071,8102
8918,8073,8103
8917,8074,8105
8916,8076,8106
8915,8077,8107
8914,8078,8108
8913,8080,8110
8912,8081,8111
8911,8082,8112
8910,8084,8113
8909,8085,8115
8908,8086,8116
8907,8088,8117
8906,8089,8118
8905,8090,8120
8904,8092,8121
8903,8093,8122
8902,8094,8123
8901,8096,8125
8900,8097,8126
8899,8098,8127
8898,8100,8128
8897,8101,8130
8896,8102,8131
8895,8104,8132
8894,8105,8133
8893,8106,8134
8892,8108,8136
8891,8109,8137
8890,8110,8138
8889,8111,8139
8888,8113,8140
8887,8114,8142
8886,8115,8143
8885,8117,8144
8884,8118,8145
8883,8119,8146
8882,8121,8148
8881,8122,8149
8880,8123,8150
8879,8124,8151
8878,8126,8152
8877,8127,8153
8876,8128,8155
8875,8130,8156
8874,8131,8157
8873,8132,8158
8872,8133,8159
8871,8135,8160
8870,8136,8162
8869,8137,8163
8868,8138,8164
8867,8140,8165
8866,8141,8166
8865,8142,8167
8864,8143,8168
8863,8145,8170
8862,8146,8171
8861,8147,8172
8860,8148,8173
8859,8150,8174
8858,8151,8175
8857,8152,8176
8856,8153,8177
8855,8155,8178
8854,8156,8180
8853,8157,8181
8852,8158,8182
8851,8160,8183
