5662,6514,6522
5663,6509,6520
5664,6504,6519
5665,6499,6516
5666,6494,6514
5667,6490,6512
5668,6486,6509
5669,6482,6507
5670,6478,6504
5671,6474,6501
5672,6470,6499
5673,6466,6496
5674,6463,6493
5675,6459,6490
5676,6455,6487
5677,6452,6485
5678,6448,6482
5679,6445,6479
5680,6441,6476
5681,6438,6474
5682,6434,6471
5683,6431,6468
5684,6428,6465
5685,6424,6462
5686,6421,6459
5687,6418,6457
5688,6415,6454
5689,6412,6451
5690,6408,6448
5691,6405,6446
5692,6402,6443
5693,6399,6440
5694,6396,6437
5695,6393,6435
5696,6390,6432
5697,6387,6429
5698,6384,6426
5699,6381,6424
5700,6378,6421
5701,6375,6418
5702,6372,6415
5703,6370,6413
5704,6367,6410
5705,6364,6407
5706,6361,6405
5707,6358,6402
5708,6355,6399
5709,6353,6397
5710,6350,6394
5711,6347,6392
5712,6344,6389
5713,6342,6386
5714,6339,6384
5715,6336,6381
5716,6334,6379
5717,6331,6376
5718,6328,6373
5719,6326,6371
5720,6323,6368
5721,6320,6366
5722,6318,6363
5723,6315,6361
5724,6313,6358
5725,6310,6356
5726,6308,6353
5727,6305,6351
5728,6303,6348
5729,6300,6346
5730,6298,6343
5731,6295,6341
5732,6293,6338
5733,6290,6336
5734,6288,6334
5735,6285,6331
5736,6283,6329
5737,6280,6326
5738,6278,6324
5739,6276,6321
5740,6273,6319
5741,6271,6317
5742,6268,6314
5743,6266,6312
5744,6264,6310
5745,6261,6307
5746,6259,6305
5747,6257,6303
5748,6254,6300
5749,6252,6298
5750,6250,6296
5751,6248,6293
5752,6245,6291
5753,6243,6289
5754,6241,6286
5755,6239,6284
5756,6236,6282
5757,6234,6280
5758,6232,6277
5759,6230,6275
5760,6227,6273
5761,6225,6271
5762,6223,6268
5763,6221,6266
5764,6219,6264
5765,6216,6262
5766,6214,6260
5767,6212,6257
5768,6210,6255
5769,6208,6253
5770,6206,6251
5771,6204,6249
5772,6202,6246
5773,6199,6244
5774,6197,6242
5775,6195,6240
5776,6193,6238
5777,6191,6236
5778,6189,6234
5779,6187,6231
5780,6185,6229
5781,6183,6227
5782,6181,6225
5783,6179,6223
5784,6177,6221
5785,6175,6219
5786,6173,6217
5787,6171,6215
5788,6169,6213
5789,6167,6211
5790,6165,6208
5791,6163,6206
5792,6161,6204
5793,6159,6202
5794,6157,6200
5795,6155,6198
5796,6153,6196
5797,6151,6194
5798,6149,6192
5799,6147,6190
5800,6145,6188
5801,6143,6186
5802,6141,6184
5803,6139,6182
5804,6137,6180
5805,6135,6178
5806,6133,6176
5807,6132,6174
5808,6130,6172
5809,6128,6170
5810,6126,6168
5811,6124,6167
5812,6122,6165
5813,6120,6163
5814,6118,6161
5815,6117,6159
5816,6115,6157
5817,6113,6155
5818,6111,6153
5819,6109,6151
5820,6107,6149
5821,6105,6147
5822,6104,6145
5823,6102,6144
5824,6100,6142
5825,6098,6140
5826,6096,6138
5827,6095,6136
5828,6093,6134
5829,6091,6132
5830,6089,6130
5831,6087,6129
5832,6086,6127
5833,6084,6125
5834,6082,6123
5835,6080,6121
5836,6079,6119
5837,6077,6118
5838,6075,6116
5839,6073,6114
5840,6072,6112
5841,6070,6110
5842,6068,6109
5843,6067,6107
5844,6065,6105
5845,6063,6103
5846,6061,6101
5847,6060,6100
6345,5509,5509
6344,5509,5510
6343,5510,5511
6058,5769,5793
6057,5770,5795
6056,5771,5796
6055,5772,5797
6054,5773,5798
6053,5774,5799
6052,5775,5801
6005,5831,5860
6004,5833,5861
6003,5834,5862
6002,5835,5864
6001,5836,5865
6000,5837,5866
5999,5839,5868
5998,5840,5869
5997,5841,5870
5996,5843,5871
5995,5844,5873
5994,5845,5874
5993,5846,5875
5992,5848,5877
5991,5849,5878
5990,5850,5879
5989,5851,5881
5988,5853,5882
5987,5854,5884
5986,5855,5885
5985,5856,5886
5984,5858,5888
5983,5859,5889
5982,5860,5890
5981,5862,5892
5980,5863,5893
5979,5864,5894
5978,5865,5896
5977,5867,5897
5976,5868,5898
5975,5869,5900
5974,5871,5901
5973,5872,5903
5972,5873,5904
5971,5875,5905
5970,5876,5907
7593,8688,8690
5969,5877,5908
7592,8687,8691
5968,5879,5910
7591,8686,8692
5967,5880,5911
7590,8686,8692
5966,5881,5912
7589,8685,8693
5965,5883,5914
7588,8685,8693
5964,5884,5915
7587,8685,8693
5963,5885,5917
7586,8684,8694
5962,5887,5918
7585,8684,8694
5961,5888,5919
7584,8684,8694
5960,5889,5921
7583,8684,8694
5959,5891,5922
7582,8683,8694
5958,5892,5924
7581,8683,8695
5957,5893,5925
7580,8683,8695
5956,5895,5926
7579,8683,8695
5955,5896,5928
7578,8683,8695
5954,5897,5929
7577,8683,8695
5953,5899,5931
7576,8683,8695
5952,5900,5932
7575,8683,8695
5951,5901,5934
7574,8683,8695
5950,5903,5935
7573,8683,8695
5949,5904,5936
7572,8683,8695
5948,5906,5938
7571,8683,8695
5947,5907,5939
7570,8683,8695
5946,5908,5941
7569,8683,8695
5945,5910,5942
7568,8683,8695
5944,5911,5944
7567,8683,8695
5943,5912,5945
7566,8683,8694
5942,5914,5947
7565,8684,8694
5941,5915,5948
7564,8684,8694
5940,5917,5950
7563,8684,8694
5939,5918,5951
7562,8684,8694
5938,5919,5952
7561,8685,8693
5937,5921,5954
7560,8685,8693
5936,5922,5955
7559,8685,8692
5935,5924,5957
7558,8686,8692
7558,9725,9726
5934,5925,5958
7557,8686,8691
7557,9723,9727
5933,5926,5960
7556,8687,8691
7556,9723,9727
5932,5928,5961
7555,8689,8689
7555,9723,9728
5931,5929,5963
7554,9722,9728
5930,5931,5964
7553,9722,9728
5929,5932,5966
7552,9722,9728
6006,5830,5858
7548,9725,9726
5925,5938,5972
5897,5979,6015
6007,5829,5857
7549,9724,9727
5926,5936,5970
5898,5978,6014
6008,5828,5856
7550,9723,9728
5927,5935,5969
5899,5976,6012
6009,5826,5854
7551,9723,9728
5928,5934,5967
5900,5975,6011
6010,5825,5853
5901,5973,6009
6011,5824,5852
5902,5972,6007
6012,5823,5851
5903,5970,6006
6013,5821,5849
5904,5969,6004
6014,5820,5848
5905,5967,6003
6015,5819,5847
5906,5966,6001
6016,5818,5845
5907,5964,6000
5848,6058,6098
6017,5817,5844
5908,5963,5998
5849,6056,6096
6018,5815,5843
5909,5961,5996
5850,6055,6094
6019,5814,5842
5910,5960,5995
5851,6053,6092
6020,5813,5840
5911,5958,5993
5852,6051,6091
6021,5812,5839
5912,5957,5992
5853,6049,6089
6022,5811,5838
5913,5955,5990
6045,5783,5809
6044,5785,5810
6043,5786,5812
6042,5787,5813
6041,5788,5814
6040,5789,5815
6039,5790,5816
6038,5792,5818
6037,5793,5819
6036,5794,5820
6035,5795,5821
6034,5796,5823
6033,5797,5824
5924,5939,5973
6046,5782,5808
6047,5781,5807
6048,5780,5805
6049,5779,5804
6050,5778,5803
6051,5777,5802
6032,5799,5825
5923,5941,5975
6031,5800,5826
5922,5942,5976
6030,5801,5828
5921,5944,5978
5860,6038,6077
6029,5802,5829
5920,5945,5979
5859,6039,6078
6028,5803,5830
5919,5946,5981
5858,6041,6080
6027,5805,5831
5918,5948,5983
5857,6043,6082
6026,5806,5833
5917,5949,5984
5856,6044,6084
6025,5807,5834
5916,5951,5986
5855,6046,6085
6024,5808,5835
5915,5952,5987
5854,6048,6087
6023,5809,5836
5914,5954,5989
5861,6036,6075
5862,6035,6073
5863,6033,6072
5864,6031,6070
5865,6030,6068
5866,6028,6066
5867,6026,6065
5868,6025,6063
5869,6023,6061
5870,6021,6060
5871,6020,6058
5872,6018,6056
5873,6017,6055
5874,6015,6053
5875,6013,6051
5876,6012,6050
5877,6010,6048
5878,6009,6046
5879,6007,6045
5880,6006,6043
5881,6004,6041
5882,6002,6040
5883,6001,6038
5884,5999,6036
5885,5998,6035
5886,5996,6033
5887,5995,6031
5888,5993,6030
5889,5991,6028
5890,5990,6027
5891,5988,6025
5892,5987,6023
5893,5985,6022
5894,5984,6020
5895,5982,6019
5896,5981,6017
6059,5767,5792
6060,5766,5791
6061,5765,5790
6062,5764,5789
6063,5763,5787
6064,5762,5786
6065,5761,5785
6066,5760,5784
6067,5758,5783
6068,5757,5781
6069,5756,5780
6070,5755,5779
6071,5754,5778
6072,5753,5777
6073,5752,5776
6074,5751,5774
6075,5750,5773
6076,5749,5772
6077,5747,5771
6078,5746,5770
6079,5745,5769
6080,5744,5767
6081,5743,5766
6082,5742,5765
6083,5741,5764
6084,5740,5763
6085,5739,5762
6086,5738,5761
6087,5737,5759
6088,5735,5758
6089,5734,5757
6090,5733,5756
6091,5732,5755
6092,5731,5754
6093,5730,5753
6094,5729,5751
6095,5728,5750
6096,5727,5749
6097,5726,5748
6098,5725,5747
6099,5724,5746
6100,5723,5745
6101,5722,5744
6102,5721,5742
6103,5719,5741
6104,5718,5740
6105,5717,5739
6106,5716,5738
6107,5715,5737
6108,5714,5736
6109,5713,5735
6110,5712,5733
6111,5711,5732
6112,5710,5731
6113,5709,5730
6114,5708,5729
6115,5707,5728
6116,5706,5727
6117,5705,5726
6118,5704,5725
6119,5703,5724
6120,5702,5722
6121,5701,5721
6122,5700,5720
6123,5699,5719
6124,5698,5718
6125,5697,5717
6126,5696,5716
6127,5695,5715
6128,5694,5714
6129,5693,5713
6130,5692,5712
6131,5691,5711
6132,5690,5710
6133,5689,5708
6134,5688,5707
6135,5687,5706
6136,5686,5705
6137,5685,5704
6138,5684,5703
6139,5683,5702
6140,5682,5701
6141,5681,5700
6142,5680,5699
6143,5679,5698
6144,5678,5697
6145,5677,5696
6146,5676,5695
6147,5675,5694
6148,5674,5693
6149,5673,5692
6150,5672,5690
6151,5671,5689
6152,5670,5688
6153,5669,5687
6154,5668,5686
6155,5667,5685
6156,5666,5684
6157,5665,5683
6158,5664,5682
6159,5663,5681
6160,5662,5680
6161,5661,5679
6162,5660,5678
6163,5659,5677
6164,5658,5676
6165,5657,5675
6166,5656,5674
6167,5655,5673
6168,5654,5672
6169,5653,5671
6170,5652,5670
6171,5652,5669
6172,5651,5668
6173,5650,5667
6174,5649,5666
6175,5648,5665
6176,5647,5664
6177,5646,5663
6178,5645,5662
6179,5644,5661
6180,5643,5660
6181,5642,5659
6182,5641,5658
6183,5640,5657
6184,5639,5656
6185,5638,5655
6186,5637,5654
6187,5637,5653
6188,5636,5652
6189,5635,5651
6190,5634,5650
6191,5633,5649
6192,5632,5648
6193,5631,5647
6194,5630,5646
6195,5629,5645
6196,5628,5644
6197,5627,5643
6198,5626,5642
6199,5626,5641
6200,5625,5640
6201,5624,5639
6202,5623,5638
6203,5622,5637
6204,5621,5636
6205,5620,5635
6206,5619,5634
6207,5618,5633
6208,5617,5632
6209,5617,5631
6210,5616,5630
6211,5615,5629
6212,5614,5628
6213,5613,5627
6214,5612,5626
6215,5611,5625
6216,5610,5625
6217,5609,5624
6218,5609,5623
6219,5608,5622
6220,5607,5621
6221,5606,5620
6222,5605,5619
6223,5604,5618
6224,5603,5617
6225,5602,5616
6226,5602,5615
6227,5601,5614
6228,5600,5613
6229,5599,5612
6230,5598,5611
6231,5597,5610
6232,5596,5609
6233,5595,5608
6234,5595,5608
6235,5594,5607
6236,5593,5606
6237,5592,5605
6238,5591,5604
6239,5590,5603
6240,5589,5602
6241,5589,5601
6242,5588,5600
6243,5587,5599
6244,5586,5598
6245,5585,5597
6246,5584,5596
6247,5584,5595
6248,5583,5595
6249,5582,5594
6250,5581,5593
6251,5580,5592
6252,5579,5591
6253,5578,5590
6254,5578,5589
6255,5577,5588
6256,5576,5587
6257,5575,5586
6258,5574,5585
6259,5573,5585
6260,5573,5584
6261,5572,5583
6262,5571,5582
6263,5570,5581
6264,5569,5580
6265,5569,5579
6266,5568,5578
6267,5567,5577
6268,5566,5576
6269,5565,5576
6270,5564,5575
6271,5564,5574
6272,5563,5573
6273,5562,5572
6274,5561,5571
6275,5560,5570
6276,5560,5569
6277,5559,5568
6278,5558,5567
6279,5557,5567
6280,5556,5566
6281,5556,5565
6282,5555,5564
6283,5554,5563
6284,5553,5562
6285,5552,5561
6286,5552,5560
6287,5551,5560
6288,5550,5559
6289,5549,5558
6290,5548,5557
6291,5548,5556
6292,5547,5555
6293,5546,5554
6294,5545,5553
6295,5545,5553
6296,5544,5552
6297,5543,5551
6298,5542,5550
6299,5541,5549
6300,5541,5548
6301,5540,5547
6302,5539,5546
6303,5538,5546
6304,5538,5545
6305,5537,5544
6306,5536,5543
6307,5535,5542
6308,5535,5541
6309,5534,5540
6310,5533,5540
6311,5532,5539
6312,5532,5538
6313,5531,5537
6314,5530,5536
6315,5529,5535
6316,5529,5534
6317,5528,5533
6318,5527,5533
6319,5526,5532
6320,5526,5531
6321,5525,5530
6322,5524,5529
6323,5523,5528
6324,5523,5527
6325,5522,5527
6326,5521,5526
6327,5521,5525
6328,5520,5524
6329,5519,5523
6330,5518,5522
6331,5518,5521
6332,5517,5521
6333,5516,5520
6334,5516,5519
6335,5515,5518
6336,5514,5517
6337,5514,5516
6338,5513,5515
6339,5512,5514
6340,5512,5513
6341,5511,5513
6342,5510,5512
