5910,7930,7933
5911,7931,7935
5912,7932,7938
5913,7934,7940
5914,7935,7943
5915,7937,7945
5916,7938,7947
5917,7940,7949
5918,7941,7952
5919,7943,7954
5920,7944,7956
5921,7946,7958
5922,7948,7960
5923,7949,7962
5924,7951,7965
5925,7953,7967
5926,7954,7969
5927,7956,7971
5928,7957,7973
5929,7959,7975
5930,7961,7977
5931,7962,7979
5932,7964,7981
5933,7966,7983
5934,7967,7985
5935,7969,7987
5936,7971,7989
5937,7972,7991
5938,7974,7993
5939,7976,7995
5940,7977,7997
5941,7979,7999
5942,7980,8000
5943,7982,8002
5944,7984,8004
5945,7985,8006
5946,7987,8008
5947,7989,8010
5948,7990,8012
5949,7992,8014
5950,7993,8015
5951,7995,8017
5952,7997,8019
5953,7998,8021
5954,8000,8023
5955,8002,8025
5956,8003,8027
5957,8005,8028
5958,8006,8030
5959,8008,8032
5960,8010,8034
5961,8011,8036
5962,8013,8037
5963,8014,8039
5964,8016,8041
5965,8017,8043
5966,8019,8044
5967,8021,8046
5968,8022,8048
5969,8024,8050
5970,8025,8051
5971,8027,8053
5972,8028,8055
5973,8030,8057
5974,8032,8058
5975,8033,8060
5976,8035,8062
5977,8036,8063
5978,8038,8065
5979,8039,8067
5980,8041,8068
5981,8042,8070
5982,8044,8072
5983,8046,8074
5984,8047,8075
5985,8049,8077
5986,8050,8078
5987,8052,8080
5988,8053,8082
5989,8055,8083
5990,8056,8085
5991,8058,8087
5992,8059,8088
5993,8061,8090
5994,8062,8092
5995,8064,8093
5996,8065,8095
5997,8067,8096
5998,8068,8098
5999,8070,8100
6000,8071,8101
6001,8073,8103
6002,8074,8104
6003,8076,8106
6004,8077,8108
6005,8079,8109
6006,8080,8111
6007,8082,8112
6008,8083,8114
6009,8085,8115
6010,8086,8117
6011,8087,8118
6012,8089,8120
6013,8090,8122
6014,8092,8123
6015,8093,8125
6016,8095,8126
6017,8096,8128
6018,8098,8129
6019,8099,8131
6020,8101,8132
6021,8102,8134
6022,8103,8135
6023,8105,8137
6024,8106,8138
6025,8108,8140
6026,8109,8141
6027,8111,8143
6028,8112,8144
6029,8113,8146
6030,8115,8147
6031,8116,8149
6032,8118,8150
6033,8119,8151
6034,8120,8153
6035,8122,8154
6036,8123,8156
6037,8125,8157
6038,8126,8159
6039,8127,8160
6040,8129,8162
6041,8130,8163
6042,8132,8164
6043,8133,8166
6044,8134,8167
6045,8136,8169
6046,8137,8170
6047,8139,8171
6048,8140,8173
6049,8141,8174
6050,8143,8176
6051,8144,8177
6052,8145,8178
6053,8147,8180
6054,8148,8181
6055,8149,8183
6056,8151,8184
6057,8152,8185
6058,8154,8187
6059,8155,8188
6060,8156,8189
6061,8158,8191
6062,8159,8192
6063,8160,8193
6064,8162,8195
6065,8163,8196
6066,8164,8198
6067,8166,8199
6068,8167,8200
6069,8168,8202
6070,8170,8203
6071,8171,8204
6072,8172,8205
6073,8174,8207
6074,8175,8208
6075,8176,8209
6076,8178,8211
6077,8179,8212
6078,8180,8213
6079,8182,8215
6080,8183,8216
6081,8184,8217
6082,8185,8219
6083,8187,8220
6084,8188,8221
6085,8189,8222
6086,8191,8224
6087,8192,8225
6088,8193,8226
6089,8195,8227
6090,8196,8229
6091,8197,8230
6092,8198,8231
6093,8200,8232
6222,8360,8363
6221,8358,8363
6220,8357,8362
6219,8355,8362
6218,8354,8361
6217,8352,8361
6216,8351,8360
6215,8349,8359
6214,8348,8359
6213,8347,8358
6212,8346,8357
6211,8344,8356
6210,8343,8356
6209,8342,8355
6208,8340,8354
6207,8339,8353
6206,8338,8353
6205,8337,8352
6204,8335,8351
6203,8334,8350
6202,8333,8349
6201,8332,8348
6200,8330,8348
6199,8329,8347
6198,8328,8346
6197,8327,8345
6196,8326,8344
6195,8324,8343
6194,8323,8342
6193,8322,8341
6192,8321,8340
5769,6564,6567
5768,6563,6575
5767,6565,6581
5766,6566,6587
5765,6569,6593
5764,6571,6598
5763,6573,6603
5762,6576,6609
5761,6579,6614
5760,6581,6619
5759,6584,6624
5758,6587,6629
5757,6590,6635
5756,6593,6640
5755,6596,6645
5754,6600,6650
5753,6603,6656
5752,6606,6661
9594,7092,7125
9593,7064,7154
9592,7049,7171
9591,7037,7184
9590,7028,7195
9589,7020,7205
9588,7014,7213
9587,7009,7221
9586,7004,7228
9585,7001,7234
9584,6999,7240
9583,6997,7245
9582,6997,7250
9581,6998,7255
9580,7001,7259
9579,7005,7263
5695,6961,7122
7494,9727,9733
5696,6943,7141
7495,9727,9732
5724,6721,6845
7347,8707,8719
5697,6927,7157
7496,9728,9732
5725,6716,6836
7348,8706,8719
5698,6913,7171
7497,9728,9732
5726,6711,6828
7349,8706,8719
5699,6900,7183
7498,9730,9730
5727,6706,6820
7350,8706,8719
5700,6889,7194
5728,6701,6812
7351,8706,8719
9577,7023,7268
5750,6613,6672
7373,8710,8715
9576,7038,7270
5749,6616,6677
7372,8709,8715
9575,7058,7272
5748,6620,6683
7371,8709,8716
9574,7084,7272
5747,6623,6688
7370,8709,8716
9573,7112,7272
5746,6627,6694
7369,8708,8717
9572,7142,7270
5745,6631,6700
7368,8708,8717
9571,7174,7265
5744,6634,6706
7367,8708,8717
7493,9726,9733
5694,6986,7098
9570,7214,7251
5743,6638,6711
7366,8707,8718
5742,6642,6717
7365,8707,8718
5701,6878,7205
5729,6697,6804
7352,8706,8719
5702,6868,7214
5730,6692,6797
7353,8706,8719
5703,6859,7224
5731,6688,6789
7354,8706,8719
5704,6850,7232
5732,6683,6782
7355,8706,8719
5733,6679,6775
7356,8706,8719
5734,6674,6768
7357,8706,8719
5735,6670,6761
7358,8706,8719
5736,6666,6755
7359,8707,8719
5737,6662,6748
7360,8707,8719
5738,6658,6742
7361,8707,8719
5739,6654,6736
7362,8707,8718
5741,6646,6723
7364,8707,8718
5740,6650,6729
7363,8707,8718
5722,6731,6863
7345,8707,8719
5721,6737,6873
7344,8707,8719
5720,6742,6883
7343,8707,8719
5719,6747,6893
7342,8707,8719
5718,6753,6904
5718,7298,7315
7341,8707,8719
5717,6759,6916
5717,7282,7313
7340,8708,8719
5716,6765,6929
5716,7267,7309
7339,8708,8719
5715,6771,6943
5715,7252,7305
7338,8708,8718
5714,6777,6958
5714,7236,7300
7337,8708,8718
5713,6783,6975
5713,7218,7295
7336,8708,8718
5712,6790,6995
5712,7197,7289
7335,8709,8718
5711,6796,7020
5711,7171,7283
7334,8709,8717
5710,6803,7059
5710,7131,7277
7333,8709,8717
5709,6810,7270
7332,8710,8717
5708,6818,7263
7331,8710,8716
5707,6825,7256
7330,8711,8716
5706,6833,7249
7329,8712,8715
5705,6841,7241
7328,8713,8714
5751,6610,6666
7374,8711,8714
7346,8707,8719
5723,6726,6854
9578,7013,7266
7492,9726,9733
7491,9726,9732
7490,9727,9732
7489,9727,9731
7488,9728,9731
6094,8201,8234
6095,8202,8235
6096,8204,8236
6097,8205,8237
6098,8206,8239
6099,8207,8240
6100,8209,8241
6101,8210,8242
6102,8211,8244
6103,8212,8245
6104,8214,8246
6105,8215,8247
6106,8216,8248
6107,8218,8250
6108,8219,8251
6109,8220,8252
6110,8221,8253
6111,8223,8254
6112,8224,8256
6113,8225,8257
6114,8226,8258
6115,8228,8259
6116,8229,8260
6117,8230,8262
6118,8231,8263
6119,8233,8264
6120,8234,8265
6121,8235,8266
6122,8236,8267
6123,8238,8269
6124,8239,8270
6125,8240,8271
6126,8241,8272
6127,8242,8273
6128,8244,8274
6129,8245,8275
6130,8246,8277
6131,8247,8278
6132,8249,8279
6133,8250,8280
6134,8251,8281
6135,8252,8282
6136,8254,8283
6137,8255,8284
6138,8256,8286
6139,8257,8287
6140,8258,8288
6141,8260,8289
6142,8261,8290
6143,8262,8291
6144,8263,8292
6145,8264,8293
6146,8266,8294
6147,8267,8295
6148,8268,8297
6149,8269,8298
6150,8271,8299
6151,8272,8300
6152,8273,8301
6153,8274,8302
6154,8275,8303
6155,8277,8304
6156,8278,8305
6157,8279,8306
6158,8280,8307
6159,8281,8308
6160,8283,8309
6161,8284,8310
6162,8285,8311
6163,8286,8312
6164,8287,8313
6165,8289,8314
6166,8290,8315
6167,8291,8316
6168,8292,8317
6169,8293,8318
6170,8295,8319
6171,8296,8320
6172,8297,8321
6173,8298,8322
6174,8299,8323
6175,8300,8324
6176,8302,8325
6177,8303,8326
6178,8304,8327
6179,8305,8328
6180,8306,8329
6181,8308,8330
6182,8309,8331
6183,8310,8332
6184,8311,8333
6185,8312,8334
6186,8314,8335
6187,8315,8336
6188,8316,8337
6189,8317,8338
6190,8318,8339
6191,8320,8340
