6524,8578,8580
6525,8577,8581
6526,8577,8583
6527,8578,8584
6528,8578,8585
6529,8578,8586
6530,8578,8587
6531,8578,8588
6532,8579,8589
6533,8579,8589
6534,8579,8590
6535,8580,8591
6536,8580,8592
6537,8580,8593
7186,8723,8735
6645,8633,8655
7185,8723,8735
6644,8632,8654
7184,8723,8735
6643,8632,8654
7183,8723,8734
6642,8631,8653
7182,8723,8734
6641,8630,8653
7181,8723,8734
6640,8630,8653
7180,8724,8734
6639,8629,8652
7179,8724,8734
6638,8629,8652
7178,8724,8734
6637,8628,8651
7177,8724,8734
6636,8628,8651
7176,8725,8733
6635,8627,8650
7175,8725,8733
6634,8627,8650
7174,8725,8733
6633,8626,8650
7173,8725,8733
6632,8626,8649
7172,8726,8732
6631,8625,8649
7171,8726,8732
6630,8625,8648
7170,8727,8731
6629,8624,8648
7169,8727,8731
6628,8624,8647
7168,8728,8730
6627,8623,8647
7167,8729,8729
6626,8623,8646
6625,8622,8646
6624,8622,8645
6623,8621,8645
6622,8621,8645
6621,8620,8644
6620,8620,8644
6619,8619,8643
6618,8619,8643
6617,8618,8642
6616,8618,8642
6615,8617,8641
7187,8722,8735
6646,8633,8655
5757,6849,6888
7188,8722,8735
6647,8634,8655
5758,6834,6892
7189,8722,8735
6648,8634,8656
5759,6823,6892
7190,8722,8735
6649,8635,8656
5760,6812,6891
9615,7329,7359
7191,8722,8735
6650,8635,8656
5761,6803,6888
9616,7311,7366
7192,8722,8735
6651,8636,8657
5762,6795,6885
9617,7297,7369
5763,6787,6881
9618,7284,7370
5764,6779,6877
9619,7272,7370
5765,6772,6873
9620,7262,7369
5766,6765,6868
9621,7252,7368
5767,6758,6863
9622,7242,7366
6538,8581,8594
5768,6752,6857
7459,9723,9726
9623,7233,7365
6539,8581,8594
5769,6746,6852
7460,9722,9727
9624,7224,7362
6540,8582,8595
5770,6740,6847
7461,9722,9728
9625,7216,7360
6541,8582,8596
5771,6734,6841
7462,9722,9728
9626,7209,7357
6542,8582,8597
5772,6729,6835
7463,9722,9728
9627,7202,7354
6543,8583,8598
5773,6723,6830
7464,9722,9728
9628,7195,7350
6544,8583,8598
5774,6718,6824
7465,9722,9729
9629,7189,7346
6545,8584,8599
5775,6713,6818
7466,9723,9728
9630,7184,7343
6546,8584,8600
5776,6708,6813
7467,9723,9728
9631,7179,7338
6547,8585,8601
5777,6703,6807
7468,9724,9728
9632,7175,7334
6548,8585,8601
5778,6698,6801
7469,9725,9727
9633,7172,7329
6549,8585,8602
5779,6694,6795
9634,7169,7324
6550,8586,8603
5780,6689,6790
9635,7167,7318
6551,8586,8604
5781,6685,6784
9636,7166,7313
6552,8587,8604
5782,6680,6778
9637,7166,7306
6553,8587,8605
5783,6676,6773
9638,7166,7299
6554,8588,8606
5784,6672,6767
9639,7168,7292
6555,8588,8606
5785,6667,6762
9640,7170,7284
6556,8589,8607
5786,6663,6756
9641,7174,7274
6557,8589,8608
5812,6580,6618
6583,8602,8624
5787,6659,6751
9642,7180,7263
6558,8590,8608
5813,6578,6613
6584,8602,8625
5788,6655,6745
9643,7190,7248
6559,8590,8609
5814,6577,6607
6585,8602,8625
5789,6651,6740
6560,8590,8610
5815,6575,6601
6586,8603,8626
5790,6648,6734
6561,8591,8610
5816,6574,6595
6587,8603,8626
5791,6644,6729
6562,8591,8611
5817,6573,6588
6588,8604,8627
5792,6640,6723
6563,8592,8612
5793,6637,6718
6564,8592,8612
5794,6633,6713
6565,8593,8613
5795,6630,6707
6566,8593,8614
5796,6626,6702
6567,8594,8614
5797,6623,6697
6568,8594,8615
5798,6619,6691
6569,8595,8616
5799,6616,6686
6570,8595,8616
5800,6613,6681
6571,8596,8617
5801,6610,6676
6572,8596,8617
5802,6607,6671
6573,8597,8618
5803,6604,6665
6574,8597,8619
5804,6601,6660
6575,8598,8619
5805,6598,6655
6576,8598,8620
5806,6595,6650
6577,8599,8621
5807,6593,6645
6578,8599,8621
5808,6590,6639
6579,8600,8622
5809,6587,6634
6580,8600,8622
5810,6585,6629
6581,8601,8623
5811,6583,6624
6582,8601,8624
7193,8722,8735
6652,8636,8657
7194,8722,8735
6653,8637,8658
7195,8722,8736
6654,8637,8658
7196,8721,8736
6655,8638,8658
7197,8721,8736
6656,8638,8659
7198,8721,8736
6657,8639,8659
7199,8721,8736
6658,8639,8659
7200,8721,8736
6659,8640,8660
7201,8721,8736
6660,8640,8660
7202,8721,8736
6661,8641,8660
7203,8721,8736
6662,8641,8661
7204,8721,8736
6663,8642,8661
7205,8721,8736
6664,8642,8662
7206,8721,8736
6665,8643,8662
7207,8721,8736
6666,8643,8662
7208,8721,8736
6667,8644,8662
7209,8721,8736
6668,8644,8663
7210,8721,8736
6669,8645,8663
7211,8721,8736
6670,8645,8663
7212,8721,8736
6671,8646,8664
7213,8721,8736
6672,8647,8664
7214,8721,8735
6673,8647,8664
7215,8721,8735
6674,8648,8665
7216,8721,8735
6675,8648,8665
7217,8721,8735
6676,8649,8665
7218,8721,8735
6677,8649,8665
7219,8721,8735
6678,8650,8666
7220,8721,8735
6679,8650,8666
7221,8721,8735
6680,8651,8666
7222,8721,8735
6681,8651,8667
7223,8721,8735
6682,8652,8667
7224,8721,8735
6683,8653,8667
7225,8721,8734
6684,8653,8667
7226,8721,8734
6685,8654,8668
7227,8721,8734
6686,8654,8668
7228,8722,8734
6687,8655,8668
7229,8722,8734
6688,8656,8668
7230,8722,8734
6689,8656,8668
7231,8722,8733
6690,8657,8669
7232,8722,8733
6691,8657,8669
7233,8722,8733
6692,8658,8669
7234,8722,8733
6693,8659,8669
7235,8723,8733
6694,8659,8669
7236,8723,8732
6695,8660,8669
7237,8723,8732
6696,8661,8669
7238,8723,8732
6697,8661,8669
7239,8724,8731
6698,8662,8670
7240,8724,8731
6699,8663,8670
7241,8724,8731
6700,8663,8670
7242,8725,8730
6701,8664,8670
7243,8725,8729
6702,8665,8669
7244,8726,8729
6703,8666,8669
6704,8668,8668
6614,8617,8641
6613,8616,8640
6612,8616,8640
6611,8615,8639
6610,8615,8639
6609,8614,8638
6608,8614,8638
6607,8613,8637
6606,8613,8637
6605,8612,8636
6604,8612,8636
6603,8611,8635
6602,8611,8635
6601,8610,8634
6600,8610,8634
6599,8609,8633
6598,8609,8633
6597,8608,8632
6596,8608,8631
6595,8607,8631
6594,8607,8630
6593,8606,8630
6592,8606,8629
6591,8605,8629
6590,8605,8628
6589,8604,8628
