5693,6516,6518
5694,6511,6517
5695,6506,6514
5696,6502,6512
5697,6498,6509
5698,6494,6506
5699,6490,6504
5700,6486,6501
5701,6482,6498
5702,6479,6495
5703,6475,6492
5704,6471,6489
5705,6468,6486
5706,6464,6483
5707,6461,6480
5708,6458,6477
5709,6454,6475
5710,6451,6472
5711,6448,6469
5712,6444,6466
5713,6441,6463
5714,6438,6460
5715,6435,6457
5716,6431,6454
5717,6428,6451
5718,6425,6449
5719,6422,6446
5720,6419,6443
5721,6416,6440
5722,6413,6437
5723,6410,6435
5724,6407,6432
5725,6404,6429
5726,6401,6426
5727,6398,6423
5728,6395,6421
5729,6392,6418
5730,6389,6415
5731,6386,6412
5732,6383,6410
5733,6380,6407
5734,6378,6404
5735,6375,6402
5736,6372,6399
5737,6369,6396
5738,6366,6394
5739,6364,6391
5740,6361,6388
5741,6358,6386
5742,6355,6383
5743,6353,6381
5744,6350,6378
5745,6347,6375
5746,6345,6373
5747,6342,6370
5748,6339,6368
5749,6337,6365
5750,6334,6363
5751,6332,6360
5752,6329,6358
5753,6326,6355
5754,6324,6352
5755,6321,6350
5756,6319,6348
5757,6316,6345
5758,6314,6343
5759,6311,6340
5760,6309,6338
5761,6306,6335
5762,6304,6333
5763,6301,6330
5764,6299,6328
5765,6296,6326
5766,6294,6323
5767,6292,6321
5768,6289,6318
5769,6287,6316
5770,6284,6314
5771,6282,6311
5772,6280,6309
5773,6277,6307
5774,6275,6304
5775,6273,6302
5776,6270,6300
5777,6268,6297
5778,6266,6295
5779,6263,6293
5780,6261,6290
5781,6259,6288
5782,6256,6286
5783,6254,6284
5784,6252,6281
5785,6250,6279
5786,6247,6277
5787,6245,6275
5788,6243,6272
5789,6241,6270
5790,6238,6268
5791,6236,6266
5792,6234,6263
5793,6232,6261
5794,6230,6259
5795,6227,6257
5796,6225,6255
5797,6223,6253
5798,6221,6250
5799,6219,6248
5800,6217,6246
5801,6215,6244
5802,6212,6242
5803,6210,6240
5804,6208,6238
5805,6206,6235
5806,6204,6233
5807,6202,6231
5808,6200,6229
5809,6198,6227
5810,6196,6225
5811,6194,6223
5812,6192,6221
5813,6189,6219
5814,6187,6217
5815,6185,6215
5816,6183,6213
5817,6181,6211
5818,6179,6208
5819,6177,6206
5820,6175,6204
5821,6173,6202
5822,6171,6200
5823,6169,6198
5824,6167,6196
5825,6165,6194
5826,6163,6192
5827,6161,6190
5828,6159,6188
5829,6157,6186
5830,6155,6184
5831,6154,6182
5832,6152,6181
5833,6150,6179
5834,6148,6177
5835,6146,6175
5836,6144,6173
5837,6142,6171
5838,6140,6169
5839,6138,6167
5840,6136,6165
5841,6134,6163
5842,6132,6161
5843,6131,6159
5844,6129,6157
5845,6127,6155
5846,6125,6154
5847,6123,6152
5848,6121,6150
5849,6119,6148
5850,6118,6146
5851,6116,6144
5852,6114,6142
5853,6112,6141
5854,6110,6139
5855,6108,6137
5856,6107,6135
5857,6105,6133
5858,6103,6131
5859,6101,6129
5860,6099,6128
5861,6098,6126
5862,6096,6124
5863,6094,6122
5864,6092,6120
5865,6090,6119
5866,6089,6117
5867,6087,6115
5868,6085,6113
5869,6083,6111
5870,6082,6110
5871,6080,6108
5872,6078,6106
5873,6076,6104
5874,6075,6103
5875,6073,6101
5876,6071,6099
5877,6069,6097
5878,6068,6096
5879,6066,6094
5880,6064,6092
5881,6063,6090
5882,6061,6089
5883,6059,6087
5884,6057,6085
5885,6056,6083
5886,6054,6082
5887,6052,6080
5888,6051,6078
5889,6049,6077
5890,6047,6075
5891,6046,6073
5892,6044,6072
5893,6042,6070
5894,6041,6068
5895,6039,6066
5896,6037,6065
5897,6036,6063
5898,6034,6061
5899,6033,6060
5900,6031,6058
5901,6029,6056
5902,6028,6055
5903,6026,6053
5904,6024,6052
5905,6023,6050
5906,6021,6048
5907,6020,6047
5908,6018,6045
5909,6016,6043
5910,6015,6042
5911,6013,6040
5912,6012,6038
5913,6010,6037
5914,6008,6035
5915,6007,6034
5916,6005,6032
5917,6004,6030
5918,6002,6029
5919,6000,6027
5920,5999,6026
5921,5997,6024
5922,5996,6022
5923,5994,6021
5924,5993,6019
5925,5991,6018
5926,5990,6016
5927,5988,6015
5928,5987,6013
5929,5985,6012
5930,5983,6010
5931,5982,6008
5932,5980,6007
5933,5979,6005
5934,5977,6004
5935,5976,6002
5936,5974,6001
5937,5973,5999
5938,5971,5998
5939,5970,5996
5940,5968,5995
5941,5967,5993
5942,5965,5992
5943,5964,5990
5944,5962,5988
5945,5961,5987
5946,5959,5985
5947,5958,5984
5948,5956,5982
5949,5955,5981
5950,5954,5979
5951,5952,5978
5952,5951,5976
5953,5949,5975
5954,5948,5973
5955,5946,5972
5956,5945,5971
5957,5943,5969
5958,5942,5968
5959,5940,5966
5960,5939,5965
5961,5938,5963
5962,5936,5962
5963,5935,5960
5964,5933,5959
5965,5932,5957
5966,5930,5956
5967,5929,5954
5968,5928,5953
5969,5926,5952
5970,5925,5950
5971,5923,5949
5972,5922,5947
5973,5920,5946
5974,5919,5944
5975,5918,5943
5976,5916,5942
5977,5915,5940
5978,5914,5939
5979,5912,5937
5980,5911,5936
5981,5909,5934
5982,5908,5933
5983,5907,5932
5984,5905,5930
5985,5904,5929
5986,5902,5927
5987,5901,5926
5988,5900,5925
5989,5898,5923
5990,5897,5922
5991,5896,5921
5992,5894,5919
5993,5893,5918
5994,5892,5916
5995,5890,5915
5996,5889,5914
5997,5888,5912
5998,5886,5911
5999,5885,5910
6000,5884,5908
6001,5882,5907
6002,5881,5905
6003,5880,5904
6004,5878,5903
6005,5877,5901
6006,5876,5900
6007,5874,5899
6008,5873,5897
6009,5872,5896
6010,5870,5895
6011,5869,5893
6012,5868,5892
6013,5866,5891
6014,5865,5889
6015,5864,5888
6016,5862,5887
6017,5861,5885
6018,5860,5884
6019,5859,5883
6020,5857,5881
6021,5856,5880
6022,5855,5879
6023,5853,5878
6024,5852,5876
6025,5851,5875
6026,5850,5874
6027,5848,5872
6028,5847,5871
6029,5846,5870
6030,5845,5868
6031,5843,5867
6032,5842,5866
6033,5841,5865
6034,5840,5863
6035,5838,5862
6036,5837,5861
6037,5836,5859
6038,5834,5858
6039,5833,5857
6040,5832,5856
6041,5831,5854
6042,5830,5853
6043,5828,5852
6044,5827,5851
6045,5826,5849
6046,5825,5848
6047,5823,5847
6048,5822,5846
6049,5821,5844
6050,5820,5843
6051,5818,5842
6052,5817,5841
6053,5816,5839
6054,5815,5838
6055,5814,5837
6056,5812,5836
6057,5811,5834
6058,5810,5833
6059,5809,5832
6060,5808,5831
6061,5806,5830
6062,5805,5828
6063,5804,5827
6064,5803,5826
6065,5802,5825
6066,5800,5823
6067,5799,5822
6068,5798,5821
6069,5797,5820
6070,5796,5819
6071,5794,5817
6072,5793,5816
6073,5792,5815
6074,5791,5814
6075,5790,5813
6076,5789,5811
6077,5787,5810
6078,5786,5809
6079,5785,5808
6080,5784,5807
6081,5783,5805
6082,5782,5804
6083,5780,5803
6084,5779,5802
6085,5778,5801
6086,5777,5800
6087,5776,5798
6088,5775,5797
6089,5773,5796
6090,5772,5795
6091,5771,5794
6092,5770,5793
6093,5769,5791
6094,5768,5790
6095,5767,5789
6096,5765,5788
6097,5764,5787
6098,5763,5786
6099,5762,5784
6100,5761,5783
6101,5760,5782
6102,5759,5781
6103,5758,5780
6104,5756,5779
6105,5755,5778
6106,5754,5776
6107,5753,5775
6108,5752,5774
6109,5751,5773
6110,5750,5772
6111,5749,5771
6112,5748,5770
6113,5746,5768
6114,5745,5767
6115,5744,5766
6116,5743,5765
6117,5742,5764
6118,5741,5763
6119,5740,5762
6120,5739,5761
6121,5738,5759
6122,5737,5758
6123,5735,5757
6124,5734,5756
6125,5733,5755
6126,5732,5754
6127,5731,5753
6128,5730,5752
6129,5729,5751
6130,5728,5750
6131,5727,5748
6132,5726,5747
6133,5725,5746
6134,5724,5745
6135,5723,5744
6136,5721,5743
6137,5720,5742
6138,5719,5741
6139,5718,5740
6140,5717,5739
6141,5716,5738
6142,5715,5736
6143,5714,5735
6144,5713,5734
6145,5712,5733
6146,5711,5732
6147,5710,5731
6148,5709,5730
6149,5708,5729
6150,5707,5728
6151,5706,5727
6152,5705,5726
6153,5704,5725
6154,5703,5724
6155,5701,5723
6156,5700,5722
6157,5699,5721
6158,5698,5719
6159,5697,5718
6160,5696,5717
6161,5695,5716
6162,5694,5715
6163,5693,5714
6164,5692,5713
6165,5691,5712
6166,5690,5711
6167,5689,5710
6168,5688,5709
6169,5687,5708
6170,5686,5707
6171,5685,5706
6172,5684,5705
6173,5683,5704
6174,5682,5703
6175,5681,5702
6176,5680,5701
6177,5679,5700
6178,5678,5699
6179,5677,5698
6180,5676,5697
6181,5675,5696
6182,5674,5695
6183,5673,5694
6184,5672,5693
6185,5671,5692
6186,5670,5691
6187,5669,5690
6188,5668,5689
6189,5667,5688
6190,5666,5687
6191,5665,5686
6192,5664,5685
6193,5663,5684
6194,5662,5683
6195,5661,5682
6196,5660,5681
6197,5659,5680
6198,5658,5679
6199,5657,5678
6200,5656,5677
6201,5655,5676
6202,5654,5675
6203,5653,5674
6204,5653,5673
6205,5652,5672
6206,5651,5671
6207,5650,5670
6208,5649,5669
6209,5648,5668
6210,5647,5667
6211,5646,5666
6212,5645,5665
6213,5644,5664
6214,5643,5663
6215,5642,5662
6216,5641,5661
6217,5640,5660
6218,5639,5659
6219,5638,5658
6220,5637,5657
6221,5636,5656
6222,5635,5655
6223,5634,5654
6224,5634,5653
6225,5633,5652
6226,5632,5651
6227,5631,5650
6228,5630,5649
6229,5629,5648
6230,5628,5648
6231,5627,5647
6232,5626,5646
6233,5625,5645
6234,5624,5644
6235,5623,5643
6236,5622,5642
6237,5621,5641
6238,5621,5640
6239,5620,5639
6240,5619,5638
6241,5618,5637
6242,5617,5636
6243,5616,5635
6244,5615,5634
6245,5614,5633
6246,5613,5633
6247,5612,5632
6248,5611,5631
6249,5611,5630
6250,5610,5629
6251,5609,5628
6252,5608,5627
6253,5607,5626
6254,5606,5625
6255,5605,5624
6256,5604,5623
6257,5603,5622
6258,5602,5621
6259,5602,5621
6260,5601,5620
6261,5600,5619
6262,5599,5618
6263,5598,5617
6264,5597,5616
6265,5596,5615
6266,5595,5614
6267,5594,5613
6268,5594,5612
6269,5593,5612
6270,5592,5611
6271,5591,5610
6272,5590,5609
6273,5589,5608
6274,5588,5607
6275,5587,5606
6276,5587,5605
6277,5586,5604
6278,5585,5604
6279,5584,5603
6280,5583,5602
6281,5582,5601
6282,5581,5600
6283,5580,5599
6284,5580,5598
6285,5579,5597
6286,5578,5596
6287,5577,5596
6288,5576,5595
6289,5575,5594
6290,5574,5593
6291,5574,5592
6292,5573,5591
6293,5572,5590
6294,5571,5589
6295,5570,5589
6296,5569,5588
6297,5569,5587
6298,5568,5586
6299,5567,5585
6300,5566,5584
6301,5565,5583
6302,5564,5583
6303,5563,5582
6304,5563,5581
6305,5562,5580
6306,5561,5579
6307,5560,5578
6308,5559,5577
6309,5558,5577
6310,5558,5576
6311,5557,5575
6312,5556,5574
6313,5555,5573
6314,5554,5572
6315,5553,5572
6316,5553,5571
6317,5552,5570
6318,5551,5569
6319,5550,5568
6320,5549,5567
6321,5549,5566
6322,5548,5566
6323,5547,5565
6324,5546,5564
6325,5545,5563
6326,5544,5562
6327,5544,5561
6328,5543,5561
6329,5542,5560
6330,5541,5559
6331,5540,5558
6332,5540,5557
6333,5539,5557
6334,5538,5556
6335,5537,5555
6336,5536,5554
6337,5536,5553
6338,5535,5552
6339,5534,5552
6340,5533,5551
6341,5532,5550
6342,5532,5549
6343,5531,5548
6344,5530,5548
6345,5529,5547
6346,5528,5546
6347,5528,5545
6348,5527,5544
6349,5526,5543
6350,5525,5543
6351,5525,5542
6352,5524,5541
6353,5523,5540
6354,5522,5539
6355,5521,5539
6356,5521,5538
6357,5520,5537
6358,5519,5536
6359,5518,5535
6360,5518,5535
6361,5517,5534
6362,5516,5533
6363,5515,5532
6364,5514,5532
6365,5514,5531
6366,5513,5530
6367,5512,5529
6368,5511,5528
6369,5511,5528
6370,5510,5527
6371,5509,5526
6372,5508,5525
6373,5508,5524
6374,5507,5524
6375,5506,5523
6376,5505,5522
6377,5504,5521
6378,5504,5521
6379,5503,5520
6380,5502,5519
6381,5501,5518
6382,5501,5517
6383,5500,5517
6384,5499,5516
6385,5498,5515
6386,5498,5514
6387,5497,5514
6388,5496,5513
6389,5495,5512
6390,5495,5511
6391,5494,5511
6392,5493,5510
6393,5492,5509
6394,5492,5508
6395,5491,5508
6396,5490,5507
6397,5490,5506
6398,5489,5505
6399,5488,5505
6400,5487,5504
6401,5487,5503
6402,5486,5502
6403,5485,5502
6404,5484,5501
6405,5484,5500
6406,5483,5499
7502,8694,8694
7503,8692,8696
7504,8692,8696
7505,8691,8697
7506,8690,8698
7507,8690,8698
7508,8690,8698
7509,8689,8699
7510,8689,8699
7511,8689,8699
7512,8689,8699
7513,8689,8699
7514,8688,8700
7515,8688,8700
7516,8688,8700
6407,5482,5499
7517,8688,8700
6408,5481,5498
7518,8688,8700
6409,5481,5497
7519,8688,8700
6410,5480,5496
7520,8688,8700
6411,5479,5496
7521,8688,8700
6412,5479,5495
7522,8688,8700
6413,5478,5494
7523,8688,8700
6414,5477,5493
7524,8688,8700
6415,5476,5493
7525,8688,8700
6416,5476,5492
7526,8688,8700
6417,5475,5491
7527,8688,8700
6418,5474,5490
7528,8688,8700
6419,5474,5490
7529,8688,8699
6420,5473,5489
7530,8689,8699
6421,5472,5488
7531,8689,8699
6422,5471,5487
7532,8689,8699
6423,5471,5487
7533,8689,8699
6424,5470,5486
6799,5262,5271
9156,5941,5964
7534,8690,8698
7534,9727,9729
6425,5469,5485
6800,5262,5271
9157,5943,5965
7535,8690,8698
7535,9726,9730
6426,5469,5485
6801,5262,5270
9158,5944,5967
7536,8690,8698
7536,9725,9730
6427,5468,5484
6802,5261,5270
9159,5946,5968
7537,8691,8697
7537,9725,9731
6428,5467,5483
6803,5261,5269
9160,5947,5970
7538,8691,8697
7538,9725,9731
6429,5466,5482
6804,5260,5269
9161,5948,5972
7539,8692,8696
7539,9725,9731
6430,5466,5482
6805,5260,5269
9162,5950,5973
7540,8693,8695
7540,9725,9731
6431,5465,5481
6806,5260,5268
9163,5951,5975
7541,9725,9731
6432,5464,5480
6807,5259,5268
9164,5953,5976
7542,9726,9730
6433,5464,5479
6808,5259,5267
9165,5954,5978
7543,9727,9729
6434,5463,5479
6809,5258,5267
9166,5955,5979
6810,5258,5266
9167,5957,5981
6811,5258,5266
9168,5958,5982
6812,5257,5266
9169,5960,5984
6813,5257,5265
9170,5961,5985
6814,5256,5265
9171,5963,5987
6815,5256,5264
9172,5964,5989
6468,5440,5455
6816,5256,5264
9173,5965,5990
6469,5439,5454
6817,5255,5263
9174,5967,5992
6470,5438,5453
6818,5255,5263
9175,5968,5993
6471,5438,5453
6819,5254,5263
9176,5970,5995
6472,5437,5452
6820,5254,5262
9177,5971,5996
6473,5436,5451
6821,5254,5262
9178,5973,5998
6474,5436,5451
6822,5253,5261
9179,5974,6000
6475,5435,5450
6823,5253,5261
9180,5976,6001
6476,5434,5449
6824,5252,5260
9181,5977,6003
6477,5434,5449
6825,5252,5260
9182,5979,6004
6478,5433,5448
6826,5252,5260
9183,5980,6006
6479,5432,5447
6827,5251,5259
9184,5981,6008
6480,5432,5447
6828,5251,5259
9185,5983,6009
6481,5431,5446
6829,5250,5258
9186,5984,6011
6482,5430,5445
6830,5250,5258
9187,5986,6012
6483,5430,5445
6831,5250,5258
9188,5987,6014
6484,5429,5444
6832,5249,5257
9189,5989,6016
6485,5428,5443
6833,5249,5257
9190,5990,6017
6486,5428,5443
6834,5248,5256
9191,5992,6019
6487,5427,5442
6835,5248,5256
9192,5993,6020
6488,5426,5441
6836,5248,5255
9193,5995,6022
6489,5426,5441
6837,5247,5255
9194,5996,6024
6490,5425,5440
6838,5247,5255
9195,5998,6025
6491,5424,5439
6839,5247,5254
9196,5999,6027
6492,5424,5439
6840,5246,5254
9197,6001,6029
6493,5423,5438
6841,5246,5253
9198,6002,6030
6494,5422,5437
6842,5245,5253
9199,6004,6032
6495,5422,5437
6843,5245,5253
9200,6006,6034
6496,5421,5436
6844,5245,5252
9201,6007,6035
6497,5421,5435
6845,5244,5252
9202,6009,6037
6498,5420,5435
6846,5244,5251
9203,6010,6039
6499,5419,5434
6847,5243,5251
9204,6012,6040
6500,5419,5433
6848,5243,5251
9205,6013,6042
6501,5418,5433
6849,5243,5250
9206,6015,6044
6850,5242,5250
9207,6016,6045
6851,5242,5249
9208,6018,6047
6852,5242,5249
9209,6019,6049
6853,5241,5249
9210,6021,6050
6854,5241,5248
9211,6023,6052
6855,5240,5248
9212,6024,6054
6856,5240,5247
9213,6026,6055
6857,5240,5247
9214,6027,6057
6858,5239,5247
9215,6029,6059
6859,5239,5246
9216,6030,6060
6860,5239,5246
9217,6032,6062
6861,5238,5245
9218,6034,6064
6862,5238,5245
9219,6035,6066
6863,5237,5245
9220,6037,6067
6864,5237,5244
9221,6038,6069
6865,5237,5244
9222,6040,6071
6866,5236,5243
9223,6042,6073
6867,5236,5243
9224,6043,6074
6998,5194,5195
9355,6296,6349
6999,5194,5195
9356,6298,6351
7000,5194,5195
9357,6300,6354
7001,5193,5194
9358,6303,6356
7002,5193,5194
9359,6305,6359
7003,5193,5194
9360,6308,6362
7004,5193,5193
9361,6310,6364
7005,5193,5193
9362,6312,6367
7006,5192,5193
9363,6315,6369
9366,6322,6377
9367,6325,6380
9368,6327,6383
9369,6330,6386
9370,6332,6388
9371,6335,6391
9372,6337,6394
9373,6340,6397
9374,6342,6399
9481,6781,6790
9480,6765,6793
9479,6754,6792
9478,6745,6789
9477,6736,6786
9476,6728,6782
9475,6721,6778
9474,6713,6773
9473,6706,6769
9472,6700,6764
9471,6693,6760
9470,6687,6755
9469,6681,6750
9468,6675,6745
9467,6669,6740
9466,6664,6736
9465,6658,6731
9464,6653,6726
9463,6648,6721
9462,6642,6716
9461,6637,6712
9460,6632,6707
9459,6627,6702
9458,6623,6698
9457,6618,6693
9456,6613,6688
9455,6608,6684
9454,6604,6679
9453,6599,6675
9452,6595,6670
9451,6591,6666
9450,6586,6661
9449,6582,6657
9448,6578,6653
9447,6574,6648
9446,6569,6644
9445,6565,6640
9444,6561,6636
9443,6557,6631
9442,6553,6627
9441,6549,6623
9440,6545,6619
9439,6542,6615
9438,6538,6611
9437,6534,6607
9436,6530,6603
9435,6527,6599
9434,6523,6595
9403,6422,6486
9402,6419,6483
9401,6416,6479
9400,6413,6476
9399,6410,6473
9398,6407,6470
9397,6404,6467
9396,6401,6464
9395,6399,6461
9394,6396,6458
9393,6393,6455
9392,6390,6452
9391,6387,6449
9390,6385,6445
9389,6382,6443
9388,6379,6440
9375,6345,6402
9376,6347,6405
9377,6350,6408
9378,6353,6411
9379,6355,6413
9380,6358,6416
9381,6360,6419
9382,6363,6422
9383,6366,6425
9384,6368,6428
9385,6371,6431
9386,6374,6434
9387,6376,6437
9404,6425,6489
9405,6428,6492
9406,6431,6496
9407,6434,6499
9408,6437,6502
9409,6440,6505
9410,6443,6509
9411,6446,6512
9412,6449,6515
9413,6452,6519
9414,6455,6522
9415,6458,6526
9416,6462,6529
9417,6465,6533
9418,6468,6536
9419,6471,6540
9420,6474,6543
9421,6478,6547
9422,6481,6550
9423,6484,6554
9424,6488,6557
9425,6491,6561
9426,6495,6565
9427,6498,6569
9428,6502,6572
9429,6505,6576
9430,6509,6580
9431,6512,6584
9432,6516,6587
9433,6519,6591
6997,5194,5196
9354,6293,6346
6996,5195,5196
9353,6291,6343
6995,5195,5197
9352,6289,6341
6994,5195,5197
9351,6286,6338
6993,5196,5197
9350,6284,6336
6992,5196,5198
9349,6282,6333
6991,5196,5198
9348,6279,6331
6990,5196,5198
9347,6277,6328
6989,5197,5199
9346,6275,6326
6988,5197,5199
9345,6273,6323
6987,5197,5199
9344,6270,6321
6986,5197,5200
9343,6268,6318
6985,5198,5200
9342,6266,6316
6984,5198,5200
9341,6264,6314
6983,5198,5201
9340,6261,6311
6982,5199,5201
9339,6259,6309
6981,5199,5201
9338,6257,6306
6980,5199,5202
9337,6255,6304
6979,5199,5202
9336,6252,6301
6978,5200,5202
9335,6250,6299
6977,5200,5203
9334,6248,6297
6976,5200,5203
9333,6246,6294
6975,5200,5203
9332,6244,6292
6974,5201,5204
9331,6242,6290
6973,5201,5204
9330,6239,6287
6972,5201,5204
9329,6237,6285
6971,5202,5205
9328,6235,6283
6970,5202,5205
9327,6233,6280
6969,5202,5205
9326,6231,6278
6968,5203,5206
9325,6229,6276
6967,5203,5206
9324,6227,6273
6966,5203,5206
9323,6225,6271
6965,5203,5207
9322,6222,6269
6964,5204,5207
9321,6220,6267
6963,5204,5208
9320,6218,6264
6962,5204,5208
9319,6216,6262
6961,5205,5208
9318,6214,6260
6960,5205,5209
9317,6212,6257
6959,5205,5209
9316,6210,6255
6958,5205,5209
9315,6208,6253
6957,5206,5210
9314,6206,6251
6956,5206,5210
9313,6204,6249
6955,5206,5210
9312,6202,6246
6954,5207,5211
9311,6200,6244
6953,5207,5211
9310,6198,6242
6952,5207,5211
9309,6196,6240
6951,5208,5212
9308,6194,6238
6950,5208,5212
9307,6192,6235
6949,5208,5212
9306,6190,6233
6948,5209,5213
9305,6188,6231
6947,5209,5213
9304,6186,6229
6946,5209,5213
9303,6184,6227
6945,5209,5214
9302,6182,6225
6944,5210,5214
9301,6180,6222
6943,5210,5215
9300,6178,6220
6942,5210,5215
9299,6176,6218
6941,5211,5215
9298,6174,6216
6940,5211,5216
9297,6172,6214
6939,5211,5216
9296,6170,6212
6938,5212,5216
9295,6168,6210
6937,5212,5217
9294,6166,6208
6936,5212,5217
9293,6164,6206
6935,5213,5217
9292,6162,6204
6934,5213,5218
9291,6160,6201
6933,5213,5218
9290,6159,6199
6932,5214,5218
9289,6157,6197
6931,5214,5219
9288,6155,6195
6930,5214,5219
9287,6153,6193
6929,5215,5220
9286,6151,6191
6928,5215,5220
9285,6149,6189
6927,5215,5220
9284,6147,6187
6926,5216,5221
9283,6145,6185
6925,5216,5221
9282,6143,6183
6924,5216,5221
9281,6142,6181
6923,5217,5222
9280,6140,6179
6922,5217,5222
9279,6138,6177
6921,5217,5222
9278,6136,6175
6920,5218,5223
9277,6134,6173
6919,5218,5223
9276,6132,6171
6918,5218,5224
9275,6131,6169
6917,5218,5224
9274,6129,6167
6916,5219,5224
9273,6127,6165
6915,5219,5225
9272,6125,6163
6914,5219,5225
9271,6123,6161
6913,5220,5225
9270,6121,6159
6912,5220,5226
9269,6120,6157
6911,5221,5226
9268,6118,6155
6910,5221,5226
9267,6116,6153
6909,5221,5227
9266,6114,6151
6908,5222,5227
9265,6113,6150
6907,5222,5228
9264,6111,6148
6906,5222,5228
9263,6109,6146
6905,5223,5228
9262,6107,6144
6904,5223,5229
9261,6105,6142
6903,5223,5229
9260,6104,6140
6902,5224,5229
9259,6102,6138
6901,5224,5230
9258,6100,6136
6900,5224,5230
9257,6098,6134
6899,5225,5231
9256,6097,6132
6898,5225,5231
9255,6095,6130
6897,5225,5231
9254,6093,6129
6896,5226,5232
9253,6092,6127
6895,5226,5232
9252,6090,6125
6894,5226,5232
9251,6088,6123
6893,5227,5233
9250,6086,6121
6892,5227,5233
9249,6085,6119
6891,5227,5234
9248,6083,6117
6890,5228,5234
9247,6081,6116
6889,5228,5234
9246,6080,6114
6888,5228,5235
9245,6078,6112
6887,5229,5235
9244,6076,6110
6886,5229,5236
9243,6074,6108
6885,5229,5236
9242,6073,6106
6884,5230,5236
9241,6071,6105
6883,5230,5237
9240,6069,6103
6882,5231,5237
9239,6068,6101
6881,5231,5237
9238,6066,6099
6880,5231,5238
9237,6064,6097
6879,5232,5238
9236,6063,6096
6878,5232,5239
9235,6061,6094
6877,5232,5239
9234,6059,6092
6876,5233,5239
9233,6058,6090
6875,5233,5240
9232,6056,6088
6874,5233,5240
9231,6055,6087
6873,5234,5241
9230,6053,6085
6872,5234,5241
9229,6051,6083
6871,5235,5241
9228,6050,6081
6870,5235,5242
9227,6048,6080
6869,5235,5242
9226,6046,6078
9365,6320,6375
7008,5192,5192
6868,5236,5243
9225,6045,6076
9364,6317,6372
7007,5192,5192
6502,5417,5432
6503,5417,5431
6504,5416,5431
6505,5415,5430
6506,5415,5429
6507,5414,5429
6508,5414,5428
6509,5413,5427
6510,5412,5427
6511,5412,5426
6512,5411,5425
6513,5410,5425
6514,5410,5424
6515,5409,5424
6516,5408,5423
6517,5408,5422
6518,5407,5422
6519,5407,5421
6520,5406,5420
6521,5405,5420
6522,5405,5419
6523,5404,5418
6524,5403,5418
6525,5403,5417
6526,5402,5416
6527,5402,5416
6528,5401,5415
6529,5400,5415
6530,5400,5414
6531,5399,5413
6532,5399,5413
6533,5398,5412
6534,5397,5411
6535,5397,5411
6536,5396,5410
6537,5395,5410
6538,5395,5409
6539,5394,5408
6540,5394,5408
6541,5393,5407
6542,5392,5406
6543,5392,5406
6544,5391,5405
6545,5391,5405
6546,5390,5404
6547,5389,5403
6548,5389,5403
6549,5388,5402
6550,5388,5401
6551,5387,5401
6552,5386,5400
6553,5386,5400
6554,5385,5399
6555,5385,5398
6556,5384,5398
6557,5383,5397
6558,5383,5397
6559,5382,5396
6560,5382,5395
6561,5381,5395
6562,5381,5394
6563,5380,5393
6564,5379,5393
6565,5379,5392
6566,5378,5392
6567,5378,5391
6568,5377,5390
6569,5376,5390
6570,5376,5389
6571,5375,5389
6572,5375,5388
6573,5374,5387
6574,5374,5387
6575,5373,5386
6576,5372,5386
6577,5372,5385
6578,5371,5384
6579,5371,5384
6580,5370,5383
6581,5369,5383
6582,5369,5382
6583,5368,5382
6584,5368,5381
6585,5367,5380
6586,5367,5380
6587,5366,5379
6588,5365,5379
6589,5365,5378
6590,5364,5377
6591,5364,5377
6592,5363,5376
6593,5363,5376
6594,5362,5375
6595,5362,5374
6596,5361,5374
6597,5360,5373
6598,5360,5373
6599,5359,5372
6600,5359,5372
6601,5358,5371
6602,5358,5370
6603,5357,5370
6604,5357,5369
6605,5356,5369
6606,5355,5368
6607,5355,5368
6608,5354,5367
6609,5354,5366
6610,5353,5366
6611,5353,5365
6612,5352,5365
6613,5352,5364
6614,5351,5364
6615,5350,5363
6616,5350,5362
6617,5349,5362
6618,5349,5361
6619,5348,5361
6620,5348,5360
6621,5347,5360
6622,5347,5359
6623,5346,5359
6624,5346,5358
6625,5345,5357
6626,5344,5357
6627,5344,5356
6628,5343,5356
6629,5343,5355
6630,5342,5355
6631,5342,5354
6632,5341,5354
6633,5341,5353
6634,5340,5352
6635,5340,5352
6636,5339,5351
6637,5339,5351
6638,5338,5350
6639,5338,5350
6640,5337,5349
6641,5337,5349
6642,5336,5348
6643,5335,5347
6644,5335,5347
6645,5334,5346
6646,5334,5346
6647,5333,5345
6648,5333,5345
6649,5332,5344
6650,5332,5344
6651,5331,5343
6652,5331,5343
6653,5330,5342
6654,5330,5342
6655,5329,5341
6656,5329,5340
6657,5328,5340
6658,5328,5339
6659,5327,5339
9017,5774,5774
6660,5327,5338
9018,5774,5776
6661,5326,5338
9019,5775,5777
6662,5326,5337
9020,5776,5778
6663,5325,5337
9021,5777,5780
6664,5325,5336
9022,5778,5781
6665,5324,5336
9023,5779,5782
6666,5324,5335
9024,5780,5784
6667,5323,5335
9025,5781,5785
6668,5323,5334
9026,5782,5786
6669,5322,5334
9027,5783,5788
6670,5322,5333
9028,5784,5789
6671,5321,5333
9029,5785,5790
6672,5321,5332
9030,5786,5791
6673,5320,5331
9031,5787,5793
6674,5320,5331
9032,5788,5794
6675,5319,5330
9033,5789,5795
6676,5319,5330
9034,5791,5797
6677,5318,5329
9035,5792,5798
6678,5318,5329
9036,5793,5799
6679,5317,5328
9037,5794,5800
6680,5317,5328
9038,5795,5802
6681,5316,5327
9039,5796,5803
6682,5316,5327
9040,5797,5804
6683,5315,5326
9041,5798,5806
6684,5315,5326
9042,5799,5807
6685,5314,5325
9043,5800,5808
6686,5314,5325
9044,5801,5809
6687,5313,5324
9045,5803,5811
6688,5313,5324
9046,5804,5812
6689,5312,5323
9047,5805,5813
6690,5312,5323
9048,5806,5814
6691,5311,5322
9049,5807,5816
6692,5311,5322
9050,5808,5817
6693,5310,5321
9051,5809,5818
6694,5310,5321
9052,5810,5820
6695,5309,5320
9053,5811,5821
6696,5309,5320
9054,5813,5822
6697,5308,5319
9055,5814,5823
6698,5308,5319
9056,5815,5825
6699,5307,5318
9057,5816,5826
6700,5307,5318
9058,5817,5827
6701,5306,5317
9059,5818,5829
6702,5306,5317
9060,5819,5830
6703,5305,5316
9061,5821,5831
6704,5305,5316
9062,5822,5833
6705,5304,5315
9063,5823,5834
6706,5304,5315
9064,5824,5835
6707,5303,5314
9065,5825,5836
6708,5303,5314
9066,5826,5838
6709,5302,5313
9067,5828,5839
6710,5302,5313
9068,5829,5840
6711,5301,5312
9069,5830,5842
6712,5301,5312
9070,5831,5843
6713,5301,5311
9071,5832,5844
6714,5300,5311
9072,5833,5846
6715,5300,5310
9073,5835,5847
6716,5299,5310
9074,5836,5848
6717,5299,5309
9075,5837,5850
6718,5298,5309
9076,5838,5851
6719,5298,5308
9077,5839,5852
6720,5297,5308
9078,5841,5854
6721,5297,5307
9079,5842,5855
6722,5296,5307
9080,5843,5856
6723,5296,5306
9081,5844,5858
6724,5295,5306
9082,5845,5859
6725,5295,5305
9083,5847,5860
6726,5294,5305
9084,5848,5862
6727,5294,5304
9085,5849,5863
6728,5294,5304
9086,5850,5864
6729,5293,5303
9087,5851,5866
6730,5293,5303
9088,5853,5867
6731,5292,5302
9089,5854,5868
6732,5292,5302
9090,5855,5870
6733,5291,5301
9091,5856,5871
6734,5291,5301
9092,5858,5872
6735,5290,5300
9093,5859,5874
6736,5290,5300
9094,5860,5875
6737,5289,5300
9095,5861,5876
6738,5289,5299
9096,5862,5878
6739,5288,5299
9097,5864,5879
6740,5288,5298
9098,5865,5881
6741,5288,5298
9099,5866,5882
6742,5287,5297
9100,5867,5883
6743,5287,5297
9101,5869,5885
6744,5286,5296
9102,5870,5886
6745,5286,5296
9103,5871,5887
6746,5285,5295
9104,5872,5889
6747,5285,5295
9105,5874,5890
6748,5284,5294
9106,5875,5892
6749,5284,5294
9107,5876,5893
6750,5284,5293
9108,5878,5894
6751,5283,5293
9109,5879,5896
6752,5283,5292
9110,5880,5897
6753,5282,5292
9111,5881,5899
6754,5282,5292
9112,5883,5900
6755,5281,5291
9113,5884,5901
6756,5281,5291
9114,5885,5903
6757,5280,5290
9115,5886,5904
6758,5280,5290
9116,5888,5906
6759,5280,5289
9117,5889,5907
6760,5279,5289
9118,5890,5908
6761,5279,5288
9119,5892,5910
6762,5278,5288
9120,5893,5911
6763,5278,5287
9121,5894,5913
6764,5277,5287
9122,5896,5914
6765,5277,5286
9123,5897,5915
6766,5276,5286
9124,5898,5917
6767,5276,5286
9125,5899,5918
6768,5276,5285
9126,5901,5920
6769,5275,5285
9127,5902,5921
6770,5275,5284
9128,5903,5923
6771,5274,5284
9129,5905,5924
6772,5274,5283
9130,5906,5925
6773,5273,5283
9131,5907,5927
6774,5273,5282
9132,5909,5928
6775,5273,5282
9133,5910,5930
6776,5272,5281
9134,5911,5931
6777,5272,5281
9135,5913,5933
6778,5271,5281
9136,5914,5934
6779,5271,5280
9137,5915,5936
6780,5270,5280
9138,5917,5937
6781,5270,5279
9139,5918,5939
6782,5270,5279
9140,5919,5940
6783,5269,5278
9141,5921,5942
6784,5269,5278
9142,5922,5943
6785,5268,5277
9143,5923,5944
6786,5268,5277
9144,5925,5946
6787,5267,5276
9145,5926,5947
6788,5267,5276
9146,5928,5949
6789,5267,5276
9147,5929,5950
6790,5266,5275
9148,5930,5952
6791,5266,5275
9149,5932,5953
6792,5265,5274
9150,5933,5955
6793,5265,5274
9151,5934,5956
6794,5265,5273
9152,5936,5958
6795,5264,5273
9153,5937,5959
6796,5264,5273
9154,5939,5961
6797,5263,5272
9155,5940,5962
6798,5263,5272
6467,5440,5456
6466,5441,5456
6465,5442,5457
6464,5442,5458
6463,5443,5458
6462,5444,5459
6461,5444,5460
6460,5445,5460
6459,5446,5461
6458,5446,5462
6457,5447,5462
6456,5448,5463
6455,5448,5464
6454,5449,5465
6453,5450,5465
6452,5450,5466
6451,5451,5467
6450,5452,5467
6449,5452,5468
6448,5453,5469
6447,5454,5469
6446,5455,5470
6445,5455,5471
6444,5456,5472
6443,5457,5472
6442,5457,5473
6441,5458,5474
6440,5459,5474
6439,5459,5475
6438,5460,5476
6437,5461,5477
6436,5462,5477
6435,5462,5478
