7598,9706,9709
7599,9705,9709
7600,9705,9710
7601,9704,9710
7603,9704,9710
7602,9704,9710
7604,9704,9709
5548,6489,6494
7605,9705,9709
5549,6480,6497
7606,9706,9707
5550,6473,6497
5551,6468,6497
5552,6463,6496
5553,6458,6494
5554,6453,6493
5555,6449,6491
5556,6445,6489
5557,6441,6487
5558,6437,6485
5559,6433,6482
5560,6429,6480
5561,6425,6478
5562,6422,6476
5563,6418,6473
5564,6415,6471
5565,6411,6468
5566,6408,6466
5567,6405,6463
5568,6401,6461
5569,6398,6458
5570,6395,6455
5592,6333,6395
7778,8671,8671
5619,6273,6318
7779,8669,8672
5620,6271,6315
7780,8668,8673
5621,6269,6312
7781,8668,8674
5622,6267,6309
7782,8667,8674
5623,6265,6307
7783,8667,8675
5624,6263,6304
7784,8667,8675
5625,6262,6301
7785,8666,8675
5626,6260,6298
7786,8666,8676
5627,6258,6295
7787,8666,8676
5628,6256,6292
7788,8666,8676
5629,6255,6289
7789,8665,8676
5630,6253,6286
7790,8665,8676
5631,6251,6283
7791,8665,8677
5632,6250,6280
7792,8665,8677
5633,6248,6277
7793,8665,8677
5634,6247,6273
7794,8665,8677
5635,6246,6270
7795,8664,8677
5636,6244,6267
7796,8664,8677
5637,6243,6264
7797,8664,8677
5638,6242,6260
7798,8664,8677
5639,6241,6256
7799,8664,8677
5640,6241,6252
7800,8664,8677
5641,6241,6248
7801,8664,8678
7802,8664,8678
7803,8664,8678
7804,8664,8678
7817,8665,8677
7816,8665,8677
7815,8664,8677
7814,8664,8677
7813,8664,8677
7812,8664,8677
7811,8664,8677
7810,8664,8677
7809,8664,8678
7808,8664,8678
7807,8664,8678
7806,8664,8678
7805,8664,8678
7818,8665,8677
7819,8665,8677
7820,8665,8676
7821,8665,8676
7822,8665,8676
7823,8666,8676
7824,8666,8676
7825,8666,8675
7826,8666,8675
7827,8667,8675
7828,8667,8674
7829,8667,8674
7830,8668,8673
7831,8668,8673
5590,6338,6401
7832,8669,8672
5591,6336,6398
7833,8671,8671
5593,6331,6392
5594,6328,6389
5595,6326,6386
5596,6323,6384
5597,6321,6381
5598,6319,6378
5599,6316,6375
5600,6314,6372
5601,6311,6370
5602,6309,6367
5603,6307,6364
5604,6305,6361
5605,6302,6358
5606,6300,6355
5607,6298,6352
5608,6296,6350
5609,6294,6347
5610,6291,6344
5611,6289,6341
5612,6287,6338
5613,6285,6335
5614,6283,6333
5615,6281,6330
5616,6279,6327
5617,6277,6324
5618,6275,6321
5589,6341,6403
5588,6344,6406
5587,6346,6409
5586,6349,6412
5585,6351,6415
5584,6354,6417
5583,6357,6420
5582,6360,6423
5581,6362,6426
5580,6365,6428
5579,6368,6431
5578,6371,6434
5577,6374,6437
5576,6377,6439
5575,6380,6442
5574,6383,6445
5573,6386,6447
5572,6389,6450
5571,6392,6453
