7199,8723,8732
7200,8722,8732
7201,8722,8732
7202,8722,8732
7203,8722,8733
7204,8721,8733
7205,8721,8733
7206,8721,8733
7207,8721,8733
7208,8721,8733
7209,8721,8733
7210,8721,8733
7211,8720,8733
7212,8720,8734
7213,8720,8734
7214,8720,8734
7215,8720,8734
7216,8720,8734
7217,8720,8734
7218,8720,8734
7219,8720,8734
7220,8720,8734
7221,8720,8734
7222,8719,8734
7223,8719,8734
7224,8719,8734
7225,8719,8734
7226,8719,8734
7227,8719,8734
7260,8725,8727
7259,8724,8728
7258,8723,8728
7257,8723,8729
7256,8722,8729
7255,8722,8730
7254,8722,8730
7253,8721,8730
7252,8721,8731
7251,8721,8731
7250,8721,8731
7249,8721,8731
7248,8720,8732
7247,8720,8732
7246,8720,8732
7245,8720,8732
7244,8720,8732
7243,8720,8733
7242,8720,8733
7241,8720,8733
7240,8720,8733
7239,8719,8733
7238,8719,8733
7237,8719,8733
7236,8719,8733
7235,8719,8733
7234,8719,8733
7233,8719,8734
7232,8719,8734
7231,8719,8734
7230,8719,8734
7229,8719,8734
7228,8719,8734
6476,8548,8551
6477,8548,8552
6478,8548,8553
6479,8548,8555
6480,8548,8556
6481,8549,8557
6482,8549,8558
6483,8549,8559
6484,8550,8560
6485,8550,8561
6486,8551,8562
6487,8551,8562
6488,8551,8563
6489,8552,8564
6490,8552,8565
6491,8553,8566
6492,8553,8567
6493,8554,8568
6494,8554,8569
6601,8612,8634
6600,8612,8634
6599,8611,8633
6598,8610,8633
6597,8610,8633
6596,8609,8632
6595,8609,8632
6594,8608,8631
6593,8608,8631
6592,8607,8630
5750,6874,6899
6521,8568,8589
5751,6854,6907
6522,8568,8590
5752,6841,6909
6523,8569,8590
5753,6829,6909
6524,8569,8591
5754,6819,6907
6525,8570,8592
5755,6810,6904
9610,7333,7343
6526,8571,8592
5756,6801,6900
9611,7308,7356
6527,8571,8593
5757,6793,6896
9612,7292,7360
6528,8572,8594
5758,6785,6891
9613,7278,7362
6529,8572,8594
5759,6778,6886
9614,7266,7362
6530,8573,8595
5760,6771,6880
9615,7254,7362
6531,8573,8596
5761,6765,6875
9616,7243,7361
6532,8574,8596
5762,6758,6869
9617,7233,7359
6533,8574,8597
5763,6752,6863
9618,7223,7357
6534,8575,8598
5764,6746,6858
9619,7214,7355
6535,8575,8598
5765,6740,6852
9620,7206,7352
6536,8576,8599
5766,6734,6846
9621,7198,7350
6537,8576,8600
5767,6729,6840
9622,7190,7346
6538,8577,8600
5768,6724,6834
9623,7183,7343
6539,8578,8601
5769,6718,6828
9624,7177,7339
6540,8578,8601
5770,6713,6821
7461,9725,9725
9625,7172,7335
6541,8579,8602
5771,6708,6815
7462,9724,9727
9626,7167,7331
6542,8579,8603
5772,6703,6809
7463,9723,9728
9627,7162,7327
6543,8580,8603
5773,6699,6803
7464,9723,9728
9628,7159,7322
6544,8580,8604
5774,6694,6798
7465,9723,9729
9629,7156,7317
6545,8581,8605
5775,6689,6792
7466,9723,9729
9630,7154,7311
6546,8581,8605
5776,6685,6786
7467,9723,9729
9631,7153,7305
6547,8582,8606
5777,6680,6780
7468,9723,9729
9632,7153,7299
6548,8583,8606
5778,6676,6774
7469,9723,9729
9633,7153,7292
6549,8583,8607
5779,6672,6768
7470,9724,9729
9634,7155,7284
6550,8584,8608
5805,6585,6629
6576,8598,8622
5780,6668,6763
7471,9725,9728
9635,7158,7276
6551,8584,8608
5806,6582,6623
6577,8599,8623
5781,6664,6757
7472,9726,9727
9636,7162,7266
6552,8585,8609
6569,8594,8618
5798,6604,6665
5807,6580,6618
6578,8599,8623
5782,6660,6751
9637,7168,7255
6553,8585,8609
6570,8595,8619
5799,6601,6660
5808,6578,6612
6579,8600,8624
5783,6656,6746
9638,7178,7240
6554,8586,8610
6571,8595,8620
5800,6598,6655
5809,6576,6607
6580,8600,8624
5784,6652,6740
9639,7203,7210
6555,8586,8611
6572,8596,8620
5801,6595,6649
5810,6574,6601
6581,8601,8625
5785,6648,6735
6556,8587,8611
6573,8596,8621
5802,6592,6644
5811,6573,6595
6582,8601,8625
5786,6644,6729
6557,8587,8612
6574,8597,8621
5803,6590,6639
5812,6572,6588
6583,8602,8626
5787,6640,6724
6558,8588,8612
6575,8597,8622
5804,6587,6634
5813,6574,6579
6584,8603,8626
5788,6637,6718
6559,8589,8613
5789,6633,6713
6560,8589,8613
5790,6630,6707
6561,8590,8614
6591,8606,8630
5791,6626,6702
6562,8590,8615
5792,6623,6697
6563,8591,8615
5793,6620,6691
6564,8591,8616
5794,6616,6686
6565,8592,8616
5795,6613,6681
6566,8592,8617
5796,6610,6676
6567,8593,8617
5797,6607,6670
6568,8594,8618
6585,8603,8627
6586,8604,8627
6587,8604,8628
6588,8605,8628
6589,8605,8629
6590,8606,8629
6602,8613,8635
6603,8613,8635
6604,8614,8636
6605,8614,8636
6606,8615,8637
6607,8615,8637
6608,8616,8637
6609,8617,8638
6610,8617,8638
6611,8618,8639
6612,8618,8639
6613,8619,8639
6614,8620,8640
6615,8620,8640
6616,8621,8641
6617,8621,8641
6618,8622,8641
6619,8622,8642
6620,8623,8642
6621,8624,8643
6622,8624,8643
6623,8625,8643
6624,8625,8644
6625,8626,8644
6626,8627,8644
6627,8627,8645
6628,8628,8645
6629,8628,8645
6630,8629,8646
6631,8630,8646
6632,8630,8646
6633,8631,8647
6634,8631,8647
6635,8632,8647
6636,8633,8648
6637,8633,8648
6638,8634,8648
6639,8634,8648
6640,8635,8649
6641,8636,8649
6642,8636,8649
6643,8637,8650
6644,8638,8650
6645,8638,8650
6646,8639,8650
6647,8640,8650
6648,8641,8651
7190,8726,8728
6649,8641,8651
7191,8726,8729
6650,8642,8651
7192,8725,8730
6651,8643,8651
7193,8725,8730
6652,8644,8651
7194,8724,8731
6653,8644,8651
7195,8724,8731
6654,8645,8651
7196,8723,8731
6655,8646,8651
7197,8723,8731
6656,8647,8651
7198,8723,8732
6657,8649,8650
6520,8567,8588
6519,8567,8588
6518,8566,8587
6517,8566,8586
6516,8565,8585
6515,8565,8585
6514,8564,8584
6513,8564,8583
6512,8563,8583
6511,8563,8582
6510,8562,8581
6509,8561,8580
6508,8561,8580
6507,8560,8579
6506,8560,8578
6505,8559,8577
6504,8559,8577
6503,8558,8576
6502,8558,8575
6501,8557,8574
6500,8557,8573
6499,8556,8573
6498,8556,8572
6497,8555,8571
6496,8555,8570
6495,8554,8569
