9685,7322,7435
9686,7317,7432
9687,7313,7430
9688,7309,7427
9689,7305,7424
9703,7302,7342
9702,7295,7354
9701,7291,7363
9700,7289,7371
9699,7288,7378
9698,7287,7384
9697,7287,7390
9696,7288,7395
9695,7289,7400
9694,7291,7404
9693,7293,7409
9692,7295,7413
9691,7298,7417
5857,6620,6690
5856,6623,6694
5855,6626,6699
9690,7301,7420
5854,6629,6703
5853,6633,6708
5852,6636,6712
5851,6639,6716
9674,7401,7441
5864,6601,6657
7430,9711,9718
5837,6698,6769
9675,7390,7444
5865,6599,6652
7431,9712,9718
5838,6693,6766
9676,7380,7446
5866,6596,6647
7432,9712,9718
5839,6688,6763
7433,9713,9718
5840,6684,6759
7434,9714,9717
5841,6679,6756
7435,9716,9716
5842,6674,6752
9673,7417,7433
5863,6603,6662
7429,9711,9718
5836,6704,6772
5862,6606,6667
7428,9711,9717
5835,6709,6774
5861,6609,6671
7427,9711,9717
5834,6715,6776
5860,6611,6676
7426,9711,9716
5833,6722,6778
5859,6614,6681
7425,9712,9715
5832,6729,6780
5858,6617,6685
7424,9713,9714
5831,6736,6780
5850,6643,6721
9677,7372,7446
5867,6594,6642
9678,7364,7446
5868,6592,6637
9679,7357,7445
5869,6591,6631
9680,7350,7444
5870,6589,6626
9681,7344,7443
5871,6588,6620
9682,7338,7441
5872,6587,6614
9683,7332,7439
5873,6587,6607
9684,7327,7437
5874,6589,6599
5849,6646,6725
5848,6650,6729
5847,6654,6733
5846,6658,6737
5845,6662,6741
5844,6666,6745
5843,6670,6749
5830,6745,6780
5829,6756,6776
