7596,9707,9710
7597,9706,9711
7598,9706,9711
7599,9705,9711
7604,9707,9709
7603,9706,9710
7602,9706,9710
7601,9705,9711
7600,9705,9711
5554,6485,6498
5555,6478,6499
5556,6472,6498
5557,6467,6497
5558,6462,6496
5559,6457,6495
5560,6453,6493
5561,6449,6491
5562,6444,6489
5563,6440,6487
5564,6436,6485
5565,6433,6482
5566,6429,6480
5567,6425,6478
5568,6422,6475
5569,6418,6473
5570,6415,6470
5571,6411,6468
5572,6408,6465
5573,6405,6463
5574,6401,6460
5575,6398,6458
5576,6395,6455
7766,8671,8673
5607,6311,6369
7767,8670,8674
5608,6309,6366
7768,8669,8674
5609,6306,6364
7769,8669,8675
5610,6304,6361
7770,8668,8675
5611,6302,6358
7771,8668,8676
5612,6300,6355
7772,8667,8676
5613,6297,6352
7773,8667,8676
5614,6295,6350
7774,8667,8677
5615,6293,6347
7775,8667,8677
5616,6291,6344
7776,8666,8677
5617,6289,6341
7777,8666,8677
5618,6286,6338
7778,8666,8678
5619,6284,6335
7779,8666,8678
5620,6282,6333
5597,6336,6397
7780,8666,8678
5621,6280,6330
5598,6333,6394
7781,8666,8678
5622,6278,6327
5599,6330,6392
7782,8666,8678
5623,6276,6324
5600,6328,6389
7783,8665,8678
5624,6274,6321
5601,6325,6386
7784,8665,8678
5625,6272,6318
5602,6323,6383
7785,8665,8678
5626,6270,6316
7786,8665,8678
5627,6268,6313
7787,8665,8678
5628,6266,6310
7788,8665,8678
5629,6264,6307
7789,8665,8679
5630,6262,6304
7803,8666,8678
5644,6239,6263
7802,8666,8678
5643,6240,6266
7801,8666,8678
5642,6242,6269
7800,8665,8678
5641,6243,6272
7799,8665,8678
5640,6245,6275
7798,8665,8678
5639,6246,6278
7797,8665,8678
5638,6248,6281
7796,8665,8678
5637,6250,6284
7795,8665,8678
5636,6251,6287
7794,8665,8679
5635,6253,6290
7793,8665,8679
5634,6255,6293
7792,8665,8679
5633,6257,6296
7791,8665,8679
5632,6258,6299
7804,8666,8678
5645,6237,6259
7805,8666,8678
5646,6236,6256
7806,8666,8677
5647,6235,6253
7807,8666,8677
5648,6234,6249
7808,8667,8677
5649,6234,6245
7809,8667,8677
5650,6234,6241
7810,8667,8677
7811,8667,8676
7812,8668,8676
7813,8668,8676
7814,8668,8675
7815,8669,8675
7816,8669,8674
7817,8670,8674
7818,8671,8673
7790,8665,8679
5631,6260,6301
5603,6321,6380
5604,6318,6378
5605,6316,6375
5606,6313,6372
5596,6338,6400
5595,6341,6403
5594,6343,6406
5593,6346,6408
5592,6349,6411
5591,6351,6414
5590,6354,6417
5589,6357,6420
5588,6359,6422
5587,6362,6425
5586,6365,6428
5585,6368,6431
5584,6371,6433
5583,6374,6436
5582,6377,6439
5581,6380,6442
5580,6383,6444
5579,6386,6447
5578,6389,6450
5577,6392,6452
