5659,7011,7114
5660,6983,7142
5661,6962,7163
5662,6945,7180
5663,6930,7195
5664,6917,7208
5665,6905,7220
5666,6894,7232
5667,6883,7242
5668,6873,7252
5669,6864,7262
5807,7772,7773
5806,7768,7773
5805,7764,7772
5804,7761,7770
5803,7757,7768
5802,7754,7766
5801,7751,7765
5800,7748,7763
5799,7745,7761
5798,7742,7759
5797,7739,7756
5796,7736,7754
5795,7733,7752
5794,7730,7750
5793,7727,7748
5792,7724,7746
5791,7721,7744
5790,7718,7741
5789,7715,7739
5788,7712,7737
5787,7709,7734
5786,7706,7732
5785,7702,7730
5784,7699,7727
5783,7696,7725
5782,7693,7723
5781,7690,7720
5780,7687,7718
5779,7684,7715
5778,7681,7713
5777,7678,7710
5776,7675,7708
5775,7672,7705
5774,7668,7703
5773,7665,7700
5772,7662,7698
5771,7659,7695
5770,7656,7692
5769,7652,7690
5768,7649,7687
5767,7646,7685
5766,7643,7682
5765,7639,7679
5764,7636,7676
5763,7633,7674
5762,7629,7671
5761,7626,7668
5760,7623,7665
5759,7619,7663
5758,7616,7660
5757,7612,7657
5756,7609,7654
5755,7606,7651
5754,7602,7648
5753,7599,7646
5752,7595,7643
5751,7591,7640
5750,7588,7637
5749,7584,7634
5748,7581,7631
5747,7577,7628
5746,7573,7625
5745,7570,7622
5744,7566,7618
5743,7562,7615
5685,7242,7377
5685,6750,6861
9540,6834,7138
5730,7511,7573
5730,6565,6579
5686,7252,7383
5686,6745,6850
9541,6840,7149
5731,7515,7576
5731,6563,6573
5687,7261,7388
5687,6739,6841
9542,6846,7156
5732,7519,7580
5732,6561,6568
5688,7271,7394
5688,6734,6831
9543,6852,7159
5733,7523,7583
5689,7279,7399
5689,6728,6822
9544,6859,7160
5734,7527,7586
5694,7319,7425
5694,6703,6782
9549,6898,7146
5739,7547,7603
5693,7311,7420
5693,6708,6790
9548,6889,7151
5738,7543,7599
5692,7304,7415
5692,6713,6798
9547,6881,7155
5737,7539,7596
5691,7296,7410
5691,6718,6806
9546,6873,7158
5736,7535,7593
5690,7288,7405
5690,6723,6814
9545,6866,7160
5735,7531,7590
7407,8704,8704
7408,8703,8706
7409,8702,8707
7410,8701,8707
7411,8701,8708
7412,8700,8708
7413,8700,8708
7414,8700,8709
7415,8699,8709
7416,8699,8709
7417,8699,8709
7418,8699,8710
7419,8699,8710
7440,8699,8709
7439,8699,8709
7438,8699,8709
7437,8698,8709
7436,8698,8710
7435,8698,8710
7434,8698,8710
7433,8698,8710
7432,8698,8710
7431,8698,8710
7430,8698,8710
7429,8698,8710
7428,8698,8710
7441,8699,8708
7442,8699,8708
7443,8700,8708
7444,8700,8707
7445,8701,8707
7446,8701,8706
7447,8702,8705
7448,8703,8704
5696,7333,7435
5696,6693,6768
9551,6917,7133
5741,7555,7609
7427,8698,8710
5695,7326,7430
5695,6698,6775
9550,6907,7140
5740,7551,7606
7426,8698,8710
7425,8698,8710
7424,8698,8710
7423,8698,8710
7422,8698,8710
7421,8698,8710
7420,8698,8710
5697,7340,7440
5697,6689,6761
9552,6928,7124
5742,7558,7612
5698,7346,7445
5698,6684,6754
9553,6941,7114
5699,7353,7450
5699,6679,6747
9554,6955,7102
5684,7231,7371
5684,6756,6871
9539,6829,7120
5729,7506,7569
5729,6568,6584
5683,7220,7365
5683,6762,6883
9538,6824,7091
5728,7502,7566
5728,6571,6589
5682,7208,7359
5682,6768,6895
9537,6819,7057
5727,7498,7562
5727,6574,6594
5681,7195,7352
5681,6774,6908
9536,6814,7026
5726,7493,7559
5726,6577,6598
5680,7180,7346
5680,6781,6923
9535,6809,6999
5725,7489,7555
5725,6580,6603
5679,7164,7339
5679,6787,6939
9534,6805,6975
5724,7485,7552
5724,6583,6608
5678,7145,7333
5678,6794,6959
9533,6801,6954
5723,7480,7548
5723,6586,6613
5677,7120,7326
5677,6801,6984
9532,6797,6935
5722,7476,7544
5722,6589,6618
5676,7078,7319
5676,6808,7026
9531,6793,6917
5721,7471,7541
5721,6593,6623
5675,6815,7311
9530,6790,6900
5720,7466,7537
5720,6596,6628
5674,6822,7304
9529,6787,6884
5719,7462,7533
5719,6600,6633
5673,6830,7296
9528,6785,6868
7517,9729,9732
5718,7457,7529
5718,6603,6638
5672,6838,7288
9527,6783,6853
7516,9728,9732
5717,7452,7526
5717,6607,6643
5671,6846,7280
9526,6782,6837
7515,9728,9733
5716,7447,7522
5716,6610,6649
5670,6855,7271
9525,6783,6820
7514,9727,9733
5715,7442,7518
5715,6614,6654
9555,6973,7086
5700,7359,7454
5700,6675,6740
9556,7000,7062
5701,7366,7459
5701,6670,6734
5702,7372,7463
5702,6666,6728
5703,7378,7468
5703,6662,6721
5704,7384,7472
5704,6657,6715
5705,7389,7477
5705,6653,6709
5706,7395,7481
5706,6649,6703
5707,7401,7485
5707,6645,6698
5708,7406,7489
5708,6641,6692
7508,9728,9731
5709,7412,7494
5709,6637,6686
7509,9728,9732
5710,7417,7498
5710,6633,6681
7510,9727,9733
5711,7422,7502
5711,6629,6675
7511,9727,9733
5712,7427,7506
5712,6625,6670
7512,9727,9733
5713,7432,7510
5713,6621,6664
7513,9727,9733
5714,7438,7514
5714,6618,6659
