9666,7285,7409
9667,7280,7406
9668,7275,7403
9669,7271,7399
9683,7272,7309
9682,7263,7323
9681,7258,7334
9680,7255,7342
9679,7253,7350
9678,7253,7357
9677,7253,7363
9676,7253,7368
9675,7254,7374
9674,7256,7379
9673,7258,7383
9672,7261,7388
9671,7264,7392
9670,7267,7396
5806,6780,6801
5807,6767,6805
5840,6612,6679
5839,6615,6684
5838,6618,6689
5837,6621,6693
5836,6624,6698
5835,6628,6703
5834,6631,6708
5833,6634,6712
5832,6638,6717
5831,6641,6722
9656,7355,7423
5846,6596,6649
7439,9715,9722
7441,9716,9722
9658,7337,7424
5848,6592,6639
5829,6649,6731
7442,9716,9722
9659,7329,7423
5849,6589,6634
5830,6645,6726
7443,9716,9722
9660,7321,7422
5850,6588,6629
7444,9717,9722
9661,7314,7420
5851,6586,6623
7445,9718,9722
9662,7308,7418
5852,6584,6617
7446,9719,9721
9663,7302,7416
5853,6583,6611
9655,7365,7422
5845,6599,6654
7438,9716,9721
7440,9715,9722
9657,7345,7424
5847,6594,6644
9654,7377,7419
5844,6601,6659
7437,9716,9720
9653,7395,7409
5843,6604,6664
7436,9716,9719
5842,6606,6669
5841,6609,6674
9664,7296,7414
5854,6582,6605
9665,7290,7412
5855,6583,6598
5828,6652,6735
5827,6656,6740
5826,6660,6744
5825,6664,6749
5824,6668,6753
5823,6673,6758
5822,6677,6762
5821,6681,6766
5820,6686,6770
5819,6691,6774
5818,6696,6778
5817,6701,6782
5816,6706,6786
5815,6711,6789
5814,6717,6793
5813,6723,6796
5812,6729,6798
5811,6735,6801
5810,6742,6803
5809,6749,6805
5808,6758,6805
