5504,6472,6484
5505,6464,6486
5506,6458,6486
5507,6452,6486
5508,6448,6485
5509,6443,6484
5510,6438,6482
5511,6434,6481
5512,6430,6479
5513,6426,6477
5514,6422,6475
5515,6419,6473
5516,6415,6471
5517,6412,6469
5518,6408,6466
5519,6405,6464
5520,6401,6462
5521,6398,6459
5522,6395,6457
5523,6392,6454
5524,6389,6452
5525,6385,6449
5526,6382,6447
5527,6380,6444
5528,6377,6442
5529,6374,6439
5530,6371,6436
5531,6368,6433
5532,6365,6431
5533,6363,6428
5534,6360,6425
5535,6357,6422
5536,6355,6420
5537,6352,6417
5576,6280,6291
5575,6280,6296
7930,8652,8666
7931,8652,8666
7932,8651,8666
7933,8651,8666
7934,8651,8666
7935,8651,8666
7936,8651,8666
7937,8651,8666
7938,8651,8666
7988,8655,8657
7987,8655,8657
5574,6280,6300
7986,8654,8658
5573,6281,6304
7985,8654,8659
5572,6282,6308
7984,8653,8659
5571,6283,6312
7983,8653,8659
5570,6284,6316
7982,8653,8660
5569,6286,6319
7981,8653,8660
5568,6287,6323
7980,8652,8660
5567,6289,6326
7979,8652,8661
5566,6290,6329
7978,8652,8661
7621,9696,9698
5565,6292,6333
7977,8652,8661
7620,9695,9699
5564,6293,6336
7976,8652,8662
7619,9695,9700
5563,6295,6339
7975,8652,8662
7618,9695,9700
5562,6297,6342
7974,8652,8662
7617,9695,9700
5561,6299,6345
7973,8652,8662
7616,9695,9700
5560,6301,6349
7972,8651,8662
7615,9696,9700
5559,6302,6352
7971,8651,8663
7614,9696,9700
5558,6304,6355
7970,8651,8663
7613,9697,9699
5557,6306,6358
7969,8651,8663
5556,6308,6361
7968,8651,8663
5555,6310,6364
7951,8651,8666
5538,6349,6414
7950,8651,8666
7949,8651,8666
7948,8651,8666
7947,8651,8666
7946,8651,8666
7945,8651,8666
7944,8651,8666
7943,8651,8666
7942,8651,8666
7941,8651,8666
7940,8651,8666
7939,8651,8666
7952,8651,8665
5539,6347,6411
7953,8651,8665
5540,6344,6408
7954,8651,8665
5541,6342,6406
7955,8651,8665
5542,6339,6403
7956,8651,8665
5543,6337,6400
7957,8651,8665
5544,6335,6397
7958,8651,8665
5545,6332,6394
7959,8651,8665
5546,6330,6391
7960,8651,8665
5547,6328,6388
7961,8651,8664
5548,6325,6385
7962,8651,8664
5549,6323,6382
7963,8651,8664
5550,6321,6379
7964,8651,8664
5551,6319,6376
7965,8651,8664
5552,6317,6373
7966,8651,8664
5553,6315,6370
7967,8651,8663
5554,6312,6367
7929,8652,8666
7928,8652,8666
7927,8652,8666
7926,8652,8666
7925,8652,8666
7924,8652,8666
7923,8652,8666
7922,8652,8666
7921,8653,8666
7920,8653,8666
7919,8653,8666
7918,8653,8666
7917,8653,8666
7916,8653,8666
7915,8654,8666
7914,8654,8666
7913,8654,8665
7912,8654,8665
7911,8654,8665
7910,8655,8665
7909,8655,8665
7908,8655,8665
7907,8655,8664
7906,8656,8664
7905,8656,8664
7904,8656,8664
7903,8657,8663
7902,8657,8663
7901,8658,8662
7900,8658,8662
7899,8659,8661
