5510,6470,6487
5511,6463,6488
5512,6457,6488
5513,6452,6487
5514,6447,6486
5515,6443,6484
5516,6438,6483
5517,6434,6481
5518,6430,6479
5519,6426,6477
5520,6422,6475
5521,6419,6473
5522,6415,6471
5523,6412,6469
5524,6408,6467
5525,6405,6464
5526,6401,6462
5527,6398,6459
5528,6395,6457
5529,6392,6454
5530,6389,6452
5531,6386,6449
5532,6383,6447
5533,6380,6444
5534,6377,6441
5535,6374,6439
5536,6371,6436
5537,6368,6433
5538,6365,6431
5539,6363,6428
7904,8654,8668
7905,8654,8668
7906,8654,8668
7907,8654,8668
7908,8654,8668
7909,8654,8668
7910,8654,8668
7911,8654,8668
7912,8654,8668
7913,8654,8668
7914,8654,8668
7915,8653,8668
7916,8653,8668
7917,8653,8668
7918,8653,8668
7962,8658,8660
5549,6337,6400
7961,8657,8661
5548,6339,6403
7960,8657,8661
5547,6342,6405
7959,8656,8662
5546,6344,6408
7958,8656,8662
5545,6347,6411
7957,8656,8663
5544,6349,6414
7956,8656,8663
5543,6352,6417
7955,8655,8663
5542,6355,6420
7954,8655,8664
5541,6357,6422
7953,8655,8664
5540,6360,6425
7952,8655,8664
7951,8655,8664
7950,8654,8665
7949,8654,8665
7948,8654,8665
7931,8653,8668
7930,8653,8668
7929,8653,8668
7928,8653,8668
7927,8653,8668
7926,8653,8668
7925,8653,8668
7924,8653,8668
7923,8653,8668
7922,8653,8668
7921,8653,8668
7920,8653,8668
7919,8653,8668
7932,8653,8667
7933,8653,8667
7934,8653,8667
7935,8653,8667
7936,8653,8667
7937,8653,8667
7938,8653,8667
7939,8653,8667
7940,8653,8666
7941,8654,8666
7942,8654,8666
7943,8654,8666
7944,8654,8666
7945,8654,8666
7946,8654,8665
7947,8654,8665
7903,8655,8668
7902,8655,8668
7901,8655,8668
7900,8655,8668
7899,8655,8668
7898,8655,8668
5550,6335,6397
5551,6332,6394
5552,6330,6391
5553,6328,6388
5554,6325,6385
7611,9699,9700
5555,6323,6382
7612,9698,9701
5556,6321,6379
7613,9697,9701
5557,6319,6376
7614,9696,9701
5558,6316,6373
7615,9696,9701
5559,6314,6370
7616,9696,9701
5560,6312,6367
7617,9696,9701
5561,6310,6364
7618,9696,9701
5562,6308,6361
7619,9697,9700
5563,6306,6358
5564,6304,6355
5565,6302,6352
5566,6300,6349
5567,6298,6346
7881,8661,8663
5568,6296,6343
7882,8660,8664
5569,6294,6340
7883,8660,8664
5570,6293,6336
7884,8659,8665
5571,6291,6333
7885,8659,8665
5572,6289,6330
7886,8658,8665
5573,6287,6327
7887,8658,8666
5574,6286,6323
7888,8658,8666
5575,6284,6320
7889,8657,8666
5576,6283,6317
7890,8657,8667
5577,6281,6313
7891,8657,8667
5578,6280,6310
7892,8656,8667
5579,6279,6306
7893,8656,8667
5580,6278,6302
7894,8656,8667
5581,6277,6298
7895,8656,8667
5582,6276,6294
7896,8656,8668
5583,6276,6290
7897,8655,8668
5584,6277,6284
