5670,7027,7099
5671,6993,7134
5672,6970,7157
5673,6952,7175
5674,6937,7191
5675,6923,7205
5676,6910,7217
5677,6899,7229
5678,6888,7240
5679,6878,7250
5680,6868,7260
5681,6859,7269
5682,6851,7278
5683,6842,7287
5960,8052,8052
5959,8048,8052
5958,8046,8051
5957,8043,8050
5956,8041,8049
5955,8039,8048
5954,8037,8047
5953,8035,8046
5952,8033,8045
5951,8031,8043
5950,8029,8042
5949,8027,8041
5948,8025,8039
5947,8023,8038
5946,8021,8037
5945,8019,8035
5944,8017,8034
5943,8015,8033
5942,8013,8031
5941,8011,8030
5940,8009,8028
5939,8008,8027
5938,8006,8025
5937,8004,8024
5936,8002,8022
5935,8000,8021
5934,7998,8019
5933,7996,8018
5932,7994,8016
5931,7992,8015
5930,7990,8013
5929,7988,8012
5928,7986,8010
5927,7984,8009
5926,7983,8007
5925,7981,8006
5924,7979,8004
5923,7977,8002
5922,7975,8001
5921,7973,7999
5920,7971,7998
5919,7969,7996
5918,7967,7994
5917,7965,7993
7409,8701,8713
5786,7658,7718
7408,8701,8713
5785,7655,7715
7407,8701,8713
5784,7652,7712
5736,6585,6618
5736,7479,7561
5735,6588,6623
5735,7474,7557
5734,6591,6628
5734,7470,7553
5733,6594,6633
5733,7465,7550
5732,6598,6638
5732,7461,7546
5731,6601,6643
5731,7456,7542
5730,6604,6648
5730,7451,7538
5729,6608,6654
5729,7446,7534
5728,6611,6659
5728,7442,7530
5727,6615,6664
5727,7437,7526
5726,6619,6670
5726,7432,7522
5725,6622,6675
5725,7427,7518
5724,6626,6681
5724,7422,7514
5723,6630,6686
5723,7416,7510
5722,6634,6692
5722,7411,7506
5721,6637,6698
5721,7406,7502
5720,6641,6704
5720,7400,7497
5719,6645,6710
5719,7395,7493
5688,6805,7326
5687,6812,7318
5686,6819,7311
5685,6826,7303
5737,6582,6613
5737,7483,7565
5692,6778,6953
5692,7161,7353
5712,6675,6754
5712,7353,7462
7403,8701,8713
5780,7640,7701
9567,6972,7142
5738,6579,6608
5738,7487,7568
7384,8704,8711
5761,7577,7645
9548,6880,6976
5693,6772,6935
5693,7178,7359
5713,6670,6747
5713,7359,7466
7404,8701,8713
5781,7643,7704
9568,6986,7130
5739,6576,6603
5739,7492,7572
7385,8703,8711
5762,7580,7649
9549,6876,7039
5694,6766,6919
5694,7193,7366
5714,6666,6741
5714,7366,7471
7405,8701,8713
5782,7646,7707
9569,7003,7113
5740,6573,6597
5740,7496,7575
7386,8703,8711
5763,7584,7652
9550,6874,7159
5695,6760,6906
5695,7207,7372
5715,6662,6734
5715,7372,7475
7406,8701,8713
5783,7649,7710
9570,7029,7089
5741,6570,6592
5741,7500,7579
7387,8703,8712
5764,7587,7655
9551,6875,7188
5696,6754,6893
5696,7219,7378
5716,6658,6728
5716,7378,7480
5742,6567,6587
5742,7504,7583
7388,8702,8712
5765,7591,7658
9552,6877,7199
5697,6749,6881
5697,7231,7384
5717,6653,6722
5717,7383,7484
5743,6565,6582
5743,7508,7586
7389,8702,8712
5766,7594,7661
9553,6879,7204
5698,6743,6870
5698,7241,7389
5718,6649,6716
5718,7389,7489
5744,6563,6577
5744,7513,7590
7390,8702,8712
5767,7597,7664
9554,6882,7207
5699,6738,6859
5699,7252,7395
5745,6561,6571
5745,7517,7593
7391,8702,8713
5768,7601,7667
9555,6886,7207
5700,6732,6850
5700,7261,7401
5746,6560,6564
5746,7521,7596
7392,8702,8713
5769,7604,7670
9556,6890,7206
5701,6727,6840
5701,7270,7406
5747,7525,7600
7393,8701,8713
5770,7607,7673
9557,6895,7204
5702,6722,6831
5702,7279,7412
5750,7536,7610
7396,8701,8713
5773,7617,7681
9560,6912,7194
5705,6707,6805
5705,7304,7427
5751,7540,7613
7397,8701,8713
5774,7621,7684
9561,6918,7189
5706,6702,6797
5706,7311,7432
5752,7544,7617
7398,8701,8713
5775,7624,7687
9562,6925,7183
5707,6697,6790
5707,7319,7437
5753,7548,7620
7399,8701,8713
5776,7627,7690
9563,6933,7177
5708,6693,6782
5708,7326,7442
5754,7551,7623
7400,8701,8713
5777,7630,7693
9564,6941,7170
5709,6688,6775
5709,7333,7447
5755,7555,7626
7401,8701,8713
5778,7633,7696
9565,6950,7162
5710,6684,6768
5710,7340,7452
5756,7559,7630
7402,8701,8713
5779,7636,7699
9566,6961,7153
5711,6679,6761
5711,7346,7457
5757,7562,7633
7381,8706,8709
5758,7566,7636
7382,8705,8710
5759,7570,7639
5684,6834,7295
7383,8704,8710
9547,6900,6918
5760,7573,7642
5749,7532,7607
7395,8701,8713
5772,7614,7679
9559,6905,7198
5704,6712,6814
5704,7296,7422
5748,7529,7603
7394,8701,8713
5771,7611,7676
9558,6900,7202
5703,6717,6822
5703,7288,7417
5689,6798,7333
5690,6791,7003
5690,7111,7340
5691,6785,6974
5691,7140,7346
7410,8701,8713
5787,7661,7721
7411,8701,8712
5788,7664,7723
7412,8701,8712
5789,7667,7726
7413,8702,8712
5790,7670,7729
7414,8702,8712
5791,7673,7731
7415,8702,8712
5792,7676,7734
7416,8702,8711
5793,7679,7737
7417,8703,8711
5794,7681,7739
7418,8703,8711
5795,7684,7742
7419,8703,8710
5796,7687,7744
7420,8704,8710
5797,7690,7747
7421,8704,8709
5798,7693,7750
7422,8705,8708
5799,7696,7752
5800,7698,7755
5801,7701,7757
5802,7704,7760
5803,7707,7762
5804,7710,7765
5805,7712,7767
5806,7715,7770
5807,7718,7772
5808,7720,7775
5809,7723,7777
5810,7726,7780
5811,7728,7782
5812,7731,7784
5813,7734,7787
5814,7736,7789
5815,7739,7792
5816,7742,7794
5817,7744,7796
5818,7747,7799
5819,7749,7801
5820,7752,7803
5821,7755,7806
5822,7757,7808
5823,7760,7810
5824,7762,7813
5825,7765,7815
5826,7767,7817
5827,7770,7819
5828,7772,7822
5829,7775,7824
5830,7777,7826
5831,7780,7828
5832,7782,7831
5833,7784,7833
5834,7787,7835
5835,7789,7837
5836,7792,7839
5837,7794,7842
5838,7796,7844
5839,7799,7846
5840,7801,7848
5841,7804,7850
5842,7806,7852
5843,7808,7855
5844,7811,7857
5845,7813,7859
5846,7815,7861
5847,7818,7863
5848,7820,7865
5849,7822,7867
5850,7825,7869
5851,7827,7871
5852,7829,7873
5853,7831,7876
5854,7834,7878
5855,7836,7880
5856,7838,7882
5857,7840,7884
5858,7843,7886
5859,7845,7888
5860,7847,7890
5861,7849,7892
5862,7852,7894
5863,7854,7896
5864,7856,7898
5865,7858,7900
5866,7860,7902
5867,7863,7904
5868,7865,7905
5869,7867,7907
5870,7869,7909
5871,7871,7911
5872,7873,7913
5873,7876,7915
5874,7878,7917
5875,7880,7919
5876,7882,7921
7500,9730,9730
5877,7884,7923
7501,9728,9731
5878,7886,7925
7502,9728,9732
5879,7888,7926
7503,9727,9733
5880,7890,7928
7504,9727,9733
5881,7893,7930
7505,9727,9733
5882,7895,7932
7506,9727,9733
5883,7897,7934
7507,9727,9733
5884,7899,7936
7508,9728,9733
5885,7901,7938
7509,9728,9733
5886,7903,7939
7510,9729,9732
5887,7905,7941
5888,7907,7943
5889,7909,7945
5890,7911,7947
5891,7913,7948
5892,7915,7950
5893,7917,7952
5894,7919,7954
5895,7921,7956
5896,7923,7957
5897,7925,7959
5898,7927,7961
5899,7929,7963
5900,7931,7964
5901,7933,7966
5902,7935,7968
5903,7937,7969
5904,7939,7971
5905,7941,7973
5906,7943,7975
5907,7945,7976
5908,7947,7978
5909,7949,7980
5910,7951,7981
5911,7953,7983
5912,7955,7985
5913,7957,7986
5914,7959,7988
5915,7961,7990
5916,7963,7991
