5696,6609,6613
5695,6612,6618
5694,6616,6622
9470,6582,6644
9471,6585,6650
9472,6589,6655
9473,6592,6660
9474,6596,6666
9475,6599,6671
9476,6603,6677
9477,6606,6682
9478,6610,6688
9479,6613,6694
9480,6617,6699
9481,6621,6705
9482,6625,6711
9483,6628,6717
9484,6632,6723
9485,6636,6729
9486,6640,6736
9487,6644,6742
9488,6648,6748
9489,6653,6755
9490,6657,6762
9491,6661,6769
9492,6665,6775
9493,6670,6782
9494,6674,6790
9495,6679,6797
9496,6683,6804
9497,6688,6812
9498,6693,6820
9499,6698,6828
5663,6775,6797
7462,8694,8704
9518,6813,7019
5687,6645,6657
7486,8695,8703
5662,6783,6804
7461,8694,8704
9517,6806,7009
5686,6649,6662
7485,8694,8704
5661,6790,6811
7460,8695,8704
9516,6798,6999
5685,6654,6667
7484,8694,8704
5660,6798,6819
7459,8695,8703
9515,6791,6988
5684,6658,6672
7483,8694,8704
5659,6806,6826
7458,8695,8703
9514,6784,6976
5683,6663,6677
7482,8694,8704
5658,6815,6833
7457,8696,8703
9513,6777,6965
5682,6667,6682
7481,8693,8704
5657,6824,6841
7456,8696,8702
9512,6770,6953
5681,6672,6688
7480,8693,8705
5656,6834,6848
7455,8697,8702
9511,6764,6942
5680,6677,6693
7479,8693,8705
5655,6845,6854
7454,8698,8701
9510,6758,6931
5679,6682,6698
7478,8693,8705
7453,8699,8699
9509,6752,6920
5678,6687,6704
7477,8693,8705
9508,6746,6910
5677,6692,6709
7476,8693,8705
9507,6740,6900
5676,6697,6715
7475,8693,8705
9506,6734,6890
5675,6702,6721
7474,8693,8705
5664,6768,6790
7463,8694,8704
9519,6822,7027
5688,6640,6652
7487,8695,8703
5665,6761,6783
7464,8694,8705
9520,6830,7034
5689,6636,6647
7488,8695,8703
5666,6755,6776
7465,8693,8705
9521,6840,7038
5690,6632,6642
7489,8696,8702
5667,6748,6770
7466,8693,8705
9522,6849,7041
5691,6628,6637
7490,8696,8701
5668,6742,6763
7467,8693,8705
9523,6860,7042
5692,6624,6632
7491,8697,8701
5693,6620,6627
7492,8698,8700
9505,6729,6880
5674,6708,6727
7473,8693,8705
9504,6723,6871
5673,6713,6733
9528,6939,7003
7472,8693,8705
9503,6718,6862
5672,6719,6738
9527,6915,7020
7471,8693,8705
9502,6713,6853
5671,6724,6745
9526,6898,7030
7470,8693,8705
9501,6708,6844
5670,6730,6751
9525,6884,7037
7469,8693,8705
9500,6703,6836
5669,6736,6757
9524,6871,7040
7468,8693,8705
9469,6579,6639
9468,6576,6634
9467,6572,6629
9466,6569,6624
9465,6566,6619
9464,6563,6614
9463,6560,6609
9462,6557,6604
9461,6554,6599
9460,6551,6594
9459,6549,6589
9458,6546,6584
9457,6543,6579
9456,6541,6574
9455,6538,6569
9454,6536,6564
9453,6533,6559
9452,6531,6554
9451,6529,6549
9450,6528,6543
9449,6526,6537
7526,9727,9732
7527,9727,9732
7528,9727,9732
7529,9728,9731
7530,9729,9730
7525,9726,9732
7524,9726,9732
7523,9727,9732
7522,9727,9732
7521,9727,9731
7520,9729,9730
