5673,7004,7121
5674,6978,7147
5675,6959,7167
5676,6942,7183
5677,6928,7198
5678,6915,7211
5679,6903,7223
5680,6892,7235
5681,6882,7245
5682,6872,7255
5990,8094,8097
5989,8091,8096
5988,8089,8095
5987,8087,8094
5986,8085,8093
5985,8083,8092
5984,8081,8091
5983,8079,8090
5982,8077,8089
5981,8075,8088
5980,8073,8087
5979,8072,8085
5978,8070,8084
5977,8068,8083
5976,8066,8082
5975,8064,8080
5974,8062,8079
5973,8061,8078
5972,8059,8076
5971,8057,8075
5970,8055,8074
5969,8053,8072
5968,8052,8071
5967,8050,8070
5966,8048,8068
5965,8046,8067
5964,8044,8065
5963,8043,8064
5962,8041,8063
5961,8039,8061
5960,8037,8060
5959,8035,8058
5958,8034,8057
5957,8032,8055
5956,8030,8054
5955,8028,8053
5954,8026,8051
5953,8025,8050
5952,8023,8048
5951,8021,8047
5950,8019,8045
5949,8017,8044
5948,8016,8042
5947,8014,8041
5946,8012,8039
5945,8010,8038
5944,8008,8036
5943,8006,8035
5942,8005,8033
5941,8003,8031
5940,8001,8030
5939,7999,8028
5938,7997,8027
5937,7995,8025
5936,7994,8024
5935,7992,8022
5934,7990,8020
5933,7988,8019
5932,7986,8017
5931,7984,8016
5930,7982,8014
5929,7981,8012
5928,7979,8011
5927,7977,8009
5926,7975,8008
5925,7973,8006
5924,7971,8004
5923,7969,8003
5922,7967,8001
5921,7966,7999
5920,7964,7998
5919,7962,7996
5918,7960,7994
5917,7958,7993
5916,7956,7991
5915,7954,7989
5914,7952,7988
5913,7950,7986
5912,7948,7984
5911,7946,7982
5910,7944,7981
5909,7943,7979
5908,7941,7977
5907,7939,7975
5906,7937,7974
5905,7935,7972
5904,7933,7970
5903,7931,7968
5902,7929,7967
5901,7927,7965
5900,7925,7963
5899,7923,7961
5898,7921,7960
5897,7919,7958
5723,6639,6702
5723,7405,7499
5722,6643,6708
5722,7399,7495
5721,6647,6714
5721,7394,7491
5720,6651,6720
5720,7388,7486
5719,6655,6726
5719,7382,7482
5718,6659,6733
5718,7376,7478
5717,6664,6739
5717,7370,7473
5716,6668,6746
5716,7364,7468
5715,6672,6752
5715,7358,7464
5714,6676,6759
5714,7352,7459
5713,6681,6766
5713,7345,7454
5712,6685,6773
5712,7338,7450
5711,6690,6780
5711,7331,7445
5710,6695,6788
5710,7324,7440
5709,6699,6795
5709,7317,7435
5708,6704,6803
5708,7309,7430
5707,6709,6811
5707,7302,7425
5706,6714,6820
5706,7294,7419
5705,6719,6828
5705,7285,7414
5704,6724,6837
5704,7277,7409
5703,6729,6847
5703,7268,7403
5702,6734,6856
5702,7258,7398
5701,6740,6867
5701,7248,7392
5700,6745,6877
5700,7238,7386
5699,6751,6889
5699,7227,7380
5738,6586,6621
5738,7478,7559
5847,7812,7860
5739,6583,6616
5739,7482,7563
5848,7814,7862
5740,6580,6611
5740,7487,7566
5849,7816,7864
5741,6577,6606
5741,7491,7570
5850,7818,7866
5742,6574,6601
5742,7495,7574
5851,7821,7868
5743,6572,6596
5743,7500,7577
5852,7823,7870
5683,6863,7265
5744,6569,6591
5744,7504,7581
5853,7825,7872
5684,6854,7274
5745,6566,6586
5745,7508,7584
5854,7828,7874
5685,6845,7282
9553,6892,7195
7389,8702,8714
5766,7587,7654
5875,7874,7917
5874,7871,7915
5873,7869,7913
5872,7867,7911
5871,7865,7909
5870,7863,7907
5869,7861,7905
5868,7859,7903
5746,6564,6580
5746,7512,7588
5855,7830,7876
5686,6837,7291
5747,6562,6575
5747,7516,7591
5856,7832,7879
5687,6829,7299
5748,6561,6569
5748,7520,7595
5857,7834,7881
5688,6822,7307
5749,7524,7598
5858,7837,7883
5689,6814,7314
5750,7528,7602
5859,7839,7885
5690,6807,7322
5751,7532,7605
5860,7841,7887
5691,6800,7329
5861,7843,7889
5692,6794,7030
5692,7088,7336
5862,7845,7891
5693,6787,6989
5693,7128,7343
5863,7848,7893
5694,6781,6965
5694,7152,7349
5864,7850,7895
5695,6774,6946
5695,7171,7356
5865,7852,7897
5696,6768,6929
5696,7187,7362
5866,7854,7899
5697,6762,6914
5697,7202,7368
5867,7856,7901
5698,6757,6901
5698,7215,7374
5737,6589,6626
5737,7474,7555
9552,6896,7136
5765,7583,7651
7388,8702,8714
5846,7809,7857
5736,6593,6632
5736,7469,7552
9551,6911,6973
5764,7580,7647
7387,8702,8713
5845,7807,7855
5735,6596,6637
5735,7464,7548
5763,7576,7644
7386,8702,8713
5844,7805,7853
5734,6599,6642
5734,7460,7544
5762,7573,7641
7385,8702,8713
5843,7802,7851
5733,6603,6647
5733,7455,7540
5761,7569,7638
7384,8703,8713
5842,7800,7849
5732,6606,6652
5732,7450,7536
5760,7565,7635
7383,8703,8713
5841,7798,7847
5731,6610,6658
5731,7446,7532
5759,7562,7632
7382,8703,8713
5840,7795,7844
5730,6613,6663
5730,7441,7528
5758,7558,7628
7381,8704,8712
5839,7793,7842
5729,6617,6668
5729,7436,7524
5757,7555,7625
7380,8704,8712
5838,7790,7840
5728,6620,6674
5728,7431,7520
5756,7551,7622
7379,8704,8712
5837,7788,7838
5727,6624,6679
5727,7426,7516
5755,7547,7619
7378,8705,8711
5836,7786,7836
5726,6628,6685
5726,7421,7512
5754,7543,7615
7377,8705,8711
5835,7783,7833
5725,6631,6691
5725,7415,7508
5753,7539,7612
7376,8706,8710
5834,7781,7831
5724,6635,6696
5724,7410,7504
5752,7536,7609
7375,8707,8709
5833,7778,7829
9554,6890,7207
7390,8702,8714
5767,7590,7657
9555,6891,7212
7391,8702,8714
5768,7593,7660
9556,6892,7215
7392,8701,8714
5769,7597,7663
9557,6895,7215
7393,8701,8714
5770,7600,7666
9558,6898,7215
7394,8701,8714
5771,7604,7669
9559,6902,7213
7395,8701,8714
5772,7607,7672
9560,6906,7210
7396,8701,8714
5773,7610,7675
9561,6911,7207
7397,8701,8714
5774,7613,7678
9562,6916,7203
7398,8701,8714
5775,7617,7681
9563,6922,7199
7399,8701,8714
5776,7620,7684
9564,6928,7193
7400,8701,8714
5777,7623,7686
9565,6935,7187
7401,8701,8714
5778,7626,7689
9566,6943,7181
7402,8701,8714
5779,7629,7692
9567,6951,7173
7403,8701,8713
5780,7633,7695
9568,6960,7165
7404,8702,8713
5781,7636,7698
9569,6971,7155
7405,8702,8713
5782,7639,7701
9570,6982,7144
7406,8702,8713
5783,7642,7704
9571,6997,7131
7407,8702,8713
5784,7645,7706
9572,7015,7113
7408,8702,8713
5785,7648,7709
9573,7048,7081
7409,8702,8712
5786,7651,7712
7410,8703,8712
5787,7654,7715
7411,8703,8712
5788,7657,7717
7412,8703,8711
5789,7660,7720
7413,8704,8711
5790,7663,7723
7414,8704,8711
5791,7666,7726
7415,8704,8710
5792,7669,7728
7416,8705,8709
5793,7672,7731
7417,8706,8708
5794,7675,7734
5795,7678,7736
5796,7681,7739
5797,7684,7741
5798,7686,7744
5799,7689,7747
5800,7692,7749
5801,7695,7752
5802,7698,7754
5803,7700,7757
5804,7703,7760
5805,7706,7762
5806,7709,7765
5807,7711,7767
5808,7714,7770
5809,7717,7772
5810,7720,7775
5811,7722,7777
5812,7725,7780
5813,7728,7782
5814,7730,7784
5815,7733,7787
5816,7735,7789
5817,7738,7792
5818,7741,7794
5819,7743,7796
5820,7746,7799
5821,7748,7801
5822,7751,7804
5823,7753,7806
5824,7756,7808
5825,7758,7811
5826,7761,7813
5827,7763,7815
5828,7766,7817
5829,7768,7820
5830,7771,7822
5831,7773,7824
5832,7776,7827
7499,9729,9731
5876,7876,7919
7500,9728,9732
5877,7878,7920
7501,9727,9732
5878,7880,7922
7502,9727,9733
5879,7882,7924
7503,9727,9733
5880,7884,7926
7504,9727,9733
5881,7886,7928
7505,9727,9733
5882,7888,7930
7506,9727,9733
5883,7890,7932
7507,9728,9733
5884,7892,7934
7508,9728,9732
5885,7895,7936
7509,9729,9731
5886,7897,7938
5887,7899,7939
5888,7901,7941
5889,7903,7943
5890,7905,7945
5891,7907,7947
5892,7909,7949
5893,7911,7950
5894,7913,7952
5895,7915,7954
5896,7917,7956
