5843,6743,6765
5844,6733,6768
5845,6725,6768
5846,6718,6767
5847,6711,6766
5848,6705,6764
5849,6699,6762
5850,6694,6760
5851,6689,6757
5852,6684,6754
5853,6679,6751
5854,6675,6748
5855,6670,6745
5856,6666,6741
5857,6662,6738
5858,6658,6734
5859,6654,6730
5860,6650,6727
9696,7348,7452
5861,6647,6723
9697,7343,7450
5862,6643,6719
9698,7338,7448
5863,6640,6715
9699,7334,7445
5864,6636,6711
9700,7330,7443
5865,6633,6706
9701,7326,7440
5866,6630,6702
9716,7323,7355
9691,7378,7459
5881,6592,6632
9715,7315,7368
9690,7385,7459
5880,6594,6637
9702,7322,7437
5867,6626,6698
7417,9710,9710
9703,7319,7433
5868,6623,6694
7418,9709,9712
9704,7316,7430
5869,6620,6689
7419,9708,9713
9705,7314,7426
5870,6618,6685
7420,9708,9714
9706,7312,7422
5871,6615,6680
7421,9708,9714
9707,7310,7418
5872,6612,6676
7422,9708,9715
9708,7308,7414
5873,6609,6671
7423,9708,9715
9709,7307,7409
5874,6607,6667
7424,9709,9715
9710,7307,7404
5875,6604,6662
7425,9709,9715
9711,7307,7398
7426,9710,9715
9712,7307,7392
7427,9711,9714
9713,7309,7385
9688,7401,7458
5878,6598,6647
7428,9712,9713
9714,7311,7377
9689,7393,7459
5879,6596,6642
5877,6600,6652
9687,7411,7455
5876,6602,6657
9686,7424,7450
9692,7371,7458
5882,6591,6626
9693,7365,7457
5883,6590,6620
9694,7359,7456
5884,6590,6614
9695,7353,7454
5885,6590,6606
