7908,8659,8659
7909,8658,8661
7910,8657,8661
7911,8656,8662
7912,8656,8662
7913,8656,8663
7914,8655,8663
7915,8655,8663
7916,8655,8663
7917,8654,8664
7918,8654,8664
7919,8654,8664
7920,8653,8664
7921,8653,8664
7922,8653,8664
7923,8653,8665
7924,8653,8665
7925,8652,8665
7926,8652,8665
7927,8652,8665
7928,8652,8665
7929,8652,8665
7930,8652,8665
7931,8652,8665
7932,8651,8665
7933,8651,8665
7934,8651,8665
7935,8651,8665
7936,8651,8665
7937,8651,8665
7938,8651,8665
7939,8651,8665
7940,8650,8665
7941,8650,8665
7942,8650,8665
7943,8650,8665
7944,8650,8665
7945,8650,8665
7946,8650,8665
7947,8650,8665
7948,8650,8665
7949,8650,8665
8002,8653,8655
8001,8653,8656
8000,8652,8656
7999,8652,8657
7998,8652,8657
7997,8651,8658
7996,8651,8658
7995,8651,8658
5524,6379,6444
5525,6377,6442
5526,6374,6439
5527,6371,6436
5528,6368,6434
5529,6365,6431
5530,6362,6428
5531,6360,6425
5532,6357,6423
5533,6355,6420
5573,6283,6288
7986,8650,8661
5572,6282,6294
7985,8650,8661
5571,6282,6299
7984,8650,8661
5570,6282,6303
7983,8650,8661
5569,6283,6307
7982,8650,8662
5568,6284,6311
7981,8650,8662
5567,6285,6315
7980,8649,8662
7979,8649,8662
7978,8649,8662
7977,8649,8662
7976,8649,8663
7975,8649,8663
7974,8649,8663
7973,8649,8663
7972,8649,8663
7971,8649,8663
5534,6352,6417
5557,6301,6348
7970,8649,8663
5566,6286,6319
7622,9695,9697
5535,6349,6414
5536,6347,6411
5537,6344,6408
7950,8650,8665
5556,6303,6352
7969,8649,8664
5565,6288,6322
7621,9695,9698
5555,6305,6355
7968,8649,8664
5564,6289,6325
7620,9694,9699
5554,6307,6358
7967,8649,8664
5563,6291,6329
7619,9694,9699
5538,6342,6406
7951,8650,8665
5539,6339,6403
7952,8650,8665
5540,6337,6400
7953,8650,8665
5541,6335,6397
7954,8649,8665
5542,6332,6394
7955,8649,8665
5543,6330,6391
7956,8649,8665
5544,6328,6388
7957,8649,8665
5545,6325,6385
7958,8649,8665
5546,6323,6382
7959,8649,8665
5547,6321,6379
7960,8649,8665
5548,6319,6376
7961,8649,8664
5558,6299,6345
7614,9697,9698
5549,6317,6373
7962,8649,8664
5559,6297,6342
7615,9696,9699
5550,6315,6370
7963,8649,8664
5560,6296,6339
7616,9695,9699
5551,6313,6367
7964,8649,8664
5561,6294,6336
7617,9694,9700
5552,6311,6364
7965,8649,8664
5562,6292,6332
7618,9694,9700
5553,6309,6361
7966,8649,8664
5523,6382,6447
5522,6385,6449
5521,6388,6452
5520,6392,6454
5519,6395,6457
5518,6398,6459
5517,6401,6462
5516,6405,6464
5515,6408,6466
5514,6411,6469
5513,6415,6471
5512,6419,6473
5511,6422,6475
5510,6426,6477
5509,6430,6479
5508,6434,6480
5507,6439,6482
5506,6443,6483
5505,6448,6484
5504,6453,6485
5503,6458,6486
5502,6464,6485
5501,6473,6483
7987,8650,8661
7988,8650,8660
7989,8650,8660
7990,8650,8660
7991,8650,8660
7992,8651,8659
7993,8651,8659
7994,8651,8659
