5734,6903,6953
5735,6884,6960
5736,6869,6962
5737,6857,6962
5738,6846,6959
5739,6836,6955
5740,6826,6950
5741,6818,6945
5742,6809,6939
5743,6802,6932
5744,6794,6925
5745,6787,6918
5746,6780,6911
5747,6773,6904
5748,6767,6896
5749,6761,6889
5750,6755,6882
5751,6749,6874
5752,6743,6867
5753,6737,6860
5754,6732,6853
5755,6727,6846
5756,6721,6839
5757,6716,6832
5758,6711,6825
5759,6706,6818
5801,6571,6575
5800,6570,6584
5799,6570,6591
5798,6572,6597
5797,6574,6603
5796,6576,6608
5795,6578,6614
5794,6580,6619
5793,6583,6624
5792,6585,6630
5791,6588,6635
5790,6590,6640
5789,6593,6645
5788,6596,6651
5787,6599,6656
5786,6602,6661
5785,6605,6666
5784,6608,6672
5783,6611,6677
5782,6615,6682
5781,6618,6688
5780,6621,6693
5779,6625,6698
5778,6628,6704
5777,6632,6709
5776,6635,6715
5775,6639,6721
5774,6643,6726
5773,6647,6732
5772,6650,6738
5771,6654,6744
5770,6658,6749
5769,6662,6755
5768,6666,6761
5767,6670,6767
5766,6675,6774
5765,6679,6780
5764,6683,6786
5763,6688,6792
5762,6692,6799
5761,6697,6805
5760,6702,6812
6348,8457,8459
6349,8457,8460
6350,8457,8462
6351,8457,8463
6352,8458,8465
9599,7295,7329
6353,8458,8466
9600,7274,7337
6354,8458,8467
9601,7257,7340
6355,8459,8468
9602,7243,7341
6356,8460,8469
9603,7229,7341
6357,8460,8470
9604,7216,7340
6358,8461,8472
6473,8539,8564
7244,8719,8728
6472,8539,8563
7243,8719,8727
6471,8538,8563
7242,8719,8727
6470,8537,8562
7241,8720,8727
6469,8537,8562
7240,8720,8726
6468,8536,8561
7239,8721,8726
6467,8535,8560
7238,8721,8725
6466,8534,8560
7237,8722,8725
6465,8534,8559
7236,8723,8723
6464,8533,8558
6452,8525,8550
6451,8524,8550
6453,8525,8551
6441,8517,8543
6454,8526,8552
6442,8518,8543
6455,8527,8552
6443,8518,8544
6456,8527,8553
6444,8519,8545
6457,8528,8554
6445,8520,8545
6463,8532,8558
6462,8532,8557
6450,8523,8549
6461,8531,8556
6449,8523,8548
6460,8530,8556
6448,8522,8548
6459,8530,8555
6447,8521,8547
6458,8529,8554
6446,8520,8546
6474,8540,8565
7245,8718,8728
6475,8541,8565
7246,8718,8728
7296,8721,8722
6525,8577,8592
7295,8720,8723
6524,8576,8591
7294,8719,8724
6523,8575,8591
7293,8719,8725
6522,8575,8590
7292,8718,8725
6521,8574,8590
7291,8718,8726
6520,8573,8590
7290,8718,8726
6519,8572,8589
7289,8717,8726
6518,8572,8589
7288,8717,8727
6517,8571,8588
7287,8717,8727
6516,8570,8588
7286,8717,8727
6515,8569,8587
7285,8717,8727
6514,8569,8587
7284,8716,8728
6513,8568,8586
7283,8716,8728
6512,8567,8586
7282,8716,8728
6511,8566,8585
7281,8716,8728
6510,8566,8585
7268,8715,8729
6497,8556,8578
7269,8715,8729
6498,8557,8579
7270,8715,8729
6499,8558,8579
7271,8715,8729
6500,8559,8580
7272,8715,8729
6501,8559,8580
7273,8715,8729
6502,8560,8581
7274,8715,8729
6503,8561,8581
7275,8716,8729
6504,8561,8582
7276,8716,8729
6505,8562,8582
7277,8716,8729
6506,8563,8583
7278,8716,8729
6507,8564,8583
7279,8716,8729
6508,8564,8584
7280,8716,8728
6509,8565,8584
7267,8715,8729
6496,8556,8578
7266,8716,8729
6495,8555,8577
7265,8716,8730
6494,8554,8576
7264,8716,8730
6493,8554,8576
7263,8716,8730
6492,8553,8575
7262,8716,8730
6491,8552,8575
7261,8716,8729
6490,8551,8574
7260,8716,8729
6489,8551,8574
7259,8716,8729
6488,8550,8573
7258,8716,8729
6487,8549,8572
7257,8716,8729
6486,8549,8572
7256,8716,8729
6485,8548,8571
7255,8716,8729
6484,8547,8571
7254,8717,8729
6483,8546,8570
7253,8717,8729
6482,8546,8570
7252,8717,8729
6481,8545,8569
7251,8717,8729
6480,8544,8568
7250,8717,8729
6479,8544,8568
7249,8717,8729
6478,8543,8567
7248,8718,8728
6477,8542,8567
7247,8718,8728
6476,8542,8566
6526,8578,8592
6527,8579,8592
6528,8579,8593
6529,8580,8593
6530,8581,8594
6531,8582,8594
6532,8583,8594
6533,8583,8595
6534,8584,8595
6535,8585,8595
6536,8586,8595
6537,8587,8596
6538,8588,8596
6539,8589,8596
6540,8590,8596
6541,8591,8596
6542,8592,8596
6543,8594,8596
6440,8516,8542
6439,8516,8541
6438,8515,8540
6437,8514,8540
6436,8513,8539
6435,8513,8538
6434,8512,8538
6433,8511,8537
6432,8511,8536
6431,8510,8535
6430,8509,8535
6429,8509,8534
6428,8508,8533
6427,8507,8532
6426,8506,8532
6425,8506,8531
6424,8505,8530
6423,8504,8529
6422,8504,8529
6421,8503,8528
6420,8502,8527
6419,8502,8526
6418,8501,8525
6417,8500,8525
6416,8499,8524
6415,8499,8523
6414,8498,8522
6413,8497,8521
6412,8497,8521
6411,8496,8520
6410,8495,8519
6409,8495,8518
6408,8494,8517
6407,8493,8517
6406,8492,8516
6405,8492,8515
6404,8491,8514
6403,8490,8513
6402,8490,8513
6401,8489,8512
6400,8488,8511
6399,8488,8510
6398,8487,8509
7479,9727,9729
6397,8486,8508
7478,9726,9730
6396,8486,8507
7477,9725,9730
6395,8485,8507
7476,9725,9730
6394,8484,8506
7475,9724,9730
6393,8483,8505
7474,9724,9730
6392,8483,8504
7473,9724,9730
6391,8482,8503
7472,9724,9730
6390,8481,8502
7471,9724,9730
6389,8481,8501
7470,9725,9729
6388,8480,8501
7469,9725,9728
6387,8479,8500
6386,8479,8499
6385,8478,8498
6384,8477,8497
6383,8477,8496
6382,8476,8495
6381,8475,8494
9626,7154,7210
6380,8475,8493
9625,7140,7228
6379,8474,8492
9624,7132,7241
6378,8473,8491
9623,7126,7251
6377,8473,8491
9622,7122,7260
6376,8472,8490
9621,7119,7268
6375,8471,8489
9620,7118,7276
6374,8471,8488
9619,7117,7283
6373,8470,8487
9618,7118,7289
6372,8469,8486
9617,7119,7295
6371,8469,8485
9616,7121,7300
6370,8468,8484
9615,7124,7305
6369,8467,8483
9614,7128,7310
6368,8467,8482
9613,7133,7315
6367,8466,8481
9612,7139,7319
6366,8465,8480
9611,7146,7322
6365,8465,8479
9610,7154,7326
6364,8464,8478
9609,7162,7329
6363,8464,8477
9608,7172,7332
6362,8463,8476
9607,7182,7335
6361,8462,8475
9606,7192,7337
6360,8462,8474
9605,7204,7339
6359,8461,8473
