7560,8688,8689
7561,8687,8690
7562,8686,8691
7563,8685,8692
7564,8685,8692
7565,8684,8692
7566,8684,8693
7567,8684,8693
7568,8684,8693
7569,8683,8694
7570,8683,8694
7571,8683,8694
7572,8683,8694
7573,8683,8694
7574,8683,8694
7575,8683,8694
7576,8682,8694
7577,8682,8695
7578,8682,8695
7598,8688,8689
7597,8687,8690
7596,8686,8691
7595,8685,8692
7594,8685,8692
7593,8684,8693
7592,8684,8693
7591,8684,8693
7590,8684,8693
7589,8683,8694
7588,8683,8694
7587,8683,8694
7586,8683,8694
7585,8683,8694
7584,8683,8694
7583,8683,8694
7582,8682,8694
7581,8682,8695
7580,8682,8695
7579,8682,8695
7550,9724,9726
7551,9723,9727
7552,9722,9728
7553,9722,9728
7554,9722,9728
7559,9724,9726
7558,9723,9727
7557,9722,9727
7556,9722,9728
7555,9722,9728
5659,6516,6521
5660,6510,6521
5661,6504,6519
5662,6500,6517
5663,6495,6515
5664,6491,6512
5665,6486,6510
5666,6482,6507
5667,6478,6505
5668,6474,6502
5669,6470,6499
5670,6467,6497
5671,6463,6494
5672,6459,6491
5673,6456,6488
5674,6452,6486
5675,6448,6483
5676,6445,6480
5677,6441,6477
5678,6438,6474
5679,6435,6472
5680,6431,6469
5681,6428,6466
5682,6425,6463
5683,6421,6460
5684,6418,6458
5685,6415,6455
5686,6412,6452
5687,6409,6449
5688,6405,6447
5689,6402,6444
5690,6399,6441
5691,6396,6438
5692,6393,6436
6085,5737,5757
6084,5738,5758
6083,5739,5759
6082,5740,5760
6081,5741,5761
6080,5742,5762
6079,5743,5763
6078,5744,5765
6077,5745,5766
6076,5747,5767
6075,5748,5768
6074,5749,5769
6073,5750,5771
6072,5751,5772
6071,5752,5773
6070,5753,5774
6069,5754,5775
6068,5755,5776
6067,5756,5778
6066,5757,5779
6065,5759,5780
6064,5760,5781
6063,5761,5782
6062,5762,5784
6061,5763,5785
6060,5764,5786
6059,5765,5787
6058,5766,5788
6057,5767,5790
6056,5769,5791
6055,5770,5792
6054,5771,5793
6053,5772,5794
6052,5773,5796
6051,5774,5797
6050,5775,5798
6049,5777,5799
6048,5778,5800
6047,5779,5802
6046,5780,5803
6045,5781,5804
6044,5782,5805
6043,5783,5807
6042,5785,5808
6041,5786,5809
6040,5787,5810
6039,5788,5812
6038,5789,5813
6037,5790,5814
6036,5791,5815
6035,5793,5816
6034,5794,5818
6033,5795,5819
6032,5796,5820
6031,5797,5821
6030,5798,5823
6029,5800,5824
6028,5801,5825
6027,5802,5826
6026,5803,5828
6025,5804,5829
6024,5806,5830
6023,5807,5832
6022,5808,5833
6021,5809,5834
6020,5810,5835
6019,5811,5837
6018,5813,5838
6017,5814,5839
6016,5815,5840
6015,5816,5842
6014,5817,5843
6013,5819,5844
6012,5820,5846
6011,5821,5847
6010,5822,5848
6009,5824,5850
6008,5825,5851
6007,5826,5852
6006,5827,5853
6005,5828,5855
6004,5830,5856
6003,5831,5857
6002,5832,5859
6001,5833,5860
6000,5835,5861
5999,5836,5863
5998,5837,5864
5997,5838,5865
5996,5840,5867
5995,5841,5868
5994,5842,5869
5993,5843,5871
5992,5845,5872
5991,5846,5873
5990,5847,5875
5989,5848,5876
5988,5850,5877
5987,5851,5879
5986,5852,5880
5985,5853,5881
5984,5855,5883
5983,5856,5884
5982,5857,5885
5981,5858,5887
5980,5860,5888
5979,5861,5889
5978,5862,5891
5977,5864,5892
5976,5865,5894
5975,5866,5895
5974,5867,5896
5973,5869,5898
5972,5870,5899
5971,5871,5900
5970,5873,5902
5969,5874,5903
5968,5875,5905
5967,5877,5906
5966,5878,5907
5965,5879,5909
5964,5881,5910
5963,5882,5912
5962,5883,5913
5961,5884,5914
5960,5886,5916
5959,5887,5917
5958,5888,5919
5957,5890,5920
5956,5891,5922
5887,5990,6026
5886,5992,6028
5885,5993,6030
5884,5995,6031
5883,5996,6033
5882,5998,6035
5881,5999,6036
5880,6001,6038
5879,6003,6040
5878,6004,6041
5877,6006,6043
5876,6007,6045
5875,6009,6046
5874,6010,6048
5873,6012,6050
5872,6014,6051
5871,6015,6053
5870,6017,6055
5869,6018,6056
5868,6020,6058
5867,6022,6060
5866,6023,6061
5865,6025,6063
5864,6027,6065
5863,6028,6066
5862,6030,6068
5861,6031,6070
5860,6033,6072
5859,6035,6073
5858,6036,6075
5841,6065,6105
5840,6067,6107
5839,6068,6109
5838,6070,6110
5837,6072,6112
5836,6074,6114
5835,6075,6116
5834,6077,6118
5833,6079,6120
5832,6081,6121
5831,6082,6123
5830,6084,6125
5829,6086,6127
5842,6063,6103
5843,6061,6101
5844,6060,6100
5845,6058,6098
5846,6056,6096
5847,6055,6094
5848,6053,6093
5849,6051,6091
5850,6050,6089
5851,6048,6087
5852,6046,6086
5853,6045,6084
5854,6043,6082
5855,6041,6080
5856,6040,6079
5857,6038,6077
5888,5989,6025
5889,5987,6023
5890,5986,6022
5891,5984,6020
5892,5983,6018
5893,5981,6017
5894,5979,6015
5895,5978,6014
5896,5976,6012
5897,5975,6010
5898,5973,6009
5899,5972,6007
5900,5970,6006
5901,5969,6004
5902,5967,6002
5903,5966,6001
5904,5964,5999
5905,5963,5998
5906,5961,5996
5907,5960,5995
5908,5959,5993
5909,5957,5991
5910,5956,5990
5911,5954,5988
5912,5953,5987
5913,5951,5985
5914,5950,5984
5915,5948,5982
5916,5947,5981
5917,5945,5979
5918,5944,5978
5919,5943,5976
5920,5941,5975
5921,5940,5973
5922,5938,5971
5923,5937,5970
5924,5935,5968
5925,5934,5967
5926,5933,5965
5927,5931,5964
5928,5930,5962
5929,5928,5961
5930,5927,5959
5931,5925,5958
5932,5924,5956
5933,5923,5955
5934,5921,5953
5935,5920,5952
5936,5918,5951
5937,5917,5949
5938,5916,5948
5939,5914,5946
5940,5913,5945
5941,5912,5943
5942,5910,5942
5943,5909,5940
5944,5907,5939
5945,5906,5937
5946,5905,5936
5947,5903,5934
5948,5902,5933
5949,5901,5932
5950,5899,5930
5951,5898,5929
5952,5897,5927
5953,5895,5926
5954,5894,5924
5955,5892,5923
6086,5736,5755
6087,5735,5754
6088,5734,5753
6089,5733,5752
6090,5732,5751
6091,5730,5750
6092,5729,5748
6093,5728,5747
6094,5727,5746
6095,5726,5745
6096,5725,5744
6097,5724,5743
6098,5723,5742
6099,5722,5741
6100,5721,5739
6101,5720,5738
6102,5719,5737
6103,5718,5736
6104,5717,5735
6105,5716,5734
6106,5715,5733
6107,5714,5732
6108,5713,5730
6109,5712,5729
6110,5711,5728
6111,5710,5727
6112,5709,5726
6113,5708,5725
6114,5707,5724
6115,5706,5723
6116,5705,5722
6117,5704,5720
6118,5703,5719
6119,5702,5718
6120,5701,5717
6121,5699,5716
6122,5698,5715
6123,5697,5714
6124,5696,5713
6125,5695,5712
6126,5694,5711
6127,5693,5709
6128,5692,5708
6129,5691,5707
6130,5691,5706
6131,5690,5705
6132,5689,5704
6133,5688,5703
6134,5687,5702
6135,5686,5701
6136,5685,5700
6137,5684,5699
6138,5683,5698
6139,5682,5696
6140,5681,5695
6141,5680,5694
6142,5679,5693
6143,5678,5692
6144,5677,5691
6145,5676,5690
6146,5675,5689
6147,5674,5688
6148,5673,5687
6149,5672,5686
6150,5671,5685
6151,5670,5684
6152,5669,5683
6153,5668,5682
6154,5667,5681
6155,5666,5680
6156,5665,5678
6157,5664,5677
6158,5663,5676
6159,5662,5675
6160,5661,5674
6161,5661,5673
6162,5660,5672
6163,5659,5671
6164,5658,5670
6165,5657,5669
6166,5656,5668
6167,5655,5667
6168,5654,5666
6169,5653,5665
6170,5652,5664
6171,5651,5663
6172,5650,5662
6173,5649,5661
6174,5648,5660
6175,5648,5659
6176,5647,5658
6177,5646,5657
6178,5645,5656
6179,5644,5655
6180,5643,5654
6181,5642,5653
6182,5641,5652
6183,5640,5651
6184,5639,5650
6185,5638,5648
6186,5638,5647
6187,5637,5646
6188,5636,5645
6189,5635,5644
6190,5634,5643
6191,5633,5642
6192,5632,5641
6193,5631,5640
6194,5630,5639
6195,5630,5638
6196,5629,5637
6197,5628,5636
6198,5627,5635
6199,5626,5634
6200,5625,5633
6201,5624,5632
6202,5623,5631
6203,5623,5630
6204,5622,5629
6205,5621,5628
6206,5620,5627
6207,5619,5626
6208,5618,5625
6209,5617,5624
6210,5617,5623
6211,5616,5622
6212,5615,5621
6213,5614,5620
6214,5613,5619
6215,5612,5618
6216,5612,5617
6217,5611,5616
6218,5610,5615
6219,5609,5614
6220,5608,5613
6221,5608,5612
6222,5607,5611
6223,5606,5610
6224,5605,5609
6225,5604,5608
6226,5604,5607
6227,5603,5606
6228,5602,5605
6229,5601,5604
6230,5601,5603
6231,5600,5602
6232,5599,5601
6233,5599,5599
5828,6088,6129
5827,6089,6131
5826,6091,6133
5825,6093,6134
5824,6095,6136
5823,6096,6138
5822,6098,6140
5821,6100,6142
5820,6102,6144
5819,6104,6146
5818,6106,6148
5817,6107,6150
5816,6109,6151
5815,6111,6153
5814,6113,6155
5813,6115,6157
5812,6117,6159
5811,6118,6161
5810,6120,6163
5809,6122,6165
5808,6124,6167
5807,6126,6169
5806,6128,6171
5805,6130,6173
5804,6132,6175
5803,6133,6177
5802,6135,6179
5801,6137,6181
5800,6139,6183
5799,6141,6185
5798,6143,6187
5797,6145,6189
5796,6147,6191
5795,6149,6193
5794,6151,6195
5793,6153,6197
5792,6155,6199
5791,6157,6201
5790,6159,6203
5789,6161,6205
5788,6163,6207
5787,6165,6209
5786,6167,6211
5785,6169,6213
5784,6171,6215
5783,6173,6217
5782,6175,6219
5781,6177,6221
5780,6179,6224
5779,6181,6226
5778,6183,6228
5777,6185,6230
5776,6187,6232
5775,6189,6234
5774,6191,6236
5773,6193,6238
5772,6195,6241
5771,6197,6243
5770,6199,6245
5769,6201,6247
5768,6204,6249
5767,6206,6251
5766,6208,6254
5765,6210,6256
5764,6212,6258
5763,6214,6260
5762,6216,6262
5761,6219,6265
5760,6221,6267
5759,6223,6269
5758,6225,6271
5757,6227,6274
5756,6230,6276
5755,6232,6278
5754,6234,6280
5753,6236,6283
5752,6238,6285
5751,6241,6287
5750,6243,6289
5749,6245,6292
5748,6247,6294
5747,6250,6296
5746,6252,6299
5745,6254,6301
5744,6257,6303
5743,6259,6306
5742,6261,6308
5741,6264,6310
5740,6266,6313
5739,6268,6315
5738,6271,6318
5737,6273,6320
5736,6276,6322
5735,6278,6325
5734,6280,6327
5733,6283,6330
5732,6285,6332
5731,6288,6334
5730,6290,6337
5729,6293,6339
5728,6295,6342
5727,6297,6344
5726,6300,6347
5725,6302,6349
5724,6305,6352
5723,6308,6354
5722,6310,6357
5721,6313,6359
5720,6315,6362
5719,6318,6364
5718,6320,6367
5717,6323,6369
5716,6326,6372
5715,6328,6374
5714,6331,6377
5713,6334,6380
5712,6336,6382
5711,6339,6385
5710,6342,6387
5709,6344,6390
5708,6347,6393
5707,6350,6395
5706,6353,6398
5705,6355,6400
5704,6358,6403
5703,6361,6406
5702,6364,6408
5701,6367,6411
5700,6370,6414
5699,6372,6416
5698,6375,6419
5697,6378,6422
5696,6381,6425
5695,6384,6427
5694,6387,6430
5693,6390,6433
