5713,6587,6606
5712,6590,6611
5711,6593,6616
5710,6597,6621
5709,6600,6626
5708,6604,6631
5707,6608,6636
5706,6612,6641
5705,6615,6646
5704,6619,6651
5703,6623,6656
5702,6627,6661
5701,6631,6666
5700,7453,7457
5700,6635,6672
5699,7445,7456
5699,6639,6677
5698,7438,7453
5698,6643,6683
5697,7431,7450
5697,6647,6688
5696,7425,7447
5696,6652,6694
7428,8701,8703
7429,8700,8704
7430,8699,8705
7431,8699,8705
7432,8698,8706
7433,8698,8706
7434,8698,8706
7435,8697,8707
7436,8697,8707
7437,8697,8707
7438,8697,8707
5721,6564,6566
7520,9727,9733
9538,6880,7108
5683,7338,7391
5683,6712,6776
5720,6566,6572
7519,9727,9733
9537,6871,7112
5682,7330,7386
5682,6718,6784
5719,6568,6577
7518,9727,9733
9536,6862,7114
5681,7322,7381
5681,6723,6791
5718,6571,6582
7517,9727,9733
9535,6853,7114
5680,7315,7376
5680,6728,6799
5717,6574,6587
7516,9727,9733
9534,6845,7113
5679,7306,7371
5679,6734,6807
5716,6577,6592
7515,9727,9732
9533,6838,7109
5678,7298,7366
5678,6739,6815
5715,6580,6597
7514,9728,9732
5714,6583,6602
7513,9729,9730
7521,9728,9733
7522,9728,9732
7523,9729,9731
5676,7280,7354
5676,6751,6833
9531,6823,7093
5677,7289,7360
5677,6745,6824
9532,6830,7103
9499,6687,6705
7443,8696,8708
7442,8696,8708
7441,8696,8708
7440,8696,8707
7439,8696,8707
5684,7345,7396
5684,6707,6769
9539,6891,7103
5685,7352,7401
5685,6702,6762
9540,6902,7097
5686,7359,7406
5686,6697,6755
9541,6915,7089
5687,7366,7410
5687,6692,6749
9542,6929,7078
5688,7373,7415
5688,6688,6742
9543,6947,7065
5689,7380,7419
5689,6683,6736
9544,6971,7044
5675,7271,7349
5675,6757,6842
9530,6816,7080
5674,7261,7343
5674,6763,6852
9529,6810,7064
5673,7251,7337
5673,6769,6862
9528,6803,7046
5672,7240,7331
5672,6775,6872
9527,6797,7026
5671,7228,7324
5671,6782,6884
9526,6791,7007
5670,7216,7318
5670,6788,6896
9525,6786,6989
5669,7203,7311
5669,6795,6909
9524,6780,6972
7467,8700,8703
5668,7188,7304
5668,6802,6924
9523,6775,6957
7466,8699,8704
5667,7172,7297
5667,6810,6940
9522,6769,6942
7465,8699,8705
5666,7152,7290
5666,6817,6959
9521,6764,6928
5665,7128,7282
5665,6825,6983
7464,8698,8705
9520,6759,6914
5664,7090,7274
5664,6833,7022
7463,8698,8705
9519,6754,6901
5663,6841,7266
7462,8697,8706
9518,6749,6889
5662,6850,7258
7461,8697,8706
9517,6745,6878
5661,6859,7249
7460,8697,8706
9516,6740,6866
5660,6868,7239
7459,8697,8707
9515,6736,6856
5659,6878,7230
7458,8696,8707
9514,6731,6845
5658,6889,7219
7457,8696,8707
9513,6727,6835
5657,6900,7208
7456,8696,8707
9512,6723,6825
5656,6912,7196
7455,8696,8707
9511,6719,6815
5655,6926,7182
7454,8696,8708
9510,6715,6806
5654,6941,7167
7453,8696,8708
9509,6712,6797
5653,6958,7150
7452,8696,8708
9508,6708,6788
5652,6979,7129
7451,8696,8708
9507,6705,6779
5651,7010,7099
7450,8696,8708
9506,6701,6770
7449,8696,8708
9505,6698,6761
5695,7419,7443
5695,6656,6699
7448,8696,8708
9504,6695,6752
5694,7412,7439
5694,6660,6705
7447,8696,8708
9503,6693,6744
5693,7406,7436
5693,6665,6711
7446,8696,8708
9502,6690,6735
5692,7400,7432
5692,6669,6717
7445,8696,8708
9501,6688,6726
5691,7393,7427
5691,6674,6723
7444,8696,8708
9500,6687,6716
5690,7387,7423
5690,6678,6729
