8145,8621,8621
8146,8620,8621
8147,8619,8621
8148,8619,8621
8149,8618,8622
8150,8618,8622
8151,8617,8622
8152,8617,8622
8153,8616,8622
8154,8616,8622
8155,8616,8621
8156,8615,8621
8157,8615,8621
8158,8615,8621
8159,8614,8621
8160,8614,8621
8161,8614,8621
8162,8613,8621
8163,8613,8621
8164,8613,8621
8165,8612,8621
8166,8612,8620
8167,8612,8620
8168,8611,8620
8169,8611,8620
8170,8611,8620
8171,8610,8620
8172,8610,8620
8173,8610,8619
8174,8609,8619
8175,8609,8619
8176,8609,8619
8177,8609,8619
8178,8608,8619
8179,8608,8618
8180,8608,8618
8181,8607,8618
8182,8607,8618
8183,8607,8618
8184,8606,8618
8185,8606,8617
8186,8606,8617
8187,8605,8617
8188,8605,8617
8189,8605,8617
8190,8605,8616
8191,8604,8616
8192,8604,8616
8193,8604,8616
8194,8603,8616
8195,8603,8615
8196,8603,8615
8197,8603,8615
8198,8602,8615
8199,8602,8615
8200,8602,8614
8201,8601,8614
8202,8601,8614
8203,8601,8614
8204,8600,8614
8205,8600,8613
8206,8600,8613
8207,8600,8613
8208,8599,8613
8209,8599,8612
8210,8599,8612
8211,8598,8612
8212,8598,8612
8213,8598,8612
8214,8597,8611
8215,8597,8611
8216,8597,8611
8217,8596,8611
8218,8596,8610
8219,8596,8610
8220,8596,8610
8221,8595,8610
8222,8595,8609
8223,8595,8609
8224,8594,8609
8225,8594,8609
8226,8594,8608
8227,8593,8608
8228,8593,8608
8229,8593,8608
8230,8592,8607
8231,8592,8607
8232,8592,8607
8233,8592,8606
8234,8591,8606
8235,8591,8606
8236,8591,8606
8237,8590,8605
8238,8590,8605
8239,8590,8605
8240,8589,8605
8241,8589,8604
8242,8589,8604
8243,8588,8604
8244,8588,8603
8245,8588,8603
8246,8587,8603
8247,8587,8603
8248,8587,8602
8249,8586,8602
8250,8586,8602
8251,8586,8601
8252,8585,8601
8253,8585,8601
8254,8585,8601
8255,8584,8600
8256,8584,8600
8257,8584,8600
8258,8583,8599
8259,8583,8599
8260,8583,8599
8261,8582,8599
8262,8582,8598
8263,8582,8598
8264,8581,8598
8265,8581,8597
8266,8581,8597
8267,8580,8597
8268,8580,8596
8269,8580,8596
8270,8579,8596
8271,8579,8595
8272,8579,8595
8273,8578,8595
8274,8578,8594
8275,8578,8594
8276,8577,8594
8277,8577,8593
8278,8577,8593
8279,8576,8593
8280,8576,8593
8281,8576,8592
8282,8575,8592
8283,8575,8592
8284,8575,8591
8285,8574,8591
8286,8574,8591
8287,8573,8590
8288,8573,8590
8289,8573,8590
8290,8572,8589
8291,8572,8589
8292,8572,8588
8293,8571,8588
8294,8571,8588
8295,8571,8587
8296,8570,8587
8297,8570,8587
8298,8570,8586
8299,8569,8586
8300,8569,8586
8301,8568,8585
8302,8568,8585
8303,8568,8585
8304,8567,8584
8305,8567,8584
8306,8567,8584
8307,8566,8583
8308,8566,8583
8309,8565,8582
8310,8565,8582
8311,8565,8582
8312,8564,8581
8313,8564,8581
8314,8564,8581
8315,8563,8580
8316,8563,8580
8317,8562,8579
8318,8562,8579
8319,8562,8579
8320,8561,8578
8321,8561,8578
8322,8560,8578
8323,8560,8577
8324,8560,8577
8325,8559,8576
8326,8559,8576
8327,8558,8576
8328,8558,8575
8329,8558,8575
8330,8557,8575
8331,8557,8574
8332,8556,8574
8333,8556,8573
8334,8556,8573
8335,8555,8573
8336,8555,8572
8337,8554,8572
8338,8554,8571
8339,8554,8571
8340,8553,8571
8341,8553,8570
8342,8552,8570
8343,8552,8569
8344,8552,8569
8345,8551,8568
8346,8551,8568
8347,8550,8568
8348,8550,8567
8349,8549,8567
8350,8549,8566
8351,8549,8566
8352,8548,8566
8353,8548,8565
8354,8547,8565
8355,8547,8564
8356,8547,8564
8357,8546,8563
8358,8546,8563
8359,8545,8563
8360,8545,8562
8361,8544,8562
8362,8544,8561
8363,8544,8561
8364,8543,8560
8365,8543,8560
8366,8542,8560
8367,8542,8559
8368,8541,8559
8369,8541,8558
8370,8540,8558
8371,8540,8557
8372,8540,8557
8373,8539,8556
8374,8539,8556
8375,8538,8556
8376,8538,8555
8377,8537,8555
8378,8537,8554
8379,8536,8554
8380,8536,8553
8381,8536,8553
8382,8535,8552
8383,8535,8552
8384,8534,8552
8385,8534,8551
8386,8533,8551
8387,8533,8550
8388,8532,8550
8389,8532,8549
8390,8531,8549
8391,8531,8548
8392,8530,8548
8393,8530,8547
8394,8530,8547
8395,8529,8546
8396,8529,8546
8397,8528,8545
8398,8528,8545
8399,8527,8544
8400,8527,8544
8401,8526,8544
8402,8526,8543
8403,8525,8543
8404,8525,8542
8405,8524,8542
8406,8524,8541
8407,8523,8541
8408,8523,8540
8409,8522,8540
8410,8522,8539
8411,8521,8539
8412,8521,8538
8413,8520,8538
8414,8520,8537
8415,8519,8537
8416,8519,8536
8417,8518,8536
8418,8518,8535
8419,8517,8535
8420,8517,8534
8421,8516,8534
8422,8516,8533
8423,8515,8533
8424,8515,8532
8425,8514,8532
8426,8514,8531
8427,8513,8531
8428,8513,8530
8429,8512,8530
8430,8512,8529
8431,8511,8528
8432,8511,8528
8433,8510,8527
8434,8510,8527
8435,8509,8526
8436,8509,8526
8437,8508,8525
8438,8508,8525
8439,8507,8524
8440,8507,8524
8441,8506,8523
8442,8506,8523
8443,8505,8522
8444,8505,8522
8445,8504,8521
8446,8504,8521
8447,8503,8520
8448,8503,8519
8449,8502,8519
8450,8502,8518
8451,8501,8518
8452,8500,8517
8453,8500,8517
8454,8499,8516
8455,8499,8516
8456,8498,8515
8457,8498,8515
8458,8497,8514
8459,8497,8513
8460,8496,8513
8461,8496,8512
8462,8495,8512
8463,8495,8511
8464,8494,8511
8465,8493,8510
8466,8493,8509
8467,8492,8509
8468,8492,8508
8469,8491,8508
8470,8491,8507
8471,8490,8507
8472,8490,8506
8473,8489,8505
8474,8488,8505
8475,8488,8504
8476,8487,8504
8477,8487,8503
8478,8486,8503
8479,8486,8502
8480,8485,8501
8481,8484,8501
8482,8484,8500
8483,8483,8500
8484,8483,8499
8485,8482,8499
8486,8482,8498
8487,8481,8497
8488,8480,8497
8489,8480,8496
8490,8479,8496
8491,8479,8495
8492,8478,8494
8493,8478,8494
8494,8477,8493
8495,8476,8493
8496,8476,8492
8497,8475,8491
8498,8475,8491
8499,8474,8490
8500,8473,8490
8501,8473,8489
8502,8472,8488
8503,8472,8488
8504,8471,8487
8505,8470,8486
8506,8470,8486
8507,8469,8485
8508,8469,8485
8509,8468,8484
8510,8467,8483
8511,8467,8483
8512,8466,8482
8513,8466,8482
8514,8465,8481
8515,8464,8480
8516,8464,8480
8517,8463,8479
8518,8463,8478
8519,8462,8478
8520,8461,8477
8521,8461,8476
8522,8460,8476
8523,8459,8475
8524,8459,8475
8525,8458,8474
8526,8458,8473
8527,8457,8473
8528,8456,8472
8529,8456,8471
8530,8455,8471
8531,8454,8470
8532,8454,8469
8533,8453,8469
8534,8452,8468
8535,8452,8467
8536,8451,8467
8537,8451,8466
8538,8450,8466
8539,8449,8465
8540,8449,8464
8541,8448,8464
8542,8447,8463
8543,8447,8462
8544,8446,8462
8545,8445,8461
8546,8445,8460
8547,8444,8460
8548,8443,8459
8549,8443,8458
8550,8442,8458
8551,8441,8457
8552,8441,8456
8553,8440,8456
8554,8439,8455
8555,8439,8454
8556,8438,8454
8557,8437,8453
8558,8437,8452
8861,8156,8184
8862,8155,8183
8863,8154,8182
8864,8153,8181
8865,8151,8180
8866,8150,8179
8867,8149,8177
8868,8148,8176
8869,8147,8175
8870,8145,8174
8871,8144,8173
8872,8143,8172
8873,8142,8170
8874,8140,8169
8875,8139,8168
8876,8138,8167
8877,8137,8166
8878,8135,8165
8879,8134,8163
8880,8133,8162
8881,8132,8161
8882,8131,8160
8883,8129,8159
8884,8128,8157
8885,8127,8156
8886,8126,8155
8887,8124,8154
8888,8123,8153
8889,8122,8151
8890,8121,8150
8891,8119,8149
8892,8118,8148
8893,8117,8147
8894,8115,8145
8895,8114,8144
8896,8113,8143
8897,8112,8142
8898,8110,8140
8899,8109,8139
8900,8108,8138
8901,8107,8137
8902,8105,8135
8903,8104,8134
9029,7936,7939
9028,7936,7942
9027,7937,7944
9026,7938,7947
9025,7939,7949
9024,7940,7951
9023,7941,7953
9022,7942,7955
9021,7943,7957
9020,7945,7959
9019,7946,7961
9018,7947,7963
9017,7948,7965
9016,7950,7967
9015,7951,7969
9014,7952,7971
9013,7954,7972
9012,7955,7974
9011,7956,7976
9010,7958,7978
9009,7959,7980
9008,7961,7981
9007,7962,7983
9006,7963,7985
9005,7965,7987
9004,7966,7988
9003,7967,7990
9002,7969,7992
9001,7970,7994
9000,7972,7995
8999,7973,7997
8998,7974,7999
8997,7976,8000
8996,7977,8002
8995,7979,8004
8994,7980,8005
8993,7981,8007
8992,7983,8009
8991,7984,8010
8990,7986,8012
8989,7987,8013
8988,7988,8015
8987,7990,8017
8986,7991,8018
8985,7993,8020
8984,7994,8021
8983,7996,8023
8982,7997,8024
8981,7998,8026
8980,8000,8028
8979,8001,8029
8978,8003,8031
8977,8004,8032
8976,8005,8034
8975,8007,8035
8974,8008,8037
8973,8010,8038
8972,8011,8040
8971,8012,8041
8970,8014,8043
8969,8015,8044
8968,8017,8046
8967,8018,8047
8966,8019,8049
8965,8021,8050
8964,8022,8052
8963,8024,8053
8962,8025,8055
8961,8026,8056
8707,8319,8337
8708,8318,8336
8709,8317,8335
8710,8316,8335
8711,8315,8334
8712,8314,8333
8713,8313,8332
8714,8313,8331
8715,8312,8330
8716,8311,8329
8717,8310,8328
8718,8309,8328
8719,8308,8327
8720,8307,8326
8721,8306,8325
8904,8103,8133
8722,8305,8324
8905,8101,8132
8723,8304,8323
8906,8100,8130
8724,8303,8322
8907,8099,8129
8725,8302,8321
8908,8098,8128
8726,8301,8320
8909,8096,8127
8727,8300,8320
8910,8095,8125
8728,8299,8319
8911,8094,8124
8729,8298,8318
8912,8092,8123
8730,8297,8317
8913,8091,8121
8731,8296,8316
8914,8090,8120
8732,8296,8315
8915,8088,8119
8733,8295,8314
8916,8087,8118
8860,8157,8185
8765,8263,8284
8948,8044,8075
8859,8159,8187
8764,8264,8285
8947,8046,8076
8858,8160,8188
8763,8265,8286
8946,8047,8077
8746,8282,8302
8929,8070,8101
8745,8283,8303
8928,8071,8102
7635,9686,9687
8744,8284,8304
8927,8073,8103
7634,9685,9688
8743,8285,8305
8926,8074,8105
7633,9685,9689
8742,8286,8306
8925,8075,8106
7632,9684,9689
8741,8287,8307
8924,8077,8107
7631,9684,9690
8740,8288,8308
8923,8078,8109
7630,9685,9690
8739,8289,8309
8922,8079,8110
7629,9685,9690
8738,8290,8310
8921,8081,8111
7628,9686,9689
8737,8291,8311
8920,8082,8112
7627,9687,9688
8736,8292,8311
8919,8083,8114
8735,8293,8312
8918,8084,8115
8734,8294,8313
8917,8086,8116
8747,8281,8301
8930,8069,8099
8748,8280,8300
8931,8067,8098
5517,6301,6324
8844,8176,8203
8749,8279,8300
8932,8066,8097
5518,6301,6319
8845,8175,8202
8750,8278,8299
8933,8065,8095
5519,6302,6313
8846,8174,8201
8751,8277,8298
8934,8063,8094
8847,8173,8200
8752,8276,8297
8935,8062,8093
8848,8172,8199
8753,8275,8296
8936,8061,8091
8849,8171,8198
8754,8274,8295
8937,8059,8090
8850,8169,8197
8755,8273,8294
8938,8058,8088
8851,8168,8196
8756,8272,8293
8939,8056,8087
8852,8167,8195
8757,8271,8292
8940,8055,8086
8853,8166,8193
8758,8270,8291
8941,8054,8084
8854,8165,8192
8759,8269,8290
8942,8052,8083
8855,8163,8191
8760,8268,8289
8943,8051,8082
8856,8162,8190
8761,8267,8288
8944,8050,8080
8857,8161,8189
8843,8178,8205
5516,6301,6328
8762,8266,8287
8945,8048,8079
8706,8320,8338
8705,8321,8339
8949,8043,8073
8950,8041,8072
8951,8040,8070
8952,8039,8069
8953,8037,8068
8954,8036,8066
8955,8035,8065
8956,8033,8063
8957,8032,8062
8958,8030,8060
8959,8029,8059
8960,8028,8058
5515,6302,6332
8842,8179,8206
5514,6303,6336
8841,8180,8207
5513,6304,6340
8840,8181,8208
5512,6306,6344
8839,8182,8209
5511,6307,6347
8838,8183,8210
5510,6308,6351
8837,8185,8211
5509,6310,6355
8836,8186,8212
5508,6311,6358
8835,8187,8213
5507,6313,6361
8834,8188,8214
5506,6315,6365
8833,8189,8215
5505,6316,6368
8832,8190,8217
5504,6318,6371
8831,8191,8218
5503,6320,6374
8830,8193,8219
5502,6322,6378
8829,8194,8220
5501,6324,6381
8828,8195,8221
5500,6326,6384
8827,8196,8222
5499,6328,6387
8826,8197,8223
5498,6330,6390
8825,8198,8224
5497,6332,6393
8824,8199,8225
5496,6334,6396
8823,8201,8226
5495,6337,6399
8822,8202,8227
5494,6339,6402
8821,8203,8228
5493,6341,6405
8820,8204,8229
5492,6343,6408
8819,8205,8230
5491,6346,6411
8818,8206,8231
5490,6348,6414
8817,8207,8232
5489,6351,6416
8816,8208,8234
5488,6353,6419
8815,8209,8235
5487,6355,6422
8814,8211,8236
5486,6358,6425
8813,8212,8237
5485,6361,6427
8812,8213,8238
5484,6363,6430
8811,8214,8239
5483,6366,6433
8810,8215,8240
5482,6369,6435
8809,8216,8241
5481,6371,6438
8808,8217,8242
5480,6374,6440
8807,8218,8243
5479,6377,6443
8806,8219,8244
5478,6380,6445
8805,8221,8245
5477,6383,6448
8804,8222,8246
5476,6386,6450
8803,8223,8247
5475,6389,6453
8802,8224,8248
5474,6392,6455
8801,8225,8249
5473,6396,6457
8800,8226,8250
5472,6399,6459
8799,8227,8251
5471,6402,6461
8798,8228,8252
5470,6406,6463
8797,8229,8253
5469,6409,6465
8796,8230,8254
5468,6413,6467
8795,8231,8255
5467,6417,6469
8794,8232,8256
5466,6421,6470
8793,8234,8257
5465,6425,6472
8792,8235,8258
5464,6429,6473
8791,8236,8259
5463,6434,6474
8790,8237,8260
5462,6438,6475
8789,8238,8261
5461,6444,6475
8788,8239,8262
5460,6450,6475
8787,8240,8263
5459,6457,6473
8786,8241,8264
8785,8242,8265
8784,8243,8266
8783,8244,8267
8782,8245,8268
8781,8246,8269
8780,8247,8270
8779,8248,8271
8778,8249,8272
8777,8250,8273
8776,8252,8274
8775,8253,8275
8774,8254,8276
8773,8255,8277
8772,8256,8278
8771,8257,8279
8770,8258,8280
8769,8259,8281
8768,8260,8282
8767,8261,8283
8766,8262,8284
8704,8322,8340
8703,8323,8341
8702,8324,8342
8701,8324,8342
8700,8325,8343
8699,8326,8344
8698,8327,8345
8697,8328,8346
8696,8329,8347
8695,8330,8348
8694,8331,8348
8693,8332,8349
8692,8333,8350
8691,8333,8351
8690,8334,8352
8689,8335,8353
8688,8336,8353
8687,8337,8354
8686,8338,8355
8685,8339,8356
8684,8340,8357
8683,8340,8358
8682,8341,8358
8681,8342,8359
8680,8343,8360
8679,8344,8361
8678,8345,8362
8677,8346,8363
8676,8347,8363
8675,8347,8364
8674,8348,8365
8673,8349,8366
8672,8350,8367
8671,8351,8368
8670,8352,8368
8669,8352,8369
8668,8353,8370
8667,8354,8371
8666,8355,8372
8665,8356,8372
8664,8357,8373
8663,8358,8374
8662,8358,8375
8661,8359,8376
8660,8360,8376
8659,8361,8377
8658,8362,8378
8657,8363,8379
8656,8363,8380
8655,8364,8380
8654,8365,8381
8653,8366,8382
8652,8367,8383
8651,8368,8384
8650,8368,8384
8649,8369,8385
8648,8370,8386
8647,8371,8387
8646,8372,8388
8645,8372,8388
8644,8373,8389
8643,8374,8390
8642,8375,8391
8641,8376,8392
8640,8376,8392
8639,8377,8393
8638,8378,8394
8637,8379,8395
8636,8380,8395
8635,8380,8396
8634,8381,8397
8633,8382,8398
8632,8383,8399
8631,8384,8399
8630,8384,8400
8629,8385,8401
8628,8386,8402
8627,8387,8402
8626,8387,8403
8625,8388,8404
8624,8389,8405
8623,8390,8405
8622,8391,8406
8621,8391,8407
8620,8392,8408
8619,8393,8408
8618,8394,8409
8617,8394,8410
8616,8395,8411
8615,8396,8411
8614,8397,8412
8613,8397,8413
8612,8398,8414
8611,8399,8414
8610,8400,8415
8609,8400,8416
8608,8401,8417
8607,8402,8417
8606,8403,8418
8605,8403,8419
8604,8404,8420
8603,8405,8420
8602,8406,8421
8601,8406,8422
8600,8407,8423
8599,8408,8423
8598,8409,8424
8597,8409,8425
8596,8410,8425
8595,8411,8426
8594,8412,8427
8593,8412,8428
8592,8413,8428
8591,8414,8429
8590,8414,8430
8589,8415,8430
8588,8416,8431
8587,8417,8432
8586,8417,8433
8585,8418,8433
8584,8419,8434
8583,8419,8435
8582,8420,8435
8581,8421,8436
8580,8422,8437
8579,8422,8438
8578,8423,8438
8577,8424,8439
8576,8424,8440
8575,8425,8440
8574,8426,8441
8573,8426,8442
8572,8427,8443
8571,8428,8443
8570,8429,8444
8569,8429,8445
8568,8430,8445
8567,8431,8446
8566,8431,8447
8565,8432,8447
8564,8433,8448
8563,8433,8449
8562,8434,8449
8561,8435,8450
8560,8435,8451
8559,8436,8451
