13264,18432,18439
13265,18426,18445
13266,18423,18448
13267,18421,18450
13268,18419,18452
13269,18417,18454
13270,18415,18456
13271,18414,18457
13272,18412,18459
13273,18411,18460
13274,18410,18461
13275,18409,18462
13276,18408,18463
13277,18407,18464
13278,18406,18465
13279,18405,18466
13280,18404,18467
13281,18404,18467
13282,18403,18468
13283,18402,18469
13284,18402,18469
13285,18401,18470
13286,18400,18471
13287,18400,18471
13288,18399,18472
13289,18399,18472
13290,18398,18473
13291,18398,18473
13292,18397,18474
13293,18397,18474
13294,18397,18474
13295,18396,18475
13296,18396,18475
13297,18395,18476
13298,18395,18476
13299,18395,18476
13300,18395,18476
13301,18394,18477
13302,18394,18477
13303,18394,18477
13304,18394,18477
13305,18393,18478
13306,18393,18478
13307,18393,18478
13308,18393,18478
13309,18393,18478
13310,18393,18478
13311,18392,18479
13312,18392,18479
13313,18392,18479
13314,18392,18479
13315,18392,18479
13316,18392,18479
13317,18392,18479
13318,18392,18479
13319,18392,18479
13320,18392,18479
13379,18428,18443
13378,18425,18446
13377,18423,18448
13376,18421,18450
13375,18419,18452
13374,18417,18454
13373,18416,18455
13372,18415,18456
13371,18414,18457
13370,18412,18459
13369,18411,18460
13368,18410,18461
13367,18409,18462
13366,18409,18462
13365,18408,18463
13364,18407,18464
13363,18406,18465
13362,18405,18466
13361,18405,18466
13360,18404,18467
13359,18403,18468
13358,18403,18468
13357,18402,18469
13356,18402,18469
13355,18401,18470
13354,18400,18471
13353,18400,18471
13352,18399,18472
13351,18399,18472
13350,18399,18472
13349,18398,18473
13348,18398,18473
13347,18397,18474
13346,18397,18474
13345,18397,18474
13344,18396,18475
13343,18396,18475
13342,18396,18475
13341,18395,18476
13340,18395,18476
13339,18395,18476
13338,18394,18477
13337,18394,18477
13336,18394,18477
13335,18394,18477
13334,18394,18477
13333,18393,18478
13332,18393,18478
13331,18393,18478
13330,18393,18478
13329,18393,18478
13328,18393,18478
13327,18393,18478
13326,18392,18479
13325,18392,18479
13324,18392,18479
13323,18392,18479
13322,18392,18479
13321,18392,18479
23011,18430,18441
23012,18419,18452
23013,18414,18457
23014,18410,18461
23015,18406,18465
23016,18403,18468
23017,18401,18470
23018,18399,18472
23019,18397,18474
23020,18396,18475
23021,18395,18476
23022,18394,18477
23023,18393,18478
23024,18393,18478
23025,18392,18479
23026,18392,18479
23042,18423,18448
23041,18417,18454
23040,18412,18459
23039,18408,18463
23038,18405,18466
23037,18403,18468
23036,18401,18470
23035,18399,18472
23034,18397,18474
23033,18396,18475
23032,18395,18476
23031,18394,18477
23030,18393,18478
23029,18393,18478
23028,18392,18479
23027,18392,18479
16015,18434,18437
16016,18433,18438
16017,18432,18439
16018,18431,18440
16019,18430,18441
16020,18430,18441
16021,18429,18442
16022,18429,18442
16023,18428,18443
16024,18428,18443
16025,18428,18443
16026,18427,18444
16027,18427,18444
16028,18427,18444
16029,18426,18445
16030,18426,18445
16031,18426,18445
16032,18425,18446
16033,18425,18446
16034,18425,18446
16035,18425,18446
16036,18424,18447
16037,18424,18447
16038,18424,18447
16039,18424,18447
16040,18423,18448
16041,18423,18448
16042,18423,18448
16043,18423,18448
16044,18423,18448
16045,18422,18449
16046,18422,18449
16047,18422,18449
16048,18422,18449
16049,18422,18449
16050,18422,18449
16051,18421,18450
16052,18421,18450
16053,18421,18450
16054,18421,18450
16055,18421,18450
16056,18421,18450
16057,18420,18451
16058,18420,18451
16059,18420,18451
16060,18420,18451
16939,18409,18462
16938,18409,18462
16937,18409,18462
16936,18408,18463
16935,18408,18463
16934,18408,18463
16933,18408,18463
16932,18408,18463
16931,18408,18463
16930,18408,18463
16929,18408,18463
16928,18408,18463
16927,18407,18464
16926,18407,18464
16925,18407,18464
16924,18407,18464
16923,18407,18464
16922,18407,18464
16921,18407,18464
16920,18407,18464
16919,18407,18464
16918,18407,18464
16917,18407,18464
16916,18406,18465
16915,18406,18465
16914,18406,18465
16913,18406,18465
16912,18406,18465
16911,18406,18465
16910,18406,18465
16909,18406,18465
16908,18406,18465
16907,18406,18465
16906,18406,18465
16905,18406,18465
16904,18406,18465
16903,18406,18465
16902,18406,18465
16901,18406,18465
16900,18406,18465
16899,18406,18465
16898,18406,18465
16897,18406,18465
16896,18406,18465
16895,18406,18465
16894,18406,18465
16893,18406,18465
16892,18405,18466
16891,18405,18466
16890,18405,18466
16889,18405,18466
16888,18405,18466
16887,18405,18466
16886,18405,18466
16885,18405,18466
16884,18405,18466
16883,18405,18466
16882,18405,18466
16881,18405,18466
16880,18405,18466
16879,18405,18466
16878,18405,18466
16877,18405,18466
16876,18406,18465
16875,18406,18465
16874,18406,18465
16873,18406,18465
16872,18406,18465
16871,18406,18465
16940,18409,18462
16941,18409,18462
16942,18409,18462
16943,18410,18461
16944,18410,18461
16945,18410,18461
16946,18410,18461
16947,18410,18461
16948,18410,18461
16949,18411,18460
18767,21019,21134
18767,15737,15852
14865,23584,23590
14865,13281,13287
14866,23583,23591
14866,13280,13288
18804,21093,21214
18804,15657,15778
16379,18432,18439
18736,20958,21068
18736,15803,15913
14949,23599,23631
14949,13240,13272
14867,23582,23593
14867,13278,13289
18805,21095,21216
18805,15655,15776
16380,18432,18439
18737,20960,21070
18737,15801,15911
14950,23600,23632
14950,13239,13271
14868,23581,23594
14868,13277,13290
18806,21097,21219
18806,15652,15774
16381,18432,18439
18738,20962,21072
18738,15799,15909
14951,23600,23632
14951,13239,13271
14869,23581,23595
14869,13276,13290
18807,21099,21221
18807,15650,15772
16382,18433,18438
18739,20964,21074
18739,15797,15907
14952,23601,23632
14952,13239,13270
16061,18420,18451
14870,23580,23596
14870,13275,13291
18808,21101,21223
18808,15648,15770
16383,18433,18438
18740,20966,21077
18740,15794,15905
14953,23602,23632
14953,13239,13269
16062,18420,18451
14871,23580,23597
14871,13274,13291
18809,21103,21225
18809,15646,15768
16384,18434,18437
18741,20968,21079
18741,15792,15903
14954,23602,23632
14954,13239,13269
16063,18420,18451
14872,23580,23598
14872,13273,13291
18810,21105,21227
18810,15644,15766
16385,18435,18436
18742,20970,21081
18742,15790,15901
14955,23603,23632
14955,13239,13268
16064,18420,18451
14873,23580,23599
14873,13272,13291
18811,21107,21229
18811,15642,15764
18743,20972,21083
18743,15788,15899
14956,23603,23632
14956,13239,13268
16065,18419,18452
14874,23580,23600
14874,13271,13291
18812,21109,21231
18812,15640,15762
18744,20974,21085
18744,15786,15897
14957,23604,23632
14957,13239,13267
16066,18419,18452
14875,23580,23601
14875,13270,13291
18813,21111,21233
18813,15638,15760
18745,20976,21087
18745,15784,15895
14958,23604,23632
14958,13239,13267
16067,18419,18452
14876,23579,23602
14876,13269,13292
18814,21113,21235
18814,15636,15758
18746,20978,21089
18746,15782,15893
14959,23605,23632
14959,13239,13266
16068,18419,18452
14877,23579,23602
14877,13269,13292
18815,21115,21238
18815,15633,15756
18747,20980,21091
18747,15780,15891
14960,23606,23633
14960,13238,13265
16069,18419,18452
14878,23579,23603
14878,13268,13292
14879,23579,23604
14879,13267,13292
14880,23579,23605
14880,13266,13292
14881,23579,23605
14881,13266,13292
14882,23579,23606
14882,13265,13292
14883,23579,23607
14883,13264,13292
14884,23579,23607
14884,13264,13292
14885,23580,23608
14885,13263,13291
14886,23580,23608
14886,13263,13291
14887,23580,23609
14887,13262,13291
14888,23580,23610
14888,13261,13291
14889,23580,23610
14889,13261,13291
14890,23580,23611
14890,13260,13291
14891,23580,23611
14891,13260,13291
14892,23580,23612
14892,13259,13291
14893,23581,23612
14893,13259,13290
14894,23581,23613
14894,13258,13290
14895,23581,23613
14895,13258,13290
14896,23581,23614
14896,13257,13290
14897,23581,23614
14897,13257,13290
14898,23581,23615
14898,13256,13290
14899,23582,23615
14899,13256,13289
14900,23582,23616
14900,13255,13289
14901,23582,23616
14901,13255,13289
14902,23582,23617
14902,13254,13289
14903,23583,23617
14903,13254,13288
14904,23583,23618
14904,13253,13288
14905,23583,23618
14905,13253,13288
14906,23583,23619
14906,13252,13288
14907,23584,23619
14907,13252,13287
14908,23584,23619
14908,13252,13287
14909,23584,23620
14909,13251,13287
14910,23584,23620
14910,13251,13287
14911,23585,23621
14911,13250,13286
14912,23585,23621
14912,13250,13286
14913,23585,23621
14913,13250,13286
18768,21021,21137
18768,15734,15850
14914,23585,23622
14914,13249,13286
18769,21023,21139
18769,15732,15848
16345,18425,18446
18702,20891,20997
18702,15874,15980
14915,23586,23622
14915,13249,13285
18770,21025,21141
18770,15730,15846
16346,18425,18446
18703,20893,21000
18703,15871,15978
14916,23586,23623
14916,13248,13285
18771,21027,21143
18771,15728,15844
16347,18425,18446
18704,20895,21002
18704,15869,15976
14917,23586,23623
14917,13248,13285
18772,21029,21145
18772,15726,15842
16348,18426,18445
18705,20897,21004
18705,15867,15974
14918,23587,23623
14918,13248,13284
18773,21031,21147
18773,15724,15840
16349,18426,18445
18706,20899,21006
18706,15865,15972
14919,23587,23624
14919,13247,13284
18774,21033,21150
18774,15721,15838
16350,18426,18445
18707,20901,21008
18707,15863,15970
14920,23587,23624
14920,13247,13284
18775,21035,21152
18775,15719,15836
16378,18431,18440
18735,20956,21066
18735,15805,15915
14948,23599,23631
14948,13240,13272
18803,21091,21212
18803,15659,15780
16377,18431,18440
18734,20954,21064
18734,15807,15917
14947,23598,23631
14947,13240,13273
18802,21089,21210
18802,15661,15782
16376,18431,18440
18733,20952,21062
18733,15809,15919
14946,23598,23631
14946,13240,13273
18801,21087,21208
18801,15663,15784
16375,18431,18440
18732,20950,21060
18732,15811,15921
14945,23597,23631
14945,13240,13274
18800,21085,21206
18800,15665,15786
16374,18430,18441
18731,20948,21058
18731,15813,15923
14944,23597,23631
14944,13240,13274
18799,21083,21204
18799,15667,15788
16373,18430,18441
18730,20946,21055
18730,15816,15925
14943,23597,23630
14943,13241,13274
18798,21081,21201
18798,15670,15790
16372,18430,18441
18729,20944,21053
18729,15818,15927
14942,23596,23630
14942,13241,13275
18797,21079,21199
18797,15672,15792
16371,18430,18441
18728,20942,21051
18728,15820,15929
14941,23596,23630
14941,13241,13275
18796,21077,21197
18796,15674,15794
16370,18429,18442
18727,20940,21049
18727,15822,15931
14940,23595,23630
14940,13241,13276
18795,21075,21195
18795,15676,15796
16369,18429,18442
18726,20938,21047
18726,15824,15933
14939,23595,23630
14939,13241,13276
18794,21073,21193
18794,15678,15798
16368,18429,18442
18725,20936,21045
18725,15826,15935
14938,23594,23629
14938,13242,13277
18793,21071,21191
18793,15680,15800
16367,18429,18442
18724,20934,21043
18724,15828,15937
14937,23594,23629
14937,13242,13277
18792,21069,21188
18792,15683,15802
16366,18429,18442
18723,20932,21041
18723,15830,15939
14936,23593,23629
14936,13242,13278
18791,21067,21186
18791,15685,15804
16365,18428,18443
18722,20930,21039
18722,15832,15941
14935,23593,23629
14935,13242,13278
18790,21065,21184
18790,15687,15806
16352,18426,18445
18709,20905,21012
18709,15859,15966
14922,23588,23625
14922,13246,13283
18777,21039,21156
18777,15715,15832
16353,18426,18445
18710,20907,21014
18710,15857,15964
14923,23588,23625
14923,13246,13283
18778,21041,21158
18778,15713,15830
16354,18426,18445
18711,20909,21016
18711,15855,15962
14924,23589,23625
14924,13246,13282
18779,21043,21160
18779,15711,15828
16355,18427,18444
18712,20911,21018
18712,15853,15960
14925,23589,23626
14925,13245,13282
18780,21045,21163
18780,15708,15826
16356,18427,18444
18713,20913,21020
18713,15851,15958
14926,23589,23626
14926,13245,13282
18781,21047,21165
18781,15706,15824
16357,18427,18444
18714,20915,21022
18714,15849,15956
14927,23590,23626
14927,13245,13281
18782,21049,21167
18782,15704,15822
16358,18427,18444
18715,20917,21024
18715,15847,15954
14928,23590,23627
14928,13244,13281
18783,21051,21169
18783,15702,15820
16359,18427,18444
18716,20919,21026
18716,15845,15952
14929,23591,23627
14929,13244,13280
18784,21053,21171
18784,15700,15818
16360,18427,18444
18717,20921,21028
18717,15843,15950
14930,23591,23627
14930,13244,13280
18785,21055,21173
18785,15698,15816
16361,18428,18443
18718,20922,21030
18718,15841,15949
14931,23591,23627
14931,13244,13280
18786,21057,21176
18786,15695,15814
16362,18428,18443
18719,20924,21033
18719,15838,15947
14932,23592,23628
14932,13243,13279
18787,21059,21178
18787,15693,15812
16363,18428,18443
18720,20926,21035
18720,15836,15945
14933,23592,23628
14933,13243,13279
18788,21061,21180
18788,15691,15810
16364,18428,18443
18721,20928,21037
18721,15834,15943
14934,23593,23628
14934,13243,13278
18789,21063,21182
18789,15689,15808
18748,20982,21094
18748,15777,15889
14961,23606,23633
14961,13238,13265
16070,18419,18452
18816,21117,21240
18816,15631,15754
18749,20984,21096
18749,15775,15887
14962,23607,23633
14962,13238,13264
16071,18419,18452
18817,21119,21242
18817,15629,15752
18750,20986,21098
18750,15773,15885
14963,23608,23633
14963,13238,13263
16072,18419,18452
18818,21121,21244
18818,15627,15750
18751,20987,21100
18751,15771,15884
14964,23608,23633
14964,13238,13263
16073,18418,18453
18819,21123,21246
18819,15625,15748
18752,20989,21102
18752,15769,15882
14965,23609,23633
14965,13238,13262
16074,18418,18453
18820,21125,21248
18820,15623,15746
18753,20991,21104
18753,15767,15880
14966,23610,23632
14966,13239,13261
16075,18418,18453
18821,21127,21250
18821,15621,15744
18754,20993,21106
18754,15765,15878
14967,23610,23632
14967,13239,13261
16076,18418,18453
18822,21129,21252
18822,15619,15742
18755,20995,21109
18755,15762,15876
14968,23611,23632
14968,13239,13260
16077,18418,18453
18823,21131,21254
18823,15617,15740
18756,20997,21111
18756,15760,15874
14969,23612,23632
14969,13239,13259
16078,18418,18453
18824,21133,21256
18824,15615,15738
18757,20999,21113
18757,15758,15872
14970,23613,23632
14970,13239,13258
16079,18418,18453
18825,21135,21258
18825,15613,15736
18758,21001,21115
18758,15756,15870
14971,23614,23632
14971,13239,13257
16080,18418,18453
18826,21137,21260
18826,15611,15734
18759,21003,21117
18759,15754,15868
14972,23614,23632
14972,13239,13257
16081,18418,18453
18827,21139,21262
18827,15609,15732
18760,21005,21119
18760,15752,15866
14973,23615,23631
14973,13240,13256
16082,18418,18453
18828,21141,21264
18828,15607,15730
18761,21007,21121
18761,15750,15864
14974,23616,23631
14974,13240,13255
16083,18417,18454
18829,21143,21266
18829,15605,15728
18762,21009,21124
18762,15747,15862
14975,23617,23630
14975,13241,13254
16084,18417,18454
18830,21145,21268
18830,15603,15726
18763,21011,21126
18763,15745,15860
14976,23619,23630
14976,13241,13252
16085,18417,18454
18831,21147,21271
18831,15600,15724
18764,21013,21128
18764,15743,15858
14977,23620,23629
14977,13242,13251
16086,18417,18454
18832,21149,21273
18832,15598,15722
18765,21015,21130
18765,15741,15856
14978,23622,23628
14978,13243,13249
16087,18417,18454
18833,21152,21275
18833,15596,15719
18766,21017,21132
18766,15739,15854
14979,23624,23627
14979,13244,13247
16088,18417,18454
18834,21154,21276
18834,15595,15717
16351,18426,18445
18708,20903,21010
18708,15861,15968
14921,23588,23624
14921,13247,13283
18776,21037,21154
18776,15717,15834
18835,21156,21278
18835,15593,15715
18836,21158,21280
18836,15591,15713
18837,21160,21282
18837,15589,15711
18838,21162,21284
18838,15587,15709
18839,21164,21286
18839,15585,15707
18840,21166,21288
18840,15583,15705
18841,21168,21290
18841,15581,15703
18842,21170,21292
18842,15579,15701
18843,21172,21294
18843,15577,15699
18844,21174,21296
18844,15575,15697
18845,21177,21298
18845,15573,15694
18846,21179,21300
18846,15571,15692
18847,21181,21302
18847,15569,15690
18848,21183,21303
18848,15568,15688
18849,21185,21305
18849,15566,15686
18850,21187,21307
18850,15564,15684
18851,21189,21309
18851,15562,15682
18852,21191,21311
18852,15560,15680
18853,21194,21313
18853,15558,15677
18854,21196,21314
18854,15557,15675
18855,21198,21316
18855,15555,15673
18856,21200,21318
18856,15553,15671
18857,21202,21320
18857,15551,15669
18858,21204,21321
18858,15550,15667
18859,21207,21323
18859,15548,15664
18860,21209,21325
18860,15546,15662
18861,21211,21326
18861,15545,15660
18862,21213,21328
18862,15543,15658
18863,21215,21330
18863,15541,15656
18864,21218,21331
18864,15540,15653
18865,21220,21333
18865,15538,15651
18866,21222,21335
18866,15536,15649
18867,21224,21336
18867,15535,15647
18868,21227,21338
18868,15533,15644
18869,21229,21339
18869,15532,15642
18870,21231,21341
18870,15530,15640
18871,21234,21342
18871,15529,15637
18872,21236,21344
18872,15527,15635
18873,21238,21345
18873,15526,15633
18874,21241,21347
18874,15524,15630
18875,21243,21348
18875,15523,15628
18876,21245,21350
18876,15521,15626
18877,21248,21351
18877,15520,15623
18878,21250,21352
18878,15519,15621
18879,21253,21354
18879,15517,15618
18880,21255,21355
18880,15516,15616
18881,21257,21356
18881,15515,15614
18882,21260,21357
18882,15514,15611
18883,21262,21359
18883,15512,15609
18884,21265,21360
18884,15511,15606
18885,21267,21361
18885,15510,15604
18886,21270,21362
18886,15509,15601
16668,18434,18437
18887,21273,21363
18887,15508,15598
16669,18433,18438
18888,21275,21364
18888,15507,15596
16670,18433,18438
18889,21278,21365
18889,15506,15593
16671,18432,18439
18890,21281,21366
18890,15505,15590
16672,18432,18439
18891,21283,21367
18891,15504,15588
16673,18431,18440
18892,21286,21368
18892,15503,15585
16674,18431,18440
18893,21289,21369
18893,15502,15582
16675,18430,18441
18894,21292,21370
18894,15501,15579
16676,18430,18441
18895,21295,21370
18895,15501,15576
16677,18430,18441
18896,21297,21371
18896,15500,15574
16678,18429,18442
18897,21300,21372
18897,15499,15571
16679,18429,18442
18898,21304,21372
18898,15499,15567
16680,18429,18442
18899,21307,21373
18899,15498,15564
16681,18428,18443
18900,21310,21373
18900,15498,15561
16682,18428,18443
18901,21313,21373
18901,15498,15558
16683,18428,18443
18902,21317,21373
18902,15498,15554
16684,18428,18443
18903,21320,21373
18903,15498,15551
16685,18427,18444
18904,21324,21373
18904,15498,15547
16686,18427,18444
18905,21328,21373
18905,15498,15543
16687,18427,18444
18906,21332,21372
18906,15499,15539
16688,18427,18444
18907,21336,21371
18907,15500,15535
16689,18426,18445
18908,21342,21369
18908,15502,15529
16690,18426,18445
18909,21348,21366
18909,15505,15523
16691,18426,18445
16950,18411,18460
16951,18411,18460
16952,18411,18460
16953,18412,18459
16954,18412,18459
16955,18412,18459
16956,18412,18459
16957,18413,18458
16958,18413,18458
16959,18413,18458
16960,18413,18458
16961,18414,18457
16962,18414,18457
16963,18414,18457
16964,18415,18456
16965,18415,18456
16966,18415,18456
16967,18416,18455
16968,18416,18455
16969,18416,18455
16970,18417,18454
16971,18417,18454
16972,18418,18453
16973,18418,18453
16974,18419,18452
16975,18419,18452
16976,18420,18451
16977,18420,18451
16978,18421,18450
16979,18421,18450
16980,18422,18449
16981,18423,18448
16982,18423,18448
16983,18424,18447
16984,18425,18446
16985,18426,18445
16986,18427,18444
16987,18428,18443
16988,18430,18441
16989,18432,18439
16870,18406,18465
16869,18406,18465
16868,18406,18465
16867,18406,18465
16866,18406,18465
16865,18406,18465
16864,18406,18465
16863,18406,18465
16862,18406,18465
16861,18406,18465
16860,18406,18465
16859,18406,18465
16858,18406,18465
16857,18406,18465
16856,18406,18465
16855,18406,18465
16854,18406,18465
16853,18406,18465
16852,18406,18465
16851,18406,18465
16850,18406,18465
16849,18406,18465
16848,18406,18465
16847,18407,18464
16846,18407,18464
16845,18407,18464
16844,18407,18464
16843,18407,18464
16842,18407,18464
16841,18407,18464
16840,18407,18464
16839,18407,18464
16838,18407,18464
16837,18407,18464
16836,18407,18464
16835,18407,18464
16834,18407,18464
16833,18407,18464
16832,18407,18464
16831,18408,18463
16830,18408,18463
16829,18408,18463
16828,18408,18463
16827,18408,18463
16826,18408,18463
16825,18408,18463
16824,18408,18463
16823,18408,18463
16822,18408,18463
16821,18408,18463
16820,18408,18463
16819,18408,18463
16818,18409,18462
16817,18409,18462
16816,18409,18462
16815,18409,18462
16814,18409,18462
16813,18409,18462
16812,18409,18462
16811,18409,18462
16810,18409,18462
16809,18409,18462
16808,18409,18462
16807,18409,18462
16806,18410,18461
16805,18410,18461
16804,18410,18461
16803,18410,18461
16802,18410,18461
16801,18410,18461
16800,18410,18461
16799,18410,18461
16798,18410,18461
16797,18410,18461
16796,18411,18460
16795,18411,18460
16794,18411,18460
16793,18411,18460
16792,18411,18460
16791,18411,18460
16790,18411,18460
16789,18411,18460
16788,18411,18460
16787,18411,18460
16786,18412,18459
16785,18412,18459
16784,18412,18459
16783,18412,18459
16782,18412,18459
16781,18412,18459
16780,18412,18459
16779,18412,18459
16778,18412,18459
16777,18413,18458
16776,18413,18458
16775,18413,18458
16774,18413,18458
16773,18413,18458
16772,18413,18458
16771,18413,18458
16770,18413,18458
16769,18414,18457
16768,18414,18457
16767,18414,18457
16766,18414,18457
16765,18414,18457
16764,18414,18457
16763,18414,18457
16762,18414,18457
16761,18415,18456
16760,18415,18456
16759,18415,18456
16758,18415,18456
16757,18415,18456
16756,18415,18456
16755,18415,18456
16754,18415,18456
16753,18416,18455
16752,18416,18455
16751,18416,18455
16750,18416,18455
16749,18416,18455
16748,18416,18455
16747,18416,18455
16746,18417,18454
16745,18417,18454
16744,18417,18454
16743,18417,18454
16742,18417,18454
16741,18417,18454
16740,18417,18454
16739,18418,18453
16738,18418,18453
16737,18418,18453
16736,18418,18453
16735,18418,18453
16734,18418,18453
16733,18418,18453
16732,18419,18452
16731,18419,18452
16730,18419,18452
16729,18419,18452
16728,18419,18452
16727,18419,18452
16726,18419,18452
16725,18420,18451
16724,18420,18451
16723,18420,18451
16722,18420,18451
16721,18420,18451
16720,18420,18451
16719,18421,18450
16718,18421,18450
16717,18421,18450
16716,18421,18450
16715,18421,18450
16714,18421,18450
16713,18422,18449
16712,18422,18449
16711,18422,18449
16710,18422,18449
16709,18422,18449
16708,18423,18448
16707,18423,18448
16706,18423,18448
16705,18423,18448
16704,18423,18448
16703,18423,18448
16702,18424,18447
16701,18424,18447
16700,18424,18447
16699,18424,18447
16698,18424,18447
16697,18425,18446
16696,18425,18446
16695,18425,18446
16694,18425,18446
16693,18425,18446
16692,18426,18445
16159,18414,18457
16160,18414,18457
16161,18414,18457
16162,18414,18457
16163,18414,18457
16164,18414,18457
16165,18414,18457
16166,18414,18457
16167,18414,18457
16168,18414,18457
16169,18414,18457
16170,18414,18457
16171,18414,18457
16172,18414,18457
16173,18414,18457
16174,18414,18457
16175,18414,18457
16176,18414,18457
16177,18414,18457
16178,18414,18457
16179,18414,18457
16180,18414,18457
16181,18414,18457
16182,18414,18457
16183,18414,18457
16184,18414,18457
16185,18414,18457
16186,18414,18457
16187,18414,18457
16188,18414,18457
16189,18414,18457
16190,18414,18457
16191,18414,18457
16192,18415,18456
16193,18415,18456
16194,18415,18456
16195,18415,18456
16196,18415,18456
16197,18415,18456
16198,18415,18456
16199,18415,18456
16200,18415,18456
16201,18415,18456
16202,18415,18456
16203,18415,18456
16204,18415,18456
16205,18415,18456
18563,20679,20690
18563,16181,16192
16206,18415,18456
18564,20678,20695
18564,16176,16193
16207,18415,18456
18565,20677,20699
18565,16172,16194
16208,18415,18456
18566,20677,20703
18566,16168,16194
16209,18415,18456
18567,20677,20706
18567,16165,16194
16210,18415,18456
18568,20678,20710
18568,16161,16193
16211,18415,18456
18569,20678,20713
18569,16158,16193
16212,18415,18456
18570,20679,20716
18570,16155,16192
16213,18415,18456
18571,20679,20718
18571,16153,16192
16214,18415,18456
18572,20680,20721
18572,16150,16191
16215,18415,18456
18573,20681,20724
18573,16147,16190
16216,18415,18456
18574,20682,20727
18574,16144,16189
16217,18415,18456
18575,20682,20729
18575,16142,16189
16218,18415,18456
18576,20683,20732
18576,16139,16188
16219,18415,18456
18577,20684,20735
18577,16136,16187
16220,18415,18456
18578,20685,20737
18578,16134,16186
16221,18415,18456
18579,20686,20740
18579,16131,16185
16222,18415,18456
18580,20687,20742
18580,16129,16184
16223,18415,18456
18581,20689,20745
18581,16126,16182
16224,18415,18456
18582,20690,20747
18582,16124,16181
16225,18415,18456
18583,20691,20750
18583,16121,16180
16226,18416,18455
18584,20692,20752
18584,16119,16179
16227,18416,18455
18585,20693,20754
18585,16117,16178
16228,18416,18455
18586,20694,20757
18586,16114,16177
16229,18416,18455
18587,20696,20759
18587,16112,16175
16230,18416,18455
18588,20697,20761
18588,16110,16174
16231,18416,18455
18589,20698,20764
18589,16107,16173
16232,18416,18455
18590,20699,20766
18590,16105,16172
16233,18416,18455
18591,20701,20768
18591,16103,16170
16234,18416,18455
18592,20702,20771
18592,16100,16169
16235,18416,18455
18593,20703,20773
18593,16098,16168
16236,18416,18455
18594,20705,20775
18594,16096,16166
16237,18416,18455
18595,20706,20777
18595,16094,16165
16238,18416,18455
18596,20707,20780
18596,16091,16164
16239,18416,18455
18597,20709,20782
18597,16089,16162
16240,18416,18455
18598,20710,20784
18598,16087,16161
16241,18416,18455
18599,20712,20786
18599,16085,16159
16242,18416,18455
18600,20713,20788
18600,16083,16158
16243,18416,18455
18601,20714,20791
18601,16080,16157
16244,18416,18455
18602,20716,20793
18602,16078,16155
16245,18416,18455
18603,20717,20795
18603,16076,16154
16246,18416,18455
18604,20719,20797
18604,16074,16152
16247,18417,18454
18605,20720,20799
18605,16072,16151
16248,18417,18454
18606,20722,20801
18606,16070,16149
16249,18417,18454
18607,20723,20804
18607,16067,16148
16250,18417,18454
18608,20725,20806
18608,16065,16146
16251,18417,18454
18609,20726,20808
18609,16063,16145
16252,18417,18454
18610,20728,20810
18610,16061,16143
16253,18417,18454
18611,20729,20812
18611,16059,16142
16254,18417,18454
18612,20731,20814
18612,16057,16140
16255,18417,18454
18613,20732,20816
18613,16055,16139
16256,18417,18454
18614,20734,20818
18614,16053,16137
16257,18417,18454
18615,20736,20821
18615,16050,16135
16258,18417,18454
18616,20737,20823
18616,16048,16134
16259,18417,18454
18617,20739,20825
18617,16046,16132
16260,18417,18454
18618,20740,20827
18618,16044,16131
16261,18417,18454
18619,20742,20829
18619,16042,16129
16262,18417,18454
18620,20743,20831
18620,16040,16128
16263,18417,18454
18621,20745,20833
18621,16038,16126
16264,18417,18454
18622,20747,20835
18622,16036,16124
16265,18418,18453
18623,20748,20837
18623,16034,16123
16266,18418,18453
18624,20750,20839
18624,16032,16121
16267,18418,18453
18625,20752,20841
18625,16030,16119
16268,18418,18453
18626,20753,20843
18626,16028,16118
16269,18418,18453
18627,20755,20846
18627,16025,16116
16270,18418,18453
18628,20757,20848
18628,16023,16114
16271,18418,18453
18629,20758,20850
18629,16021,16113
16272,18418,18453
18630,20760,20852
18630,16019,16111
16273,18418,18453
18631,20762,20854
18631,16017,16109
16274,18418,18453
18632,20763,20856
18632,16015,16108
16275,18418,18453
18633,20765,20858
18633,16013,16106
16276,18418,18453
18634,20767,20860
18634,16011,16104
16277,18418,18453
18635,20768,20862
18635,16009,16103
16278,18418,18453
18636,20770,20864
18636,16007,16101
16279,18419,18452
18637,20772,20866
18637,16005,16099
16280,18419,18452
18638,20773,20868
18638,16003,16098
16281,18419,18452
18639,20775,20870
18639,16001,16096
16282,18419,18452
18640,20777,20872
18640,15999,16094
16283,18419,18452
18641,20779,20874
18641,15997,16092
16284,18419,18452
18642,20780,20876
18642,15995,16091
16285,18419,18452
18643,20782,20878
18643,15993,16089
16286,18419,18452
18644,20784,20880
18644,15991,16087
16287,18419,18452
18645,20786,20882
18645,15989,16085
16288,18419,18452
18646,20787,20884
18646,15987,16084
16289,18419,18452
18647,20789,20886
18647,15985,16082
16290,18419,18452
18648,20791,20888
18648,15983,16080
16291,18419,18452
18649,20793,20890
18649,15981,16078
16292,18420,18451
18650,20794,20892
18650,15979,16077
16293,18420,18451
18651,20796,20894
18651,15977,16075
16294,18420,18451
18652,20798,20896
18652,15975,16073
16295,18420,18451
18653,20800,20898
18653,15973,16071
16296,18420,18451
18654,20802,20900
18654,15971,16069
16297,18420,18451
18655,20803,20902
18655,15969,16068
16298,18420,18451
18656,20805,20904
18656,15967,16066
16299,18420,18451
18657,20807,20906
18657,15965,16064
16300,18420,18451
18658,20809,20908
18658,15963,16062
16301,18420,18451
18659,20811,20911
18659,15960,16060
16302,18420,18451
18660,20812,20913
18660,15958,16059
16303,18420,18451
18661,20814,20915
18661,15956,16057
16304,18421,18450
18662,20816,20917
18662,15954,16055
16305,18421,18450
18663,20818,20919
18663,15952,16053
16306,18421,18450
18664,20820,20921
18664,15950,16051
16307,18421,18450
18665,20821,20923
18665,15948,16050
16308,18421,18450
18666,20823,20925
18666,15946,16048
16309,18421,18450
18667,20825,20927
18667,15944,16046
16310,18421,18450
18668,20827,20929
18668,15942,16044
16311,18421,18450
18669,20829,20931
18669,15940,16042
16312,18421,18450
18670,20831,20933
18670,15938,16040
16313,18421,18450
18671,20833,20935
18671,15936,16038
16314,18422,18449
18672,20834,20937
18672,15934,16037
16315,18422,18449
18673,20836,20939
18673,15932,16035
16316,18422,18449
18674,20838,20941
18674,15930,16033
16317,18422,18449
18675,20840,20943
18675,15928,16031
16318,18422,18449
18676,20842,20945
18676,15926,16029
16319,18422,18449
18677,20844,20947
18677,15924,16027
16320,18422,18449
18678,20846,20949
18678,15922,16025
16321,18422,18449
18679,20847,20951
18679,15920,16024
16322,18422,18449
18680,20849,20953
18680,15918,16022
16323,18422,18449
18681,20851,20955
18681,15916,16020
16324,18423,18448
18682,20853,20957
18682,15914,16018
16325,18423,18448
18683,20855,20959
18683,15912,16016
16326,18423,18448
18684,20857,20961
18684,15910,16014
16327,18423,18448
18685,20859,20963
18685,15908,16012
16328,18423,18448
18686,20861,20965
18686,15906,16010
16329,18423,18448
18687,20863,20967
18687,15904,16008
16330,18423,18448
18688,20865,20969
18688,15902,16006
16331,18423,18448
18689,20866,20971
18689,15900,16005
16332,18423,18448
18690,20868,20973
18690,15898,16003
16333,18424,18447
18691,20870,20975
18691,15896,16001
16334,18424,18447
18692,20872,20977
18692,15894,15999
16335,18424,18447
18693,20874,20979
18693,15892,15997
16336,18424,18447
18694,20876,20981
18694,15890,15995
16337,18424,18447
18695,20878,20983
18695,15888,15993
16338,18424,18447
18696,20880,20985
18696,15886,15991
16339,18424,18447
18697,20882,20987
18697,15884,15989
16340,18424,18447
18698,20884,20989
18698,15882,15987
16341,18425,18446
18699,20886,20991
18699,15880,15985
16342,18425,18446
18700,20888,20993
18700,15878,15983
16343,18425,18446
18701,20889,20995
18701,15876,15982
16344,18425,18446
16158,18414,18457
16157,18414,18457
16156,18414,18457
16155,18414,18457
16154,18414,18457
16153,18414,18457
16152,18414,18457
16151,18414,18457
16150,18414,18457
16149,18414,18457
16148,18414,18457
16147,18414,18457
16146,18414,18457
16145,18414,18457
16144,18414,18457
16143,18414,18457
16142,18414,18457
16141,18415,18456
16140,18415,18456
16139,18415,18456
16138,18415,18456
16137,18415,18456
16136,18415,18456
16135,18415,18456
16134,18415,18456
16133,18415,18456
16132,18415,18456
16131,18415,18456
16130,18415,18456
16129,18415,18456
16128,18415,18456
16127,18415,18456
16126,18415,18456
16125,18415,18456
16124,18415,18456
16123,18415,18456
16122,18415,18456
16121,18415,18456
16120,18415,18456
16119,18415,18456
16118,18415,18456
16117,18415,18456
16116,18415,18456
16115,18415,18456
16114,18415,18456
16113,18415,18456
16112,18416,18455
16111,18416,18455
16110,18416,18455
16109,18416,18455
16108,18416,18455
16107,18416,18455
16106,18416,18455
16105,18416,18455
16104,18416,18455
16103,18416,18455
16102,18416,18455
16101,18416,18455
16100,18416,18455
16099,18416,18455
16098,18416,18455
16097,18416,18455
16096,18416,18455
16095,18417,18454
16094,18417,18454
16093,18417,18454
16092,18417,18454
16091,18417,18454
16090,18417,18454
16089,18417,18454
