23539,16515,16519
23539,20352,20356
23540,16514,16522
23540,20349,20357
23541,16514,16525
23541,20346,20357
23542,16515,16528
23542,20343,20356
23543,16515,16531
23543,20340,20356
23544,16516,16533
23544,20338,20355
23545,16517,16535
23545,20336,20354
23546,16518,16538
23546,20333,20353
23547,16519,16540
23547,20331,20352
23548,16520,16542
23548,20329,20351
23549,16521,16544
23549,20327,20350
23550,16522,16547
23550,20324,20349
23551,16523,16549
23551,20322,20348
23552,16524,16551
23552,20320,20347
23553,16525,16553
23553,20318,20346
23554,16526,16555
23554,20316,20345
23555,16527,16557
23555,20314,20344
23556,16528,16559
23556,20312,20343
23557,16529,16561
23557,20310,20342
23558,16530,16563
23558,20308,20341
23559,16531,16565
23559,20306,20340
23560,16533,16567
23560,20304,20338
23561,16534,16569
23561,20302,20337
23562,16535,16571
23562,20300,20336
23563,16536,16573
23563,20298,20335
23564,16538,16575
23564,20296,20333
23565,16539,16577
23565,20294,20332
23566,16540,16579
23566,20292,20331
23567,16541,16581
23567,20290,20330
23568,16543,16583
23568,20288,20328
23569,16544,16585
23569,20286,20327
23570,16545,16587
23570,20284,20326
23571,16546,16589
23571,20282,20325
23572,16548,16591
23572,20280,20323
23573,16549,16593
23573,20278,20322
23574,16550,16595
23574,20276,20321
23575,16552,16597
23575,20274,20319
23576,16553,16599
23576,20272,20318
23577,16554,16601
23577,20270,20317
23578,16556,16603
23578,20268,20315
23579,16557,16605
23579,20266,20314
23580,16558,16606
23580,20265,20313
23581,16560,16608
23581,20263,20311
23582,16561,16610
23582,20261,20310
23583,16562,16612
23583,20259,20309
23584,16564,16614
23584,20257,20307
23585,16565,16616
23585,20255,20306
23586,16566,16618
23586,20253,20305
23587,16568,16620
23587,20251,20303
23588,16569,16622
23588,20249,20302
23589,16571,16624
23589,20247,20300
23590,16572,16626
23590,20245,20299
23591,16573,16628
23591,20243,20298
23592,16575,16630
23592,20241,20296
23593,16576,16631
23593,20240,20295
23594,16578,16633
23594,20238,20293
23595,16579,16635
23595,20236,20292
23596,16580,16637
23596,20234,20291
23597,16582,16639
23597,20232,20289
23598,16583,16641
23598,20230,20288
23599,16585,16643
23599,20228,20286
23600,16586,16645
23600,20226,20285
23601,16588,16647
23601,20224,20283
23602,16589,16649
23602,20222,20282
23603,16591,16651
23603,20220,20280
23604,16592,16653
23604,20218,20279
23605,16593,16654
23605,20217,20278
23606,16595,16656
23606,20215,20276
23607,16596,16658
23607,20213,20275
23608,16598,16660
23608,20211,20273
23609,16599,16662
23609,20209,20272
23610,16601,16664
23610,20207,20270
23611,16602,16666
23611,20205,20269
23612,16604,16668
23612,20203,20267
23613,16605,16670
23613,20201,20266
23614,16607,16672
23614,20199,20264
23615,16608,16674
23615,20197,20263
23616,16610,16676
23616,20195,20261
23617,16611,16677
23617,20194,20260
23618,16613,16679
23618,20192,20258
23619,16614,16681
23619,20190,20257
23620,16616,16683
23620,20188,20255
23621,16617,16685
23621,20186,20254
23622,16619,16687
23622,20184,20252
23623,16620,16689
23623,20182,20251
23624,16622,16691
23624,20180,20249
23625,16624,16693
23625,20178,20247
23626,16625,16695
23626,20176,20246
23627,16627,16697
23627,20174,20244
23628,16628,16699
23628,20172,20243
23629,16630,16701
23629,20170,20241
23630,16631,16703
23630,20168,20240
23631,16633,16704
23631,20167,20238
23632,16634,16706
23632,20165,20237
23633,16636,16708
23633,20163,20235
23634,16638,16710
23634,20161,20233
23635,16639,16712
23635,20159,20232
23636,16641,16714
23636,20157,20230
23637,16642,16716
23637,20155,20229
23638,16644,16718
23638,20153,20227
23639,16645,16720
23639,20151,20226
23640,16647,16722
23640,20149,20224
23641,16649,16724
23641,20147,20222
23642,16650,16726
23642,20145,20221
23643,16652,16728
23643,20143,20219
23644,16653,16730
23644,20141,20218
23645,16655,16732
23645,20139,20216
23646,16657,16734
23646,20137,20214
23647,16658,16736
23647,20135,20213
23648,16660,16738
23648,20133,20211
23649,16662,16740
23649,20131,20209
23650,16663,16742
23650,20129,20208
23651,16665,16744
23651,20127,20206
23652,16666,16746
23652,20125,20205
23653,16668,16747
23653,20124,20203
23938,17293,17463
23938,19408,19578
23939,17296,17466
23939,19405,19575
23940,17299,17470
23940,19401,19572
23941,17302,17473
23941,19398,19569
23942,17305,17477
23942,19394,19566
23943,17308,17480
23943,19391,19563
23944,17311,17484
23944,19387,19560
23945,17314,17487
23945,19384,19557
23946,17317,17491
23946,19380,19554
23947,17320,17495
23947,19376,19551
23948,17323,17498
23948,19373,19548
23949,17326,17502
23949,19369,19545
23950,17329,17506
23950,19365,19542
23951,17332,17509
23951,19362,19539
23952,17336,17513
23952,19358,19535
23953,17339,17517
23953,19354,19532
23954,17342,17521
23954,19350,19529
23955,17345,17524
23955,19347,19526
23956,17348,17528
23956,19343,19523
23957,17351,17532
23957,19339,19520
23958,17354,17536
23958,19335,19517
23959,17358,17540
23959,19331,19513
23960,17361,17543
23960,19328,19510
23961,17364,17547
23961,19324,19507
23962,17367,17551
23962,19320,19504
23963,17371,17555
23963,19316,19500
23964,17374,17559
23964,19312,19497
23965,17377,17563
23965,19308,19494
23966,17380,17567
23966,19304,19491
23967,17384,17571
23967,19300,19487
23968,17387,17575
23968,19296,19484
23969,17390,17579
23969,19292,19481
23970,17393,17583
23970,19288,19478
23971,17397,17587
23971,19284,19474
23972,17400,17591
23972,19280,19471
23973,17403,17595
23973,19276,19468
23974,17407,17599
23974,19272,19464
23975,17410,17603
23975,19268,19461
23976,17414,17608
23976,19263,19457
23977,17417,17612
23977,19259,19454
23978,17420,17616
23978,19255,19451
23979,17424,17620
23979,19251,19447
24093,17967,18904
24092,17959,18912
24091,17952,18919
24090,17945,18926
24089,17937,18934
24088,17930,18941
24087,17923,18948
24086,17916,18955
24085,17909,18962
24084,17903,18968
24083,17896,18975
24082,17889,18982
24081,17883,18988
24080,17877,18994
24079,17870,19001
24078,17864,19007
24077,17858,19013
24076,17852,19019
24075,17846,19025
24074,17840,19031
24073,18508,19037
24073,17834,18363
24072,18547,19043
24072,17828,18324
24071,18575,19049
24071,17822,18296
24070,18599,19055
24070,17816,18272
24069,18619,19061
24069,17810,18252
24068,18638,19066
24068,17805,18233
24067,18655,19072
24067,17799,18216
24066,18670,19078
24066,17793,18201
24065,18685,19083
24065,17788,18186
24064,18699,19089
24064,17782,18172
24063,18712,19094
24063,17777,18159
24062,18725,19099
24062,17772,18146
24061,18737,19105
24061,17766,18134
24060,18748,19110
24060,17761,18123
24059,18759,19115
24059,17756,18112
24058,18770,19120
24058,17751,18101
24057,18780,19126
24057,17745,18091
24056,18791,19131
24056,17740,18080
24055,18800,19136
24055,17735,18071
24054,18810,19141
24054,17730,18061
24053,18819,19146
24053,17725,18052
24052,18828,19151
24052,17720,18043
24051,18837,19156
24051,17715,18034
24050,18846,19161
24050,17710,18025
24049,18855,19165
24049,17706,18016
24048,18863,19170
24048,17701,18008
24047,18871,19175
24047,17696,18000
24046,18879,19180
24046,17691,17992
24045,18887,19185
24045,17686,17984
24044,18895,19189
24044,17682,17976
24043,18902,19194
24043,17677,17969
24042,18910,19199
24042,17672,17961
24041,18917,19203
24041,17668,17954
24040,18925,19208
24040,17663,17946
24039,18932,19212
24039,17659,17939
24038,18939,19217
24038,17654,17932
24037,18946,19221
24037,17650,17925
24036,18953,19226
24036,17645,17918
23871,17110,17252
23871,19619,19761
18705,18373,18498
24115,18188,18683
14134,14616,14655
14134,22216,22255
23872,17112,17255
23872,19616,19759
18706,18370,18501
24116,18203,18668
14135,14615,14654
14135,22217,22256
23873,17115,17258
23873,19613,19756
18707,18368,18503
14152,14617,14626
14152,22245,22254
23890,17158,17307
23890,19564,19713
18711,18362,18509
18724,18366,18505
14151,14614,14630
14151,22241,22257
23889,17156,17304
23889,19567,19715
18710,18363,18508
18723,18364,18507
14150,14613,14633
14150,22238,22258
23888,17153,17301
23888,19570,19718
18709,18365,18506
18722,18362,18509
14149,14612,14635
14149,22236,22259
23887,17151,17298
23887,19573,19720
18708,18366,18505
18721,18361,18510
14148,14611,14638
14148,22233,22260
23886,17148,17295
23886,19576,19723
18720,18360,18511
14147,14611,14640
14147,22231,22260
23885,17145,17292
23885,19579,19726
18719,18360,18511
14146,14611,14641
14146,22230,22260
23884,17143,17289
23884,19582,19728
18718,18359,18512
14145,14611,14643
14145,22228,22260
23883,17140,17287
23883,19584,19731
14133,14617,14655
14133,22216,22254
24114,18173,18698
18704,18376,18495
18717,18359,18512
14144,14611,14644
14144,22227,22260
23882,17138,17284
23882,19587,19733
18703,18379,18492
18716,18359,18512
14143,14611,14646
14143,22225,22260
23881,17135,17281
23881,19590,19736
18702,18383,18488
18715,18359,18512
23880,17133,17278
23880,19593,19738
18701,18387,18484
18714,18359,18512
23879,17130,17275
23879,19596,19741
18700,18392,18479
18713,18360,18511
14142,14611,14647
14142,22224,22260
24123,18373,18498
24121,18300,18571
14140,14612,14650
14140,22221,22259
23878,17127,17272
23878,19599,19744
18699,18398,18473
18712,18361,18510
14141,14611,14648
14141,22223,22260
24122,18330,18541
24120,18276,18595
14139,14612,14651
14139,22220,22259
23877,17125,17269
23877,19602,19746
18698,18405,18466
24119,18255,18616
14138,14613,14652
14138,22219,22258
23876,17122,17266
23876,19605,19749
18697,18416,18455
24118,18236,18635
14137,14614,14652
14137,22219,22257
23875,17120,17263
23875,19608,19751
24117,18219,18652
14136,14614,14653
14136,22218,22257
23874,17117,17260
23874,19611,19754
24094,17975,18896
24106,18080,18791
14125,14628,14657
14125,22214,22243
23863,17090,17229
23863,19642,19781
24031,18985,19248
24031,17623,17886
24095,17983,18888
24107,18091,18780
14126,14626,14657
14126,22214,22245
23864,17092,17232
23864,19639,19779
24032,18979,19244
24032,17627,17892
24096,17991,18880
24108,18101,18770
14127,14624,14657
14127,22214,22247
23865,17095,17235
23865,19636,19776
24033,18973,19239
24033,17632,17898
24097,17999,18872
24109,18112,18759
14128,14623,14657
14128,22214,22248
23866,17097,17238
23866,19633,19774
24034,18966,19235
24034,17636,17905
24098,18007,18864
24110,18123,18748
14129,14622,14657
14129,22214,22249
23867,17100,17241
23867,19630,19771
24035,18959,19230
24035,17641,17912
24099,18015,18856
24111,18135,18736
14130,14620,14657
14130,22214,22251
23868,17102,17243
23868,19628,19769
24100,18024,18847
24112,18147,18724
14131,14619,14656
14131,22215,22252
23869,17105,17246
23869,19625,19766
24113,18160,18711
14132,14618,14656
14132,22215,22253
23870,17107,17249
23870,19622,19764
18728,18377,18494
18727,18373,18498
18726,18370,18501
18725,18368,18503
18729,18381,18490
18730,18386,18485
18731,18392,18479
18732,18399,18472
18733,18409,18462
18734,18429,18442
24105,18070,18801
14124,14630,14656
14124,22215,22241
23862,17087,17227
23862,19644,19784
24030,18992,19252
24030,17619,17879
24104,18061,18810
14123,14632,14656
14123,22215,22239
23861,17085,17224
23861,19647,19786
24029,18998,19257
24029,17614,17873
24103,18051,18820
14122,14634,14655
14122,22216,22237
23860,17082,17221
23860,19650,19789
24028,19004,19261
24028,17610,17867
24102,18042,18829
14121,14637,14653
14121,22218,22234
23859,17080,17218
23859,19653,19791
24027,19010,19265
24027,17606,17861
24101,18033,18838
14120,14642,14651
14120,22220,22229
23858,17078,17215
23858,19656,19793
24026,19016,19269
24026,17602,17855
23980,19247,19444
23980,17427,17624
23981,19242,19440
23981,17431,17629
23982,19238,19437
23982,17434,17633
23983,19234,19433
23983,17438,17637
23984,19229,19430
23984,17441,17642
23985,19225,19426
23985,17445,17646
23986,19221,19423
23986,17448,17650
23987,19216,19419
23987,17452,17655
23988,19212,19416
23988,17455,17659
23989,19207,19412
23989,17459,17664
23990,19203,19409
23990,17462,17668
23991,19198,19405
23991,17466,17673
23992,19194,19402
23992,17469,17677
23993,19189,19398
23993,17473,17682
23994,19184,19394
23994,17477,17687
23995,19180,19391
23995,17480,17691
23996,19175,19387
23996,17484,17696
23997,19170,19383
23997,17488,17701
23998,19166,19380
23998,17491,17705
23999,19161,19376
23999,17495,17710
24000,19156,19372
24000,17499,17715
24001,19151,19369
24001,17502,17720
24002,19146,19365
24002,17506,17725
24003,19141,19361
24003,17510,17730
24004,19136,19357
24004,17514,17735
24005,19131,19353
24005,17518,17740
24006,19126,19350
24006,17521,17745
24007,19121,19346
24007,17525,17750
24008,19116,19342
24008,17529,17755
24009,19111,19338
24009,17533,17760
24010,19106,19334
24010,17537,17765
24011,19101,19330
24011,17541,17770
24012,19095,19326
24012,17545,17776
24013,19090,19322
24013,17549,17781
24014,19085,19318
24014,17553,17786
24015,19079,19314
24015,17557,17792
24016,19074,19310
24016,17561,17797
24017,19068,19306
24017,17565,17803
24018,19063,19302
24018,17569,17808
24019,19057,19298
24019,17573,17814
24020,19052,19294
24020,17577,17819
24021,19046,19290
24021,17581,17825
24022,19040,19286
24022,17585,17831
24023,19034,19282
24023,17589,17837
24024,19028,19278
24024,17593,17843
24025,19022,19274
24025,17597,17849
23937,17290,17459
23937,19412,19581
23936,17287,17456
23936,19415,19584
23935,17284,17452
23935,19419,19587
23934,17281,17449
23934,19422,19590
23933,17278,17445
23933,19426,19593
23932,17275,17442
23932,19429,19596
23931,17272,17438
23931,19433,19599
23930,17269,17435
23930,19436,19602
23929,17266,17431
23929,19440,19605
23928,17263,17428
23928,19443,19608
23927,17260,17425
23927,19446,19611
23926,17258,17421
23926,19450,19613
23925,17255,17418
23925,19453,19616
23924,17252,17415
23924,19456,19619
23923,17249,17411
23923,19460,19622
23922,17246,17408
23922,19463,19625
23921,17243,17405
23921,19466,19628
23920,17240,17401
23920,19470,19631
23919,17238,17398
23919,19473,19633
23918,17235,17395
23918,19476,19636
23917,17232,17392
23917,19479,19639
23916,17229,17388
23916,19483,19642
23915,17226,17385
23915,19486,19645
23914,17223,17382
23914,19489,19648
23913,17221,17379
23913,19492,19650
23912,17218,17375
23912,19496,19653
23911,17215,17372
23911,19499,19656
23910,17212,17369
23910,19502,19659
23909,17210,17366
23909,19505,19661
23908,17207,17363
23908,19508,19664
23907,17204,17359
23907,19512,19667
23906,17201,17356
23906,19515,19670
23905,17199,17353
23905,19518,19672
23904,17196,17350
23904,19521,19675
23903,17193,17347
23903,19524,19678
23902,17190,17344
23902,19527,19681
23901,17188,17341
23901,19530,19683
23900,17185,17338
23900,19533,19686
23899,17182,17335
23899,19536,19689
23898,17180,17332
23898,19539,19691
23897,17177,17328
23897,19543,19694
23896,17174,17325
23896,19546,19697
23895,17172,17322
23895,19549,19699
23894,17169,17319
23894,19552,19702
23893,17166,17316
23893,19555,19705
23892,17164,17313
23892,19558,19707
23891,17161,17310
23891,19561,19710
23857,17075,17213
23857,19658,19796
23856,17073,17210
23856,19661,19798
23855,17070,17207
23855,19664,19801
23854,17068,17205
23854,19666,19803
23853,17066,17202
23853,19669,19805
23852,17063,17199
23852,19672,19808
23851,17061,17196
23851,19675,19810
23850,17058,17194
23850,19677,19813
23849,17056,17191
23849,19680,19815
23848,17054,17188
23848,19683,19817
23847,17051,17186
23847,19685,19820
23846,17049,17183
23846,19688,19822
23845,17046,17180
23845,19691,19825
23844,17044,17178
23844,19693,19827
23843,17042,17175
23843,19696,19829
23842,17039,17172
23842,19699,19832
23841,17037,17170
23841,19701,19834
23840,17035,17167
23840,19704,19836
23839,17032,17164
23839,19707,19839
23838,17030,17162
23838,19709,19841
23837,17028,17159
23837,19712,19843
23836,17025,17156
23836,19715,19846
23835,17023,17154
23835,19717,19848
23834,17021,17151
23834,19720,19850
23833,17018,17149
23833,19722,19853
23832,17016,17146
23832,19725,19855
23831,17014,17143
23831,19728,19857
23830,17011,17141
23830,19730,19860
23829,17009,17138
23829,19733,19862
23828,17007,17136
23828,19735,19864
23827,17005,17133
23827,19738,19866
23826,17002,17131
23826,19740,19869
23825,17000,17128
23825,19743,19871
23824,16998,17126
23824,19745,19873
23823,16996,17123
23823,19748,19875
23822,16993,17120
23822,19751,19878
23821,16991,17118
23821,19753,19880
23820,16989,17115
23820,19756,19882
23819,16987,17113
23819,19758,19884
23818,16984,17110
23818,19761,19887
23817,16982,17108
23817,19763,19889
23816,16980,17105
23816,19766,19891
23815,16978,17103
23815,19768,19893
23814,16975,17100
23814,19771,19896
23813,16973,17098
23813,19773,19898
23812,16971,17095
23812,19776,19900
23811,16969,17093
23811,19778,19902
23810,16967,17090
23810,19781,19904
23809,16964,17088
23809,19783,19907
23808,16962,17085
23808,19786,19909
23807,16960,17083
23807,19788,19911
23806,16958,17081
23806,19790,19913
23805,16956,17078
23805,19793,19915
23804,16953,17076
23804,19795,19918
23803,16951,17073
23803,19798,19920
23802,16949,17071
23802,19800,19922
23801,16947,17068
23801,19803,19924
23800,16945,17066
23800,19805,19926
23799,16943,17063
23799,19808,19928
23798,16941,17061
23798,19810,19930
23797,16938,17059
23797,19812,19933
23796,16936,17056
23796,19815,19935
23795,16934,17054
23795,19817,19937
23794,16932,17051
23794,19820,19939
23793,16930,17049
23793,19822,19941
23792,16928,17047
23792,19824,19943
23791,16926,17044
23791,19827,19945
23790,16923,17042
23790,19829,19948
23789,16921,17039
23789,19832,19950
23788,16919,17037
23788,19834,19952
23787,16917,17035
23787,19836,19954
23786,16915,17032
23786,19839,19956
23785,16913,17030
23785,19841,19958
23784,16911,17028
23784,19843,19960
23783,16909,17025
23783,19846,19962
23782,16907,17023
23782,19848,19964
23781,16905,17021
23781,19850,19966
23780,16903,17018
23780,19853,19968
23779,16900,17016
23779,19855,19971
23778,16898,17014
23778,19857,19973
23777,16896,17011
23777,19860,19975
23776,16894,17009
23776,19862,19977
23775,16892,17007
23775,19864,19979
23774,16890,17004
23774,19867,19981
23773,16888,17002
23773,19869,19983
23772,16886,17000
23772,19871,19985
23771,16884,16997
23771,19874,19987
23770,16882,16995
23770,19876,19989
23769,16880,16993
23769,19878,19991
23768,16878,16990
23768,19881,19993
23767,16876,16988
23767,19883,19995
23766,16874,16986
23766,19885,19997
23765,16872,16984
23765,19887,19999
23764,16870,16981
23764,19890,20001
23763,16868,16979
23763,19892,20003
23762,16866,16977
23762,19894,20005
23761,16864,16975
23761,19896,20007
23760,16862,16972
23760,19899,20009
23759,16860,16970
23759,19901,20011
23758,16858,16968
23758,19903,20013
23757,16856,16965
23757,19906,20015
23756,16854,16963
23756,19908,20017
23755,16852,16961
23755,19910,20019
23754,16850,16959
23754,19912,20021
23753,16848,16956
23753,19915,20023
23752,16846,16954
23752,19917,20025
23751,16844,16952
23751,19919,20027
23750,16842,16950
23750,19921,20029
23749,16840,16948
23749,19923,20031
23748,16838,16945
23748,19926,20033
23747,16836,16943
23747,19928,20035
23746,16834,16941
23746,19930,20037
23745,16832,16939
23745,19932,20039
23744,16830,16937
23744,19934,20041
23743,16828,16934
23743,19937,20043
23742,16827,16932
23742,19939,20044
23741,16825,16930
23741,19941,20046
23740,16823,16928
23740,19943,20048
23739,16821,16926
23739,19945,20050
23738,16819,16923
23738,19948,20052
23737,16817,16921
23737,19950,20054
23736,16815,16919
23736,19952,20056
23735,16813,16917
23735,19954,20058
23734,16811,16915
23734,19956,20060
23733,16809,16912
23733,19959,20062
23732,16807,16910
23732,19961,20064
23731,16805,16908
23731,19963,20066
23730,16804,16906
23730,19965,20067
23729,16802,16904
23729,19967,20069
23728,16800,16902
23728,19969,20071
23727,16798,16899
23727,19972,20073
23726,16796,16897
23726,19974,20075
23725,16794,16895
23725,19976,20077
23724,16792,16893
23724,19978,20079
23723,16790,16891
23723,19980,20081
23722,16789,16889
23722,19982,20082
23721,16787,16887
23721,19984,20084
23720,16785,16885
23720,19986,20086
23719,16783,16882
23719,19989,20088
23718,16781,16880
23718,19991,20090
23717,16779,16878
23717,19993,20092
23716,16777,16876
23716,19995,20094
23715,16776,16874
23715,19997,20095
23714,16774,16872
23714,19999,20097
23713,16772,16870
23713,20001,20099
23712,16770,16868
23712,20003,20101
23711,16768,16865
23711,20006,20103
23710,16767,16863
23710,20008,20104
23709,16765,16861
23709,20010,20106
23708,16763,16859
23708,20012,20108
23707,16761,16857
23707,20014,20110
23706,16759,16855
23706,20016,20112
23705,16757,16853
23705,20018,20114
23704,16756,16851
23704,20020,20115
23703,16754,16849
23703,20022,20117
23702,16752,16847
23702,20024,20119
23701,16750,16845
23701,20026,20121
23700,16748,16842
23700,20029,20123
23699,16747,16840
23699,20031,20124
23698,16745,16838
23698,20033,20126
23697,16743,16836
23697,20035,20128
23696,16741,16834
23696,20037,20130
23695,16740,16832
23695,20039,20131
23694,16738,16830
23694,20041,20133
23693,16736,16828
23693,20043,20135
23692,16734,16826
23692,20045,20137
23691,16733,16824
23691,20047,20138
23690,16731,16822
23690,20049,20140
23689,16729,16820
23689,20051,20142
23688,16727,16818
23688,20053,20144
23687,16726,16816
23687,20055,20145
23686,16724,16814
23686,20057,20147
23685,16722,16812
23685,20059,20149
23684,16720,16810
23684,20061,20151
23683,16719,16808
23683,20063,20152
23682,16717,16806
23682,20065,20154
23681,16715,16803
23681,20068,20156
23680,16713,16801
23680,20070,20158
23679,16712,16799
23679,20072,20159
23678,16710,16797
23678,20074,20161
23677,16708,16795
23677,20076,20163
23676,16707,16793
23676,20078,20164
23675,16705,16791
23675,20080,20166
23674,16703,16789
23674,20082,20168
23673,16701,16787
23673,20084,20170
23672,16700,16785
23672,20086,20171
23671,16698,16783
23671,20088,20173
23670,16696,16781
23670,20090,20175
23669,16695,16779
23669,20092,20176
23668,16693,16777
23668,20094,20178
23667,16691,16775
23667,20096,20180
23666,16690,16773
23666,20098,20181
23665,16688,16771
23665,20100,20183
23664,16686,16769
23664,20102,20185
23663,16685,16767
23663,20104,20186
23662,16683,16765
23662,20106,20188
23661,16681,16763
23661,20108,20190
23660,16680,16761
23660,20110,20191
23659,16678,16759
23659,20112,20193
23658,16676,16757
23658,20114,20195
23657,16675,16755
23657,20116,20196
23656,16673,16753
23656,20118,20198
23655,16671,16751
23655,20120,20200
23654,16670,16749
23654,20122,20201
